Meaning of 2012 NAICS code,"Meaning of Gender, ethnicity, race, and veteran status code",Meaning of Sources of capital used to start or acquire the business code,Number of firms with or without paid employees,"Sales, receipts, or value of shipments of firms with or without paid employees ($1,000)"
Total for all sectors,All firms,All firms,27626360,33536848821
Total for all sectors,All firms,Personal/family savings of owner(s),9673423,4220994742
Total for all sectors,All firms,Personal/family assets other than savings of owner(s),994146,764718430
Total for all sectors,All firms,Personal/family home equity loan,528053,353523181
Total for all sectors,All firms,Personal credit card(s) carrying balances,1278286,328120665
Total for all sectors,All firms,Business credit card(s) carrying balances,403791,145344525
Total for all sectors,All firms,"Business loan from federal, state, or local government",27975,27431659
Total for all sectors,All firms,Government-guaranteed business loan from a bank or financial institution,106647,113521070
Total for all sectors,All firms,Business loan from a bank or financial institution,1268875,1606378064
Total for all sectors,All firms,Business loan/investment from family/friends,312658,348646473
Total for all sectors,All firms,Investment by venture capitalist(s),39181,97928335
Total for all sectors,All firms,Grants,34629,9850880
Total for all sectors,All firms,Other source(s) of capital,318678,357805006
Total for all sectors,All firms,Don't know,1174748,2266855593
Total for all sectors,All firms,None needed,4197604,565995842
Total for all sectors,All firms,Total reporting,16795048(r),8405123207(r)
Total for all sectors,All firms,Item not reported,728538(r),9607294827(r)
Total for all sectors,Female-owned,All firms,9878397,1419834295
Total for all sectors,Female-owned,Personal/family savings of owner(s),2872315,513462973
Total for all sectors,Female-owned,Personal/family assets other than savings of owner(s),252125,90334842
Total for all sectors,Female-owned,Personal/family home equity loan,114947,51265727
Total for all sectors,Female-owned,Personal credit card(s) carrying balances,410688,57544292
Total for all sectors,Female-owned,Business credit card(s) carrying balances,107824,24936843
Total for all sectors,Female-owned,"Business loan from federal, state, or local government",6977,5641265
Total for all sectors,Female-owned,Government-guaranteed business loan from a bank or financial institution,22743,15829550
Total for all sectors,Female-owned,Business loan from a bank or financial institution,200248,146848083
Total for all sectors,Female-owned,Business loan/investment from family/friends,71884,44646989
Total for all sectors,Female-owned,Investment by venture capitalist(s),5383,3965743
Total for all sectors,Female-owned,Grants,16533,1031023
Total for all sectors,Female-owned,Other source(s) of capital,80004,33751062
Total for all sectors,Female-owned,Don't know,314429,208453423
Total for all sectors,Female-owned,None needed,1919225,95297858
Total for all sectors,Female-owned,Total reporting,5557811(r),954968991(r)
Total for all sectors,Female-owned,Item not reported,188834(r),11769310(r)
Total for all sectors,Male-owned,All firms,14844597,9466039188
Total for all sectors,Male-owned,Personal/family savings of owner(s),5524937,3256816325
Total for all sectors,Male-owned,Personal/family assets other than savings of owner(s),548177,579664646
Total for all sectors,Male-owned,Personal/family home equity loan,278923,242853073
Total for all sectors,Male-owned,Personal credit card(s) carrying balances,691518,221152548
Total for all sectors,Male-owned,Business credit card(s) carrying balances,230506,98738867
Total for all sectors,Male-owned,"Business loan from federal, state, or local government",14289,18130947
Total for all sectors,Male-owned,Government-guaranteed business loan from a bank or financial institution,56104,74578561
Total for all sectors,Male-owned,Business loan from a bank or financial institution,793130,1269359934
Total for all sectors,Male-owned,Business loan/investment from family/friends,180969,259726056
Total for all sectors,Male-owned,Investment by venture capitalist(s),28203,79742031
Total for all sectors,Male-owned,Grants,14371,7748614
Total for all sectors,Male-owned,Other source(s) of capital,191299,286920413
Total for all sectors,Male-owned,Don't know,748670,1772417752
Total for all sectors,Male-owned,None needed,2055571,376950292
Total for all sectors,Male-owned,Total reporting,9326021(r),6442413559(r)
Total for all sectors,Male-owned,Item not reported,227548(r),63020996(r)
Total for all sectors,Equally male-/female-owned,All firms,2456386,1078204389
Total for all sectors,Equally male-/female-owned,Personal/family savings of owner(s),1265349,427429629
Total for all sectors,Equally male-/female-owned,Personal/family assets other than savings of owner(s),191701,87266233
Total for all sectors,Equally male-/female-owned,Personal/family home equity loan,133554,58832955
Total for all sectors,Equally male-/female-owned,Personal credit card(s) carrying balances,174641,47917062
Total for all sectors,Equally male-/female-owned,Business credit card(s) carrying balances,64702,21537170
Total for all sectors,Equally male-/female-owned,"Business loan from federal, state, or local government",6334,3636853
Total for all sectors,Equally male-/female-owned,Government-guaranteed business loan from a bank or financial institution,27423,22963888
Total for all sectors,Equally male-/female-owned,Business loan from a bank or financial institution,272841,170777019
Total for all sectors,Equally male-/female-owned,Business loan/investment from family/friends,58846,41333135
Total for all sectors,Equally male-/female-owned,Investment by venture capitalist(s),4800,2752687
Total for all sectors,Equally male-/female-owned,Grants,3319,656441
Total for all sectors,Equally male-/female-owned,Other source(s) of capital,44088,23179939
Total for all sectors,Equally male-/female-owned,Don't know,91833,127248014
Total for all sectors,Equally male-/female-owned,None needed,209822,41283066
Total for all sectors,Equally male-/female-owned,Total reporting,1859708(r),735899354(r)
Total for all sectors,Equally male-/female-owned,Item not reported,15877(r),4102034(r)
Total for all sectors,Hispanic,All firms,3305873,473635944
Total for all sectors,Hispanic,Personal/family savings of owner(s),683659,151817577
Total for all sectors,Hispanic,Personal/family assets other than savings of owner(s),57958,21317474
Total for all sectors,Hispanic,Personal/family home equity loan,32970,11917988
Total for all sectors,Hispanic,Personal credit card(s) carrying balances,104658,19775695
Total for all sectors,Hispanic,Business credit card(s) carrying balances,27477,7373889
Total for all sectors,Hispanic,"Business loan from federal, state, or local government",1388,636416
Total for all sectors,Hispanic,Government-guaranteed business loan from a bank or financial institution,4932,2889212
Total for all sectors,Hispanic,Business loan from a bank or financial institution,44512,39874207
Total for all sectors,Hispanic,Business loan/investment from family/friends,19057,11026695
Total for all sectors,Hispanic,Investment by venture capitalist(s),2648,1667571
Total for all sectors,Hispanic,Grants,2819,220420
Total for all sectors,Hispanic,Other source(s) of capital,23281,9526427
Total for all sectors,Hispanic,Don't know,92333,37141254
Total for all sectors,Hispanic,None needed,340220,15184221
Total for all sectors,Hispanic,Total reporting,1224465(r),242708717(r)
Total for all sectors,Hispanic,Item not reported,62200(r),3494437(r)
Total for all sectors,"Hispanic, female-owned",All firms,1469991,78679717
Total for all sectors,"Hispanic, female-owned",Personal/family savings of owner(s),219972,24644479
Total for all sectors,"Hispanic, female-owned",Personal/family assets other than savings of owner(s),17605,3377612
Total for all sectors,"Hispanic, female-owned",Personal/family home equity loan,8606,2287974
Total for all sectors,"Hispanic, female-owned",Personal credit card(s) carrying balances,33638,4006267
Total for all sectors,"Hispanic, female-owned",Business credit card(s) carrying balances,7461,1247761
Total for all sectors,"Hispanic, female-owned","Business loan from federal, state, or local government",634,203532
Total for all sectors,"Hispanic, female-owned",Government-guaranteed business loan from a bank or financial institution,1648,665094
Total for all sectors,"Hispanic, female-owned",Business loan from a bank or financial institution,8692,5290141
Total for all sectors,"Hispanic, female-owned",Business loan/investment from family/friends,5441,2209082
Total for all sectors,"Hispanic, female-owned",Investment by venture capitalist(s),735,230945
Total for all sectors,"Hispanic, female-owned",Grants,1378,35506
Total for all sectors,"Hispanic, female-owned",Other source(s) of capital,8046,1400376
Total for all sectors,"Hispanic, female-owned",Don't know,31743,6165711
Total for all sectors,"Hispanic, female-owned",None needed,177690,3771789
Total for all sectors,"Hispanic, female-owned",Total reporting,462903(r),41617459(r)
Total for all sectors,"Hispanic, female-owned",Item not reported,30752(r),792272(r)
Total for all sectors,"Hispanic, male-owned",All firms,1702559,359098104
Total for all sectors,"Hispanic, male-owned",Personal/family savings of owner(s),408721,113127926
Total for all sectors,"Hispanic, male-owned",Personal/family assets other than savings of owner(s),33493,15917870
Total for all sectors,"Hispanic, male-owned",Personal/family home equity loan,19526,7927822
Total for all sectors,"Hispanic, male-owned",Personal credit card(s) carrying balances,62051,13505843
Total for all sectors,"Hispanic, male-owned",Business credit card(s) carrying balances,17210,5516728
Total for all sectors,"Hispanic, male-owned","Business loan from federal, state, or local government",621,341816
Total for all sectors,"Hispanic, male-owned",Government-guaranteed business loan from a bank or financial institution,2601,1923855
Total for all sectors,"Hispanic, male-owned",Business loan from a bank or financial institution,29943,31139766
Total for all sectors,"Hispanic, male-owned",Business loan/investment from family/friends,11907,8194106
Total for all sectors,"Hispanic, male-owned",Investment by venture capitalist(s),1471,1356244
Total for all sectors,"Hispanic, male-owned",Grants,1199,178214
Total for all sectors,"Hispanic, male-owned",Other source(s) of capital,14010,7750430
Total for all sectors,"Hispanic, male-owned",Don't know,55879,28584801
Total for all sectors,"Hispanic, male-owned",None needed,153859,10030147
Total for all sectors,"Hispanic, male-owned",Total reporting,683792(r),180268043(r)
Total for all sectors,"Hispanic, male-owned",Item not reported,30218(r),2617595(r)
Total for all sectors,"Hispanic, equally male-/female-owned",All firms,133322,35858123
Total for all sectors,"Hispanic, equally male-/female-owned",Personal/family savings of owner(s),54966,14045172
Total for all sectors,"Hispanic, equally male-/female-owned",Personal/family assets other than savings of owner(s),6861,2021992
Total for all sectors,"Hispanic, equally male-/female-owned",Personal/family home equity loan,4839,1702192
Total for all sectors,"Hispanic, equally male-/female-owned",Personal credit card(s) carrying balances,8969,2263585
Total for all sectors,"Hispanic, equally male-/female-owned",Business credit card(s) carrying balances,2806,609400
Total for all sectors,"Hispanic, equally male-/female-owned","Business loan from federal, state, or local government",133,S
Total for all sectors,"Hispanic, equally male-/female-owned",Government-guaranteed business loan from a bank or financial institution,683,300262
Total for all sectors,"Hispanic, equally male-/female-owned",Business loan from a bank or financial institution,5876,3444300
Total for all sectors,"Hispanic, equally male-/female-owned",Business loan/investment from family/friends,1709,623507
Total for all sectors,"Hispanic, equally male-/female-owned",Investment by venture capitalist(s),442,80382
Total for all sectors,"Hispanic, equally male-/female-owned",Grants,242,S
Total for all sectors,"Hispanic, equally male-/female-owned",Other source(s) of capital,1225,375621
Total for all sectors,"Hispanic, equally male-/female-owned",Don't know,4711,2390742
Total for all sectors,"Hispanic, equally male-/female-owned",None needed,8671,1382285
Total for all sectors,"Hispanic, equally male-/female-owned",Total reporting,77771(r),20823215(r)
Total for all sectors,"Hispanic, equally male-/female-owned",Item not reported,1231(r),S
Total for all sectors,Equally Hispanic/non-Hispanic,All firms,130326,53942485
Total for all sectors,Equally Hispanic/non-Hispanic,Personal/family savings of owner(s),66811,21933625
Total for all sectors,Equally Hispanic/non-Hispanic,Personal/family assets other than savings of owner(s),8606,3613569
Total for all sectors,Equally Hispanic/non-Hispanic,Personal/family home equity loan,6161,3080576
Total for all sectors,Equally Hispanic/non-Hispanic,Personal credit card(s) carrying balances,12057,4275454
Total for all sectors,Equally Hispanic/non-Hispanic,Business credit card(s) carrying balances,5367,1705024
Total for all sectors,Equally Hispanic/non-Hispanic,"Business loan from federal, state, or local government",285,S
Total for all sectors,Equally Hispanic/non-Hispanic,Government-guaranteed business loan from a bank or financial institution,1402,1017445
Total for all sectors,Equally Hispanic/non-Hispanic,Business loan from a bank or financial institution,10203,6212340
Total for all sectors,Equally Hispanic/non-Hispanic,Business loan/investment from family/friends,3405,2467484
Total for all sectors,Equally Hispanic/non-Hispanic,Investment by venture capitalist(s),390,109406
Total for all sectors,Equally Hispanic/non-Hispanic,Grants,329,S
Total for all sectors,Equally Hispanic/non-Hispanic,Other source(s) of capital,2283,3083013
Total for all sectors,Equally Hispanic/non-Hispanic,Don't know,4029,4780913
Total for all sectors,Equally Hispanic/non-Hispanic,None needed,9406,2113181
Total for all sectors,Equally Hispanic/non-Hispanic,Total reporting,92857(r),36085420(r)
Total for all sectors,Equally Hispanic/non-Hispanic,Item not reported,698(r),S
Total for all sectors,"Equally Hispanic/non-Hispanic, female-owned",All firms,5541,1680583
Total for all sectors,"Equally Hispanic/non-Hispanic, female-owned",Personal/family savings of owner(s),3268,663483
Total for all sectors,"Equally Hispanic/non-Hispanic, female-owned",Personal/family assets other than savings of owner(s),298,223827
Total for all sectors,"Equally Hispanic/non-Hispanic, female-owned",Personal/family home equity loan,228,117444
Total for all sectors,"Equally Hispanic/non-Hispanic, female-owned",Personal credit card(s) carrying balances,576,102742
Total for all sectors,"Equally Hispanic/non-Hispanic, female-owned",Business credit card(s) carrying balances,321,61825
Total for all sectors,"Equally Hispanic/non-Hispanic, female-owned","Business loan from federal, state, or local government",0,0
Total for all sectors,"Equally Hispanic/non-Hispanic, female-owned",Government-guaranteed business loan from a bank or financial institution,85,14466
Total for all sectors,"Equally Hispanic/non-Hispanic, female-owned",Business loan from a bank or financial institution,406,160359
Total for all sectors,"Equally Hispanic/non-Hispanic, female-owned",Business loan/investment from family/friends,222,S
Total for all sectors,"Equally Hispanic/non-Hispanic, female-owned",Investment by venture capitalist(s),42,S
Total for all sectors,"Equally Hispanic/non-Hispanic, female-owned",Grants,2,S
Total for all sectors,"Equally Hispanic/non-Hispanic, female-owned",Other source(s) of capital,139,24055
Total for all sectors,"Equally Hispanic/non-Hispanic, female-owned",Don't know,366,S
Total for all sectors,"Equally Hispanic/non-Hispanic, female-owned",None needed,663,37549
Total for all sectors,"Equally Hispanic/non-Hispanic, female-owned",Total reporting,4991,1174674
Total for all sectors,"Equally Hispanic/non-Hispanic, female-owned",Item not reported,34,S
Total for all sectors,"Equally Hispanic/non-Hispanic, male-owned",All firms,21167,19158062
Total for all sectors,"Equally Hispanic/non-Hispanic, male-owned",Personal/family savings of owner(s),10224,7673655
Total for all sectors,"Equally Hispanic/non-Hispanic, male-owned",Personal/family assets other than savings of owner(s),1019,637554
Total for all sectors,"Equally Hispanic/non-Hispanic, male-owned",Personal/family home equity loan,667,896069
Total for all sectors,"Equally Hispanic/non-Hispanic, male-owned",Personal credit card(s) carrying balances,1170,1046807
Total for all sectors,"Equally Hispanic/non-Hispanic, male-owned",Business credit card(s) carrying balances,569,308688
Total for all sectors,"Equally Hispanic/non-Hispanic, male-owned","Business loan from federal, state, or local government",65,S
Total for all sectors,"Equally Hispanic/non-Hispanic, male-owned",Government-guaranteed business loan from a bank or financial institution,206,127498
Total for all sectors,"Equally Hispanic/non-Hispanic, male-owned",Business loan from a bank or financial institution,2046,2748709
Total for all sectors,"Equally Hispanic/non-Hispanic, male-owned",Business loan/investment from family/friends,581,610071
Total for all sectors,"Equally Hispanic/non-Hispanic, male-owned",Investment by venture capitalist(s),236,74730
Total for all sectors,"Equally Hispanic/non-Hispanic, male-owned",Grants,160,13175
Total for all sectors,"Equally Hispanic/non-Hispanic, male-owned",Other source(s) of capital,662,S
Total for all sectors,"Equally Hispanic/non-Hispanic, male-owned",Don't know,1221,1869659
Total for all sectors,"Equally Hispanic/non-Hispanic, male-owned",None needed,791,802781
Total for all sectors,"Equally Hispanic/non-Hispanic, male-owned",Total reporting,14375(r),12674824(r)
Total for all sectors,"Equally Hispanic/non-Hispanic, male-owned",Item not reported,218(r),S
Total for all sectors,"Equally Hispanic/non-Hispanic, equally male-/female-owned",All firms,103619,33103839
Total for all sectors,"Equally Hispanic/non-Hispanic, equally male-/female-owned",Personal/family savings of owner(s),53318,13596488
Total for all sectors,"Equally Hispanic/non-Hispanic, equally male-/female-owned",Personal/family assets other than savings of owner(s),7289,2752189
Total for all sectors,"Equally Hispanic/non-Hispanic, equally male-/female-owned",Personal/family home equity loan,5266,2067063
Total for all sectors,"Equally Hispanic/non-Hispanic, equally male-/female-owned",Personal credit card(s) carrying balances,10311,3125904
Total for all sectors,"Equally Hispanic/non-Hispanic, equally male-/female-owned",Business credit card(s) carrying balances,4478,1334511
Total for all sectors,"Equally Hispanic/non-Hispanic, equally male-/female-owned","Business loan from federal, state, or local government",219,S
Total for all sectors,"Equally Hispanic/non-Hispanic, equally male-/female-owned",Government-guaranteed business loan from a bank or financial institution,1111,875481
Total for all sectors,"Equally Hispanic/non-Hispanic, equally male-/female-owned",Business loan from a bank or financial institution,7751,3303272
Total for all sectors,"Equally Hispanic/non-Hispanic, equally male-/female-owned",Business loan/investment from family/friends,2603,1750600
Total for all sectors,"Equally Hispanic/non-Hispanic, equally male-/female-owned",Investment by venture capitalist(s),113,29353
Total for all sectors,"Equally Hispanic/non-Hispanic, equally male-/female-owned",Grants,167,S
Total for all sectors,"Equally Hispanic/non-Hispanic, equally male-/female-owned",Other source(s) of capital,1482,S
Total for all sectors,"Equally Hispanic/non-Hispanic, equally male-/female-owned",Don't know,2443,2576785
Total for all sectors,"Equally Hispanic/non-Hispanic, equally male-/female-owned",None needed,7953,1272851
Total for all sectors,"Equally Hispanic/non-Hispanic, equally male-/female-owned",Total reporting,73491(r),22235922(r)
Total for all sectors,"Equally Hispanic/non-Hispanic, equally male-/female-owned",Item not reported,447(r),S
Total for all sectors,Non-Hispanic,All firms,23743181,11436499443
Total for all sectors,Non-Hispanic,Personal/family savings of owner(s),8912131,4023957723
Total for all sectors,Non-Hispanic,Personal/family assets other than savings of owner(s),925439,732334677
Total for all sectors,Non-Hispanic,Personal/family home equity loan,488293,337953191
Total for all sectors,Non-Hispanic,Personal credit card(s) carrying balances,1160131,302562753
Total for all sectors,Non-Hispanic,Business credit card(s) carrying balances,370187,136133966
Total for all sectors,Non-Hispanic,"Business loan from federal, state, or local government",25928,25965148
Total for all sectors,Non-Hispanic,Government-guaranteed business loan from a bank or financial institution,99935,109465342
Total for all sectors,Non-Hispanic,Business loan from a bank or financial institution,1211506,1540898490
Total for all sectors,Non-Hispanic,Business loan/investment from family/friends,289237,332211999
Total for all sectors,Non-Hispanic,Investment by venture capitalist(s),35348,84683484
Total for all sectors,Non-Hispanic,Grants,31075,9135736
Total for all sectors,Non-Hispanic,Other source(s) of capital,289828,331241974
Total for all sectors,Non-Hispanic,Don't know,1058570,2066197023
Total for all sectors,Non-Hispanic,None needed,3834992,496233815
Total for all sectors,Non-Hispanic,Total reporting,15426218(r),7854487767(r)
Total for all sectors,Non-Hispanic,Item not reported,369360(r),75015062(r)
Total for all sectors,"Non-Hispanic, female-owned",All firms,8402865,1339473995
Total for all sectors,"Non-Hispanic, female-owned",Personal/family savings of owner(s),2649075,488155011
Total for all sectors,"Non-Hispanic, female-owned",Personal/family assets other than savings of owner(s),234222,86733403
Total for all sectors,"Non-Hispanic, female-owned",Personal/family home equity loan,106114,48860310
Total for all sectors,"Non-Hispanic, female-owned",Personal credit card(s) carrying balances,376473,53435283
Total for all sectors,"Non-Hispanic, female-owned",Business credit card(s) carrying balances,100042,23627256
Total for all sectors,"Non-Hispanic, female-owned","Business loan from federal, state, or local government",6343,5437733
Total for all sectors,"Non-Hispanic, female-owned",Government-guaranteed business loan from a bank or financial institution,21010,15149989
Total for all sectors,"Non-Hispanic, female-owned",Business loan from a bank or financial institution,191150,141397583
Total for all sectors,"Non-Hispanic, female-owned",Business loan/investment from family/friends,66222,42331093
Total for all sectors,"Non-Hispanic, female-owned",Investment by venture capitalist(s),4606,3729474
Total for all sectors,"Non-Hispanic, female-owned",Grants,15153,995048
Total for all sectors,"Non-Hispanic, female-owned",Other source(s) of capital,71819,32326632
Total for all sectors,"Non-Hispanic, female-owned",Don't know,282321,201953243
Total for all sectors,"Non-Hispanic, female-owned",None needed,1740872,91488520
Total for all sectors,"Non-Hispanic, female-owned",Total reporting,5089917(r),912176858(r)
Total for all sectors,"Non-Hispanic, female-owned",Item not reported,158048(r),10974575(r)
Total for all sectors,"Non-Hispanic, male-owned",All firms,13120871,9087783022
Total for all sectors,"Non-Hispanic, male-owned",Personal/family savings of owner(s),5105991,3136014744
Total for all sectors,"Non-Hispanic, male-owned",Personal/family assets other than savings of owner(s),513666,563109222
Total for all sectors,"Non-Hispanic, male-owned",Personal/family home equity loan,258731,234029182
Total for all sectors,"Non-Hispanic, male-owned",Personal credit card(s) carrying balances,628297,206599898
Total for all sectors,"Non-Hispanic, male-owned",Business credit card(s) carrying balances,212728,92913451
Total for all sectors,"Non-Hispanic, male-owned","Business loan from federal, state, or local government",13603,17766015
Total for all sectors,"Non-Hispanic, male-owned",Government-guaranteed business loan from a bank or financial institution,53297,72527207
Total for all sectors,"Non-Hispanic, male-owned",Business loan from a bank or financial institution,761141,1235471460
Total for all sectors,"Non-Hispanic, male-owned",Business loan/investment from family/friends,168481,250921879
Total for all sectors,"Non-Hispanic, male-owned",Investment by venture capitalist(s),26496,78311057
Total for all sectors,"Non-Hispanic, male-owned",Grants,13012,7557225
Total for all sectors,"Non-Hispanic, male-owned",Other source(s) of capital,176627,278284003
Total for all sectors,"Non-Hispanic, male-owned",Don't know,691570,1741963293
Total for all sectors,"Non-Hispanic, male-owned",None needed,1900921,366117364
Total for all sectors,"Non-Hispanic, male-owned",Total reporting,8627854(r),6249470692(r)
Total for all sectors,"Non-Hispanic, male-owned",Item not reported,197112(r),60338540(r)
Total for all sectors,"Non-Hispanic, equally male-/female-owned",All firms,2219445,1009242426
Total for all sectors,"Non-Hispanic, equally male-/female-owned",Personal/family savings of owner(s),1157065,399787969
Total for all sectors,"Non-Hispanic, equally male-/female-owned",Personal/family assets other than savings of owner(s),177551,82492052
Total for all sectors,"Non-Hispanic, equally male-/female-owned",Personal/family home equity loan,123449,55063700
Total for all sectors,"Non-Hispanic, equally male-/female-owned",Personal credit card(s) carrying balances,155360,42527573
Total for all sectors,"Non-Hispanic, equally male-/female-owned",Business credit card(s) carrying balances,57418,19593259
Total for all sectors,"Non-Hispanic, equally male-/female-owned","Business loan from federal, state, or local government",5982,2761400
Total for all sectors,"Non-Hispanic, equally male-/female-owned",Government-guaranteed business loan from a bank or financial institution,25628,21788146
Total for all sectors,"Non-Hispanic, equally male-/female-owned",Business loan from a bank or financial institution,259214,164029447
Total for all sectors,"Non-Hispanic, equally male-/female-owned",Business loan/investment from family/friends,54534,38959028
Total for all sectors,"Non-Hispanic, equally male-/female-owned",Investment by venture capitalist(s),4245,2642953
Total for all sectors,"Non-Hispanic, equally male-/female-owned",Grants,2910,583463
Total for all sectors,"Non-Hispanic, equally male-/female-owned",Other source(s) of capital,41382,20631339
Total for all sectors,"Non-Hispanic, equally male-/female-owned",Don't know,84679,122280487
Total for all sectors,"Non-Hispanic, equally male-/female-owned",None needed,193198,38627930
Total for all sectors,"Non-Hispanic, equally male-/female-owned",Total reporting,1708447(r),692840217(r)
Total for all sectors,"Non-Hispanic, equally male-/female-owned",Item not reported,14199(r),3701946(r)
Total for all sectors,White,All firms,21539858,10950990565
Total for all sectors,White,Personal/family savings of owner(s),8319306,3825638414
Total for all sectors,White,Personal/family assets other than savings of owner(s),865960,705818277
Total for all sectors,White,Personal/family home equity loan,447031,311964965
Total for all sectors,White,Personal credit card(s) carrying balances,1091675,286599578
Total for all sectors,White,Business credit card(s) carrying balances,351632,129574718
Total for all sectors,White,"Business loan from federal, state, or local government",23292,24500371
Total for all sectors,White,Government-guaranteed business loan from a bank or financial institution,91158,102308557
Total for all sectors,White,Business loan from a bank or financial institution,1139509,1482107213
Total for all sectors,White,Business loan/investment from family/friends,263433,316570618
Total for all sectors,White,Investment by venture capitalist(s),33458,80073398
Total for all sectors,White,Grants,26849,8444060
Total for all sectors,White,Other source(s) of capital,261507,318955010
Total for all sectors,White,Don't know,949301,1984252914
Total for all sectors,White,None needed,3655228,487152416
Total for all sectors,White,Total reporting,14455175(r),7524076587(r)
Total for all sectors,White,Item not reported,330141(r),72266496(r)
Total for all sectors,"White, female-owned",All firms,7159034,1221238620
Total for all sectors,"White, female-owned",Personal/family savings of owner(s),2397662,437535168
Total for all sectors,"White, female-owned",Personal/family assets other than savings of owner(s),211960,80323915
Total for all sectors,"White, female-owned",Personal/family home equity loan,94477,43187413
Total for all sectors,"White, female-owned",Personal credit card(s) carrying balances,345610,48896614
Total for all sectors,"White, female-owned",Business credit card(s) carrying balances,91967,21222898
Total for all sectors,"White, female-owned","Business loan from federal, state, or local government",5472,5217271
Total for all sectors,"White, female-owned",Government-guaranteed business loan from a bank or financial institution,18621,13502186
Total for all sectors,"White, female-owned",Business loan from a bank or financial institution,173574,131743549
Total for all sectors,"White, female-owned",Business loan/investment from family/friends,58141,38675014
Total for all sectors,"White, female-owned",Investment by venture capitalist(s),4378,3709582
Total for all sectors,"White, female-owned",Grants,12458,810984
Total for all sectors,"White, female-owned",Other source(s) of capital,61473,30678584
Total for all sectors,"White, female-owned",Don't know,235685,189659433
Total for all sectors,"White, female-owned",None needed,1640287,87954264
Total for all sectors,"White, female-owned",Total reporting,4657701(r),838027754(r)
Total for all sectors,"White, female-owned",Item not reported,132600(r),10181594(r)
Total for all sectors,"White, male-owned",All firms,12280591,8787915377
Total for all sectors,"White, male-owned",Personal/family savings of owner(s),4833989,3012651609
Total for all sectors,"White, male-owned",Personal/family assets other than savings of owner(s),486379,548371742
Total for all sectors,"White, male-owned",Personal/family home equity loan,241239,218966520
Total for all sectors,"White, male-owned",Personal credit card(s) carrying balances,598631,197112322
Total for all sectors,"White, male-owned",Business credit card(s) carrying balances,204318,89125963
Total for all sectors,"White, male-owned","Business loan from federal, state, or local government",12363,16580953
Total for all sectors,"White, male-owned",Government-guaranteed business loan from a bank or financial institution,49142,69038840
Total for all sectors,"White, male-owned",Business loan from a bank or financial institution,722531,1196360266
Total for all sectors,"White, male-owned",Business loan/investment from family/friends,155604,242157514
Total for all sectors,"White, male-owned",Investment by venture capitalist(s),25075,73825514
Total for all sectors,"White, male-owned",Grants,11695,7142660
Total for all sectors,"White, male-owned",Other source(s) of capital,162763,267498407
Total for all sectors,"White, male-owned",Don't know,636091,1679451028
Total for all sectors,"White, male-owned",None needed,1825908,360112282
Total for all sectors,"White, male-owned",Total reporting,8182018(r),6028636120(r)
Total for all sectors,"White, male-owned",Item not reported,184411(r),58636648(r)
Total for all sectors,"White, equally male-/female-owned",All firms,2100233,941836569
Total for all sectors,"White, equally male-/female-owned",Personal/family savings of owner(s),1087655,375451638
Total for all sectors,"White, equally male-/female-owned",Personal/family assets other than savings of owner(s),167621,77122619
Total for all sectors,"White, equally male-/female-owned",Personal/family home equity loan,111316,49811032
Total for all sectors,"White, equally male-/female-owned",Personal credit card(s) carrying balances,147433,40590642
Total for all sectors,"White, equally male-/female-owned",Business credit card(s) carrying balances,55347,19225857
Total for all sectors,"White, equally male-/female-owned","Business loan from federal, state, or local government",5457,2702148
Total for all sectors,"White, equally male-/female-owned",Government-guaranteed business loan from a bank or financial institution,23395,19767531
Total for all sectors,"White, equally male-/female-owned",Business loan from a bank or financial institution,243404,154003398
Total for all sectors,"White, equally male-/female-owned",Business loan/investment from family/friends,49688,35738090
Total for all sectors,"White, equally male-/female-owned",Investment by venture capitalist(s),4004,2538302
Total for all sectors,"White, equally male-/female-owned",Grants,2696,490417
Total for all sectors,"White, equally male-/female-owned",Other source(s) of capital,37271,20778020
Total for all sectors,"White, equally male-/female-owned",Don't know,77526,115142453
Total for all sectors,"White, equally male-/female-owned",None needed,189033,39085871
Total for all sectors,"White, equally male-/female-owned",Total reporting,1615456(r),657412714(r)
Total for all sectors,"White, equally male-/female-owned",Item not reported,13130(r),3448253(r)
Total for all sectors,Black or African American,All firms,2584403,150203163
Total for all sectors,Black or African American,Personal/family savings of owner(s),447028,53776680
Total for all sectors,Black or African American,Personal/family assets other than savings of owner(s),39798,7526208
Total for all sectors,Black or African American,Personal/family home equity loan,15248,3980408
Total for all sectors,Black or African American,Personal credit card(s) carrying balances,72668,6805872
Total for all sectors,Black or African American,Business credit card(s) carrying balances,16801,2278787
Total for all sectors,Black or African American,"Business loan from federal, state, or local government",1340,446440
Total for all sectors,Black or African American,Government-guaranteed business loan from a bank or financial institution,3851,1491467
Total for all sectors,Black or African American,Business loan from a bank or financial institution,26442,18712022
Total for all sectors,Black or African American,Business loan/investment from family/friends,9167,1771016
Total for all sectors,Black or African American,Investment by venture capitalist(s),1168,S
Total for all sectors,Black or African American,Grants,4024,256786
Total for all sectors,Black or African American,Other source(s) of capital,21185,3709229
Total for all sectors,Black or African American,Don't know,55658,15798415
Total for all sectors,Black or African American,None needed,238143,6469372
Total for all sectors,Black or African American,Total reporting,808205(r),87486383(r)
Total for all sectors,Black or African American,Item not reported,55037(r),1884966(r)
Total for all sectors,"Black or African American, female-owned",All firms,1521494,42225349
Total for all sectors,"Black or African American, female-owned",Personal/family savings of owner(s),201814,11875524
Total for all sectors,"Black or African American, female-owned",Personal/family assets other than savings of owner(s),16768,1267005
Total for all sectors,"Black or African American, female-owned",Personal/family home equity loan,4906,829841
Total for all sectors,"Black or African American, female-owned",Personal credit card(s) carrying balances,32451,1858196
Total for all sectors,"Black or African American, female-owned",Business credit card(s) carrying balances,6325,622970
Total for all sectors,"Black or African American, female-owned","Business loan from federal, state, or local government",629,95491
Total for all sectors,"Black or African American, female-owned",Government-guaranteed business loan from a bank or financial institution,1861,489240
Total for all sectors,"Black or African American, female-owned",Business loan from a bank or financial institution,7015,2258417
Total for all sectors,"Black or African American, female-owned",Business loan/investment from family/friends,3941,395688
Total for all sectors,"Black or African American, female-owned",Investment by venture capitalist(s),418,20268
Total for all sectors,"Black or African American, female-owned",Grants,2619,112315
Total for all sectors,"Black or African American, female-owned",Other source(s) of capital,9670,636303
Total for all sectors,"Black or African American, female-owned",Don't know,27966,2716669
Total for all sectors,"Black or African American, female-owned",None needed,143907,2453450
Total for all sectors,"Black or African American, female-owned",Total reporting,402165(r),19069271(r)
Total for all sectors,"Black or African American, female-owned",Item not reported,34568(r),582916(r)
Total for all sectors,"Black or African American, male-owned",All firms,1014767,100122400
Total for all sectors,"Black or African American, male-owned",Personal/family savings of owner(s),218564,38891294
Total for all sectors,"Black or African American, male-owned",Personal/family assets other than savings of owner(s),19664,5740083
Total for all sectors,"Black or African American, male-owned",Personal/family home equity loan,8140,2586392
Total for all sectors,"Black or African American, male-owned",Personal credit card(s) carrying balances,34969,4496132
Total for all sectors,"Black or African American, male-owned",Business credit card(s) carrying balances,8568,1500104
Total for all sectors,"Black or African American, male-owned","Business loan from federal, state, or local government",661,331903
Total for all sectors,"Black or African American, male-owned",Government-guaranteed business loan from a bank or financial institution,1650,775255
Total for all sectors,"Black or African American, male-owned",Business loan from a bank or financial institution,15530,15685129
Total for all sectors,"Black or African American, male-owned",Business loan/investment from family/friends,4569,1175851
Total for all sectors,"Black or African American, male-owned",Investment by venture capitalist(s),573,S
Total for all sectors,"Black or African American, male-owned",Grants,1308,106974
Total for all sectors,"Black or African American, male-owned",Other source(s) of capital,10464,2984156
Total for all sectors,"Black or African American, male-owned",Don't know,26052,12583116
Total for all sectors,"Black or African American, male-owned",None needed,89907,3847016
Total for all sectors,"Black or African American, male-owned",Total reporting,368720(r),64167480(r)
Total for all sectors,"Black or African American, male-owned",Item not reported,19688(r),1212046(r)
Total for all sectors,"Black or African American, equally male-/female-owned",All firms,48141,7855414
Total for all sectors,"Black or African American, equally male-/female-owned",Personal/family savings of owner(s),26650,3009861
Total for all sectors,"Black or African American, equally male-/female-owned",Personal/family assets other than savings of owner(s),3366,519120
Total for all sectors,"Black or African American, equally male-/female-owned",Personal/family home equity loan,2202,564175
Total for all sectors,"Black or African American, equally male-/female-owned",Personal credit card(s) carrying balances,5248,451545
Total for all sectors,"Black or African American, equally male-/female-owned",Business credit card(s) carrying balances,1907,155713
Total for all sectors,"Black or African American, equally male-/female-owned","Business loan from federal, state, or local government",51,19046
Total for all sectors,"Black or African American, equally male-/female-owned",Government-guaranteed business loan from a bank or financial institution,340,226972
Total for all sectors,"Black or African American, equally male-/female-owned",Business loan from a bank or financial institution,3897,768476
Total for all sectors,"Black or African American, equally male-/female-owned",Business loan/investment from family/friends,658,199477
Total for all sectors,"Black or African American, equally male-/female-owned",Investment by venture capitalist(s),177,S
Total for all sectors,"Black or African American, equally male-/female-owned",Grants,96,S
Total for all sectors,"Black or African American, equally male-/female-owned",Other source(s) of capital,1050,88769
Total for all sectors,"Black or African American, equally male-/female-owned",Don't know,1641,498631
Total for all sectors,"Black or African American, equally male-/female-owned",None needed,4329,168905
Total for all sectors,"Black or African American, equally male-/female-owned",Total reporting,37320(r),4249632(r)
Total for all sectors,"Black or African American, equally male-/female-owned",Item not reported,781(r),90004(r)
Total for all sectors,American Indian and Alaska Native,All firms,272919,38838125
Total for all sectors,American Indian and Alaska Native,Personal/family savings of owner(s),76934,14815391
Total for all sectors,American Indian and Alaska Native,Personal/family assets other than savings of owner(s),9843,2645461
Total for all sectors,American Indian and Alaska Native,Personal/family home equity loan,3578,1230755
Total for all sectors,American Indian and Alaska Native,Personal credit card(s) carrying balances,14458,2009550
Total for all sectors,American Indian and Alaska Native,Business credit card(s) carrying balances,3945,932382
Total for all sectors,American Indian and Alaska Native,"Business loan from federal, state, or local government",349,84413
Total for all sectors,American Indian and Alaska Native,Government-guaranteed business loan from a bank or financial institution,1052,850144
Total for all sectors,American Indian and Alaska Native,Business loan from a bank or financial institution,7621,4257227
Total for all sectors,American Indian and Alaska Native,Business loan/investment from family/friends,2758,1305034
Total for all sectors,American Indian and Alaska Native,Investment by venture capitalist(s),223,186543
Total for all sectors,American Indian and Alaska Native,Grants,1035,63292
Total for all sectors,American Indian and Alaska Native,Other source(s) of capital,3616,1230134
Total for all sectors,American Indian and Alaska Native,Don't know,7201,4659222
Total for all sectors,American Indian and Alaska Native,None needed,36991,1583701
Total for all sectors,American Indian and Alaska Native,Total reporting,135320(r),24134281(r)
Total for all sectors,American Indian and Alaska Native,Item not reported,7325(r),464921(r)
Total for all sectors,"American Indian and Alaska Native, female-owned",All firms,131064,9057458
Total for all sectors,"American Indian and Alaska Native, female-owned",Personal/family savings of owner(s),28326,3376287
Total for all sectors,"American Indian and Alaska Native, female-owned",Personal/family assets other than savings of owner(s),3436,723484
Total for all sectors,"American Indian and Alaska Native, female-owned",Personal/family home equity loan,1162,500329
Total for all sectors,"American Indian and Alaska Native, female-owned",Personal credit card(s) carrying balances,5704,487356
Total for all sectors,"American Indian and Alaska Native, female-owned",Business credit card(s) carrying balances,1508,356048
Total for all sectors,"American Indian and Alaska Native, female-owned","Business loan from federal, state, or local government",214,S
Total for all sectors,"American Indian and Alaska Native, female-owned",Government-guaranteed business loan from a bank or financial institution,536,437805
Total for all sectors,"American Indian and Alaska Native, female-owned",Business loan from a bank or financial institution,1604,887334
Total for all sectors,"American Indian and Alaska Native, female-owned",Business loan/investment from family/friends,1176,281802
Total for all sectors,"American Indian and Alaska Native, female-owned",Investment by venture capitalist(s),110,S
Total for all sectors,"American Indian and Alaska Native, female-owned",Grants,684,13161
Total for all sectors,"American Indian and Alaska Native, female-owned",Other source(s) of capital,1671,184069
Total for all sectors,"American Indian and Alaska Native, female-owned",Don't know,2631,1086933
Total for all sectors,"American Indian and Alaska Native, female-owned",None needed,18472,417692
Total for all sectors,"American Indian and Alaska Native, female-owned",Total reporting,54921(r),5721213(r)
Total for all sectors,"American Indian and Alaska Native, female-owned",Item not reported,3562(r),140356(r)
Total for all sectors,"American Indian and Alaska Native, male-owned",All firms,137612,27573380
Total for all sectors,"American Indian and Alaska Native, male-owned",Personal/family savings of owner(s),46399,11039052
Total for all sectors,"American Indian and Alaska Native, male-owned",Personal/family assets other than savings of owner(s),5974,1829161
Total for all sectors,"American Indian and Alaska Native, male-owned",Personal/family home equity loan,2221,682637
Total for all sectors,"American Indian and Alaska Native, male-owned",Personal credit card(s) carrying balances,8430,1447545
Total for all sectors,"American Indian and Alaska Native, male-owned",Business credit card(s) carrying balances,2347,554658
Total for all sectors,"American Indian and Alaska Native, male-owned","Business loan from federal, state, or local government",132,S
Total for all sectors,"American Indian and Alaska Native, male-owned",Government-guaranteed business loan from a bank or financial institution,487,396709
Total for all sectors,"American Indian and Alaska Native, male-owned",Business loan from a bank or financial institution,5705,3303986
Total for all sectors,"American Indian and Alaska Native, male-owned",Business loan/investment from family/friends,1516,923049
Total for all sectors,"American Indian and Alaska Native, male-owned",Investment by venture capitalist(s),109,156910
Total for all sectors,"American Indian and Alaska Native, male-owned",Grants,351,50131
Total for all sectors,"American Indian and Alaska Native, male-owned",Other source(s) of capital,1880,1032983
Total for all sectors,"American Indian and Alaska Native, male-owned",Don't know,4314,3256808
Total for all sectors,"American Indian and Alaska Native, male-owned",None needed,18168,1153252
Total for all sectors,"American Indian and Alaska Native, male-owned",Total reporting,77156(r),17530145(r)
Total for all sectors,"American Indian and Alaska Native, male-owned",Item not reported,3735(r),322147(r)
Total for all sectors,"American Indian and Alaska Native, equally male-/female-owned",All firms,4243,S
Total for all sectors,"American Indian and Alaska Native, equally male-/female-owned",Personal/family savings of owner(s),2209,S
Total for all sectors,"American Indian and Alaska Native, equally male-/female-owned",Personal/family assets other than savings of owner(s),433,S
Total for all sectors,"American Indian and Alaska Native, equally male-/female-owned",Personal/family home equity loan,195,S
Total for all sectors,"American Indian and Alaska Native, equally male-/female-owned",Personal credit card(s) carrying balances,324,S
Total for all sectors,"American Indian and Alaska Native, equally male-/female-owned",Business credit card(s) carrying balances,89,S
Total for all sectors,"American Indian and Alaska Native, equally male-/female-owned","Business loan from federal, state, or local government",2,S
Total for all sectors,"American Indian and Alaska Native, equally male-/female-owned",Government-guaranteed business loan from a bank or financial institution,28,S
Total for all sectors,"American Indian and Alaska Native, equally male-/female-owned",Business loan from a bank or financial institution,313,S
Total for all sectors,"American Indian and Alaska Native, equally male-/female-owned",Business loan/investment from family/friends,66,S
Total for all sectors,"American Indian and Alaska Native, equally male-/female-owned",Investment by venture capitalist(s),4,S
Total for all sectors,"American Indian and Alaska Native, equally male-/female-owned",Grants,0,S
Total for all sectors,"American Indian and Alaska Native, equally male-/female-owned",Other source(s) of capital,65,S
Total for all sectors,"American Indian and Alaska Native, equally male-/female-owned",Don't know,256,S
Total for all sectors,"American Indian and Alaska Native, equally male-/female-owned",None needed,351,S
Total for all sectors,"American Indian and Alaska Native, equally male-/female-owned",Total reporting,3244,S
Total for all sectors,"American Indian and Alaska Native, equally male-/female-owned",Item not reported,28,S
Total for all sectors,Asian,All firms,1917902,699492422
Total for all sectors,Asian,Personal/family savings of owner(s),680623,265229309
Total for all sectors,Asian,Personal/family assets other than savings of owner(s),64988,35418823
Total for all sectors,Asian,Personal/family home equity loan,50627,30573015
Total for all sectors,Asian,Personal credit card(s) carrying balances,83601,26372083
Total for all sectors,Asian,Business credit card(s) carrying balances,26507,10802810
Total for all sectors,Asian,"Business loan from federal, state, or local government",2321,1467601
Total for all sectors,Asian,Government-guaranteed business loan from a bank or financial institution,8580,7443632
Total for all sectors,Asian,Business loan from a bank or financial institution,77129,70053608
Total for all sectors,Asian,Business loan/investment from family/friends,32116,21366049
Total for all sectors,Asian,Investment by venture capitalist(s),2812,3302969
Total for all sectors,Asian,Grants,2564,638917
Total for all sectors,Asian,Other source(s) of capital,23781,17730738
Total for all sectors,Asian,Don't know,109552,84356786
Total for all sectors,Asian,None needed,207179,16457023
Total for all sectors,Asian,Total reporting,1098505(r),426890990(r)
Total for all sectors,Asian,Item not reported,25460(r),3568529(r)
Total for all sectors,"Asian, female-owned",All firms,749197,135676380
Total for all sectors,"Asian, female-owned",Personal/family savings of owner(s),234441,57825170
Total for all sectors,"Asian, female-owned",Personal/family assets other than savings of owner(s),20004,7751529
Total for all sectors,"Asian, female-owned",Personal/family home equity loan,13809,6511492
Total for all sectors,"Asian, female-owned",Personal credit card(s) carrying balances,28555,6437158
Total for all sectors,"Asian, female-owned",Business credit card(s) carrying balances,8409,2666713
Total for all sectors,"Asian, female-owned","Business loan from federal, state, or local government",777,282718
Total for all sectors,"Asian, female-owned",Government-guaranteed business loan from a bank or financial institution,1979,1432961
Total for all sectors,"Asian, female-owned",Business loan from a bank or financial institution,17507,11784737
Total for all sectors,"Asian, female-owned",Business loan/investment from family/friends,9226,4490664
Total for all sectors,"Asian, female-owned",Investment by venture capitalist(s),669,198206
Total for all sectors,"Asian, female-owned",Grants,1048,92151
Total for all sectors,"Asian, female-owned",Other source(s) of capital,7520,2245511
Total for all sectors,"Asian, female-owned",Don't know,38766,13521624
Total for all sectors,"Asian, female-owned",None needed,101205,4131373
Total for all sectors,"Asian, female-owned",Total reporting,406140(r),86295789(r)
Total for all sectors,"Asian, female-owned",Item not reported,11639(r),778087(r)
Total for all sectors,"Asian, male-owned",All firms,996606,474250664
Total for all sectors,"Asian, male-owned",Personal/family savings of owner(s),361427,173507300
Total for all sectors,"Asian, male-owned",Personal/family assets other than savings of owner(s),33028,21317603
Total for all sectors,"Asian, male-owned",Personal/family home equity loan,23538,18113432
Total for all sectors,"Asian, male-owned",Personal credit card(s) carrying balances,45017,16350357
Total for all sectors,"Asian, male-owned",Business credit card(s) carrying balances,14487,6870701
Total for all sectors,"Asian, male-owned","Business loan from federal, state, or local government",1105,1058038
Total for all sectors,"Asian, male-owned",Government-guaranteed business loan from a bank or financial institution,4265,3825639
Total for all sectors,"Asian, male-owned",Business loan from a bank or financial institution,43107,47024606
Total for all sectors,"Asian, male-owned",Business loan/investment from family/friends,16672,13365834
Total for all sectors,"Asian, male-owned",Investment by venture capitalist(s),1884,3046979
Total for all sectors,"Asian, male-owned",Grants,1253,476350
Total for all sectors,"Asian, male-owned",Other source(s) of capital,12714,14076797
Total for all sectors,"Asian, male-owned",Don't know,62981,62650128
Total for all sectors,"Asian, male-owned",None needed,99301,11318489
Total for all sectors,"Asian, male-owned",Total reporting,578294(r),289725378(r)
Total for all sectors,"Asian, male-owned",Item not reported,13065(r),2370332(r)
Total for all sectors,"Asian, equally male-/female-owned",All firms,172098,89565377
Total for all sectors,"Asian, equally male-/female-owned",Personal/family savings of owner(s),84755,33896839
Total for all sectors,"Asian, equally male-/female-owned",Personal/family assets other than savings of owner(s),11956,6349692
Total for all sectors,"Asian, equally male-/female-owned",Personal/family home equity loan,13279,5948091
Total for all sectors,"Asian, equally male-/female-owned",Personal credit card(s) carrying balances,10029,3584568
Total for all sectors,"Asian, equally male-/female-owned",Business credit card(s) carrying balances,3611,1265396
Total for all sectors,"Asian, equally male-/female-owned","Business loan from federal, state, or local government",439,S
Total for all sectors,"Asian, equally male-/female-owned",Government-guaranteed business loan from a bank or financial institution,2336,2185032
Total for all sectors,"Asian, equally male-/female-owned",Business loan from a bank or financial institution,16515,11244265
Total for all sectors,"Asian, equally male-/female-owned",Business loan/investment from family/friends,6218,3509551
Total for all sectors,"Asian, equally male-/female-owned",Investment by venture capitalist(s),259,S
Total for all sectors,"Asian, equally male-/female-owned",Grants,263,70416
Total for all sectors,"Asian, equally male-/female-owned",Other source(s) of capital,3548,1408430
Total for all sectors,"Asian, equally male-/female-owned",Don't know,7806,8185034
Total for all sectors,"Asian, equally male-/female-owned",None needed,6673,1007161
Total for all sectors,"Asian, equally male-/female-owned",Total reporting,114071(r),50869823(r)
Total for all sectors,"Asian, equally male-/female-owned",Item not reported,756(r),420109(r)
Total for all sectors,Native Hawaiian and Other Pacific Islander,All firms,54749,8136445
Total for all sectors,Native Hawaiian and Other Pacific Islander,Personal/family savings of owner(s),14311,2629587
Total for all sectors,Native Hawaiian and Other Pacific Islander,Personal/family assets other than savings of owner(s),1481,481050
Total for all sectors,Native Hawaiian and Other Pacific Islander,Personal/family home equity loan,717,497376
Total for all sectors,Native Hawaiian and Other Pacific Islander,Personal credit card(s) carrying balances,3210,682431
Total for all sectors,Native Hawaiian and Other Pacific Islander,Business credit card(s) carrying balances,920,371861
Total for all sectors,Native Hawaiian and Other Pacific Islander,"Business loan from federal, state, or local government",89,S
Total for all sectors,Native Hawaiian and Other Pacific Islander,Government-guaranteed business loan from a bank or financial institution,215,104425
Total for all sectors,Native Hawaiian and Other Pacific Islander,Business loan from a bank or financial institution,909,478552
Total for all sectors,Native Hawaiian and Other Pacific Islander,Business loan/investment from family/friends,730,153075
Total for all sectors,Native Hawaiian and Other Pacific Islander,Investment by venture capitalist(s),129,22003
Total for all sectors,Native Hawaiian and Other Pacific Islander,Grants,57,S
Total for all sectors,Native Hawaiian and Other Pacific Islander,Other source(s) of capital,558,94565
Total for all sectors,Native Hawaiian and Other Pacific Islander,Don't know,2300,909443
Total for all sectors,Native Hawaiian and Other Pacific Islander,None needed,7039,294118
Total for all sectors,Native Hawaiian and Other Pacific Islander,Total reporting,25452(r),4334389(r)
Total for all sectors,Native Hawaiian and Other Pacific Islander,Item not reported,1058(r),22533(r)
Total for all sectors,"Native Hawaiian and Other Pacific Islander, female-owned",All firms,24982,1879024
Total for all sectors,"Native Hawaiian and Other Pacific Islander, female-owned",Personal/family savings of owner(s),5597,712692
Total for all sectors,"Native Hawaiian and Other Pacific Islander, female-owned",Personal/family assets other than savings of owner(s),376,120959
Total for all sectors,"Native Hawaiian and Other Pacific Islander, female-owned",Personal/family home equity loan,358,241958
Total for all sectors,"Native Hawaiian and Other Pacific Islander, female-owned",Personal credit card(s) carrying balances,1473,267613
Total for all sectors,"Native Hawaiian and Other Pacific Islander, female-owned",Business credit card(s) carrying balances,349,179193
Total for all sectors,"Native Hawaiian and Other Pacific Islander, female-owned","Business loan from federal, state, or local government",63,S
Total for all sectors,"Native Hawaiian and Other Pacific Islander, female-owned",Government-guaranteed business loan from a bank or financial institution,108,60961
Total for all sectors,"Native Hawaiian and Other Pacific Islander, female-owned",Business loan from a bank or financial institution,295,161216
Total for all sectors,"Native Hawaiian and Other Pacific Islander, female-owned",Business loan/investment from family/friends,299,51195
Total for all sectors,"Native Hawaiian and Other Pacific Islander, female-owned",Investment by venture capitalist(s),42,S
Total for all sectors,"Native Hawaiian and Other Pacific Islander, female-owned",Grants,44,S
Total for all sectors,"Native Hawaiian and Other Pacific Islander, female-owned",Other source(s) of capital,363,7617
Total for all sectors,"Native Hawaiian and Other Pacific Islander, female-owned",Don't know,848,185968
Total for all sectors,"Native Hawaiian and Other Pacific Islander, female-owned",None needed,3267,58894
Total for all sectors,"Native Hawaiian and Other Pacific Islander, female-owned",Total reporting,10446(r),1103147(r)
Total for all sectors,"Native Hawaiian and Other Pacific Islander, female-owned",Item not reported,508(r),7175(r)
Total for all sectors,"Native Hawaiian and Other Pacific Islander, male-owned",All firms,28329,5978962
Total for all sectors,"Native Hawaiian and Other Pacific Islander, male-owned",Personal/family savings of owner(s),7891,1842443
Total for all sectors,"Native Hawaiian and Other Pacific Islander, male-owned",Personal/family assets other than savings of owner(s),1037,318547
Total for all sectors,"Native Hawaiian and Other Pacific Islander, male-owned",Personal/family home equity loan,348,253315
Total for all sectors,"Native Hawaiian and Other Pacific Islander, male-owned",Personal credit card(s) carrying balances,1525,400846
Total for all sectors,"Native Hawaiian and Other Pacific Islander, male-owned",Business credit card(s) carrying balances,568,190444
Total for all sectors,"Native Hawaiian and Other Pacific Islander, male-owned","Business loan from federal, state, or local government",26,3209
Total for all sectors,"Native Hawaiian and Other Pacific Islander, male-owned",Government-guaranteed business loan from a bank or financial institution,102,S
Total for all sectors,"Native Hawaiian and Other Pacific Islander, male-owned",Business loan from a bank or financial institution,594,310185
Total for all sectors,"Native Hawaiian and Other Pacific Islander, male-owned",Business loan/investment from family/friends,425,93532
Total for all sectors,"Native Hawaiian and Other Pacific Islander, male-owned",Investment by venture capitalist(s),85,15157
Total for all sectors,"Native Hawaiian and Other Pacific Islander, male-owned",Grants,13,S
Total for all sectors,"Native Hawaiian and Other Pacific Islander, male-owned",Other source(s) of capital,179,84668
Total for all sectors,"Native Hawaiian and Other Pacific Islander, male-owned",Don't know,1393,713947
Total for all sectors,"Native Hawaiian and Other Pacific Islander, male-owned",None needed,3617,231440
Total for all sectors,"Native Hawaiian and Other Pacific Islander, male-owned",Total reporting,13910(r),3102241(r)
Total for all sectors,"Native Hawaiian and Other Pacific Islander, male-owned",Item not reported,550(r),15359(r)
Total for all sectors,"Native Hawaiian and Other Pacific Islander, equally male-/female-owned",All firms,1438,278459
Total for all sectors,"Native Hawaiian and Other Pacific Islander, equally male-/female-owned",Personal/family savings of owner(s),823,74452
Total for all sectors,"Native Hawaiian and Other Pacific Islander, equally male-/female-owned",Personal/family assets other than savings of owner(s),68,41544
Total for all sectors,"Native Hawaiian and Other Pacific Islander, equally male-/female-owned",Personal/family home equity loan,11,2103
Total for all sectors,"Native Hawaiian and Other Pacific Islander, equally male-/female-owned",Personal credit card(s) carrying balances,212,13972
Total for all sectors,"Native Hawaiian and Other Pacific Islander, equally male-/female-owned",Business credit card(s) carrying balances,4,S
Total for all sectors,"Native Hawaiian and Other Pacific Islander, equally male-/female-owned","Business loan from federal, state, or local government",0,0
Total for all sectors,"Native Hawaiian and Other Pacific Islander, equally male-/female-owned",Government-guaranteed business loan from a bank or financial institution,5,S
Total for all sectors,"Native Hawaiian and Other Pacific Islander, equally male-/female-owned",Business loan from a bank or financial institution,20,S
Total for all sectors,"Native Hawaiian and Other Pacific Islander, equally male-/female-owned",Business loan/investment from family/friends,7,S
Total for all sectors,"Native Hawaiian and Other Pacific Islander, equally male-/female-owned",Investment by venture capitalist(s),2,S
Total for all sectors,"Native Hawaiian and Other Pacific Islander, equally male-/female-owned",Grants,0,0
Total for all sectors,"Native Hawaiian and Other Pacific Islander, equally male-/female-owned",Other source(s) of capital,16,S
Total for all sectors,"Native Hawaiian and Other Pacific Islander, equally male-/female-owned",Don't know,58,S
Total for all sectors,"Native Hawaiian and Other Pacific Islander, equally male-/female-owned",None needed,155,S
Total for all sectors,"Native Hawaiian and Other Pacific Islander, equally male-/female-owned",Total reporting,1096,129001
Total for all sectors,"Native Hawaiian and Other Pacific Islander, equally male-/female-owned",Item not reported,0,0
Total for all sectors,Some other race,All firms,1174340,109828269
Total for all sectors,Some other race,Personal/family savings of owner(s),190425,34964262
Total for all sectors,Some other race,Personal/family assets other than savings of owner(s),17386,5515140
Total for all sectors,Some other race,Personal/family home equity loan,10137,3502310
Total for all sectors,Some other race,Personal credit card(s) carrying balances,28055,4405860
Total for all sectors,Some other race,Business credit card(s) carrying balances,7371,1933417
Total for all sectors,Some other race,"Business loan from federal, state, or local government",417,208932
Total for all sectors,Some other race,Government-guaranteed business loan from a bank or financial institution,1302,859325
Total for all sectors,Some other race,Business loan from a bank or financial institution,15019,9576218
Total for all sectors,Some other race,Business loan/investment from family/friends,5861,3180129
Total for all sectors,Some other race,Investment by venture capitalist(s),839,S
Total for all sectors,Some other race,Grants,750,S
Total for all sectors,Some other race,Other source(s) of capital,7575,1867499
Total for all sectors,Some other race,Don't know,39012,13196135
Total for all sectors,Some other race,None needed,99452,4728729
Total for all sectors,Some other race,Total reporting,362139(r),61464053(r)
Total for all sectors,Some other race,Item not reported,21840(r),832194(r)
Total for all sectors,"Some other race, female-owned",All firms,535176,21394951
Total for all sectors,"Some other race, female-owned",Personal/family savings of owner(s),57816,6607345
Total for all sectors,"Some other race, female-owned",Personal/family assets other than savings of owner(s),5174,1234938
Total for all sectors,"Some other race, female-owned",Personal/family home equity loan,2386,513845
Total for all sectors,"Some other race, female-owned",Personal credit card(s) carrying balances,9086,656099
Total for all sectors,"Some other race, female-owned",Business credit card(s) carrying balances,2301,297019
Total for all sectors,"Some other race, female-owned","Business loan from federal, state, or local government",171,S
Total for all sectors,"Some other race, female-owned",Government-guaranteed business loan from a bank or financial institution,506,171899
Total for all sectors,"Some other race, female-owned",Business loan from a bank or financial institution,2813,972488
Total for all sectors,"Some other race, female-owned",Business loan/investment from family/friends,1398,828438
Total for all sectors,"Some other race, female-owned",Investment by venture capitalist(s),125,S
Total for all sectors,"Some other race, female-owned",Grants,580,S
Total for all sectors,"Some other race, female-owned",Other source(s) of capital,2432,245293
Total for all sectors,"Some other race, female-owned",Don't know,13048,1956396
Total for all sectors,"Some other race, female-owned",None needed,48329,1038336
Total for all sectors,"Some other race, female-owned",Total reporting,128677(r),10909642(r)
Total for all sectors,"Some other race, female-owned",Item not reported,11061(r),264946(r)
Total for all sectors,"Some other race, male-owned",All firms,606150,78945548
Total for all sectors,"Some other race, male-owned",Personal/family savings of owner(s),118191,25206669
Total for all sectors,"Some other race, male-owned",Personal/family assets other than savings of owner(s),10239,3700897
Total for all sectors,"Some other race, male-owned",Personal/family home equity loan,6523,2650781
Total for all sectors,"Some other race, male-owned",Personal credit card(s) carrying balances,17037,3188343
Total for all sectors,"Some other race, male-owned",Business credit card(s) carrying balances,4402,1462678
Total for all sectors,"Some other race, male-owned","Business loan from federal, state, or local government",171,S
Total for all sectors,"Some other race, male-owned",Government-guaranteed business loan from a bank or financial institution,563,614261
Total for all sectors,"Some other race, male-owned",Business loan from a bank or financial institution,10183,7480443
Total for all sectors,"Some other race, male-owned",Business loan/investment from family/friends,4064,2196353
Total for all sectors,"Some other race, male-owned",Investment by venture capitalist(s),613,S
Total for all sectors,"Some other race, male-owned",Grants,108,S
Total for all sectors,"Some other race, male-owned",Other source(s) of capital,4730,1579524
Total for all sectors,"Some other race, male-owned",Don't know,24635,10219379
Total for all sectors,"Some other race, male-owned",None needed,48919,3236484
Total for all sectors,"Some other race, male-owned",Total reporting,213376(r),45237453(r)
Total for all sectors,"Some other race, male-owned",Item not reported,10329(r),541165(r)
Total for all sectors,"Some other race, equally male-/female-owned",All firms,33014,9487770
Total for all sectors,"Some other race, equally male-/female-owned",Personal/family savings of owner(s),14418,3150248
Total for all sectors,"Some other race, equally male-/female-owned",Personal/family assets other than savings of owner(s),1973,579304
Total for all sectors,"Some other race, equally male-/female-owned",Personal/family home equity loan,1228,337684
Total for all sectors,"Some other race, equally male-/female-owned",Personal credit card(s) carrying balances,1932,561417
Total for all sectors,"Some other race, equally male-/female-owned",Business credit card(s) carrying balances,668,173720
Total for all sectors,"Some other race, equally male-/female-owned","Business loan from federal, state, or local government",75,S
Total for all sectors,"Some other race, equally male-/female-owned",Government-guaranteed business loan from a bank or financial institution,233,73165
Total for all sectors,"Some other race, equally male-/female-owned",Business loan from a bank or financial institution,2024,1123287
Total for all sectors,"Some other race, equally male-/female-owned",Business loan/investment from family/friends,399,155338
Total for all sectors,"Some other race, equally male-/female-owned",Investment by venture capitalist(s),100,S
Total for all sectors,"Some other race, equally male-/female-owned",Grants,62,S
Total for all sectors,"Some other race, equally male-/female-owned",Other source(s) of capital,413,42682
Total for all sectors,"Some other race, equally male-/female-owned",Don't know,1329,1020359
Total for all sectors,"Some other race, equally male-/female-owned",None needed,2204,S
Total for all sectors,"Some other race, equally male-/female-owned",Total reporting,20086(r),5316958(r)
Total for all sectors,"Some other race, equally male-/female-owned",Item not reported,450(r),26083(r)
Total for all sectors,Minority,All firms,7952386,1380149132
Total for all sectors,Minority,Personal/family savings of owner(s),1876673,492195354
Total for all sectors,Minority,Personal/family assets other than savings of owner(s),170767,68451912
Total for all sectors,Minority,Personal/family home equity loan,101383,49031359
Total for all sectors,Minority,Personal credit card(s) carrying balances,271318,55493362
Total for all sectors,Minority,Business credit card(s) carrying balances,74097,21458557
Total for all sectors,Minority,"Business loan from federal, state, or local government",5220,2654572
Total for all sectors,Minority,Government-guaranteed business loan from a bank or financial institution,18508,13070774
Total for all sectors,Minority,Business loan from a bank or financial institution,157033,135300125
Total for all sectors,Minority,Business loan/investment from family/friends,62617,36648910
Total for all sectors,Minority,Investment by venture capitalist(s),6603,7660995
Total for all sectors,Minority,Grants,9943,1154687
Total for all sectors,Minority,Other source(s) of capital,70902,32942408
Total for all sectors,Minority,Don't know,264423,146189221
Total for all sectors,Minority,None needed,813262,40425662
Total for all sectors,Minority,Total reporting,3243039(r),793873432(r)
Total for all sectors,Minority,Item not reported,145700(r),9161768(r)
Total for all sectors,"Minority, female-owned",All firms,3777279,264799352
Total for all sectors,"Minority, female-owned",Personal/family savings of owner(s),672768,97690792
Total for all sectors,"Minority, female-owned",Personal/family assets other than savings of owner(s),56371,13027980
Total for all sectors,"Minority, female-owned",Personal/family home equity loan,27685,10146963
Total for all sectors,"Minority, female-owned",Personal credit card(s) carrying balances,97381,12734996
Total for all sectors,"Minority, female-owned",Business credit card(s) carrying balances,22858,4913017
Total for all sectors,"Minority, female-owned","Business loan from federal, state, or local government",2048,608016
Total for all sectors,"Minority, female-owned",Government-guaranteed business loan from a bank or financial institution,5810,3031158
Total for all sectors,"Minority, female-owned",Business loan from a bank or financial institution,34819,20396788
Total for all sectors,"Minority, female-owned",Business loan/investment from family/friends,19042,7383927
Total for all sectors,"Minority, female-owned",Investment by venture capitalist(s),1622,476059
Total for all sectors,"Minority, female-owned",Grants,5341,247389
Total for all sectors,"Minority, female-owned",Other source(s) of capital,25908,4413694
Total for all sectors,"Minority, female-owned",Don't know,99638,23710462
Total for all sectors,"Minority, female-owned",None needed,433710,10747129
Total for all sectors,"Minority, female-owned",Total reporting,1304007(r),152908595(r)
Total for all sectors,"Minority, female-owned",Item not reported,78306(r),2261147(r)
Total for all sectors,"Minority, male-owned",All firms,3802106,974903974
Total for all sectors,"Minority, male-owned",Personal/family savings of owner(s),1028211,341325938
Total for all sectors,"Minority, male-owned",Personal/family assets other than savings of owner(s),90942,45604404
Total for all sectors,"Minority, male-owned",Personal/family home equity loan,52720,29821081
Total for all sectors,"Minority, male-owned",Personal credit card(s) carrying balances,148003,35538188
Total for all sectors,"Minority, male-owned",Business credit card(s) carrying balances,42300,14394298
Total for all sectors,"Minority, male-owned","Business loan from federal, state, or local government",2505,1745407
Total for all sectors,"Minority, male-owned",Government-guaranteed business loan from a bank or financial institution,8879,7095438
Total for all sectors,"Minority, male-owned",Business loan from a bank or financial institution,94568,99087707
Total for all sectors,"Minority, male-owned",Business loan/investment from family/friends,34659,24200145
Total for all sectors,"Minority, male-owned",Investment by venture capitalist(s),4071,7018381
Total for all sectors,"Minority, male-owned",Grants,4001,792685
Total for all sectors,"Minority, male-owned",Other source(s) of capital,38862,26607439
Total for all sectors,"Minority, male-owned",Don't know,149825,110889561
Total for all sectors,"Minority, male-owned",None needed,357925,26947164
Total for all sectors,"Minority, male-owned",Total reporting,1696226(r),561615158(r)
Total for all sectors,"Minority, male-owned",Item not reported,64436(r),6282354(r)
Total for all sectors,"Minority, equally male-/female-owned",All firms,373001,140445806
Total for all sectors,"Minority, equally male-/female-owned",Personal/family savings of owner(s),175694,53178623
Total for all sectors,"Minority, equally male-/female-owned",Personal/family assets other than savings of owner(s),23454,9819528
Total for all sectors,"Minority, equally male-/female-owned",Personal/family home equity loan,20978,9063315
Total for all sectors,"Minority, equally male-/female-owned",Personal credit card(s) carrying balances,25935,7220178
Total for all sectors,"Minority, equally male-/female-owned",Business credit card(s) carrying balances,8940,2151242
Total for all sectors,"Minority, equally male-/female-owned","Business loan from federal, state, or local government",667,301149
Total for all sectors,"Minority, equally male-/female-owned",Government-guaranteed business loan from a bank or financial institution,3819,2944178
Total for all sectors,"Minority, equally male-/female-owned",Business loan from a bank or financial institution,27646,15815631
Total for all sectors,"Minority, equally male-/female-owned",Business loan/investment from family/friends,8916,5064837
Total for all sectors,"Minority, equally male-/female-owned",Investment by venture capitalist(s),910,166555
Total for all sectors,"Minority, equally male-/female-owned",Grants,601,114613
Total for all sectors,"Minority, equally male-/female-owned",Other source(s) of capital,6133,1921275
Total for all sectors,"Minority, equally male-/female-owned",Don't know,14960,11589199
Total for all sectors,"Minority, equally male-/female-owned",None needed,21627,2731369
Total for all sectors,"Minority, equally male-/female-owned",Total reporting,242805(r),79349679(r)
Total for all sectors,"Minority, equally male-/female-owned",Item not reported,2958(r),618268(r)
Total for all sectors,Equally minority/nonminority,All firms,239076,101097203
Total for all sectors,Equally minority/nonminority,Personal/family savings of owner(s),125177,38775008
Total for all sectors,Equally minority/nonminority,Personal/family assets other than savings of owner(s),16594,5842249
Total for all sectors,Equally minority/nonminority,Personal/family home equity loan,12163,4868356
Total for all sectors,Equally minority/nonminority,Personal credit card(s) carrying balances,21560,5929011
Total for all sectors,Equally minority/nonminority,Business credit card(s) carrying balances,8339,2196385
Total for all sectors,Equally minority/nonminority,"Business loan from federal, state, or local government",612,S
Total for all sectors,Equally minority/nonminority,Government-guaranteed business loan from a bank or financial institution,2466,1790004
Total for all sectors,Equally minority/nonminority,Business loan from a bank or financial institution,20165,14095544
Total for all sectors,Equally minority/nonminority,Business loan/investment from family/friends,5899,3598896
Total for all sectors,Equally minority/nonminority,Investment by venture capitalist(s),689,348737
Total for all sectors,Equally minority/nonminority,Grants,468,165434
Total for all sectors,Equally minority/nonminority,Other source(s) of capital,4544,4545761
Total for all sectors,Equally minority/nonminority,Don't know,8466,12601017
Total for all sectors,Equally minority/nonminority,None needed,17503,3027531
Total for all sectors,Equally minority/nonminority,Total reporting,175262(r),68018294(r)
Total for all sectors,Equally minority/nonminority,Item not reported,1840(r),718553(r)
Total for all sectors,"Equally minority/nonminority, female-owned",All firms,9402,3474783
Total for all sectors,"Equally minority/nonminority, female-owned",Personal/family savings of owner(s),6118,1505866
Total for all sectors,"Equally minority/nonminority, female-owned",Personal/family assets other than savings of owner(s),555,313667
Total for all sectors,"Equally minority/nonminority, female-owned",Personal/family home equity loan,487,186044
Total for all sectors,"Equally minority/nonminority, female-owned",Personal credit card(s) carrying balances,884,135940
Total for all sectors,"Equally minority/nonminority, female-owned",Business credit card(s) carrying balances,368,51215
Total for all sectors,"Equally minority/nonminority, female-owned","Business loan from federal, state, or local government",2,S
Total for all sectors,"Equally minority/nonminority, female-owned",Government-guaranteed business loan from a bank or financial institution,110,34453
Total for all sectors,"Equally minority/nonminority, female-owned",Business loan from a bank or financial institution,808,400392
Total for all sectors,"Equally minority/nonminority, female-owned",Business loan/investment from family/friends,342,S
Total for all sectors,"Equally minority/nonminority, female-owned",Investment by venture capitalist(s),56,S
Total for all sectors,"Equally minority/nonminority, female-owned",Grants,4,S
Total for all sectors,"Equally minority/nonminority, female-owned",Other source(s) of capital,274,34577
Total for all sectors,"Equally minority/nonminority, female-owned",Don't know,449,S
Total for all sectors,"Equally minority/nonminority, female-owned",None needed,796,68318
Total for all sectors,"Equally minority/nonminority, female-owned",Total reporting,8473(r),2684156(r)
Total for all sectors,"Equally minority/nonminority, female-owned",Item not reported,28(r),S
Total for all sectors,"Equally minority/nonminority, male-owned",All firms,41984,43210818
Total for all sectors,"Equally minority/nonminority, male-owned",Personal/family savings of owner(s),20260,14201130
Total for all sectors,"Equally minority/nonminority, male-owned",Personal/family assets other than savings of owner(s),2228,1290150
Total for all sectors,"Equally minority/nonminority, male-owned",Personal/family home equity loan,1346,1288061
Total for all sectors,"Equally minority/nonminority, male-owned",Personal credit card(s) carrying balances,1864,1423873
Total for all sectors,"Equally minority/nonminority, male-owned",Business credit card(s) carrying balances,845,335599
Total for all sectors,"Equally minority/nonminority, male-owned","Business loan from federal, state, or local government",156,S
Total for all sectors,"Equally minority/nonminority, male-owned",Government-guaranteed business loan from a bank or financial institution,452,290010
Total for all sectors,"Equally minority/nonminority, male-owned",Business loan from a bank or financial institution,4717,6830286
Total for all sectors,"Equally minority/nonminority, male-owned",Business loan/investment from family/friends,1133,978600
Total for all sectors,"Equally minority/nonminority, male-owned",Investment by venture capitalist(s),259,139782
Total for all sectors,"Equally minority/nonminority, male-owned",Grants,83,30183
Total for all sectors,"Equally minority/nonminority, male-owned",Other source(s) of capital,1250,1632327
Total for all sectors,"Equally minority/nonminority, male-owned",Don't know,3079,8109910
Total for all sectors,"Equally minority/nonminority, male-owned",None needed,1953,1190693
Total for all sectors,"Equally minority/nonminority, male-owned",Total reporting,30043(r),29046737(r)
Total for all sectors,"Equally minority/nonminority, male-owned",Item not reported,722(r),268338(r)
Total for all sectors,"Equally minority/nonminority, equally male-/female-owned",All firms,187691,54411602
Total for all sectors,"Equally minority/nonminority, equally male-/female-owned",Personal/family savings of owner(s),98799,23068011
Total for all sectors,"Equally minority/nonminority, equally male-/female-owned",Personal/family assets other than savings of owner(s),13812,4238432
Total for all sectors,"Equally minority/nonminority, equally male-/female-owned",Personal/family home equity loan,10331,3394252
Total for all sectors,"Equally minority/nonminority, equally male-/female-owned",Personal credit card(s) carrying balances,18812,4369198
Total for all sectors,"Equally minority/nonminority, equally male-/female-owned",Business credit card(s) carrying balances,7125,1809572
Total for all sectors,"Equally minority/nonminority, equally male-/female-owned","Business loan from federal, state, or local government",454,S
Total for all sectors,"Equally minority/nonminority, equally male-/female-owned",Government-guaranteed business loan from a bank or financial institution,1904,1465541
Total for all sectors,"Equally minority/nonminority, equally male-/female-owned",Business loan from a bank or financial institution,14640,6864866
Total for all sectors,"Equally minority/nonminority, equally male-/female-owned",Business loan/investment from family/friends,4424,2138195
Total for all sectors,"Equally minority/nonminority, equally male-/female-owned",Investment by venture capitalist(s),374,168850
Total for all sectors,"Equally minority/nonminority, equally male-/female-owned",Grants,381,133756
Total for all sectors,"Equally minority/nonminority, equally male-/female-owned",Other source(s) of capital,3020,2878857
Total for all sectors,"Equally minority/nonminority, equally male-/female-owned",Don't know,4938,4039502
Total for all sectors,"Equally minority/nonminority, equally male-/female-owned",None needed,14754,1768520
Total for all sectors,"Equally minority/nonminority, equally male-/female-owned",Total reporting,136747(r),36287400(r)
Total for all sectors,"Equally minority/nonminority, equally male-/female-owned",Item not reported,1089(r),441522(r)
Total for all sectors,Nonminority,All firms,18987918,10482831537
Total for all sectors,Nonminority,Personal/family savings of owner(s),7660751,3666738565
Total for all sectors,Nonminority,Personal/family assets other than savings of owner(s),804642,682971559
Total for all sectors,Nonminority,Personal/family home equity loan,413878,299052040
Total for all sectors,Nonminority,Personal credit card(s) carrying balances,983968,265191529
Total for all sectors,Nonminority,Business credit card(s) carrying balances,320595,121557937
Total for all sectors,Nonminority,"Business loan from federal, state, or local government",21769,23837161
Total for all sectors,Nonminority,Government-guaranteed business loan from a bank or financial institution,85296,98511221
Total for all sectors,Nonminority,Business loan from a bank or financial institution,1089022,1437589367
Total for all sectors,Nonminority,Business loan/investment from family/friends,243183,305458373
Total for all sectors,Nonminority,Investment by venture capitalist(s),31094,78450729
Total for all sectors,Nonminority,Grants,23812,8115957
Total for all sectors,Nonminority,Other source(s) of capital,239944,306363245
Total for all sectors,Nonminority,Don't know,882043,1949328951
Total for all sectors,Nonminority,None needed,3353853,470078023
Total for all sectors,Nonminority,Total reporting,13325238(r),7271390178(r)
Total for all sectors,Nonminority,Item not reported,284719(r),69012018(r)
Total for all sectors,"Nonminority, female-owned",All firms,6091716,1151560159
Total for all sectors,"Nonminority, female-owned",Personal/family savings of owner(s),2193429,414266314
Total for all sectors,"Nonminority, female-owned",Personal/family assets other than savings of owner(s),195199,76993194
Total for all sectors,"Nonminority, female-owned",Personal/family home equity loan,86775,40932720
Total for all sectors,"Nonminority, female-owned",Personal credit card(s) carrying balances,312422,44673356
Total for all sectors,"Nonminority, female-owned",Business credit card(s) carrying balances,84597,19972611
Total for all sectors,"Nonminority, female-owned","Business loan from federal, state, or local government",4927,5032170
Total for all sectors,"Nonminority, female-owned",Government-guaranteed business loan from a bank or financial institution,16823,12763939
Total for all sectors,"Nonminority, female-owned",Business loan from a bank or financial institution,164622,126050903
Total for all sectors,"Nonminority, female-owned",Business loan/investment from family/friends,52500,36780960
Total for all sectors,"Nonminority, female-owned",Investment by venture capitalist(s),3705,3449579
Total for all sectors,"Nonminority, female-owned",Grants,11188,782139
Total for all sectors,"Nonminority, female-owned",Other source(s) of capital,53822,29302792
Total for all sectors,"Nonminority, female-owned",Don't know,214343,184291356
Total for all sectors,"Nonminority, female-owned",None needed,1484719,84482411
Total for all sectors,"Nonminority, female-owned",Total reporting,4245331(r),799376240(r)
Total for all sectors,"Nonminority, female-owned",Item not reported,110499(r),9499470(r)
Total for all sectors,"Nonminority, male-owned",All firms,11000508,8447924396
Total for all sectors,"Nonminority, male-owned",Personal/family savings of owner(s),4476466,2901289257
Total for all sectors,"Nonminority, male-owned",Personal/family assets other than savings of owner(s),455008,532770092
Total for all sectors,"Nonminority, male-owned",Personal/family home equity loan,224858,211743931
Total for all sectors,"Nonminority, male-owned",Personal credit card(s) carrying balances,541651,184190486
Total for all sectors,"Nonminority, male-owned",Business credit card(s) carrying balances,187361,84008970
Total for all sectors,"Nonminority, male-owned","Business loan from federal, state, or local government",11629,16273545
Total for all sectors,"Nonminority, male-owned",Government-guaranteed business loan from a bank or financial institution,46773,67193114
Total for all sectors,"Nonminority, male-owned",Business loan from a bank or financial institution,693846,1163441942
Total for all sectors,"Nonminority, male-owned",Business loan/investment from family/friends,145177,234547310
Total for all sectors,"Nonminority, male-owned",Investment by venture capitalist(s),23873,72583867
Total for all sectors,"Nonminority, male-owned",Grants,10287,6925746
Total for all sectors,"Nonminority, male-owned",Other source(s) of capital,151187,258680647
Total for all sectors,"Nonminority, male-owned",Don't know,595766,1653418282
Total for all sectors,"Nonminority, male-owned",None needed,1695693,348812434
Total for all sectors,"Nonminority, male-owned",Total reporting,7599752(r),5851751663(r)
Total for all sectors,"Nonminority, male-owned",Item not reported,162390(r),56470304(r)
Total for all sectors,"Nonminority, equally male-/female-owned",All firms,1895694,883346981
Total for all sectors,"Nonminority, equally male-/female-owned",Personal/family savings of owner(s),990856,351182994
Total for all sectors,"Nonminority, equally male-/female-owned",Personal/family assets other than savings of owner(s),154435,73208273
Total for all sectors,"Nonminority, equally male-/female-owned",Personal/family home equity loan,102245,46375388
Total for all sectors,"Nonminority, equally male-/female-owned",Personal credit card(s) carrying balances,129895,36327687
Total for all sectors,"Nonminority, equally male-/female-owned",Business credit card(s) carrying balances,48637,17576356
Total for all sectors,"Nonminority, equally male-/female-owned","Business loan from federal, state, or local government",5213,2531445
Total for all sectors,"Nonminority, equally male-/female-owned",Government-guaranteed business loan from a bank or financial institution,21700,18554169
Total for all sectors,"Nonminority, equally male-/female-owned",Business loan from a bank or financial institution,230555,148096522
Total for all sectors,"Nonminority, equally male-/female-owned",Business loan/investment from family/friends,45507,34130103
Total for all sectors,"Nonminority, equally male-/female-owned",Investment by venture capitalist(s),3515,2417283
Total for all sectors,"Nonminority, equally male-/female-owned",Grants,2338,408072
Total for all sectors,"Nonminority, equally male-/female-owned",Other source(s) of capital,34935,18379807
Total for all sectors,"Nonminority, equally male-/female-owned",Don't know,71935,111619313
Total for all sectors,"Nonminority, equally male-/female-owned",None needed,173441,36783178
Total for all sectors,"Nonminority, equally male-/female-owned",Total reporting,1480156(r),620262275(r)
Total for all sectors,"Nonminority, equally male-/female-owned",Item not reported,11830(r),3042244(r)
Total for all sectors,Veteran,All firms,2521682,1141055180
Total for all sectors,Veteran,Personal/family savings of owner(s),886471,413614207
Total for all sectors,Veteran,Personal/family assets other than savings of owner(s),92748,63037249
Total for all sectors,Veteran,Personal/family home equity loan,39014,26635956
Total for all sectors,Veteran,Personal credit card(s) carrying balances,111513,25469797
Total for all sectors,Veteran,Business credit card(s) carrying balances,37343,10073043
Total for all sectors,Veteran,"Business loan from federal, state, or local government",2002,1685120
Total for all sectors,Veteran,Government-guaranteed business loan from a bank or financial institution,9869,8529893
Total for all sectors,Veteran,Business loan from a bank or financial institution,116045,163348634
Total for all sectors,Veteran,Business loan/investment from family/friends,20882,27812610
Total for all sectors,Veteran,Investment by venture capitalist(s),2707,5950279
Total for all sectors,Veteran,Grants,1478,775910
Total for all sectors,Veteran,Other source(s) of capital,28686,26238071
Total for all sectors,Veteran,Don't know,83047,180800931
Total for all sectors,Veteran,None needed,353917,38154430
Total for all sectors,Veteran,Total reporting,1481915(r),754882397(r)
Total for all sectors,Veteran,Item not reported,51004(r),7229047(r)
Total for all sectors,"Veteran, female-owned",All firms,383302,17950613
Total for all sectors,"Veteran, female-owned",Personal/family savings of owner(s),42971,5691118
Total for all sectors,"Veteran, female-owned",Personal/family assets other than savings of owner(s),4517,567679
Total for all sectors,"Veteran, female-owned",Personal/family home equity loan,1347,480431
Total for all sectors,"Veteran, female-owned",Personal credit card(s) carrying balances,9141,1303950
Total for all sectors,"Veteran, female-owned",Business credit card(s) carrying balances,2649,391017
Total for all sectors,"Veteran, female-owned","Business loan from federal, state, or local government",149,49952
Total for all sectors,"Veteran, female-owned",Government-guaranteed business loan from a bank or financial institution,694,403540
Total for all sectors,"Veteran, female-owned",Business loan from a bank or financial institution,3733,1722226
Total for all sectors,"Veteran, female-owned",Business loan/investment from family/friends,836,653481
Total for all sectors,"Veteran, female-owned",Investment by venture capitalist(s),80,S
Total for all sectors,"Veteran, female-owned",Grants,259,7341
Total for all sectors,"Veteran, female-owned",Other source(s) of capital,1507,177897
Total for all sectors,"Veteran, female-owned",Don't know,3005,418110
Total for all sectors,"Veteran, female-owned",None needed,23456,806600
Total for all sectors,"Veteran, female-owned",Total reporting,76412(r),8241643(r)
Total for all sectors,"Veteran, female-owned",Item not reported,5969(r),216604(r)
Total for all sectors,"Veteran, male-owned",All firms,2124666,1120923970
Total for all sectors,"Veteran, male-owned",Personal/family savings of owner(s),836522,406910697
Total for all sectors,"Veteran, male-owned",Personal/family assets other than savings of owner(s),86955,62236344
Total for all sectors,"Veteran, male-owned",Personal/family home equity loan,36807,25965712
Total for all sectors,"Veteran, male-owned",Personal credit card(s) carrying balances,100824,23918184
Total for all sectors,"Veteran, male-owned",Business credit card(s) carrying balances,34337,9591164
Total for all sectors,"Veteran, male-owned","Business loan from federal, state, or local government",1828,1630452
Total for all sectors,"Veteran, male-owned",Government-guaranteed business loan from a bank or financial institution,9089,8108015
Total for all sectors,"Veteran, male-owned",Business loan from a bank or financial institution,110990,161188382
Total for all sectors,"Veteran, male-owned",Business loan/investment from family/friends,19818,27135371
Total for all sectors,"Veteran, male-owned",Investment by venture capitalist(s),2523,5719856
Total for all sectors,"Veteran, male-owned",Grants,1217,766109
Total for all sectors,"Veteran, male-owned",Other source(s) of capital,26950,26045127
Total for all sectors,"Veteran, male-owned",Don't know,79696,180252618
Total for all sectors,"Veteran, male-owned",None needed,329837,37263291
Total for all sectors,"Veteran, male-owned",Total reporting,1396166(r),745193280(r)
Total for all sectors,"Veteran, male-owned",Item not reported,44944(r),7007371(r)
Total for all sectors,"Veteran, equally male-/female-owned",All firms,13714,2180597
Total for all sectors,"Veteran, equally male-/female-owned",Personal/family savings of owner(s),6979,1012392
Total for all sectors,"Veteran, equally male-/female-owned",Personal/family assets other than savings of owner(s),1275,233226
Total for all sectors,"Veteran, equally male-/female-owned",Personal/family home equity loan,860,S
Total for all sectors,"Veteran, equally male-/female-owned",Personal credit card(s) carrying balances,1548,247663
Total for all sectors,"Veteran, equally male-/female-owned",Business credit card(s) carrying balances,358,90862
Total for all sectors,"Veteran, equally male-/female-owned","Business loan from federal, state, or local government",25,S
Total for all sectors,"Veteran, equally male-/female-owned",Government-guaranteed business loan from a bank or financial institution,86,18337
Total for all sectors,"Veteran, equally male-/female-owned",Business loan from a bank or financial institution,1322,438026
Total for all sectors,"Veteran, equally male-/female-owned",Business loan/investment from family/friends,228,23759
Total for all sectors,"Veteran, equally male-/female-owned",Investment by venture capitalist(s),104,S
Total for all sectors,"Veteran, equally male-/female-owned",Grants,2,S
Total for all sectors,"Veteran, equally male-/female-owned",Other source(s) of capital,228,15047
Total for all sectors,"Veteran, equally male-/female-owned",Don't know,346,130203
Total for all sectors,"Veteran, equally male-/female-owned",None needed,624,S
Total for all sectors,"Veteran, equally male-/female-owned",Total reporting,9336,1447474
Total for all sectors,"Veteran, equally male-/female-owned",Item not reported,91,S
Total for all sectors,"Veteran, Hispanic",All firms,176046,26128053
Total for all sectors,"Veteran, Hispanic",Personal/family savings of owner(s),32007,11427625
Total for all sectors,"Veteran, Hispanic",Personal/family assets other than savings of owner(s),2550,622581
Total for all sectors,"Veteran, Hispanic",Personal/family home equity loan,1035,985300
Total for all sectors,"Veteran, Hispanic",Personal credit card(s) carrying balances,6734,975640
Total for all sectors,"Veteran, Hispanic",Business credit card(s) carrying balances,2109,380664
Total for all sectors,"Veteran, Hispanic","Business loan from federal, state, or local government",99,S
Total for all sectors,"Veteran, Hispanic",Government-guaranteed business loan from a bank or financial institution,536,230706
Total for all sectors,"Veteran, Hispanic",Business loan from a bank or financial institution,2063,1723926
Total for all sectors,"Veteran, Hispanic",Business loan/investment from family/friends,853,1427955
Total for all sectors,"Veteran, Hispanic",Investment by venture capitalist(s),153,S
Total for all sectors,"Veteran, Hispanic",Grants,100,S
Total for all sectors,"Veteran, Hispanic",Other source(s) of capital,1195,349011
Total for all sectors,"Veteran, Hispanic",Don't know,3276,3406782
Total for all sectors,"Veteran, Hispanic",None needed,13522,1362463
Total for all sectors,"Veteran, Hispanic",Total reporting,53755(r),17799191(r)
Total for all sectors,"Veteran, Hispanic",Item not reported,3422(r),270541(r)
Total for all sectors,"Veteran, equally Hispanic/non-Hispanic",All firms,1821,443943
Total for all sectors,"Veteran, equally Hispanic/non-Hispanic",Personal/family savings of owner(s),1079,105914
Total for all sectors,"Veteran, equally Hispanic/non-Hispanic",Personal/family assets other than savings of owner(s),59,S
Total for all sectors,"Veteran, equally Hispanic/non-Hispanic",Personal/family home equity loan,26,S
Total for all sectors,"Veteran, equally Hispanic/non-Hispanic",Personal credit card(s) carrying balances,205,S
Total for all sectors,"Veteran, equally Hispanic/non-Hispanic",Business credit card(s) carrying balances,6,S
Total for all sectors,"Veteran, equally Hispanic/non-Hispanic","Business loan from federal, state, or local government",0,0
Total for all sectors,"Veteran, equally Hispanic/non-Hispanic",Government-guaranteed business loan from a bank or financial institution,2,S
Total for all sectors,"Veteran, equally Hispanic/non-Hispanic",Business loan from a bank or financial institution,68,S
Total for all sectors,"Veteran, equally Hispanic/non-Hispanic",Business loan/investment from family/friends,7,S
Total for all sectors,"Veteran, equally Hispanic/non-Hispanic",Investment by venture capitalist(s),4,S
Total for all sectors,"Veteran, equally Hispanic/non-Hispanic",Grants,0,0
Total for all sectors,"Veteran, equally Hispanic/non-Hispanic",Other source(s) of capital,0,0
Total for all sectors,"Veteran, equally Hispanic/non-Hispanic",Don't know,20,S
Total for all sectors,"Veteran, equally Hispanic/non-Hispanic",None needed,102,S
Total for all sectors,"Veteran, equally Hispanic/non-Hispanic",Total reporting,1254,138624
Total for all sectors,"Veteran, equally Hispanic/non-Hispanic",Item not reported,0,0
Total for all sectors,"Veteran, non-Hispanic",All firms,2343815,1114483184
Total for all sectors,"Veteran, non-Hispanic",Personal/family savings of owner(s),853385,402080668
Total for all sectors,"Veteran, non-Hispanic",Personal/family assets other than savings of owner(s),90139,62408752
Total for all sectors,"Veteran, non-Hispanic",Personal/family home equity loan,37953,25640494
Total for all sectors,"Veteran, non-Hispanic",Personal credit card(s) carrying balances,104573,24482102
Total for all sectors,"Veteran, non-Hispanic",Business credit card(s) carrying balances,35228,9689100
Total for all sectors,"Veteran, non-Hispanic","Business loan from federal, state, or local government",1903,1653999
Total for all sectors,"Veteran, non-Hispanic",Government-guaranteed business loan from a bank or financial institution,9331,8298162
Total for all sectors,"Veteran, non-Hispanic",Business loan from a bank or financial institution,113915,161608294
Total for all sectors,"Veteran, non-Hispanic",Business loan/investment from family/friends,20022,26384518
Total for all sectors,"Veteran, non-Hispanic",Investment by venture capitalist(s),2550,5939983
Total for all sectors,"Veteran, non-Hispanic",Grants,1378,774267
Total for all sectors,"Veteran, non-Hispanic",Other source(s) of capital,27491,25889059
Total for all sectors,"Veteran, non-Hispanic",Don't know,79751,177376331
Total for all sectors,"Veteran, non-Hispanic",None needed,340293,36789441
Total for all sectors,"Veteran, non-Hispanic",Total reporting,1426906(r),736944581(r)
Total for all sectors,"Veteran, non-Hispanic",Item not reported,47582(r),6958506(r)
Total for all sectors,"Veteran, White",All firms,2145322,1104545350
Total for all sectors,"Veteran, White",Personal/family savings of owner(s),818431,399616862
Total for all sectors,"Veteran, White",Personal/family assets other than savings of owner(s),85041,61266784
Total for all sectors,"Veteran, White",Personal/family home equity loan,36308,25403212
Total for all sectors,"Veteran, White",Personal credit card(s) carrying balances,99153,23780358
Total for all sectors,"Veteran, White",Business credit card(s) carrying balances,33058,9408243
Total for all sectors,"Veteran, White","Business loan from federal, state, or local government",1854,1481279
Total for all sectors,"Veteran, White",Government-guaranteed business loan from a bank or financial institution,8923,8068791
Total for all sectors,"Veteran, White",Business loan from a bank or financial institution,109892,159687081
Total for all sectors,"Veteran, White",Business loan/investment from family/friends,19428,27546287
Total for all sectors,"Veteran, White",Investment by venture capitalist(s),2515,5925685
Total for all sectors,"Veteran, White",Grants,1163,736353
Total for all sectors,"Veteran, White",Other source(s) of capital,25702,25731602
Total for all sectors,"Veteran, White",Don't know,76469,176659903
Total for all sectors,"Veteran, White",None needed,328885,36600866
Total for all sectors,"Veteran, White",Total reporting,1370494(r),732040334(r)
Total for all sectors,"Veteran, White",Item not reported,43729(r),6872457(r)
Total for all sectors,"Veteran, Black or African American",All firms,270053,18896430
Total for all sectors,"Veteran, Black or African American",Personal/family savings of owner(s),49833,6924289
Total for all sectors,"Veteran, Black or African American",Personal/family assets other than savings of owner(s),6091,1102148
Total for all sectors,"Veteran, Black or African American",Personal/family home equity loan,1797,709969
Total for all sectors,"Veteran, Black or African American",Personal credit card(s) carrying balances,9791,1135956
Total for all sectors,"Veteran, Black or African American",Business credit card(s) carrying balances,3215,389108
Total for all sectors,"Veteran, Black or African American","Business loan from federal, state, or local government",132,S
Total for all sectors,"Veteran, Black or African American",Government-guaranteed business loan from a bank or financial institution,604,241489
Total for all sectors,"Veteran, Black or African American",Business loan from a bank or financial institution,4118,1654790
Total for all sectors,"Veteran, Black or African American",Business loan/investment from family/friends,777,92554
Total for all sectors,"Veteran, Black or African American",Investment by venture capitalist(s),179,8182
Total for all sectors,"Veteran, Black or African American",Grants,278,21845
Total for all sectors,"Veteran, Black or African American",Other source(s) of capital,2277,339029
Total for all sectors,"Veteran, Black or African American",Don't know,3769,1762951
Total for all sectors,"Veteran, Black or African American",None needed,17878,942534
Total for all sectors,"Veteran, Black or African American",Total reporting,79931(r),10945574(r)
Total for all sectors,"Veteran, Black or African American",Item not reported,5352(r),185315(r)
Total for all sectors,"Veteran, American Indian and Alaska Native",All firms,33984,5229418
Total for all sectors,"Veteran, American Indian and Alaska Native",Personal/family savings of owner(s),10862,1806291
Total for all sectors,"Veteran, American Indian and Alaska Native",Personal/family assets other than savings of owner(s),1410,240940
Total for all sectors,"Veteran, American Indian and Alaska Native",Personal/family home equity loan,538,105671
Total for all sectors,"Veteran, American Indian and Alaska Native",Personal credit card(s) carrying balances,2196,219303
Total for all sectors,"Veteran, American Indian and Alaska Native",Business credit card(s) carrying balances,634,102702
Total for all sectors,"Veteran, American Indian and Alaska Native","Business loan from federal, state, or local government",40,S
Total for all sectors,"Veteran, American Indian and Alaska Native",Government-guaranteed business loan from a bank or financial institution,242,S
Total for all sectors,"Veteran, American Indian and Alaska Native",Business loan from a bank or financial institution,1326,426511
Total for all sectors,"Veteran, American Indian and Alaska Native",Business loan/investment from family/friends,205,58037
Total for all sectors,"Veteran, American Indian and Alaska Native",Investment by venture capitalist(s),5,S
Total for all sectors,"Veteran, American Indian and Alaska Native",Grants,68,S
Total for all sectors,"Veteran, American Indian and Alaska Native",Other source(s) of capital,261,82868
Total for all sectors,"Veteran, American Indian and Alaska Native",Don't know,930,441043
Total for all sectors,"Veteran, American Indian and Alaska Native",None needed,4394,409622
Total for all sectors,"Veteran, American Indian and Alaska Native",Total reporting,18060(r),2974446(r)
Total for all sectors,"Veteran, American Indian and Alaska Native",Item not reported,1031(r),72735(r)
Total for all sectors,"Veteran, Asian",All firms,52355,10292973
Total for all sectors,"Veteran, Asian",Personal/family savings of owner(s),12959,4207862
Total for all sectors,"Veteran, Asian",Personal/family assets other than savings of owner(s),1442,558298
Total for all sectors,"Veteran, Asian",Personal/family home equity loan,782,309223
Total for all sectors,"Veteran, Asian",Personal credit card(s) carrying balances,2419,551091
Total for all sectors,"Veteran, Asian",Business credit card(s) carrying balances,1069,318149
Total for all sectors,"Veteran, Asian","Business loan from federal, state, or local government",2,S
Total for all sectors,"Veteran, Asian",Government-guaranteed business loan from a bank or financial institution,188,S
Total for all sectors,"Veteran, Asian",Business loan from a bank or financial institution,1531,1512126
Total for all sectors,"Veteran, Asian",Business loan/investment from family/friends,693,115266
Total for all sectors,"Veteran, Asian",Investment by venture capitalist(s),19,S
Total for all sectors,"Veteran, Asian",Grants,25,S
Total for all sectors,"Veteran, Asian",Other source(s) of capital,601,130829
Total for all sectors,"Veteran, Asian",Don't know,1626,915018
Total for all sectors,"Veteran, Asian",None needed,5048,311070
Total for all sectors,"Veteran, Asian",Total reporting,22167(r),7016217(r)
Total for all sectors,"Veteran, Asian",Item not reported,889(r),93432(r)
Total for all sectors,"Veteran, Native Hawaiian and Other Pacific Islander",All firms,6931,989235
Total for all sectors,"Veteran, Native Hawaiian and Other Pacific Islander",Personal/family savings of owner(s),1576,685147
Total for all sectors,"Veteran, Native Hawaiian and Other Pacific Islander",Personal/family assets other than savings of owner(s),229,S
Total for all sectors,"Veteran, Native Hawaiian and Other Pacific Islander",Personal/family home equity loan,151,128255
Total for all sectors,"Veteran, Native Hawaiian and Other Pacific Islander",Personal credit card(s) carrying balances,633,S
Total for all sectors,"Veteran, Native Hawaiian and Other Pacific Islander",Business credit card(s) carrying balances,226,S
Total for all sectors,"Veteran, Native Hawaiian and Other Pacific Islander","Business loan from federal, state, or local government",0,0
Total for all sectors,"Veteran, Native Hawaiian and Other Pacific Islander",Government-guaranteed business loan from a bank or financial institution,70,870
Total for all sectors,"Veteran, Native Hawaiian and Other Pacific Islander",Business loan from a bank or financial institution,126,S
Total for all sectors,"Veteran, Native Hawaiian and Other Pacific Islander",Business loan/investment from family/friends,78,2276
Total for all sectors,"Veteran, Native Hawaiian and Other Pacific Islander",Investment by venture capitalist(s),0,0
Total for all sectors,"Veteran, Native Hawaiian and Other Pacific Islander",Grants,0,0
Total for all sectors,"Veteran, Native Hawaiian and Other Pacific Islander",Other source(s) of capital,194,S
Total for all sectors,"Veteran, Native Hawaiian and Other Pacific Islander",Don't know,166,S
Total for all sectors,"Veteran, Native Hawaiian and Other Pacific Islander",None needed,707,13861
Total for all sectors,"Veteran, Native Hawaiian and Other Pacific Islander",Total reporting,2858(r),814844(r)
Total for all sectors,"Veteran, Native Hawaiian and Other Pacific Islander",Item not reported,22(r),S
Total for all sectors,"Veteran, some other race",All firms,55928,5624677
Total for all sectors,"Veteran, some other race",Personal/family savings of owner(s),5254,2277001
Total for all sectors,"Veteran, some other race",Personal/family assets other than savings of owner(s),378,168731
Total for all sectors,"Veteran, some other race",Personal/family home equity loan,178,120360
Total for all sectors,"Veteran, some other race",Personal credit card(s) carrying balances,848,S
Total for all sectors,"Veteran, some other race",Business credit card(s) carrying balances,307,47585
Total for all sectors,"Veteran, some other race","Business loan from federal, state, or local government",6,S
Total for all sectors,"Veteran, some other race",Government-guaranteed business loan from a bank or financial institution,12,S
Total for all sectors,"Veteran, some other race",Business loan from a bank or financial institution,420,266238
Total for all sectors,"Veteran, some other race",Business loan/investment from family/friends,36,33732
Total for all sectors,"Veteran, some other race",Investment by venture capitalist(s),4,S
Total for all sectors,"Veteran, some other race",Grants,0,0
Total for all sectors,"Veteran, some other race",Other source(s) of capital,265,33584
Total for all sectors,"Veteran, some other race",Don't know,885,1152209
Total for all sectors,"Veteran, some other race",None needed,2368,125992
Total for all sectors,"Veteran, some other race",Total reporting,9309(r),3680303(r)
Total for all sectors,"Veteran, some other race",Item not reported,813(r),44913(r)
Total for all sectors,"Veteran, minority",All firms,520666,60565838
Total for all sectors,"Veteran, minority",Personal/family savings of owner(s),103036,25378972
Total for all sectors,"Veteran, minority",Personal/family assets other than savings of owner(s),10927,2416730
Total for all sectors,"Veteran, minority",Personal/family home equity loan,3898,2174036
Total for all sectors,"Veteran, minority",Personal credit card(s) carrying balances,19618,2727225
Total for all sectors,"Veteran, minority",Business credit card(s) carrying balances,6519,1077227
Total for all sectors,"Veteran, minority","Business loan from federal, state, or local government",273,S
Total for all sectors,"Veteran, minority",Government-guaranteed business loan from a bank or financial institution,1490,698533
Total for all sectors,"Veteran, minority",Business loan from a bank or financial institution,8978,5502895
Total for all sectors,"Veteran, minority",Business loan/investment from family/friends,2331,1686032
Total for all sectors,"Veteran, minority",Investment by venture capitalist(s),344,54471
Total for all sectors,"Veteran, minority",Grants,394,38304
Total for all sectors,"Veteran, minority",Other source(s) of capital,4124,936498
Total for all sectors,"Veteran, minority",Don't know,9579,6478625
Total for all sectors,"Veteran, minority",None needed,40356,2987220
Total for all sectors,"Veteran, minority",Total reporting,170549(r),39674219(r)
Total for all sectors,"Veteran, minority",Item not reported,10428(r),585560(r)
Total for all sectors,"Veteran, equally minority/nonminority",All firms,2896,859082
Total for all sectors,"Veteran, equally minority/nonminority",Personal/family savings of owner(s),1591,199705
Total for all sectors,"Veteran, equally minority/nonminority",Personal/family assets other than savings of owner(s),122,14698
Total for all sectors,"Veteran, equally minority/nonminority",Personal/family home equity loan,63,21133
Total for all sectors,"Veteran, equally minority/nonminority",Personal credit card(s) carrying balances,280,24695
Total for all sectors,"Veteran, equally minority/nonminority",Business credit card(s) carrying balances,21,7846
Total for all sectors,"Veteran, equally minority/nonminority","Business loan from federal, state, or local government",5,S
Total for all sectors,"Veteran, equally minority/nonminority",Government-guaranteed business loan from a bank or financial institution,22,S
Total for all sectors,"Veteran, equally minority/nonminority",Business loan from a bank or financial institution,110,43729
Total for all sectors,"Veteran, equally minority/nonminority",Business loan/investment from family/friends,12,S
Total for all sectors,"Veteran, equally minority/nonminority",Investment by venture capitalist(s),5,S
Total for all sectors,"Veteran, equally minority/nonminority",Grants,5,S
Total for all sectors,"Veteran, equally minority/nonminority",Other source(s) of capital,78,11573
Total for all sectors,"Veteran, equally minority/nonminority",Don't know,146,S
Total for all sectors,"Veteran, equally minority/nonminority",None needed,30,195
Total for all sectors,"Veteran, equally minority/nonminority",Total reporting,1849,241771
Total for all sectors,"Veteran, equally minority/nonminority",Item not reported,15,S
Total for all sectors,"Veteran, nonminority",All firms,1998120,1079630260
Total for all sectors,"Veteran, nonminority",Personal/family savings of owner(s),781844,388035530
Total for all sectors,"Veteran, nonminority",Personal/family assets other than savings of owner(s),81699,60605821
Total for all sectors,"Veteran, nonminority",Personal/family home equity loan,35054,24440787
Total for all sectors,"Veteran, nonminority",Personal credit card(s) carrying balances,91615,22717877
Total for all sectors,"Veteran, nonminority",Business credit card(s) carrying balances,30804,8987970
Total for all sectors,"Veteran, nonminority","Business loan from federal, state, or local government",1724,1450619
Total for all sectors,"Veteran, nonminority",Government-guaranteed business loan from a bank or financial institution,8357,7826005
Total for all sectors,"Veteran, nonminority",Business loan from a bank or financial institution,106957,157802010
Total for all sectors,"Veteran, nonminority",Business loan/investment from family/friends,18539,26124942
Total for all sectors,"Veteran, nonminority",Investment by venture capitalist(s),2357,5894309
Total for all sectors,"Veteran, nonminority",Grants,1079,736107
Total for all sectors,"Veteran, nonminority",Other source(s) of capital,24483,25289999
Total for all sectors,"Veteran, nonminority",Don't know,73321,174303619
Total for all sectors,"Veteran, nonminority",None needed,313531,35167016
Total for all sectors,"Veteran, nonminority",Total reporting,1309517(r),714966406(r)
Total for all sectors,"Veteran, nonminority",Item not reported,40561(r),6643078(r)
Total for all sectors,Equally veteran/nonveteran,All firms,587013,306414783
Total for all sectors,Equally veteran/nonveteran,Personal/family savings of owner(s),314478,131983557
Total for all sectors,Equally veteran/nonveteran,Personal/family assets other than savings of owner(s),48916,27637922
Total for all sectors,Equally veteran/nonveteran,Personal/family home equity loan,27730,13692676
Total for all sectors,Equally veteran/nonveteran,Personal credit card(s) carrying balances,39014,9823394
Total for all sectors,Equally veteran/nonveteran,Business credit card(s) carrying balances,13596,4886350
Total for all sectors,Equally veteran/nonveteran,"Business loan from federal, state, or local government",1090,1184918
Total for all sectors,Equally veteran/nonveteran,Government-guaranteed business loan from a bank or financial institution,5936,4599813
Total for all sectors,Equally veteran/nonveteran,Business loan from a bank or financial institution,71805,51659432
Total for all sectors,Equally veteran/nonveteran,Business loan/investment from family/friends,11134,11684865
Total for all sectors,Equally veteran/nonveteran,Investment by venture capitalist(s),952,807363
Total for all sectors,Equally veteran/nonveteran,Grants,414,56598
Total for all sectors,Equally veteran/nonveteran,Other source(s) of capital,12825,7170324
Total for all sectors,Equally veteran/nonveteran,Don't know,24691,36655556
Total for all sectors,Equally veteran/nonveteran,None needed,53016,9902983
Total for all sectors,Equally veteran/nonveteran,Total reporting,466832(r),225493121(r)
Total for all sectors,Equally veteran/nonveteran,Item not reported,5951(r),1971193(r)
Total for all sectors,"Equally veteran/nonveteran, female-owned",All firms,4031,1078005
Total for all sectors,"Equally veteran/nonveteran, female-owned",Personal/family savings of owner(s),2118,441186
Total for all sectors,"Equally veteran/nonveteran, female-owned",Personal/family assets other than savings of owner(s),323,S
Total for all sectors,"Equally veteran/nonveteran, female-owned",Personal/family home equity loan,230,115186
Total for all sectors,"Equally veteran/nonveteran, female-owned",Personal credit card(s) carrying balances,400,34346
Total for all sectors,"Equally veteran/nonveteran, female-owned",Business credit card(s) carrying balances,13,S
Total for all sectors,"Equally veteran/nonveteran, female-owned","Business loan from federal, state, or local government",14,S
Total for all sectors,"Equally veteran/nonveteran, female-owned",Government-guaranteed business loan from a bank or financial institution,75,S
Total for all sectors,"Equally veteran/nonveteran, female-owned",Business loan from a bank or financial institution,415,137261
Total for all sectors,"Equally veteran/nonveteran, female-owned",Business loan/investment from family/friends,0,0
Total for all sectors,"Equally veteran/nonveteran, female-owned",Investment by venture capitalist(s),0,0
Total for all sectors,"Equally veteran/nonveteran, female-owned",Grants,0,0
Total for all sectors,"Equally veteran/nonveteran, female-owned",Other source(s) of capital,2,S
Total for all sectors,"Equally veteran/nonveteran, female-owned",Don't know,70,S
Total for all sectors,"Equally veteran/nonveteran, female-owned",None needed,491,77717
Total for all sectors,"Equally veteran/nonveteran, female-owned",Total reporting,3135(r),629747(r)
Total for all sectors,"Equally veteran/nonveteran, female-owned",Item not reported,402(r),S
Total for all sectors,"Equally veteran/nonveteran, male-owned",All firms,135555,161266472
Total for all sectors,"Equally veteran/nonveteran, male-owned",Personal/family savings of owner(s),65612,66905176
Total for all sectors,"Equally veteran/nonveteran, male-owned",Personal/family assets other than savings of owner(s),10485,16731449
Total for all sectors,"Equally veteran/nonveteran, male-owned",Personal/family home equity loan,5359,5161205
Total for all sectors,"Equally veteran/nonveteran, male-owned",Personal credit card(s) carrying balances,5096,3541857
Total for all sectors,"Equally veteran/nonveteran, male-owned",Business credit card(s) carrying balances,2783,1719715
Total for all sectors,"Equally veteran/nonveteran, male-owned","Business loan from federal, state, or local government",247,912741
Total for all sectors,"Equally veteran/nonveteran, male-owned",Government-guaranteed business loan from a bank or financial institution,1497,1382455
Total for all sectors,"Equally veteran/nonveteran, male-owned",Business loan from a bank or financial institution,23569,29524634
Total for all sectors,"Equally veteran/nonveteran, male-owned",Business loan/investment from family/friends,2826,6403455
Total for all sectors,"Equally veteran/nonveteran, male-owned",Investment by venture capitalist(s),220,S
Total for all sectors,"Equally veteran/nonveteran, male-owned",Grants,24,25916
Total for all sectors,"Equally veteran/nonveteran, male-owned",Other source(s) of capital,4539,4495588
Total for all sectors,"Equally veteran/nonveteran, male-owned",Don't know,12257,24902316
Total for all sectors,"Equally veteran/nonveteran, male-owned",None needed,7623,5205398
Total for all sectors,"Equally veteran/nonveteran, male-owned",Total reporting,107438(r),126371633(r)
Total for all sectors,"Equally veteran/nonveteran, male-owned",Item not reported,1732(r),1444348(r)
Total for all sectors,"Equally veteran/nonveteran, equally male-/female-owned",All firms,447428,144070305
Total for all sectors,"Equally veteran/nonveteran, equally male-/female-owned",Personal/family savings of owner(s),246748,64637195
Total for all sectors,"Equally veteran/nonveteran, equally male-/female-owned",Personal/family assets other than savings of owner(s),38108,10851707
Total for all sectors,"Equally veteran/nonveteran, equally male-/female-owned",Personal/family home equity loan,22141,8416285
Total for all sectors,"Equally veteran/nonveteran, equally male-/female-owned",Personal credit card(s) carrying balances,33519,6247191
Total for all sectors,"Equally veteran/nonveteran, equally male-/female-owned",Business credit card(s) carrying balances,10800,3163255
Total for all sectors,"Equally veteran/nonveteran, equally male-/female-owned","Business loan from federal, state, or local government",829,270861
Total for all sectors,"Equally veteran/nonveteran, equally male-/female-owned",Government-guaranteed business loan from a bank or financial institution,4364,3181065
Total for all sectors,"Equally veteran/nonveteran, equally male-/female-owned",Business loan from a bank or financial institution,47821,21997537
Total for all sectors,"Equally veteran/nonveteran, equally male-/female-owned",Business loan/investment from family/friends,8307,5281410
Total for all sectors,"Equally veteran/nonveteran, equally male-/female-owned",Investment by venture capitalist(s),731,254387
Total for all sectors,"Equally veteran/nonveteran, equally male-/female-owned",Grants,390,S
Total for all sectors,"Equally veteran/nonveteran, equally male-/female-owned",Other source(s) of capital,8284,2668812
Total for all sectors,"Equally veteran/nonveteran, equally male-/female-owned",Don't know,12364,11690731
Total for all sectors,"Equally veteran/nonveteran, equally male-/female-owned",None needed,44902,4619868
Total for all sectors,"Equally veteran/nonveteran, equally male-/female-owned",Total reporting,356260(r),98491740(r)
Total for all sectors,"Equally veteran/nonveteran, equally male-/female-owned",Item not reported,3817(r),459448(r)
Total for all sectors,"Equally veteran/nonveteran, Hispanic",All firms,11020,4006243
Total for all sectors,"Equally veteran/nonveteran, Hispanic",Personal/family savings of owner(s),4865,1499339
Total for all sectors,"Equally veteran/nonveteran, Hispanic",Personal/family assets other than savings of owner(s),664,280231
Total for all sectors,"Equally veteran/nonveteran, Hispanic",Personal/family home equity loan,424,149290
Total for all sectors,"Equally veteran/nonveteran, Hispanic",Personal credit card(s) carrying balances,629,292633
Total for all sectors,"Equally veteran/nonveteran, Hispanic",Business credit card(s) carrying balances,241,S
Total for all sectors,"Equally veteran/nonveteran, Hispanic","Business loan from federal, state, or local government",0,0
Total for all sectors,"Equally veteran/nonveteran, Hispanic",Government-guaranteed business loan from a bank or financial institution,30,35160
Total for all sectors,"Equally veteran/nonveteran, Hispanic",Business loan from a bank or financial institution,885,492200
Total for all sectors,"Equally veteran/nonveteran, Hispanic",Business loan/investment from family/friends,140,S
Total for all sectors,"Equally veteran/nonveteran, Hispanic",Investment by venture capitalist(s),46,S
Total for all sectors,"Equally veteran/nonveteran, Hispanic",Grants,55,S
Total for all sectors,"Equally veteran/nonveteran, Hispanic",Other source(s) of capital,182,S
Total for all sectors,"Equally veteran/nonveteran, Hispanic",Don't know,82,S
Total for all sectors,"Equally veteran/nonveteran, Hispanic",None needed,736,200196
Total for all sectors,"Equally veteran/nonveteran, Hispanic",Total reporting,6865(r),2094803(r)
Total for all sectors,"Equally veteran/nonveteran, Hispanic",Item not reported,39(r),S
Total for all sectors,"Equally veteran/nonveteran, equally Hispanic/non-Hispanic",All firms,19158,7644494
Total for all sectors,"Equally veteran/nonveteran, equally Hispanic/non-Hispanic",Personal/family savings of owner(s),10910,2620833
Total for all sectors,"Equally veteran/nonveteran, equally Hispanic/non-Hispanic",Personal/family assets other than savings of owner(s),1265,302916
Total for all sectors,"Equally veteran/nonveteran, equally Hispanic/non-Hispanic",Personal/family home equity loan,939,661750
Total for all sectors,"Equally veteran/nonveteran, equally Hispanic/non-Hispanic",Personal credit card(s) carrying balances,1680,355258
Total for all sectors,"Equally veteran/nonveteran, equally Hispanic/non-Hispanic",Business credit card(s) carrying balances,789,120228
Total for all sectors,"Equally veteran/nonveteran, equally Hispanic/non-Hispanic","Business loan from federal, state, or local government",42,S
Total for all sectors,"Equally veteran/nonveteran, equally Hispanic/non-Hispanic",Government-guaranteed business loan from a bank or financial institution,114,S
Total for all sectors,"Equally veteran/nonveteran, equally Hispanic/non-Hispanic",Business loan from a bank or financial institution,1299,1600959
Total for all sectors,"Equally veteran/nonveteran, equally Hispanic/non-Hispanic",Business loan/investment from family/friends,318,349256
Total for all sectors,"Equally veteran/nonveteran, equally Hispanic/non-Hispanic",Investment by venture capitalist(s),70,40689
Total for all sectors,"Equally veteran/nonveteran, equally Hispanic/non-Hispanic",Grants,4,S
Total for all sectors,"Equally veteran/nonveteran, equally Hispanic/non-Hispanic",Other source(s) of capital,239,243243
Total for all sectors,"Equally veteran/nonveteran, equally Hispanic/non-Hispanic",Don't know,227,239629
Total for all sectors,"Equally veteran/nonveteran, equally Hispanic/non-Hispanic",None needed,1066,56665
Total for all sectors,"Equally veteran/nonveteran, equally Hispanic/non-Hispanic",Total reporting,13887,4566384
Total for all sectors,"Equally veteran/nonveteran, equally Hispanic/non-Hispanic",Item not reported,72,S
Total for all sectors,"Equally veteran/nonveteran, non-Hispanic",All firms,556836,294764046
Total for all sectors,"Equally veteran/nonveteran, non-Hispanic",Personal/family savings of owner(s),298704,127863385
Total for all sectors,"Equally veteran/nonveteran, non-Hispanic",Personal/family assets other than savings of owner(s),46987,27054775
Total for all sectors,"Equally veteran/nonveteran, non-Hispanic",Personal/family home equity loan,26366,12881636
Total for all sectors,"Equally veteran/nonveteran, non-Hispanic",Personal credit card(s) carrying balances,36706,9175504
Total for all sectors,"Equally veteran/nonveteran, non-Hispanic",Business credit card(s) carrying balances,12565,4684553
Total for all sectors,"Equally veteran/nonveteran, non-Hispanic","Business loan from federal, state, or local government",1048,1127458
Total for all sectors,"Equally veteran/nonveteran, non-Hispanic",Government-guaranteed business loan from a bank or financial institution,5791,4504233
Total for all sectors,"Equally veteran/nonveteran, non-Hispanic",Business loan from a bank or financial institution,69622,49566273
Total for all sectors,"Equally veteran/nonveteran, non-Hispanic",Business loan/investment from family/friends,10676,11260986
Total for all sectors,"Equally veteran/nonveteran, non-Hispanic",Investment by venture capitalist(s),836,761841
Total for all sectors,"Equally veteran/nonveteran, non-Hispanic",Grants,355,54919
Total for all sectors,"Equally veteran/nonveteran, non-Hispanic",Other source(s) of capital,12404,6849747
Total for all sectors,"Equally veteran/nonveteran, non-Hispanic",Don't know,24383,36311354
Total for all sectors,"Equally veteran/nonveteran, non-Hispanic",None needed,51214,9646123
Total for all sectors,"Equally veteran/nonveteran, non-Hispanic",Total reporting,446081(r),218831934(r)
Total for all sectors,"Equally veteran/nonveteran, non-Hispanic",Item not reported,5841(r),1960000(r)
Total for all sectors,"Equally veteran/nonveteran, White",All firms,543890,293899653
Total for all sectors,"Equally veteran/nonveteran, White",Personal/family savings of owner(s),291760,126832879
Total for all sectors,"Equally veteran/nonveteran, White",Personal/family assets other than savings of owner(s),45608,26940727
Total for all sectors,"Equally veteran/nonveteran, White",Personal/family home equity loan,25152,12565865
Total for all sectors,"Equally veteran/nonveteran, White",Personal credit card(s) carrying balances,34498,9094846
Total for all sectors,"Equally veteran/nonveteran, White",Business credit card(s) carrying balances,12172,4535963
Total for all sectors,"Equally veteran/nonveteran, White","Business loan from federal, state, or local government",976,1120165
Total for all sectors,"Equally veteran/nonveteran, White",Government-guaranteed business loan from a bank or financial institution,5560,4451304
Total for all sectors,"Equally veteran/nonveteran, White",Business loan from a bank or financial institution,68421,50225978
Total for all sectors,"Equally veteran/nonveteran, White",Business loan/investment from family/friends,10443,11487902
Total for all sectors,"Equally veteran/nonveteran, White",Investment by venture capitalist(s),913,803483
Total for all sectors,"Equally veteran/nonveteran, White",Grants,349,53561
Total for all sectors,"Equally veteran/nonveteran, White",Other source(s) of capital,12005,6910959
Total for all sectors,"Equally veteran/nonveteran, White",Don't know,23408,35322091
Total for all sectors,"Equally veteran/nonveteran, White",None needed,50314,9797095
Total for all sectors,"Equally veteran/nonveteran, White",Total reporting,435439(r),217674118(r)
Total for all sectors,"Equally veteran/nonveteran, White",Item not reported,4928(r),1792679(r)
Total for all sectors,"Equally veteran/nonveteran, Black or African American",All firms,11809,1570395
Total for all sectors,"Equally veteran/nonveteran, Black or African American",Personal/family savings of owner(s),6030,721258
Total for all sectors,"Equally veteran/nonveteran, Black or African American",Personal/family assets other than savings of owner(s),765,78596
Total for all sectors,"Equally veteran/nonveteran, Black or African American",Personal/family home equity loan,319,S
Total for all sectors,"Equally veteran/nonveteran, Black or African American",Personal credit card(s) carrying balances,1488,114342
Total for all sectors,"Equally veteran/nonveteran, Black or African American",Business credit card(s) carrying balances,459,22541
Total for all sectors,"Equally veteran/nonveteran, Black or African American","Business loan from federal, state, or local government",10,S
Total for all sectors,"Equally veteran/nonveteran, Black or African American",Government-guaranteed business loan from a bank or financial institution,51,42900
Total for all sectors,"Equally veteran/nonveteran, Black or African American",Business loan from a bank or financial institution,791,103590
Total for all sectors,"Equally veteran/nonveteran, Black or African American",Business loan/investment from family/friends,247,79773
Total for all sectors,"Equally veteran/nonveteran, Black or African American",Investment by venture capitalist(s),0,0
Total for all sectors,"Equally veteran/nonveteran, Black or African American",Grants,63,S
Total for all sectors,"Equally veteran/nonveteran, Black or African American",Other source(s) of capital,199,S
Total for all sectors,"Equally veteran/nonveteran, Black or African American",Don't know,474,73194
Total for all sectors,"Equally veteran/nonveteran, Black or African American",None needed,1272,23438
Total for all sectors,"Equally veteran/nonveteran, Black or African American",Total reporting,8899(r),896459(r)
Total for all sectors,"Equally veteran/nonveteran, Black or African American",Item not reported,408(r),S
Total for all sectors,"Equally veteran/nonveteran, American Indian and Alaska Native",All firms,949,362055
Total for all sectors,"Equally veteran/nonveteran, American Indian and Alaska Native",Personal/family savings of owner(s),368,149321
Total for all sectors,"Equally veteran/nonveteran, American Indian and Alaska Native",Personal/family assets other than savings of owner(s),119,S
Total for all sectors,"Equally veteran/nonveteran, American Indian and Alaska Native",Personal/family home equity loan,19,3041
Total for all sectors,"Equally veteran/nonveteran, American Indian and Alaska Native",Personal credit card(s) carrying balances,66,S
Total for all sectors,"Equally veteran/nonveteran, American Indian and Alaska Native",Business credit card(s) carrying balances,6,S
Total for all sectors,"Equally veteran/nonveteran, American Indian and Alaska Native","Business loan from federal, state, or local government",0,0
Total for all sectors,"Equally veteran/nonveteran, American Indian and Alaska Native",Government-guaranteed business loan from a bank or financial institution,0,0
Total for all sectors,"Equally veteran/nonveteran, American Indian and Alaska Native",Business loan from a bank or financial institution,51,31811
Total for all sectors,"Equally veteran/nonveteran, American Indian and Alaska Native",Business loan/investment from family/friends,0,0
Total for all sectors,"Equally veteran/nonveteran, American Indian and Alaska Native",Investment by venture capitalist(s),0,0
Total for all sectors,"Equally veteran/nonveteran, American Indian and Alaska Native",Grants,0,0
Total for all sectors,"Equally veteran/nonveteran, American Indian and Alaska Native",Other source(s) of capital,0,0
Total for all sectors,"Equally veteran/nonveteran, American Indian and Alaska Native",Don't know,17,S
Total for all sectors,"Equally veteran/nonveteran, American Indian and Alaska Native",None needed,145,S
Total for all sectors,"Equally veteran/nonveteran, American Indian and Alaska Native",Total reporting,653,273765
Total for all sectors,"Equally veteran/nonveteran, American Indian and Alaska Native",Item not reported,63,S
Total for all sectors,"Equally veteran/nonveteran, Asian",All firms,6091,2827346
Total for all sectors,"Equally veteran/nonveteran, Asian",Personal/family savings of owner(s),3355,1357003
Total for all sectors,"Equally veteran/nonveteran, Asian",Personal/family assets other than savings of owner(s),499,84873
Total for all sectors,"Equally veteran/nonveteran, Asian",Personal/family home equity loan,673,S
Total for all sectors,"Equally veteran/nonveteran, Asian",Personal credit card(s) carrying balances,583,236933
Total for all sectors,"Equally veteran/nonveteran, Asian",Business credit card(s) carrying balances,181,149879
Total for all sectors,"Equally veteran/nonveteran, Asian","Business loan from federal, state, or local government",0,0
Total for all sectors,"Equally veteran/nonveteran, Asian",Government-guaranteed business loan from a bank or financial institution,105,S
Total for all sectors,"Equally veteran/nonveteran, Asian",Business loan from a bank or financial institution,802,S
Total for all sectors,"Equally veteran/nonveteran, Asian",Business loan/investment from family/friends,169,S
Total for all sectors,"Equally veteran/nonveteran, Asian",Investment by venture capitalist(s),0,0
Total for all sectors,"Equally veteran/nonveteran, Asian",Grants,0,0
Total for all sectors,"Equally veteran/nonveteran, Asian",Other source(s) of capital,263,76583
Total for all sectors,"Equally veteran/nonveteran, Asian",Don't know,238,S
Total for all sectors,"Equally veteran/nonveteran, Asian",None needed,234,7843
Total for all sectors,"Equally veteran/nonveteran, Asian",Total reporting,4767(r),2289886(r)
Total for all sectors,"Equally veteran/nonveteran, Asian",Item not reported,179(r),S
Total for all sectors,"Equally veteran/nonveteran, Native Hawaiian and Other Pacific Islander",All firms,214,S
Total for all sectors,"Equally veteran/nonveteran, Native Hawaiian and Other Pacific Islander",Personal/family savings of owner(s),100,S
Total for all sectors,"Equally veteran/nonveteran, Native Hawaiian and Other Pacific Islander",Personal/family assets other than savings of owner(s),0,S
Total for all sectors,"Equally veteran/nonveteran, Native Hawaiian and Other Pacific Islander",Personal/family home equity loan,2,S
Total for all sectors,"Equally veteran/nonveteran, Native Hawaiian and Other Pacific Islander",Personal credit card(s) carrying balances,10,S
Total for all sectors,"Equally veteran/nonveteran, Native Hawaiian and Other Pacific Islander",Business credit card(s) carrying balances,0,S
Total for all sectors,"Equally veteran/nonveteran, Native Hawaiian and Other Pacific Islander","Business loan from federal, state, or local government",0,S
Total for all sectors,"Equally veteran/nonveteran, Native Hawaiian and Other Pacific Islander",Government-guaranteed business loan from a bank or financial institution,2,S
Total for all sectors,"Equally veteran/nonveteran, Native Hawaiian and Other Pacific Islander",Business loan from a bank or financial institution,0,S
Total for all sectors,"Equally veteran/nonveteran, Native Hawaiian and Other Pacific Islander",Business loan/investment from family/friends,0,S
Total for all sectors,"Equally veteran/nonveteran, Native Hawaiian and Other Pacific Islander",Investment by venture capitalist(s),0,S
Total for all sectors,"Equally veteran/nonveteran, Native Hawaiian and Other Pacific Islander",Grants,0,S
Total for all sectors,"Equally veteran/nonveteran, Native Hawaiian and Other Pacific Islander",Other source(s) of capital,0,S
Total for all sectors,"Equally veteran/nonveteran, Native Hawaiian and Other Pacific Islander",Don't know,28,S
Total for all sectors,"Equally veteran/nonveteran, Native Hawaiian and Other Pacific Islander",None needed,0,S
Total for all sectors,"Equally veteran/nonveteran, Native Hawaiian and Other Pacific Islander",Total reporting,138,S
Total for all sectors,"Equally veteran/nonveteran, Native Hawaiian and Other Pacific Islander",Item not reported,0,S
Total for all sectors,"Equally veteran/nonveteran, some other race",All firms,1612,691662
Total for all sectors,"Equally veteran/nonveteran, some other race",Personal/family savings of owner(s),541,180128
Total for all sectors,"Equally veteran/nonveteran, some other race",Personal/family assets other than savings of owner(s),132,S
Total for all sectors,"Equally veteran/nonveteran, some other race",Personal/family home equity loan,133,S
Total for all sectors,"Equally veteran/nonveteran, some other race",Personal credit card(s) carrying balances,87,S
Total for all sectors,"Equally veteran/nonveteran, some other race",Business credit card(s) carrying balances,49,S
Total for all sectors,"Equally veteran/nonveteran, some other race","Business loan from federal, state, or local government",0,0
Total for all sectors,"Equally veteran/nonveteran, some other race",Government-guaranteed business loan from a bank or financial institution,13,S
Total for all sectors,"Equally veteran/nonveteran, some other race",Business loan from a bank or financial institution,239,10530
Total for all sectors,"Equally veteran/nonveteran, some other race",Business loan/investment from family/friends,2,S
Total for all sectors,"Equally veteran/nonveteran, some other race",Investment by venture capitalist(s),32,S
Total for all sectors,"Equally veteran/nonveteran, some other race",Grants,0,0
Total for all sectors,"Equally veteran/nonveteran, some other race",Other source(s) of capital,61,S
Total for all sectors,"Equally veteran/nonveteran, some other race",Don't know,0,0
Total for all sectors,"Equally veteran/nonveteran, some other race",None needed,77,S
Total for all sectors,"Equally veteran/nonveteran, some other race",Total reporting,908(r),206005(r)
Total for all sectors,"Equally veteran/nonveteran, some other race",Item not reported,73(r),S
Total for all sectors,"Equally veteran/nonveteran, minority",All firms,32986,9461588
Total for all sectors,"Equally veteran/nonveteran, minority",Personal/family savings of owner(s),16377,3925981
Total for all sectors,"Equally veteran/nonveteran, minority",Personal/family assets other than savings of owner(s),2327,601735
Total for all sectors,"Equally veteran/nonveteran, minority",Personal/family home equity loan,1596,777460
Total for all sectors,"Equally veteran/nonveteran, minority",Personal credit card(s) carrying balances,3203,715070
Total for all sectors,"Equally veteran/nonveteran, minority",Business credit card(s) carrying balances,1126,313157
Total for all sectors,"Equally veteran/nonveteran, minority","Business loan from federal, state, or local government",52,S
Total for all sectors,"Equally veteran/nonveteran, minority",Government-guaranteed business loan from a bank or financial institution,245,168431
Total for all sectors,"Equally veteran/nonveteran, minority",Business loan from a bank or financial institution,2859,1232749
Total for all sectors,"Equally veteran/nonveteran, minority",Business loan/investment from family/friends,578,222398
Total for all sectors,"Equally veteran/nonveteran, minority",Investment by venture capitalist(s),46,S
Total for all sectors,"Equally veteran/nonveteran, minority",Grants,118,3786
Total for all sectors,"Equally veteran/nonveteran, minority",Other source(s) of capital,694,180954
Total for all sectors,"Equally veteran/nonveteran, minority",Don't know,848,872579
Total for all sectors,"Equally veteran/nonveteran, minority",None needed,2583,236807
Total for all sectors,"Equally veteran/nonveteran, minority",Total reporting,23304(r),5789643(r)
Total for all sectors,"Equally veteran/nonveteran, minority",Item not reported,839(r),99872(r)
Total for all sectors,"Equally veteran/nonveteran, equally minority/nonminority",All firms,39703,13481147
Total for all sectors,"Equally veteran/nonveteran, equally minority/nonminority",Personal/family savings of owner(s),21899,4949520
Total for all sectors,"Equally veteran/nonveteran, equally minority/nonminority",Personal/family assets other than savings of owner(s),3146,587564
Total for all sectors,"Equally veteran/nonveteran, equally minority/nonminority",Personal/family home equity loan,2106,872914
Total for all sectors,"Equally veteran/nonveteran, equally minority/nonminority",Personal credit card(s) carrying balances,3428,564955
Total for all sectors,"Equally veteran/nonveteran, equally minority/nonminority",Business credit card(s) carrying balances,1113,219838
Total for all sectors,"Equally veteran/nonveteran, equally minority/nonminority","Business loan from federal, state, or local government",61,S
Total for all sectors,"Equally veteran/nonveteran, equally minority/nonminority",Government-guaranteed business loan from a bank or financial institution,324,108176
Total for all sectors,"Equally veteran/nonveteran, equally minority/nonminority",Business loan from a bank or financial institution,2939,2374818
Total for all sectors,"Equally veteran/nonveteran, equally minority/nonminority",Business loan/investment from family/friends,614,398932
Total for all sectors,"Equally veteran/nonveteran, equally minority/nonminority",Investment by venture capitalist(s),77,42270
Total for all sectors,"Equally veteran/nonveteran, equally minority/nonminority",Grants,14,S
Total for all sectors,"Equally veteran/nonveteran, equally minority/nonminority",Other source(s) of capital,570,395944
Total for all sectors,"Equally veteran/nonveteran, equally minority/nonminority",Don't know,1015,867713
Total for all sectors,"Equally veteran/nonveteran, equally minority/nonminority",None needed,2588,168050
Total for all sectors,"Equally veteran/nonveteran, equally minority/nonminority",Total reporting,29585(r),8271975(r)
Total for all sectors,"Equally veteran/nonveteran, equally minority/nonminority",Item not reported,339(r),S
Total for all sectors,"Equally veteran/nonveteran, nonminority",All firms,514324,283472048
Total for all sectors,"Equally veteran/nonveteran, nonminority",Personal/family savings of owner(s),276203,123108057
Total for all sectors,"Equally veteran/nonveteran, nonminority",Personal/family assets other than savings of owner(s),43444,26448623
Total for all sectors,"Equally veteran/nonveteran, nonminority",Personal/family home equity loan,24028,12042302
Total for all sectors,"Equally veteran/nonveteran, nonminority",Personal credit card(s) carrying balances,32384,8543369
Total for all sectors,"Equally veteran/nonveteran, nonminority",Business credit card(s) carrying balances,11357,4353355
Total for all sectors,"Equally veteran/nonveteran, nonminority","Business loan from federal, state, or local government",976,1120165
Total for all sectors,"Equally veteran/nonveteran, nonminority",Government-guaranteed business loan from a bank or financial institution,5367,4323206
Total for all sectors,"Equally veteran/nonveteran, nonminority",Business loan from a bank or financial institution,66008,48051865
Total for all sectors,"Equally veteran/nonveteran, nonminority",Business loan/investment from family/friends,9942,11063535
Total for all sectors,"Equally veteran/nonveteran, nonminority",Investment by venture capitalist(s),829,760260
Total for all sectors,"Equally veteran/nonveteran, nonminority",Grants,281,43243
Total for all sectors,"Equally veteran/nonveteran, nonminority",Other source(s) of capital,11561,6593426
Total for all sectors,"Equally veteran/nonveteran, nonminority",Don't know,22829,34915264
Total for all sectors,"Equally veteran/nonveteran, nonminority",None needed,47846,9498125
Total for all sectors,"Equally veteran/nonveteran, nonminority",Total reporting,413943(r),211431502(r)
Total for all sectors,"Equally veteran/nonveteran, nonminority",Item not reported,4774(r),1785942(r)
Total for all sectors,Nonveteran,All firms,24070685,10516607909
Total for all sectors,Nonveteran,Personal/family savings of owner(s),8461651,3652111162
Total for all sectors,Nonveteran,Personal/family assets other than savings of owner(s),850339,666590549
Total for all sectors,Nonveteran,Personal/family home equity loan,460680,312623123
Total for all sectors,Nonveteran,Personal credit card(s) carrying balances,1126319,291320711
Total for all sectors,Nonveteran,Business credit card(s) carrying balances,352092,130253486
Total for all sectors,Nonveteran,"Business loan from federal, state, or local government",24509,24539028
Total for all sectors,Nonveteran,Government-guaranteed business loan from a bank or financial institution,90465,100242293
Total for all sectors,Nonveteran,Business loan from a bank or financial institution,1078369,1371976970
Total for all sectors,Nonveteran,Business loan/investment from family/friends,279684,306208704
Total for all sectors,Nonveteran,Investment by venture capitalist(s),34727,79702819
Total for all sectors,Nonveteran,Grants,32332,8603569
Total for all sectors,Nonveteran,Other source(s) of capital,273880,310443020
Total for all sectors,Nonveteran,Don't know,1047194,1890662702
Total for all sectors,Nonveteran,None needed,3777684,465473803
Total for all sectors,Nonveteran,Total reporting,14794792(r),7152906387(r)
Total for all sectors,Nonveteran,Item not reported,375303(r),69692099(r)
Total for all sectors,"Nonveteran, female-owned",All firms,9491064,1400805676
Total for all sectors,"Nonveteran, female-owned",Personal/family savings of owner(s),2827225,507330668
Total for all sectors,"Nonveteran, female-owned",Personal/family assets other than savings of owner(s),247285,89712397
Total for all sectors,"Nonveteran, female-owned",Personal/family home equity loan,113371,50670110
Total for all sectors,"Nonveteran, female-owned",Personal credit card(s) carrying balances,401147,56205997
Total for all sectors,"Nonveteran, female-owned",Business credit card(s) carrying balances,105162,24542446
Total for all sectors,"Nonveteran, female-owned","Business loan from federal, state, or local government",6814,5589997
Total for all sectors,"Nonveteran, female-owned",Government-guaranteed business loan from a bank or financial institution,21974,15389716
Total for all sectors,"Nonveteran, female-owned",Business loan from a bank or financial institution,196100,144988596
Total for all sectors,"Nonveteran, female-owned",Business loan/investment from family/friends,71048,43993508
Total for all sectors,"Nonveteran, female-owned",Investment by venture capitalist(s),5303,3737049
Total for all sectors,"Nonveteran, female-owned",Grants,16274,1023682
Total for all sectors,"Nonveteran, female-owned",Other source(s) of capital,78495,33567241
Total for all sectors,"Nonveteran, female-owned",Don't know,311354,207972804
Total for all sectors,"Nonveteran, female-owned",None needed,1895277,94413541
Total for all sectors,"Nonveteran, female-owned",Total reporting,5478263(r),946097601(r)
Total for all sectors,"Nonveteran, female-owned",Item not reported,182463(r),11485309(r)
Total for all sectors,"Nonveteran, male-owned",All firms,12584376,8183848746
Total for all sectors,"Nonveteran, male-owned",Personal/family savings of owner(s),4622803,2783000452
Total for all sectors,"Nonveteran, male-owned",Personal/family assets other than savings of owner(s),450737,500696852
Total for all sectors,"Nonveteran, male-owned",Personal/family home equity loan,236757,211726156
Total for all sectors,"Nonveteran, male-owned",Personal credit card(s) carrying balances,585598,193692507
Total for all sectors,"Nonveteran, male-owned",Business credit card(s) carrying balances,193386,87427988
Total for all sectors,"Nonveteran, male-owned","Business loan from federal, state, or local government",12214,15587754
Total for all sectors,"Nonveteran, male-owned",Government-guaranteed business loan from a bank or financial institution,45518,65088091
Total for all sectors,"Nonveteran, male-owned",Business loan from a bank or financial institution,658571,1078646918
Total for all sectors,"Nonveteran, male-owned",Business loan/investment from family/friends,158325,226187230
Total for all sectors,"Nonveteran, male-owned",Investment by venture capitalist(s),25460,73469198
Total for all sectors,"Nonveteran, male-owned",Grants,13131,6956588
Total for all sectors,"Nonveteran, male-owned",Other source(s) of capital,159810,256379698
Total for all sectors,"Nonveteran, male-owned",Don't know,656717,1567262819
Total for all sectors,"Nonveteran, male-owned",None needed,1718111,334481603
Total for all sectors,"Nonveteran, male-owned",Total reporting,7822417(r),5570848645(r)
Total for all sectors,"Nonveteran, male-owned",Item not reported,180872(r),54569277(r)
Total for all sectors,"Nonveteran, equally male-/female-owned",All firms,1995245,931953487
Total for all sectors,"Nonveteran, equally male-/female-owned",Personal/family savings of owner(s),1011622,361780042
Total for all sectors,"Nonveteran, equally male-/female-owned",Personal/family assets other than savings of owner(s),152318,76181300
Total for all sectors,"Nonveteran, equally male-/female-owned",Personal/family home equity loan,110552,50226857
Total for all sectors,"Nonveteran, equally male-/female-owned",Personal credit card(s) carrying balances,139574,41422208
Total for all sectors,"Nonveteran, equally male-/female-owned",Business credit card(s) carrying balances,53544,18283052
Total for all sectors,"Nonveteran, equally male-/female-owned","Business loan from federal, state, or local government",5480,3361277
Total for all sectors,"Nonveteran, equally male-/female-owned",Government-guaranteed business loan from a bank or financial institution,22973,19764485
Total for all sectors,"Nonveteran, equally male-/female-owned",Business loan from a bank or financial institution,223699,148341456
Total for all sectors,"Nonveteran, equally male-/female-owned",Business loan/investment from family/friends,50311,36027966
Total for all sectors,"Nonveteran, equally male-/female-owned",Investment by venture capitalist(s),3964,2496571
Total for all sectors,"Nonveteran, equally male-/female-owned",Grants,2927,623299
Total for all sectors,"Nonveteran, equally male-/female-owned",Other source(s) of capital,35576,20496081
Total for all sectors,"Nonveteran, equally male-/female-owned",Don't know,79124,115427079
Total for all sectors,"Nonveteran, equally male-/female-owned",None needed,164295,36578659
Total for all sectors,"Nonveteran, equally male-/female-owned",Total reporting,1494112(r),635960140(r)
Total for all sectors,"Nonveteran, equally male-/female-owned",Item not reported,11968(r),3637512(r)
Total for all sectors,"Nonveteran, Hispanic",All firms,3118807,443501647
Total for all sectors,"Nonveteran, Hispanic",Personal/family savings of owner(s),646787,138890614
Total for all sectors,"Nonveteran, Hispanic",Personal/family assets other than savings of owner(s),54744,20414662
Total for all sectors,"Nonveteran, Hispanic",Personal/family home equity loan,31511,10783398
Total for all sectors,"Nonveteran, Hispanic",Personal credit card(s) carrying balances,97295,18507422
Total for all sectors,"Nonveteran, Hispanic",Business credit card(s) carrying balances,25126,6911657
Total for all sectors,"Nonveteran, Hispanic","Business loan from federal, state, or local government",1289,605296
Total for all sectors,"Nonveteran, Hispanic",Government-guaranteed business loan from a bank or financial institution,4366,2623346
Total for all sectors,"Nonveteran, Hispanic",Business loan from a bank or financial institution,41564,37658080
Total for all sectors,"Nonveteran, Hispanic",Business loan/investment from family/friends,18064,9524117
Total for all sectors,"Nonveteran, Hispanic",Investment by venture capitalist(s),2449,1652474
Total for all sectors,"Nonveteran, Hispanic",Grants,2664,217889
Total for all sectors,"Nonveteran, Hispanic",Other source(s) of capital,21903,9100081
Total for all sectors,"Nonveteran, Hispanic",Don't know,88975,33629899
Total for all sectors,"Nonveteran, Hispanic",None needed,325961,13621562
Total for all sectors,"Nonveteran, Hispanic",Total reporting,1163845(r),222814723(r)
Total for all sectors,"Nonveteran, Hispanic",Item not reported,58740(r),3216199(r)
Total for all sectors,"Nonveteran, equally Hispanic/non-Hispanic",All firms,109347,45854049
Total for all sectors,"Nonveteran, equally Hispanic/non-Hispanic",Personal/family savings of owner(s),54821,19206878
Total for all sectors,"Nonveteran, equally Hispanic/non-Hispanic",Personal/family assets other than savings of owner(s),7282,3304736
Total for all sectors,"Nonveteran, equally Hispanic/non-Hispanic",Personal/family home equity loan,5196,2408664
Total for all sectors,"Nonveteran, equally Hispanic/non-Hispanic",Personal credit card(s) carrying balances,10172,3908142
Total for all sectors,"Nonveteran, equally Hispanic/non-Hispanic",Business credit card(s) carrying balances,4572,1581516
Total for all sectors,"Nonveteran, equally Hispanic/non-Hispanic","Business loan from federal, state, or local government",243,S
Total for all sectors,"Nonveteran, equally Hispanic/non-Hispanic",Government-guaranteed business loan from a bank or financial institution,1286,956000
Total for all sectors,"Nonveteran, equally Hispanic/non-Hispanic",Business loan from a bank or financial institution,8836,4594967
Total for all sectors,"Nonveteran, equally Hispanic/non-Hispanic",Business loan/investment from family/friends,3080,2118091
Total for all sectors,"Nonveteran, equally Hispanic/non-Hispanic",Investment by venture capitalist(s),316,68684
Total for all sectors,"Nonveteran, equally Hispanic/non-Hispanic",Grants,326,S
Total for all sectors,"Nonveteran, equally Hispanic/non-Hispanic",Other source(s) of capital,2044,S
Total for all sectors,"Nonveteran, equally Hispanic/non-Hispanic",Don't know,3783,4523465
Total for all sectors,"Nonveteran, equally Hispanic/non-Hispanic",None needed,8238,2053990
Total for all sectors,"Nonveteran, equally Hispanic/non-Hispanic",Total reporting,77716(r),31380412(r)
Total for all sectors,"Nonveteran, equally Hispanic/non-Hispanic",Item not reported,626(r),S
Total for all sectors,"Nonveteran, non-Hispanic",All firms,20842530,10027252213
Total for all sectors,"Nonveteran, non-Hispanic",Personal/family savings of owner(s),7760042,3494013671
Total for all sectors,"Nonveteran, non-Hispanic",Personal/family assets other than savings of owner(s),788314,642871150
Total for all sectors,"Nonveteran, non-Hispanic",Personal/family home equity loan,423973,299431062
Total for all sectors,"Nonveteran, non-Hispanic",Personal credit card(s) carrying balances,1018851,268905147
Total for all sectors,"Nonveteran, non-Hispanic",Business credit card(s) carrying balances,322394,121760313
Total for all sectors,"Nonveteran, non-Hispanic","Business loan from federal, state, or local government",22977,23183692
Total for all sectors,"Nonveteran, non-Hispanic",Government-guaranteed business loan from a bank or financial institution,84813,96662947
Total for all sectors,"Nonveteran, non-Hispanic",Business loan from a bank or financial institution,1027969,1329723922
Total for all sectors,"Nonveteran, non-Hispanic",Business loan/investment from family/friends,258539,294566496
Total for all sectors,"Nonveteran, non-Hispanic",Investment by venture capitalist(s),31962,77981660
Total for all sectors,"Nonveteran, non-Hispanic",Grants,29342,8306550
Total for all sectors,"Nonveteran, non-Hispanic",Other source(s) of capital,249933,298503167
Total for all sectors,"Nonveteran, non-Hispanic",Don't know,954436,1852509338
Total for all sectors,"Nonveteran, non-Hispanic",None needed,3443485,449798251
Total for all sectors,"Nonveteran, non-Hispanic",Total reporting,13553231(r),6898711251(r)
Total for all sectors,"Nonveteran, non-Hispanic",Item not reported,315937(r),66096556(r)
Total for all sectors,"Nonveteran, White",All firms,18850646,9552545562
Total for all sectors,"Nonveteran, White",Personal/family savings of owner(s),7209115,3299188674
Total for all sectors,"Nonveteran, White",Personal/family assets other than savings of owner(s),735311,617610766
Total for all sectors,"Nonveteran, White",Personal/family home equity loan,385571,273995888
Total for all sectors,"Nonveteran, White",Personal credit card(s) carrying balances,958024,253724374
Total for all sectors,"Nonveteran, White",Business credit card(s) carrying balances,306402,115630511
Total for all sectors,"Nonveteran, White","Business loan from federal, state, or local government",20463,21898927
Total for all sectors,"Nonveteran, White",Government-guaranteed business loan from a bank or financial institution,76674,89788462
Total for all sectors,"Nonveteran, White",Business loan from a bank or financial institution,961195,1272194154
Total for all sectors,"Nonveteran, White",Business loan/investment from family/friends,233562,277536430
Total for all sectors,"Nonveteran, White",Investment by venture capitalist(s),30030,73344230
Total for all sectors,"Nonveteran, White",Grants,25337,7654147
Total for all sectors,"Nonveteran, White",Other source(s) of capital,223800,286312450
Total for all sectors,"Nonveteran, White",Don't know,849424,1772270920
Total for all sectors,"Nonveteran, White",None needed,3276028,440754455
Total for all sectors,"Nonveteran, White",Total reporting,12649242(r),6574362135(r)
Total for all sectors,"Nonveteran, White",Item not reported,281485(r),63601360(r)
Total for all sectors,"Nonveteran, Black or African American",All firms,2302541,129736339
Total for all sectors,"Nonveteran, Black or African American",Personal/family savings of owner(s),391165,46131133
Total for all sectors,"Nonveteran, Black or African American",Personal/family assets other than savings of owner(s),32942,6345464
Total for all sectors,"Nonveteran, Black or African American",Personal/family home equity loan,13132,3225938
Total for all sectors,"Nonveteran, Black or African American",Personal credit card(s) carrying balances,61388,5555574
Total for all sectors,"Nonveteran, Black or African American",Business credit card(s) carrying balances,13126,1867138
Total for all sectors,"Nonveteran, Black or African American","Business loan from federal, state, or local government",1198,413897
Total for all sectors,"Nonveteran, Black or African American",Government-guaranteed business loan from a bank or financial institution,3196,1207078
Total for all sectors,"Nonveteran, Black or African American",Business loan from a bank or financial institution,21533,16953641
Total for all sectors,"Nonveteran, Black or African American",Business loan/investment from family/friends,8144,1598689
Total for all sectors,"Nonveteran, Black or African American",Investment by venture capitalist(s),990,S
Total for all sectors,"Nonveteran, Black or African American",Grants,3683,232042
Total for all sectors,"Nonveteran, Black or African American",Other source(s) of capital,18709,3351042
Total for all sectors,"Nonveteran, Black or African American",Don't know,51414,13962270
Total for all sectors,"Nonveteran, Black or African American",None needed,218993,5503400
Total for all sectors,"Nonveteran, Black or African American",Total reporting,719375(r),75644350(r)
Total for all sectors,"Nonveteran, Black or African American",Item not reported,49277(r),1650435(r)
Total for all sectors,"Nonveteran, American Indian and Alaska Native",All firms,237986,33246652
Total for all sectors,"Nonveteran, American Indian and Alaska Native",Personal/family savings of owner(s),65703,12859779
Total for all sectors,"Nonveteran, American Indian and Alaska Native",Personal/family assets other than savings of owner(s),8314,2396558
Total for all sectors,"Nonveteran, American Indian and Alaska Native",Personal/family home equity loan,3022,1122043
Total for all sectors,"Nonveteran, American Indian and Alaska Native",Personal credit card(s) carrying balances,12196,1768700
Total for all sectors,"Nonveteran, American Indian and Alaska Native",Business credit card(s) carrying balances,3304,809846
Total for all sectors,"Nonveteran, American Indian and Alaska Native","Business loan from federal, state, or local government",309,84104
Total for all sectors,"Nonveteran, American Indian and Alaska Native",Government-guaranteed business loan from a bank or financial institution,811,707663
Total for all sectors,"Nonveteran, American Indian and Alaska Native",Business loan from a bank or financial institution,6245,3798905
Total for all sectors,"Nonveteran, American Indian and Alaska Native",Business loan/investment from family/friends,2553,1246997
Total for all sectors,"Nonveteran, American Indian and Alaska Native",Investment by venture capitalist(s),218,165482
Total for all sectors,"Nonveteran, American Indian and Alaska Native",Grants,967,61330
Total for all sectors,"Nonveteran, American Indian and Alaska Native",Other source(s) of capital,3355,1147265
Total for all sectors,"Nonveteran, American Indian and Alaska Native",Don't know,6254,4119656
Total for all sectors,"Nonveteran, American Indian and Alaska Native",None needed,32452,1169908
Total for all sectors,"Nonveteran, American Indian and Alaska Native",Total reporting,116607(r),20886070(r)
Total for all sectors,"Nonveteran, American Indian and Alaska Native",Item not reported,6231(r),390140(r)
Total for all sectors,"Nonveteran, Asian",All firms,1859456,686372103
Total for all sectors,"Nonveteran, Asian",Personal/family savings of owner(s),664309,259664445
Total for all sectors,"Nonveteran, Asian",Personal/family assets other than savings of owner(s),63047,34775653
Total for all sectors,"Nonveteran, Asian",Personal/family home equity loan,49172,29787233
Total for all sectors,"Nonveteran, Asian",Personal credit card(s) carrying balances,80599,25584060
Total for all sectors,"Nonveteran, Asian",Business credit card(s) carrying balances,25258,10334782
Total for all sectors,"Nonveteran, Asian","Business loan from federal, state, or local government",2319,1293369
Total for all sectors,"Nonveteran, Asian",Government-guaranteed business loan from a bank or financial institution,8286,7303750
Total for all sectors,"Nonveteran, Asian",Business loan from a bank or financial institution,74795,68046127
Total for all sectors,"Nonveteran, Asian",Business loan/investment from family/friends,31254,21191668
Total for all sectors,"Nonveteran, Asian",Investment by venture capitalist(s),2793,3291463
Total for all sectors,"Nonveteran, Asian",Grants,2538,624542
Total for all sectors,"Nonveteran, Asian",Other source(s) of capital,22917,17523326
Total for all sectors,"Nonveteran, Asian",Don't know,107688,82852428
Total for all sectors,"Nonveteran, Asian",None needed,201897,16138110
Total for all sectors,"Nonveteran, Asian",Total reporting,1071570(r),417584887(r)
Total for all sectors,"Nonveteran, Asian",Item not reported,24393(r),3447304(r)
Total for all sectors,"Nonveteran, Native Hawaiian and Other Pacific Islander",All firms,47605,6949526
Total for all sectors,"Nonveteran, Native Hawaiian and Other Pacific Islander",Personal/family savings of owner(s),12634,1939566
Total for all sectors,"Nonveteran, Native Hawaiian and Other Pacific Islander",Personal/family assets other than savings of owner(s),1252,447787
Total for all sectors,"Nonveteran, Native Hawaiian and Other Pacific Islander",Personal/family home equity loan,564,368664
Total for all sectors,"Nonveteran, Native Hawaiian and Other Pacific Islander",Personal credit card(s) carrying balances,2568,592922
Total for all sectors,"Nonveteran, Native Hawaiian and Other Pacific Islander",Business credit card(s) carrying balances,694,302797
Total for all sectors,"Nonveteran, Native Hawaiian and Other Pacific Islander","Business loan from federal, state, or local government",89,S
Total for all sectors,"Nonveteran, Native Hawaiian and Other Pacific Islander",Government-guaranteed business loan from a bank or financial institution,143,102517
Total for all sectors,"Nonveteran, Native Hawaiian and Other Pacific Islander",Business loan from a bank or financial institution,783,382218
Total for all sectors,"Nonveteran, Native Hawaiian and Other Pacific Islander",Business loan/investment from family/friends,652,150799
Total for all sectors,"Nonveteran, Native Hawaiian and Other Pacific Islander",Investment by venture capitalist(s),129,22003
Total for all sectors,"Nonveteran, Native Hawaiian and Other Pacific Islander",Grants,57,S
Total for all sectors,"Nonveteran, Native Hawaiian and Other Pacific Islander",Other source(s) of capital,364,45984
Total for all sectors,"Nonveteran, Native Hawaiian and Other Pacific Islander",Don't know,2106,844028
Total for all sectors,"Nonveteran, Native Hawaiian and Other Pacific Islander",None needed,6332,280257
Total for all sectors,"Nonveteran, Native Hawaiian and Other Pacific Islander",Total reporting,22456(r),3507560(r)
Total for all sectors,"Nonveteran, Native Hawaiian and Other Pacific Islander",Item not reported,1037(r),22044(r)
Total for all sectors,"Nonveteran, some other race",All firms,1116800,103511931
Total for all sectors,"Nonveteran, some other race",Personal/family savings of owner(s),184631,32507134
Total for all sectors,"Nonveteran, some other race",Personal/family assets other than savings of owner(s),16876,5291672
Total for all sectors,"Nonveteran, some other race",Personal/family home equity loan,9826,3331076
Total for all sectors,"Nonveteran, some other race",Personal credit card(s) carrying balances,27119,4177120
Total for all sectors,"Nonveteran, some other race",Business credit card(s) carrying balances,7015,1845757
Total for all sectors,"Nonveteran, some other race","Business loan from federal, state, or local government",411,208435
Total for all sectors,"Nonveteran, some other race",Government-guaranteed business loan from a bank or financial institution,1276,848579
Total for all sectors,"Nonveteran, some other race",Business loan from a bank or financial institution,14361,9299450
Total for all sectors,"Nonveteran, some other race",Business loan/investment from family/friends,5824,3144842
Total for all sectors,"Nonveteran, some other race",Investment by venture capitalist(s),802,S
Total for all sectors,"Nonveteran, some other race",Grants,750,S
Total for all sectors,"Nonveteran, some other race",Other source(s) of capital,7249,1833731
Total for all sectors,"Nonveteran, some other race",Don't know,38127,12043926
Total for all sectors,"Nonveteran, some other race",None needed,97007,4602337
Total for all sectors,"Nonveteran, some other race",Total reporting,351922(r),57577744(r)
Total for all sectors,"Nonveteran, some other race",Item not reported,20954(r),776907(r)
Total for all sectors,"Nonveteran, minority",All firms,7398734,1310121706
Total for all sectors,"Nonveteran, minority",Personal/family savings of owner(s),1757260,462890401
Total for all sectors,"Nonveteran, minority",Personal/family assets other than savings of owner(s),157513,65433447
Total for all sectors,"Nonveteran, minority",Personal/family home equity loan,95889,46079863
Total for all sectors,"Nonveteran, minority",Personal credit card(s) carrying balances,248498,52051067
Total for all sectors,"Nonveteran, minority",Business credit card(s) carrying balances,66453,20068173
Total for all sectors,"Nonveteran, minority","Business loan from federal, state, or local government",4895,2358908
Total for all sectors,"Nonveteran, minority",Government-guaranteed business loan from a bank or financial institution,16773,12203811
Total for all sectors,"Nonveteran, minority",Business loan from a bank or financial institution,145195,128564481
Total for all sectors,"Nonveteran, minority",Business loan/investment from family/friends,59708,34740479
Total for all sectors,"Nonveteran, minority",Investment by venture capitalist(s),6212,7601691
Total for all sectors,"Nonveteran, minority",Grants,9431,1112596
Total for all sectors,"Nonveteran, minority",Other source(s) of capital,66084,31824955
Total for all sectors,"Nonveteran, minority",Don't know,253996,138838017
Total for all sectors,"Nonveteran, minority",None needed,770323,37201635
Total for all sectors,"Nonveteran, minority",Total reporting,3049186(r),748409570(r)
Total for all sectors,"Nonveteran, minority",Item not reported,134433(r),8476336(r)
Total for all sectors,"Nonveteran, equally minority/nonminority",All firms,196477,86756973
Total for all sectors,"Nonveteran, equally minority/nonminority",Personal/family savings of owner(s),101687,33625783
Total for all sectors,"Nonveteran, equally minority/nonminority",Personal/family assets other than savings of owner(s),13327,5239987
Total for all sectors,"Nonveteran, equally minority/nonminority",Personal/family home equity loan,9995,3974309
Total for all sectors,"Nonveteran, equally minority/nonminority",Personal credit card(s) carrying balances,17852,5339361
Total for all sectors,"Nonveteran, equally minority/nonminority",Business credit card(s) carrying balances,7205,1968702
Total for all sectors,"Nonveteran, equally minority/nonminority","Business loan from federal, state, or local government",545,S
Total for all sectors,"Nonveteran, equally minority/nonminority",Government-guaranteed business loan from a bank or financial institution,2121,1676472
Total for all sectors,"Nonveteran, equally minority/nonminority",Business loan from a bank or financial institution,17116,11676997
Total for all sectors,"Nonveteran, equally minority/nonminority",Business loan/investment from family/friends,5273,3198329
Total for all sectors,"Nonveteran, equally minority/nonminority",Investment by venture capitalist(s),607,304968
Total for all sectors,"Nonveteran, equally minority/nonminority",Grants,449,154367
Total for all sectors,"Nonveteran, equally minority/nonminority",Other source(s) of capital,3896,4138244
Total for all sectors,"Nonveteran, equally minority/nonminority",Don't know,7305,11714617
Total for all sectors,"Nonveteran, equally minority/nonminority",None needed,14885,2859286
Total for all sectors,"Nonveteran, equally minority/nonminority",Total reporting,143829(r),59504548(r)
Total for all sectors,"Nonveteran, equally minority/nonminority",Item not reported,1486(r),632766(r)
Total for all sectors,"Nonveteran, nonminority",All firms,16475475,9119729229
Total for all sectors,"Nonveteran, nonminority",Personal/family savings of owner(s),6602704,3155594978
Total for all sectors,"Nonveteran, nonminority",Personal/family assets other than savings of owner(s),679500,595917115
Total for all sectors,"Nonveteran, nonminority",Personal/family home equity loan,354796,262568951
Total for all sectors,"Nonveteran, nonminority",Personal credit card(s) carrying balances,859970,233930283
Total for all sectors,"Nonveteran, nonminority",Business credit card(s) carrying balances,278434,108216612
Total for all sectors,"Nonveteran, nonminority","Business loan from federal, state, or local government",19069,21266377
Total for all sectors,"Nonveteran, nonminority",Government-guaranteed business loan from a bank or financial institution,71572,86362011
Total for all sectors,"Nonveteran, nonminority",Business loan from a bank or financial institution,916058,1231735492
Total for all sectors,"Nonveteran, nonminority",Business loan/investment from family/friends,214703,268269895
Total for all sectors,"Nonveteran, nonminority",Investment by venture capitalist(s),27908,71796159
Total for all sectors,"Nonveteran, nonminority",Grants,22452,7336606
Total for all sectors,"Nonveteran, nonminority",Other source(s) of capital,203901,274479821
Total for all sectors,"Nonveteran, nonminority",Don't know,785893,1740110069
Total for all sectors,"Nonveteran, nonminority",None needed,2992476,425412882
Total for all sectors,"Nonveteran, nonminority",Total reporting,11601778(r),6344992269(r)
Total for all sectors,"Nonveteran, nonminority",Item not reported,239384(r),60582998(r)
Total for all sectors,"All firms classifiable by gender, ethnicity, race, and veteran status",All firms,27179380,11964077871
Total for all sectors,"All firms classifiable by gender, ethnicity, race, and veteran status",Personal/family savings of owner(s),9662601,4197708926
Total for all sectors,"All firms classifiable by gender, ethnicity, race, and veteran status",Personal/family assets other than savings of owner(s),992003,757265720
Total for all sectors,"All firms classifiable by gender, ethnicity, race, and veteran status",Personal/family home equity loan,527424,352951755
Total for all sectors,"All firms classifiable by gender, ethnicity, race, and veteran status",Personal credit card(s) carrying balances,1276846,326613902
Total for all sectors,"All firms classifiable by gender, ethnicity, race, and veteran status",Business credit card(s) carrying balances,403031,145212880
Total for all sectors,"All firms classifiable by gender, ethnicity, race, and veteran status","Business loan from federal, state, or local government",27600,27409065
Total for all sectors,"All firms classifiable by gender, ethnicity, race, and veteran status",Government-guaranteed business loan from a bank or financial institution,106270,113371999
Total for all sectors,"All firms classifiable by gender, ethnicity, race, and veteran status",Business loan from a bank or financial institution,1266220,1586985036
Total for all sectors,"All firms classifiable by gender, ethnicity, race, and veteran status",Business loan/investment from family/friends,311699,345706179
Total for all sectors,"All firms classifiable by gender, ethnicity, race, and veteran status",Investment by venture capitalist(s),38386,86460461
Total for all sectors,"All firms classifiable by gender, ethnicity, race, and veteran status",Grants,34223,9436078
Total for all sectors,"All firms classifiable by gender, ethnicity, race, and veteran status",Other source(s) of capital,315391,343851414
Total for all sectors,"All firms classifiable by gender, ethnicity, race, and veteran status",Don't know,1154932,2108119189
Total for all sectors,"All firms classifiable by gender, ethnicity, race, and veteran status",None needed,4184617,513531216
Total for all sectors,"All firms classifiable by gender, ethnicity, race, and veteran status",Total reporting,16743539(r),8133281904(r)
Total for all sectors,"All firms classifiable by gender, ethnicity, race, and veteran status",Item not reported,432258(r),78892340(r)
Total for all sectors,"Publicly held and other firms not classifiable by gender, ethnicity, race, and veteran status",All firms,446980,21572770949
Total for all sectors,"Publicly held and other firms not classifiable by gender, ethnicity, race, and veteran status",Personal/family savings of owner(s),10823,23285816
Total for all sectors,"Publicly held and other firms not classifiable by gender, ethnicity, race, and veteran status",Personal/family assets other than savings of owner(s),2143,7452710
Total for all sectors,"Publicly held and other firms not classifiable by gender, ethnicity, race, and veteran status",Personal/family home equity loan,629,571426
Total for all sectors,"Publicly held and other firms not classifiable by gender, ethnicity, race, and veteran status",Personal credit card(s) carrying balances,1440,1506763
Total for all sectors,"Publicly held and other firms not classifiable by gender, ethnicity, race, and veteran status",Business credit card(s) carrying balances,760,131645
Total for all sectors,"Publicly held and other firms not classifiable by gender, ethnicity, race, and veteran status","Business loan from federal, state, or local government",375,22594
Total for all sectors,"Publicly held and other firms not classifiable by gender, ethnicity, race, and veteran status",Government-guaranteed business loan from a bank or financial institution,377,149071
Total for all sectors,"Publicly held and other firms not classifiable by gender, ethnicity, race, and veteran status",Business loan from a bank or financial institution,2655,19393029
Total for all sectors,"Publicly held and other firms not classifiable by gender, ethnicity, race, and veteran status",Business loan/investment from family/friends,959,2940294
Total for all sectors,"Publicly held and other firms not classifiable by gender, ethnicity, race, and veteran status",Investment by venture capitalist(s),795,11467874
Total for all sectors,"Publicly held and other firms not classifiable by gender, ethnicity, race, and veteran status",Grants,405,414802
Total for all sectors,"Publicly held and other firms not classifiable by gender, ethnicity, race, and veteran status",Other source(s) of capital,3287,13953592
Total for all sectors,"Publicly held and other firms not classifiable by gender, ethnicity, race, and veteran status",Don't know,19816,158736404
Total for all sectors,"Publicly held and other firms not classifiable by gender, ethnicity, race, and veteran status",None needed,12987,52464626
Total for all sectors,"Publicly held and other firms not classifiable by gender, ethnicity, race, and veteran status",Total reporting,51508(r),271841303(r)
Total for all sectors,"Publicly held and other firms not classifiable by gender, ethnicity, race, and veteran status",Item not reported,296280(r),9528402488(r)
"Agriculture, forestry, fishing and hunting(606)",All firms,All firms,255866,40522888
"Agriculture, forestry, fishing and hunting(606)",All firms,Personal/family savings of owner(s),90054,12279070
"Agriculture, forestry, fishing and hunting(606)",All firms,Personal/family assets other than savings of owner(s),12665,2831071
"Agriculture, forestry, fishing and hunting(606)",All firms,Personal/family home equity loan,5372,1117944
"Agriculture, forestry, fishing and hunting(606)",All firms,Personal credit card(s) carrying balances,9440,1077570
"Agriculture, forestry, fishing and hunting(606)",All firms,Business credit card(s) carrying balances,2202,424010
"Agriculture, forestry, fishing and hunting(606)",All firms,"Business loan from federal, state, or local government",841,175889
"Agriculture, forestry, fishing and hunting(606)",All firms,Government-guaranteed business loan from a bank or financial institution,952,287337
"Agriculture, forestry, fishing and hunting(606)",All firms,Business loan from a bank or financial institution,21238,7245653
"Agriculture, forestry, fishing and hunting(606)",All firms,Business loan/investment from family/friends,3211,1005598
"Agriculture, forestry, fishing and hunting(606)",All firms,Investment by venture capitalist(s),176,13816
"Agriculture, forestry, fishing and hunting(606)",All firms,Grants,282,16112
"Agriculture, forestry, fishing and hunting(606)",All firms,Other source(s) of capital,3011,563898
"Agriculture, forestry, fishing and hunting(606)",All firms,Don't know,12363,3855104
"Agriculture, forestry, fishing and hunting(606)",All firms,None needed,31590,1655573
"Agriculture, forestry, fishing and hunting(606)",All firms,Total reporting,156859(r),23441085(r)
"Agriculture, forestry, fishing and hunting(606)",All firms,Item not reported,7473(r),3906574(r)
"Agriculture, forestry, fishing and hunting(606)",Female-owned,All firms,37021,2917508
"Agriculture, forestry, fishing and hunting(606)",Female-owned,Personal/family savings of owner(s),9821,826274
"Agriculture, forestry, fishing and hunting(606)",Female-owned,Personal/family assets other than savings of owner(s),1689,220260
"Agriculture, forestry, fishing and hunting(606)",Female-owned,Personal/family home equity loan,676,72157
"Agriculture, forestry, fishing and hunting(606)",Female-owned,Personal credit card(s) carrying balances,1368,91878
"Agriculture, forestry, fishing and hunting(606)",Female-owned,Business credit card(s) carrying balances,402,29072
"Agriculture, forestry, fishing and hunting(606)",Female-owned,"Business loan from federal, state, or local government",41,S
"Agriculture, forestry, fishing and hunting(606)",Female-owned,Government-guaranteed business loan from a bank or financial institution,29,S
"Agriculture, forestry, fishing and hunting(606)",Female-owned,Business loan from a bank or financial institution,928,254147
"Agriculture, forestry, fishing and hunting(606)",Female-owned,Business loan/investment from family/friends,289,38845
"Agriculture, forestry, fishing and hunting(606)",Female-owned,Investment by venture capitalist(s),10,S
"Agriculture, forestry, fishing and hunting(606)",Female-owned,Grants,4,S
"Agriculture, forestry, fishing and hunting(606)",Female-owned,Other source(s) of capital,235,8624
"Agriculture, forestry, fishing and hunting(606)",Female-owned,Don't know,1334,236659
"Agriculture, forestry, fishing and hunting(606)",Female-owned,None needed,4661,159346
"Agriculture, forestry, fishing and hunting(606)",Female-owned,Total reporting,17756(r),1530484(r)
"Agriculture, forestry, fishing and hunting(606)",Female-owned,Item not reported,826(r),S
"Agriculture, forestry, fishing and hunting(606)",Male-owned,All firms,186215,24524044
"Agriculture, forestry, fishing and hunting(606)",Male-owned,Personal/family savings of owner(s),62933,8678158
"Agriculture, forestry, fishing and hunting(606)",Male-owned,Personal/family assets other than savings of owner(s),7847,2003555
"Agriculture, forestry, fishing and hunting(606)",Male-owned,Personal/family home equity loan,3065,860569
"Agriculture, forestry, fishing and hunting(606)",Male-owned,Personal credit card(s) carrying balances,5733,695931
"Agriculture, forestry, fishing and hunting(606)",Male-owned,Business credit card(s) carrying balances,1337,294333
"Agriculture, forestry, fishing and hunting(606)",Male-owned,"Business loan from federal, state, or local government",498,79981
"Agriculture, forestry, fishing and hunting(606)",Male-owned,Government-guaranteed business loan from a bank or financial institution,444,S
"Agriculture, forestry, fishing and hunting(606)",Male-owned,Business loan from a bank or financial institution,14820,5123011
"Agriculture, forestry, fishing and hunting(606)",Male-owned,Business loan/investment from family/friends,2313,750926
"Agriculture, forestry, fishing and hunting(606)",Male-owned,Investment by venture capitalist(s),107,7055
"Agriculture, forestry, fishing and hunting(606)",Male-owned,Grants,264,12188
"Agriculture, forestry, fishing and hunting(606)",Male-owned,Other source(s) of capital,2070,442896
"Agriculture, forestry, fishing and hunting(606)",Male-owned,Don't know,9357,2984982
"Agriculture, forestry, fishing and hunting(606)",Male-owned,None needed,24873,1215805
"Agriculture, forestry, fishing and hunting(606)",Male-owned,Total reporting,113630(r),17043179(r)
"Agriculture, forestry, fishing and hunting(606)",Male-owned,Item not reported,4520(r),278642(r)
"Agriculture, forestry, fishing and hunting(606)",Equally male-/female-owned,All firms,30758,5588525
"Agriculture, forestry, fishing and hunting(606)",Equally male-/female-owned,Personal/family savings of owner(s),17239,2774147
"Agriculture, forestry, fishing and hunting(606)",Equally male-/female-owned,Personal/family assets other than savings of owner(s),3129,607256
"Agriculture, forestry, fishing and hunting(606)",Equally male-/female-owned,Personal/family home equity loan,1631,185219
"Agriculture, forestry, fishing and hunting(606)",Equally male-/female-owned,Personal credit card(s) carrying balances,2303,284077
"Agriculture, forestry, fishing and hunting(606)",Equally male-/female-owned,Business credit card(s) carrying balances,427,94923
"Agriculture, forestry, fishing and hunting(606)",Equally male-/female-owned,"Business loan from federal, state, or local government",302,S
"Agriculture, forestry, fishing and hunting(606)",Equally male-/female-owned,Government-guaranteed business loan from a bank or financial institution,478,106917
"Agriculture, forestry, fishing and hunting(606)",Equally male-/female-owned,Business loan from a bank or financial institution,5345,1847190
"Agriculture, forestry, fishing and hunting(606)",Equally male-/female-owned,Business loan/investment from family/friends,609,215827
"Agriculture, forestry, fishing and hunting(606)",Equally male-/female-owned,Investment by venture capitalist(s),59,S
"Agriculture, forestry, fishing and hunting(606)",Equally male-/female-owned,Grants,14,S
"Agriculture, forestry, fishing and hunting(606)",Equally male-/female-owned,Other source(s) of capital,667,110875
"Agriculture, forestry, fishing and hunting(606)",Equally male-/female-owned,Don't know,1558,455157
"Agriculture, forestry, fishing and hunting(606)",Equally male-/female-owned,None needed,1953,277470
"Agriculture, forestry, fishing and hunting(606)",Equally male-/female-owned,Total reporting,25046(r),4662978(r)
"Agriculture, forestry, fishing and hunting(606)",Equally male-/female-owned,Item not reported,338(r),S
"Agriculture, forestry, fishing and hunting(606)",Hispanic,All firms,17590,1137439
"Agriculture, forestry, fishing and hunting(606)",Hispanic,Personal/family savings of owner(s),2476,272479
"Agriculture, forestry, fishing and hunting(606)",Hispanic,Personal/family assets other than savings of owner(s),110,35589
"Agriculture, forestry, fishing and hunting(606)",Hispanic,Personal/family home equity loan,120,18037
"Agriculture, forestry, fishing and hunting(606)",Hispanic,Personal credit card(s) carrying balances,271,45675
"Agriculture, forestry, fishing and hunting(606)",Hispanic,Business credit card(s) carrying balances,23,S
"Agriculture, forestry, fishing and hunting(606)",Hispanic,"Business loan from federal, state, or local government",18,S
"Agriculture, forestry, fishing and hunting(606)",Hispanic,Government-guaranteed business loan from a bank or financial institution,0,0
"Agriculture, forestry, fishing and hunting(606)",Hispanic,Business loan from a bank or financial institution,170,21467
"Agriculture, forestry, fishing and hunting(606)",Hispanic,Business loan/investment from family/friends,181,31505
"Agriculture, forestry, fishing and hunting(606)",Hispanic,Investment by venture capitalist(s),17,S
"Agriculture, forestry, fishing and hunting(606)",Hispanic,Grants,10,S
"Agriculture, forestry, fishing and hunting(606)",Hispanic,Other source(s) of capital,171,S
"Agriculture, forestry, fishing and hunting(606)",Hispanic,Don't know,492,59840
"Agriculture, forestry, fishing and hunting(606)",Hispanic,None needed,1153,S
"Agriculture, forestry, fishing and hunting(606)",Hispanic,Total reporting,4716(r),516692(r)
"Agriculture, forestry, fishing and hunting(606)",Hispanic,Item not reported,568(r),20362(r)
"Agriculture, forestry, fishing and hunting(606)","Hispanic, female-owned",All firms,4433,168479
"Agriculture, forestry, fishing and hunting(606)","Hispanic, female-owned",Personal/family savings of owner(s),368,13341
"Agriculture, forestry, fishing and hunting(606)","Hispanic, female-owned",Personal/family assets other than savings of owner(s),2,S
"Agriculture, forestry, fishing and hunting(606)","Hispanic, female-owned",Personal/family home equity loan,79,S
"Agriculture, forestry, fishing and hunting(606)","Hispanic, female-owned",Personal credit card(s) carrying balances,8,S
"Agriculture, forestry, fishing and hunting(606)","Hispanic, female-owned",Business credit card(s) carrying balances,0,0
"Agriculture, forestry, fishing and hunting(606)","Hispanic, female-owned","Business loan from federal, state, or local government",10,S
"Agriculture, forestry, fishing and hunting(606)","Hispanic, female-owned",Government-guaranteed business loan from a bank or financial institution,0,0
"Agriculture, forestry, fishing and hunting(606)","Hispanic, female-owned",Business loan from a bank or financial institution,8,S
"Agriculture, forestry, fishing and hunting(606)","Hispanic, female-owned",Business loan/investment from family/friends,0,0
"Agriculture, forestry, fishing and hunting(606)","Hispanic, female-owned",Investment by venture capitalist(s),10,S
"Agriculture, forestry, fishing and hunting(606)","Hispanic, female-owned",Grants,0,0
"Agriculture, forestry, fishing and hunting(606)","Hispanic, female-owned",Other source(s) of capital,0,0
"Agriculture, forestry, fishing and hunting(606)","Hispanic, female-owned",Don't know,48,S
"Agriculture, forestry, fishing and hunting(606)","Hispanic, female-owned",None needed,164,S
"Agriculture, forestry, fishing and hunting(606)","Hispanic, female-owned",Total reporting,662,S
"Agriculture, forestry, fishing and hunting(606)","Hispanic, female-owned",Item not reported,147,S
"Agriculture, forestry, fishing and hunting(606)","Hispanic, male-owned",All firms,12059,817650
"Agriculture, forestry, fishing and hunting(606)","Hispanic, male-owned",Personal/family savings of owner(s),1868,190594
"Agriculture, forestry, fishing and hunting(606)","Hispanic, male-owned",Personal/family assets other than savings of owner(s),96,S
"Agriculture, forestry, fishing and hunting(606)","Hispanic, male-owned",Personal/family home equity loan,41,7160
"Agriculture, forestry, fishing and hunting(606)","Hispanic, male-owned",Personal credit card(s) carrying balances,195,S
"Agriculture, forestry, fishing and hunting(606)","Hispanic, male-owned",Business credit card(s) carrying balances,23,S
"Agriculture, forestry, fishing and hunting(606)","Hispanic, male-owned","Business loan from federal, state, or local government",8,S
"Agriculture, forestry, fishing and hunting(606)","Hispanic, male-owned",Government-guaranteed business loan from a bank or financial institution,0,0
"Agriculture, forestry, fishing and hunting(606)","Hispanic, male-owned",Business loan from a bank or financial institution,152,15739
"Agriculture, forestry, fishing and hunting(606)","Hispanic, male-owned",Business loan/investment from family/friends,119,S
"Agriculture, forestry, fishing and hunting(606)","Hispanic, male-owned",Investment by venture capitalist(s),7,S
"Agriculture, forestry, fishing and hunting(606)","Hispanic, male-owned",Grants,10,S
"Agriculture, forestry, fishing and hunting(606)","Hispanic, male-owned",Other source(s) of capital,105,4093
"Agriculture, forestry, fishing and hunting(606)","Hispanic, male-owned",Don't know,415,57720
"Agriculture, forestry, fishing and hunting(606)","Hispanic, male-owned",None needed,953,60411
"Agriculture, forestry, fishing and hunting(606)","Hispanic, male-owned",Total reporting,3733(r),355920(r)
"Agriculture, forestry, fishing and hunting(606)","Hispanic, male-owned",Item not reported,421(r),18417(r)
"Agriculture, forestry, fishing and hunting(606)","Hispanic, equally male-/female-owned",All firms,1099,151310
"Agriculture, forestry, fishing and hunting(606)","Hispanic, equally male-/female-owned",Personal/family savings of owner(s),241,68544
"Agriculture, forestry, fishing and hunting(606)","Hispanic, equally male-/female-owned",Personal/family assets other than savings of owner(s),12,S
"Agriculture, forestry, fishing and hunting(606)","Hispanic, equally male-/female-owned",Personal/family home equity loan,0,0
"Agriculture, forestry, fishing and hunting(606)","Hispanic, equally male-/female-owned",Personal credit card(s) carrying balances,67,S
"Agriculture, forestry, fishing and hunting(606)","Hispanic, equally male-/female-owned",Business credit card(s) carrying balances,0,0
"Agriculture, forestry, fishing and hunting(606)","Hispanic, equally male-/female-owned","Business loan from federal, state, or local government",0,0
"Agriculture, forestry, fishing and hunting(606)","Hispanic, equally male-/female-owned",Government-guaranteed business loan from a bank or financial institution,0,0
"Agriculture, forestry, fishing and hunting(606)","Hispanic, equally male-/female-owned",Business loan from a bank or financial institution,10,3722
"Agriculture, forestry, fishing and hunting(606)","Hispanic, equally male-/female-owned",Business loan/investment from family/friends,61,S
"Agriculture, forestry, fishing and hunting(606)","Hispanic, equally male-/female-owned",Investment by venture capitalist(s),0,0
"Agriculture, forestry, fishing and hunting(606)","Hispanic, equally male-/female-owned",Grants,0,0
"Agriculture, forestry, fishing and hunting(606)","Hispanic, equally male-/female-owned",Other source(s) of capital,65,S
"Agriculture, forestry, fishing and hunting(606)","Hispanic, equally male-/female-owned",Don't know,29,S
"Agriculture, forestry, fishing and hunting(606)","Hispanic, equally male-/female-owned",None needed,36,S
"Agriculture, forestry, fishing and hunting(606)","Hispanic, equally male-/female-owned",Total reporting,322,109723
"Agriculture, forestry, fishing and hunting(606)","Hispanic, equally male-/female-owned",Item not reported,0,0
"Agriculture, forestry, fishing and hunting(606)",Equally Hispanic/non-Hispanic,All firms,956,157162
"Agriculture, forestry, fishing and hunting(606)",Equally Hispanic/non-Hispanic,Personal/family savings of owner(s),478,84039
"Agriculture, forestry, fishing and hunting(606)",Equally Hispanic/non-Hispanic,Personal/family assets other than savings of owner(s),143,16883
"Agriculture, forestry, fishing and hunting(606)",Equally Hispanic/non-Hispanic,Personal/family home equity loan,10,S
"Agriculture, forestry, fishing and hunting(606)",Equally Hispanic/non-Hispanic,Personal credit card(s) carrying balances,43,S
"Agriculture, forestry, fishing and hunting(606)",Equally Hispanic/non-Hispanic,Business credit card(s) carrying balances,22,S
"Agriculture, forestry, fishing and hunting(606)",Equally Hispanic/non-Hispanic,"Business loan from federal, state, or local government",2,S
"Agriculture, forestry, fishing and hunting(606)",Equally Hispanic/non-Hispanic,Government-guaranteed business loan from a bank or financial institution,2,S
"Agriculture, forestry, fishing and hunting(606)",Equally Hispanic/non-Hispanic,Business loan from a bank or financial institution,65,66902
"Agriculture, forestry, fishing and hunting(606)",Equally Hispanic/non-Hispanic,Business loan/investment from family/friends,16,S
"Agriculture, forestry, fishing and hunting(606)",Equally Hispanic/non-Hispanic,Investment by venture capitalist(s),0,0
"Agriculture, forestry, fishing and hunting(606)",Equally Hispanic/non-Hispanic,Grants,14,S
"Agriculture, forestry, fishing and hunting(606)",Equally Hispanic/non-Hispanic,Other source(s) of capital,33,S
"Agriculture, forestry, fishing and hunting(606)",Equally Hispanic/non-Hispanic,Don't know,85,S
"Agriculture, forestry, fishing and hunting(606)",Equally Hispanic/non-Hispanic,None needed,94,2400
"Agriculture, forestry, fishing and hunting(606)",Equally Hispanic/non-Hispanic,Total reporting,716,122277
"Agriculture, forestry, fishing and hunting(606)",Equally Hispanic/non-Hispanic,Item not reported,0,0
"Agriculture, forestry, fishing and hunting(606)","Equally Hispanic/non-Hispanic, female-owned",All firms,24,1917
"Agriculture, forestry, fishing and hunting(606)","Equally Hispanic/non-Hispanic, female-owned",Personal/family savings of owner(s),0,0
"Agriculture, forestry, fishing and hunting(606)","Equally Hispanic/non-Hispanic, female-owned",Personal/family assets other than savings of owner(s),0,0
"Agriculture, forestry, fishing and hunting(606)","Equally Hispanic/non-Hispanic, female-owned",Personal/family home equity loan,0,0
"Agriculture, forestry, fishing and hunting(606)","Equally Hispanic/non-Hispanic, female-owned",Personal credit card(s) carrying balances,0,0
"Agriculture, forestry, fishing and hunting(606)","Equally Hispanic/non-Hispanic, female-owned",Business credit card(s) carrying balances,0,0
"Agriculture, forestry, fishing and hunting(606)","Equally Hispanic/non-Hispanic, female-owned","Business loan from federal, state, or local government",0,0
"Agriculture, forestry, fishing and hunting(606)","Equally Hispanic/non-Hispanic, female-owned",Government-guaranteed business loan from a bank or financial institution,0,0
"Agriculture, forestry, fishing and hunting(606)","Equally Hispanic/non-Hispanic, female-owned",Business loan from a bank or financial institution,0,0
"Agriculture, forestry, fishing and hunting(606)","Equally Hispanic/non-Hispanic, female-owned",Business loan/investment from family/friends,0,0
"Agriculture, forestry, fishing and hunting(606)","Equally Hispanic/non-Hispanic, female-owned",Investment by venture capitalist(s),0,0
"Agriculture, forestry, fishing and hunting(606)","Equally Hispanic/non-Hispanic, female-owned",Grants,0,0
"Agriculture, forestry, fishing and hunting(606)","Equally Hispanic/non-Hispanic, female-owned",Other source(s) of capital,0,0
"Agriculture, forestry, fishing and hunting(606)","Equally Hispanic/non-Hispanic, female-owned",Don't know,58,S
"Agriculture, forestry, fishing and hunting(606)","Equally Hispanic/non-Hispanic, female-owned",None needed,0,0
"Agriculture, forestry, fishing and hunting(606)","Equally Hispanic/non-Hispanic, female-owned",Total reporting,58,S
"Agriculture, forestry, fishing and hunting(606)","Equally Hispanic/non-Hispanic, female-owned",Item not reported,0,0
"Agriculture, forestry, fishing and hunting(606)","Equally Hispanic/non-Hispanic, male-owned",All firms,40,10069
"Agriculture, forestry, fishing and hunting(606)","Equally Hispanic/non-Hispanic, male-owned",Personal/family savings of owner(s),63,S
"Agriculture, forestry, fishing and hunting(606)","Equally Hispanic/non-Hispanic, male-owned",Personal/family assets other than savings of owner(s),2,S
"Agriculture, forestry, fishing and hunting(606)","Equally Hispanic/non-Hispanic, male-owned",Personal/family home equity loan,2,S
"Agriculture, forestry, fishing and hunting(606)","Equally Hispanic/non-Hispanic, male-owned",Personal credit card(s) carrying balances,0,0
"Agriculture, forestry, fishing and hunting(606)","Equally Hispanic/non-Hispanic, male-owned",Business credit card(s) carrying balances,0,0
"Agriculture, forestry, fishing and hunting(606)","Equally Hispanic/non-Hispanic, male-owned","Business loan from federal, state, or local government",2,S
"Agriculture, forestry, fishing and hunting(606)","Equally Hispanic/non-Hispanic, male-owned",Government-guaranteed business loan from a bank or financial institution,2,S
"Agriculture, forestry, fishing and hunting(606)","Equally Hispanic/non-Hispanic, male-owned",Business loan from a bank or financial institution,10,S
"Agriculture, forestry, fishing and hunting(606)","Equally Hispanic/non-Hispanic, male-owned",Business loan/investment from family/friends,0,0
"Agriculture, forestry, fishing and hunting(606)","Equally Hispanic/non-Hispanic, male-owned",Investment by venture capitalist(s),0,0
"Agriculture, forestry, fishing and hunting(606)","Equally Hispanic/non-Hispanic, male-owned",Grants,0,0
"Agriculture, forestry, fishing and hunting(606)","Equally Hispanic/non-Hispanic, male-owned",Other source(s) of capital,0,0
"Agriculture, forestry, fishing and hunting(606)","Equally Hispanic/non-Hispanic, male-owned",Don't know,2,S
"Agriculture, forestry, fishing and hunting(606)","Equally Hispanic/non-Hispanic, male-owned",None needed,0,0
"Agriculture, forestry, fishing and hunting(606)","Equally Hispanic/non-Hispanic, male-owned",Total reporting,73,S
"Agriculture, forestry, fishing and hunting(606)","Equally Hispanic/non-Hispanic, male-owned",Item not reported,0,0
"Agriculture, forestry, fishing and hunting(606)","Equally Hispanic/non-Hispanic, equally male-/female-owned",All firms,892,145176
"Agriculture, forestry, fishing and hunting(606)","Equally Hispanic/non-Hispanic, equally male-/female-owned",Personal/family savings of owner(s),414,72153
"Agriculture, forestry, fishing and hunting(606)","Equally Hispanic/non-Hispanic, equally male-/female-owned",Personal/family assets other than savings of owner(s),141,S
"Agriculture, forestry, fishing and hunting(606)","Equally Hispanic/non-Hispanic, equally male-/female-owned",Personal/family home equity loan,8,S
"Agriculture, forestry, fishing and hunting(606)","Equally Hispanic/non-Hispanic, equally male-/female-owned",Personal credit card(s) carrying balances,43,S
"Agriculture, forestry, fishing and hunting(606)","Equally Hispanic/non-Hispanic, equally male-/female-owned",Business credit card(s) carrying balances,22,S
"Agriculture, forestry, fishing and hunting(606)","Equally Hispanic/non-Hispanic, equally male-/female-owned","Business loan from federal, state, or local government",0,0
"Agriculture, forestry, fishing and hunting(606)","Equally Hispanic/non-Hispanic, equally male-/female-owned",Government-guaranteed business loan from a bank or financial institution,0,0
"Agriculture, forestry, fishing and hunting(606)","Equally Hispanic/non-Hispanic, equally male-/female-owned",Business loan from a bank or financial institution,56,50556
"Agriculture, forestry, fishing and hunting(606)","Equally Hispanic/non-Hispanic, equally male-/female-owned",Business loan/investment from family/friends,16,S
"Agriculture, forestry, fishing and hunting(606)","Equally Hispanic/non-Hispanic, equally male-/female-owned",Investment by venture capitalist(s),0,0
"Agriculture, forestry, fishing and hunting(606)","Equally Hispanic/non-Hispanic, equally male-/female-owned",Grants,14,S
"Agriculture, forestry, fishing and hunting(606)","Equally Hispanic/non-Hispanic, equally male-/female-owned",Other source(s) of capital,33,S
"Agriculture, forestry, fishing and hunting(606)","Equally Hispanic/non-Hispanic, equally male-/female-owned",Don't know,25,S
"Agriculture, forestry, fishing and hunting(606)","Equally Hispanic/non-Hispanic, equally male-/female-owned",None needed,94,2400
"Agriculture, forestry, fishing and hunting(606)","Equally Hispanic/non-Hispanic, equally male-/female-owned",Total reporting,586,104148
"Agriculture, forestry, fishing and hunting(606)","Equally Hispanic/non-Hispanic, equally male-/female-owned",Item not reported,0,0
"Agriculture, forestry, fishing and hunting(606)",Non-Hispanic,All firms,235448,31735476
"Agriculture, forestry, fishing and hunting(606)",Non-Hispanic,Personal/family savings of owner(s),87039,11922062
"Agriculture, forestry, fishing and hunting(606)",Non-Hispanic,Personal/family assets other than savings of owner(s),12413,2778598
"Agriculture, forestry, fishing and hunting(606)",Non-Hispanic,Personal/family home equity loan,5242,1087019
"Agriculture, forestry, fishing and hunting(606)",Non-Hispanic,Personal credit card(s) carrying balances,9090,1017800
"Agriculture, forestry, fishing and hunting(606)",Non-Hispanic,Business credit card(s) carrying balances,2120,398772
"Agriculture, forestry, fishing and hunting(606)",Non-Hispanic,"Business loan from federal, state, or local government",822,164036
"Agriculture, forestry, fishing and hunting(606)",Non-Hispanic,Government-guaranteed business loan from a bank or financial institution,950,275573
"Agriculture, forestry, fishing and hunting(606)",Non-Hispanic,Business loan from a bank or financial institution,20857,7135980
"Agriculture, forestry, fishing and hunting(606)",Non-Hispanic,Business loan/investment from family/friends,3015,966645
"Agriculture, forestry, fishing and hunting(606)",Non-Hispanic,Investment by venture capitalist(s),159,13768
"Agriculture, forestry, fishing and hunting(606)",Non-Hispanic,Grants,258,15872
"Agriculture, forestry, fishing and hunting(606)",Non-Hispanic,Other source(s) of capital,2769,522591
"Agriculture, forestry, fishing and hunting(606)",Non-Hispanic,Don't know,11671,3604686
"Agriculture, forestry, fishing and hunting(606)",Non-Hispanic,None needed,30239,1563454
"Agriculture, forestry, fishing and hunting(606)",Non-Hispanic,Total reporting,150999(r),22597672(r)
"Agriculture, forestry, fishing and hunting(606)",Non-Hispanic,Item not reported,5117(r),347654(r)
"Agriculture, forestry, fishing and hunting(606)","Non-Hispanic, female-owned",All firms,32564,2747113
"Agriculture, forestry, fishing and hunting(606)","Non-Hispanic, female-owned",Personal/family savings of owner(s),9453,812933
"Agriculture, forestry, fishing and hunting(606)","Non-Hispanic, female-owned",Personal/family assets other than savings of owner(s),1687,219883
"Agriculture, forestry, fishing and hunting(606)","Non-Hispanic, female-owned",Personal/family home equity loan,596,61281
"Agriculture, forestry, fishing and hunting(606)","Non-Hispanic, female-owned",Personal credit card(s) carrying balances,1360,89872
"Agriculture, forestry, fishing and hunting(606)","Non-Hispanic, female-owned",Business credit card(s) carrying balances,402,29072
"Agriculture, forestry, fishing and hunting(606)","Non-Hispanic, female-owned","Business loan from federal, state, or local government",31,S
"Agriculture, forestry, fishing and hunting(606)","Non-Hispanic, female-owned",Government-guaranteed business loan from a bank or financial institution,29,S
"Agriculture, forestry, fishing and hunting(606)","Non-Hispanic, female-owned",Business loan from a bank or financial institution,920,252141
"Agriculture, forestry, fishing and hunting(606)","Non-Hispanic, female-owned",Business loan/investment from family/friends,289,38845
"Agriculture, forestry, fishing and hunting(606)","Non-Hispanic, female-owned",Investment by venture capitalist(s),0,0
"Agriculture, forestry, fishing and hunting(606)","Non-Hispanic, female-owned",Grants,4,S
"Agriculture, forestry, fishing and hunting(606)","Non-Hispanic, female-owned",Other source(s) of capital,235,8624
"Agriculture, forestry, fishing and hunting(606)","Non-Hispanic, female-owned",Don't know,1228,234993
"Agriculture, forestry, fishing and hunting(606)","Non-Hispanic, female-owned",None needed,4497,134269
"Agriculture, forestry, fishing and hunting(606)","Non-Hispanic, female-owned",Total reporting,17037(r),1479148(r)
"Agriculture, forestry, fishing and hunting(606)","Non-Hispanic, female-owned",Item not reported,679(r),S
"Agriculture, forestry, fishing and hunting(606)","Non-Hispanic, male-owned",All firms,174117,23696325
"Agriculture, forestry, fishing and hunting(606)","Non-Hispanic, male-owned",Personal/family savings of owner(s),61002,8475678
"Agriculture, forestry, fishing and hunting(606)","Non-Hispanic, male-owned",Personal/family assets other than savings of owner(s),7749,1967030
"Agriculture, forestry, fishing and hunting(606)","Non-Hispanic, male-owned",Personal/family home equity loan,3022,841645
"Agriculture, forestry, fishing and hunting(606)","Non-Hispanic, male-owned",Personal credit card(s) carrying balances,5538,669020
"Agriculture, forestry, fishing and hunting(606)","Non-Hispanic, male-owned",Business credit card(s) carrying balances,1314,282070
"Agriculture, forestry, fishing and hunting(606)","Non-Hispanic, male-owned","Business loan from federal, state, or local government",488,68146
"Agriculture, forestry, fishing and hunting(606)","Non-Hispanic, male-owned",Government-guaranteed business loan from a bank or financial institution,442,S
"Agriculture, forestry, fishing and hunting(606)","Non-Hispanic, male-owned",Business loan from a bank or financial institution,14658,5090926
"Agriculture, forestry, fishing and hunting(606)","Non-Hispanic, male-owned",Business loan/investment from family/friends,2194,731810
"Agriculture, forestry, fishing and hunting(606)","Non-Hispanic, male-owned",Investment by venture capitalist(s),100,7027
"Agriculture, forestry, fishing and hunting(606)","Non-Hispanic, male-owned",Grants,254,12088
"Agriculture, forestry, fishing and hunting(606)","Non-Hispanic, male-owned",Other source(s) of capital,1965,438803
"Agriculture, forestry, fishing and hunting(606)","Non-Hispanic, male-owned",Don't know,8940,2925889
"Agriculture, forestry, fishing and hunting(606)","Non-Hispanic, male-owned",None needed,23919,1155394
"Agriculture, forestry, fishing and hunting(606)","Non-Hispanic, male-owned",Total reporting,109824(r),16669417(r)
"Agriculture, forestry, fishing and hunting(606)","Non-Hispanic, male-owned",Item not reported,4100(r),260225(r)
"Agriculture, forestry, fishing and hunting(606)","Non-Hispanic, equally male-/female-owned",All firms,28767,5292038
"Agriculture, forestry, fishing and hunting(606)","Non-Hispanic, equally male-/female-owned",Personal/family savings of owner(s),16584,2633451
"Agriculture, forestry, fishing and hunting(606)","Non-Hispanic, equally male-/female-owned",Personal/family assets other than savings of owner(s),2977,591686
"Agriculture, forestry, fishing and hunting(606)","Non-Hispanic, equally male-/female-owned",Personal/family home equity loan,1623,184094
"Agriculture, forestry, fishing and hunting(606)","Non-Hispanic, equally male-/female-owned",Personal credit card(s) carrying balances,2193,258907
"Agriculture, forestry, fishing and hunting(606)","Non-Hispanic, equally male-/female-owned",Business credit card(s) carrying balances,405,87630
"Agriculture, forestry, fishing and hunting(606)","Non-Hispanic, equally male-/female-owned","Business loan from federal, state, or local government",302,S
"Agriculture, forestry, fishing and hunting(606)","Non-Hispanic, equally male-/female-owned",Government-guaranteed business loan from a bank or financial institution,478,106917
"Agriculture, forestry, fishing and hunting(606)","Non-Hispanic, equally male-/female-owned",Business loan from a bank or financial institution,5279,1792913
"Agriculture, forestry, fishing and hunting(606)","Non-Hispanic, equally male-/female-owned",Business loan/investment from family/friends,532,195990
"Agriculture, forestry, fishing and hunting(606)","Non-Hispanic, equally male-/female-owned",Investment by venture capitalist(s),59,S
"Agriculture, forestry, fishing and hunting(606)","Non-Hispanic, equally male-/female-owned",Grants,0,0
"Agriculture, forestry, fishing and hunting(606)","Non-Hispanic, equally male-/female-owned",Other source(s) of capital,569,75164
"Agriculture, forestry, fishing and hunting(606)","Non-Hispanic, equally male-/female-owned",Don't know,1504,443803
"Agriculture, forestry, fishing and hunting(606)","Non-Hispanic, equally male-/female-owned",None needed,1823,273791
"Agriculture, forestry, fishing and hunting(606)","Non-Hispanic, equally male-/female-owned",Total reporting,24139(r),4449107(r)
"Agriculture, forestry, fishing and hunting(606)","Non-Hispanic, equally male-/female-owned",Item not reported,338(r),S
"Agriculture, forestry, fishing and hunting(606)",White,All firms,231211,31495424
"Agriculture, forestry, fishing and hunting(606)",White,Personal/family savings of owner(s),85536,11645059
"Agriculture, forestry, fishing and hunting(606)",White,Personal/family assets other than savings of owner(s),12023,2706052
"Agriculture, forestry, fishing and hunting(606)",White,Personal/family home equity loan,5230,955533
"Agriculture, forestry, fishing and hunting(606)",White,Personal credit card(s) carrying balances,8925,1018038
"Agriculture, forestry, fishing and hunting(606)",White,Business credit card(s) carrying balances,2140,405679
"Agriculture, forestry, fishing and hunting(606)",White,"Business loan from federal, state, or local government",823,160520
"Agriculture, forestry, fishing and hunting(606)",White,Government-guaranteed business loan from a bank or financial institution,806,257949
"Agriculture, forestry, fishing and hunting(606)",White,Business loan from a bank or financial institution,20303,7018033
"Agriculture, forestry, fishing and hunting(606)",White,Business loan/investment from family/friends,2976,940885
"Agriculture, forestry, fishing and hunting(606)",White,Investment by venture capitalist(s),169,13788
"Agriculture, forestry, fishing and hunting(606)",White,Grants,112,S
"Agriculture, forestry, fishing and hunting(606)",White,Other source(s) of capital,2664,539194
"Agriculture, forestry, fishing and hunting(606)",White,Don't know,11066,3517566
"Agriculture, forestry, fishing and hunting(606)",White,None needed,29356,1571556
"Agriculture, forestry, fishing and hunting(606)",White,Total reporting,147682(r),22233299(r)
"Agriculture, forestry, fishing and hunting(606)",White,Item not reported,5023(r),344934(r)
"Agriculture, forestry, fishing and hunting(606)","White, female-owned",All firms,32246,2685662
"Agriculture, forestry, fishing and hunting(606)","White, female-owned",Personal/family savings of owner(s),9125,791113
"Agriculture, forestry, fishing and hunting(606)","White, female-owned",Personal/family assets other than savings of owner(s),1579,215020
"Agriculture, forestry, fishing and hunting(606)","White, female-owned",Personal/family home equity loan,615,60208
"Agriculture, forestry, fishing and hunting(606)","White, female-owned",Personal credit card(s) carrying balances,1262,85496
"Agriculture, forestry, fishing and hunting(606)","White, female-owned",Business credit card(s) carrying balances,402,29072
"Agriculture, forestry, fishing and hunting(606)","White, female-owned","Business loan from federal, state, or local government",41,S
"Agriculture, forestry, fishing and hunting(606)","White, female-owned",Government-guaranteed business loan from a bank or financial institution,29,S
"Agriculture, forestry, fishing and hunting(606)","White, female-owned",Business loan from a bank or financial institution,822,246662
"Agriculture, forestry, fishing and hunting(606)","White, female-owned",Business loan/investment from family/friends,287,37702
"Agriculture, forestry, fishing and hunting(606)","White, female-owned",Investment by venture capitalist(s),10,S
"Agriculture, forestry, fishing and hunting(606)","White, female-owned",Grants,4,S
"Agriculture, forestry, fishing and hunting(606)","White, female-owned",Other source(s) of capital,168,6431
"Agriculture, forestry, fishing and hunting(606)","White, female-owned",Don't know,1217,232322
"Agriculture, forestry, fishing and hunting(606)","White, female-owned",None needed,4286,132913
"Agriculture, forestry, fishing and hunting(606)","White, female-owned",Total reporting,16388(r),1445946(r)
"Agriculture, forestry, fishing and hunting(606)","White, female-owned",Item not reported,659(r),S
"Agriculture, forestry, fishing and hunting(606)","White, male-owned",All firms,169974,23475527
"Agriculture, forestry, fishing and hunting(606)","White, male-owned",Personal/family savings of owner(s),60139,8234803
"Agriculture, forestry, fishing and hunting(606)","White, male-owned",Personal/family assets other than savings of owner(s),7463,1887801
"Agriculture, forestry, fishing and hunting(606)","White, male-owned",Personal/family home equity loan,2987,710639
"Agriculture, forestry, fishing and hunting(606)","White, male-owned",Personal credit card(s) carrying balances,5523,670622
"Agriculture, forestry, fishing and hunting(606)","White, male-owned",Business credit card(s) carrying balances,1328,283718
"Agriculture, forestry, fishing and hunting(606)","White, male-owned","Business loan from federal, state, or local government",482,65376
"Agriculture, forestry, fishing and hunting(606)","White, male-owned",Government-guaranteed business loan from a bank or financial institution,320,S
"Agriculture, forestry, fishing and hunting(606)","White, male-owned",Business loan from a bank or financial institution,14393,4988105
"Agriculture, forestry, fishing and hunting(606)","White, male-owned",Business loan/investment from family/friends,2145,703631
"Agriculture, forestry, fishing and hunting(606)","White, male-owned",Investment by venture capitalist(s),100,7027
"Agriculture, forestry, fishing and hunting(606)","White, male-owned",Grants,94,6149
"Agriculture, forestry, fishing and hunting(606)","White, male-owned",Other source(s) of capital,1834,426015
"Agriculture, forestry, fishing and hunting(606)","White, male-owned",Don't know,8373,2843979
"Agriculture, forestry, fishing and hunting(606)","White, male-owned",None needed,23150,1162144
"Agriculture, forestry, fishing and hunting(606)","White, male-owned",Total reporting,107486(r),16313145(r)
"Agriculture, forestry, fishing and hunting(606)","White, male-owned",Item not reported,4028(r),259209(r)
"Agriculture, forestry, fishing and hunting(606)","White, equally male-/female-owned",All firms,28992,5334235
"Agriculture, forestry, fishing and hunting(606)","White, equally male-/female-owned",Personal/family savings of owner(s),16273,2619143
"Agriculture, forestry, fishing and hunting(606)","White, equally male-/female-owned",Personal/family assets other than savings of owner(s),2980,603231
"Agriculture, forestry, fishing and hunting(606)","White, equally male-/female-owned",Personal/family home equity loan,1629,184687
"Agriculture, forestry, fishing and hunting(606)","White, equally male-/female-owned",Personal credit card(s) carrying balances,2139,261920
"Agriculture, forestry, fishing and hunting(606)","White, equally male-/female-owned",Business credit card(s) carrying balances,410,92890
"Agriculture, forestry, fishing and hunting(606)","White, equally male-/female-owned","Business loan from federal, state, or local government",300,S
"Agriculture, forestry, fishing and hunting(606)","White, equally male-/female-owned",Government-guaranteed business loan from a bank or financial institution,456,105730
"Agriculture, forestry, fishing and hunting(606)","White, equally male-/female-owned",Business loan from a bank or financial institution,5088,1783266
"Agriculture, forestry, fishing and hunting(606)","White, equally male-/female-owned",Business loan/investment from family/friends,544,199552
"Agriculture, forestry, fishing and hunting(606)","White, equally male-/female-owned",Investment by venture capitalist(s),59,S
"Agriculture, forestry, fishing and hunting(606)","White, equally male-/female-owned",Grants,14,S
"Agriculture, forestry, fishing and hunting(606)","White, equally male-/female-owned",Other source(s) of capital,661,106748
"Agriculture, forestry, fishing and hunting(606)","White, equally male-/female-owned",Don't know,1477,441265
"Agriculture, forestry, fishing and hunting(606)","White, equally male-/female-owned",None needed,1920,276499
"Agriculture, forestry, fishing and hunting(606)","White, equally male-/female-owned",Total reporting,23808(r),4474208(r)
"Agriculture, forestry, fishing and hunting(606)","White, equally male-/female-owned",Item not reported,336(r),S
"Agriculture, forestry, fishing and hunting(606)",Black or African American,All firms,5465,233877
"Agriculture, forestry, fishing and hunting(606)",Black or African American,Personal/family savings of owner(s),705,43454
"Agriculture, forestry, fishing and hunting(606)",Black or African American,Personal/family assets other than savings of owner(s),142,S
"Agriculture, forestry, fishing and hunting(606)",Black or African American,Personal/family home equity loan,8,S
"Agriculture, forestry, fishing and hunting(606)",Black or African American,Personal credit card(s) carrying balances,73,S
"Agriculture, forestry, fishing and hunting(606)",Black or African American,Business credit card(s) carrying balances,8,S
"Agriculture, forestry, fishing and hunting(606)",Black or African American,"Business loan from federal, state, or local government",0,0
"Agriculture, forestry, fishing and hunting(606)",Black or African American,Government-guaranteed business loan from a bank or financial institution,59,S
"Agriculture, forestry, fishing and hunting(606)",Black or African American,Business loan from a bank or financial institution,174,26600
"Agriculture, forestry, fishing and hunting(606)",Black or African American,Business loan/investment from family/friends,2,S
"Agriculture, forestry, fishing and hunting(606)",Black or African American,Investment by venture capitalist(s),0,0
"Agriculture, forestry, fishing and hunting(606)",Black or African American,Grants,109,S
"Agriculture, forestry, fishing and hunting(606)",Black or African American,Other source(s) of capital,4,S
"Agriculture, forestry, fishing and hunting(606)",Black or African American,Don't know,168,S
"Agriculture, forestry, fishing and hunting(606)",Black or African American,None needed,722,7594
"Agriculture, forestry, fishing and hunting(606)",Black or African American,Total reporting,1847(r),95501(r)
"Agriculture, forestry, fishing and hunting(606)",Black or African American,Item not reported,241(r),S
"Agriculture, forestry, fishing and hunting(606)","Black or African American, female-owned",All firms,1355,22851
"Agriculture, forestry, fishing and hunting(606)","Black or African American, female-owned",Personal/family savings of owner(s),142,2294
"Agriculture, forestry, fishing and hunting(606)","Black or African American, female-owned",Personal/family assets other than savings of owner(s),60,S
"Agriculture, forestry, fishing and hunting(606)","Black or African American, female-owned",Personal/family home equity loan,0,0
"Agriculture, forestry, fishing and hunting(606)","Black or African American, female-owned",Personal credit card(s) carrying balances,0,0
"Agriculture, forestry, fishing and hunting(606)","Black or African American, female-owned",Business credit card(s) carrying balances,0,0
"Agriculture, forestry, fishing and hunting(606)","Black or African American, female-owned","Business loan from federal, state, or local government",0,0
"Agriculture, forestry, fishing and hunting(606)","Black or African American, female-owned",Government-guaranteed business loan from a bank or financial institution,0,0
"Agriculture, forestry, fishing and hunting(606)","Black or African American, female-owned",Business loan from a bank or financial institution,98,S
"Agriculture, forestry, fishing and hunting(606)","Black or African American, female-owned",Business loan/investment from family/friends,0,0
"Agriculture, forestry, fishing and hunting(606)","Black or African American, female-owned",Investment by venture capitalist(s),0,0
"Agriculture, forestry, fishing and hunting(606)","Black or African American, female-owned",Grants,0,0
"Agriculture, forestry, fishing and hunting(606)","Black or African American, female-owned",Other source(s) of capital,0,0
"Agriculture, forestry, fishing and hunting(606)","Black or African American, female-owned",Don't know,28,S
"Agriculture, forestry, fishing and hunting(606)","Black or African American, female-owned",None needed,157,S
"Agriculture, forestry, fishing and hunting(606)","Black or African American, female-owned",Total reporting,450,5621
"Agriculture, forestry, fishing and hunting(606)","Black or African American, female-owned",Item not reported,9,S
"Agriculture, forestry, fishing and hunting(606)","Black or African American, male-owned",All firms,3941,204179
"Agriculture, forestry, fishing and hunting(606)","Black or African American, male-owned",Personal/family savings of owner(s),537,39263
"Agriculture, forestry, fishing and hunting(606)","Black or African American, male-owned",Personal/family assets other than savings of owner(s),66,S
"Agriculture, forestry, fishing and hunting(606)","Black or African American, male-owned",Personal/family home equity loan,8,S
"Agriculture, forestry, fishing and hunting(606)","Black or African American, male-owned",Personal credit card(s) carrying balances,66,S
"Agriculture, forestry, fishing and hunting(606)","Black or African American, male-owned",Business credit card(s) carrying balances,0,0
"Agriculture, forestry, fishing and hunting(606)","Black or African American, male-owned","Business loan from federal, state, or local government",0,0
"Agriculture, forestry, fishing and hunting(606)","Black or African American, male-owned",Government-guaranteed business loan from a bank or financial institution,59,S
"Agriculture, forestry, fishing and hunting(606)","Black or African American, male-owned",Business loan from a bank or financial institution,69,S
"Agriculture, forestry, fishing and hunting(606)","Black or African American, male-owned",Business loan/investment from family/friends,2,S
"Agriculture, forestry, fishing and hunting(606)","Black or African American, male-owned",Investment by venture capitalist(s),0,0
"Agriculture, forestry, fishing and hunting(606)","Black or African American, male-owned",Grants,109,S
"Agriculture, forestry, fishing and hunting(606)","Black or African American, male-owned",Other source(s) of capital,4,S
"Agriculture, forestry, fishing and hunting(606)","Black or African American, male-owned",Don't know,138,S
"Agriculture, forestry, fishing and hunting(606)","Black or African American, male-owned",None needed,565,6845
"Agriculture, forestry, fishing and hunting(606)","Black or African American, male-owned",Total reporting,1352(r),87229(r)
"Agriculture, forestry, fishing and hunting(606)","Black or African American, male-owned",Item not reported,232(r),S
"Agriculture, forestry, fishing and hunting(606)","Black or African American, equally male-/female-owned",All firms,170,S
"Agriculture, forestry, fishing and hunting(606)","Black or African American, equally male-/female-owned",Personal/family savings of owner(s),27,S
"Agriculture, forestry, fishing and hunting(606)","Black or African American, equally male-/female-owned",Personal/family assets other than savings of owner(s),16,S
"Agriculture, forestry, fishing and hunting(606)","Black or African American, equally male-/female-owned",Personal/family home equity loan,0,S
"Agriculture, forestry, fishing and hunting(606)","Black or African American, equally male-/female-owned",Personal credit card(s) carrying balances,8,S
"Agriculture, forestry, fishing and hunting(606)","Black or African American, equally male-/female-owned",Business credit card(s) carrying balances,8,S
"Agriculture, forestry, fishing and hunting(606)","Black or African American, equally male-/female-owned","Business loan from federal, state, or local government",0,S
"Agriculture, forestry, fishing and hunting(606)","Black or African American, equally male-/female-owned",Government-guaranteed business loan from a bank or financial institution,0,S
"Agriculture, forestry, fishing and hunting(606)","Black or African American, equally male-/female-owned",Business loan from a bank or financial institution,8,S
"Agriculture, forestry, fishing and hunting(606)","Black or African American, equally male-/female-owned",Business loan/investment from family/friends,0,S
"Agriculture, forestry, fishing and hunting(606)","Black or African American, equally male-/female-owned",Investment by venture capitalist(s),0,S
"Agriculture, forestry, fishing and hunting(606)","Black or African American, equally male-/female-owned",Grants,0,S
"Agriculture, forestry, fishing and hunting(606)","Black or African American, equally male-/female-owned",Other source(s) of capital,0,S
"Agriculture, forestry, fishing and hunting(606)","Black or African American, equally male-/female-owned",Don't know,2,S
"Agriculture, forestry, fishing and hunting(606)","Black or African American, equally male-/female-owned",None needed,0,S
"Agriculture, forestry, fishing and hunting(606)","Black or African American, equally male-/female-owned",Total reporting,45,S
"Agriculture, forestry, fishing and hunting(606)","Black or African American, equally male-/female-owned",Item not reported,0,S
"Agriculture, forestry, fishing and hunting(606)",American Indian and Alaska Native,All firms,6998,399185
"Agriculture, forestry, fishing and hunting(606)",American Indian and Alaska Native,Personal/family savings of owner(s),1416,161494
"Agriculture, forestry, fishing and hunting(606)",American Indian and Alaska Native,Personal/family assets other than savings of owner(s),311,S
"Agriculture, forestry, fishing and hunting(606)",American Indian and Alaska Native,Personal/family home equity loan,103,S
"Agriculture, forestry, fishing and hunting(606)",American Indian and Alaska Native,Personal credit card(s) carrying balances,154,8647
"Agriculture, forestry, fishing and hunting(606)",American Indian and Alaska Native,Business credit card(s) carrying balances,38,S
"Agriculture, forestry, fishing and hunting(606)",American Indian and Alaska Native,"Business loan from federal, state, or local government",0,0
"Agriculture, forestry, fishing and hunting(606)",American Indian and Alaska Native,Government-guaranteed business loan from a bank or financial institution,59,S
"Agriculture, forestry, fishing and hunting(606)",American Indian and Alaska Native,Business loan from a bank or financial institution,215,57874
"Agriculture, forestry, fishing and hunting(606)",American Indian and Alaska Native,Business loan/investment from family/friends,7,S
"Agriculture, forestry, fishing and hunting(606)",American Indian and Alaska Native,Investment by venture capitalist(s),0,0
"Agriculture, forestry, fishing and hunting(606)",American Indian and Alaska Native,Grants,59,S
"Agriculture, forestry, fishing and hunting(606)",American Indian and Alaska Native,Other source(s) of capital,89,S
"Agriculture, forestry, fishing and hunting(606)",American Indian and Alaska Native,Don't know,433,20273
"Agriculture, forestry, fishing and hunting(606)",American Indian and Alaska Native,None needed,944,25278
"Agriculture, forestry, fishing and hunting(606)",American Indian and Alaska Native,Total reporting,3121(r),224977(r)
"Agriculture, forestry, fishing and hunting(606)",American Indian and Alaska Native,Item not reported,232(r),2788(r)
"Agriculture, forestry, fishing and hunting(606)","American Indian and Alaska Native, female-owned",All firms,1272,58790
"Agriculture, forestry, fishing and hunting(606)","American Indian and Alaska Native, female-owned",Personal/family savings of owner(s),196,S
"Agriculture, forestry, fishing and hunting(606)","American Indian and Alaska Native, female-owned",Personal/family assets other than savings of owner(s),78,S
"Agriculture, forestry, fishing and hunting(606)","American Indian and Alaska Native, female-owned",Personal/family home equity loan,0,0
"Agriculture, forestry, fishing and hunting(606)","American Indian and Alaska Native, female-owned",Personal credit card(s) carrying balances,73,S
"Agriculture, forestry, fishing and hunting(606)","American Indian and Alaska Native, female-owned",Business credit card(s) carrying balances,0,0
"Agriculture, forestry, fishing and hunting(606)","American Indian and Alaska Native, female-owned","Business loan from federal, state, or local government",0,0
"Agriculture, forestry, fishing and hunting(606)","American Indian and Alaska Native, female-owned",Government-guaranteed business loan from a bank or financial institution,0,0
"Agriculture, forestry, fishing and hunting(606)","American Indian and Alaska Native, female-owned",Business loan from a bank or financial institution,0,0
"Agriculture, forestry, fishing and hunting(606)","American Indian and Alaska Native, female-owned",Business loan/investment from family/friends,0,0
"Agriculture, forestry, fishing and hunting(606)","American Indian and Alaska Native, female-owned",Investment by venture capitalist(s),0,0
"Agriculture, forestry, fishing and hunting(606)","American Indian and Alaska Native, female-owned",Grants,0,0
"Agriculture, forestry, fishing and hunting(606)","American Indian and Alaska Native, female-owned",Other source(s) of capital,12,S
"Agriculture, forestry, fishing and hunting(606)","American Indian and Alaska Native, female-owned",Don't know,43,S
"Agriculture, forestry, fishing and hunting(606)","American Indian and Alaska Native, female-owned",None needed,179,S
"Agriculture, forestry, fishing and hunting(606)","American Indian and Alaska Native, female-owned",Total reporting,432,S
"Agriculture, forestry, fishing and hunting(606)","American Indian and Alaska Native, female-owned",Item not reported,123,S
"Agriculture, forestry, fishing and hunting(606)","American Indian and Alaska Native, male-owned",All firms,5567,327761
"Agriculture, forestry, fishing and hunting(606)","American Indian and Alaska Native, male-owned",Personal/family savings of owner(s),1129,130234
"Agriculture, forestry, fishing and hunting(606)","American Indian and Alaska Native, male-owned",Personal/family assets other than savings of owner(s),145,S
"Agriculture, forestry, fishing and hunting(606)","American Indian and Alaska Native, male-owned",Personal/family home equity loan,103,S
"Agriculture, forestry, fishing and hunting(606)","American Indian and Alaska Native, male-owned",Personal credit card(s) carrying balances,81,5118
"Agriculture, forestry, fishing and hunting(606)","American Indian and Alaska Native, male-owned",Business credit card(s) carrying balances,38,S
"Agriculture, forestry, fishing and hunting(606)","American Indian and Alaska Native, male-owned","Business loan from federal, state, or local government",0,0
"Agriculture, forestry, fishing and hunting(606)","American Indian and Alaska Native, male-owned",Government-guaranteed business loan from a bank or financial institution,59,S
"Agriculture, forestry, fishing and hunting(606)","American Indian and Alaska Native, male-owned",Business loan from a bank or financial institution,186,55059
"Agriculture, forestry, fishing and hunting(606)","American Indian and Alaska Native, male-owned",Business loan/investment from family/friends,7,S
"Agriculture, forestry, fishing and hunting(606)","American Indian and Alaska Native, male-owned",Investment by venture capitalist(s),0,0
"Agriculture, forestry, fishing and hunting(606)","American Indian and Alaska Native, male-owned",Grants,59,S
"Agriculture, forestry, fishing and hunting(606)","American Indian and Alaska Native, male-owned",Other source(s) of capital,77,S
"Agriculture, forestry, fishing and hunting(606)","American Indian and Alaska Native, male-owned",Don't know,367,6858
"Agriculture, forestry, fishing and hunting(606)","American Indian and Alaska Native, male-owned",None needed,765,24196
"Agriculture, forestry, fishing and hunting(606)","American Indian and Alaska Native, male-owned",Total reporting,2574(r),179149(r)
"Agriculture, forestry, fishing and hunting(606)","American Indian and Alaska Native, male-owned",Item not reported,107(r),620(r)
"Agriculture, forestry, fishing and hunting(606)","American Indian and Alaska Native, equally male-/female-owned",All firms,160,12635
"Agriculture, forestry, fishing and hunting(606)","American Indian and Alaska Native, equally male-/female-owned",Personal/family savings of owner(s),91,S
"Agriculture, forestry, fishing and hunting(606)","American Indian and Alaska Native, equally male-/female-owned",Personal/family assets other than savings of owner(s),89,S
"Agriculture, forestry, fishing and hunting(606)","American Indian and Alaska Native, equally male-/female-owned",Personal/family home equity loan,0,0
"Agriculture, forestry, fishing and hunting(606)","American Indian and Alaska Native, equally male-/female-owned",Personal credit card(s) carrying balances,0,0
"Agriculture, forestry, fishing and hunting(606)","American Indian and Alaska Native, equally male-/female-owned",Business credit card(s) carrying balances,0,0
"Agriculture, forestry, fishing and hunting(606)","American Indian and Alaska Native, equally male-/female-owned","Business loan from federal, state, or local government",0,0
"Agriculture, forestry, fishing and hunting(606)","American Indian and Alaska Native, equally male-/female-owned",Government-guaranteed business loan from a bank or financial institution,0,0
"Agriculture, forestry, fishing and hunting(606)","American Indian and Alaska Native, equally male-/female-owned",Business loan from a bank or financial institution,30,S
"Agriculture, forestry, fishing and hunting(606)","American Indian and Alaska Native, equally male-/female-owned",Business loan/investment from family/friends,0,0
"Agriculture, forestry, fishing and hunting(606)","American Indian and Alaska Native, equally male-/female-owned",Investment by venture capitalist(s),0,0
"Agriculture, forestry, fishing and hunting(606)","American Indian and Alaska Native, equally male-/female-owned",Grants,0,0
"Agriculture, forestry, fishing and hunting(606)","American Indian and Alaska Native, equally male-/female-owned",Other source(s) of capital,0,0
"Agriculture, forestry, fishing and hunting(606)","American Indian and Alaska Native, equally male-/female-owned",Don't know,23,S
"Agriculture, forestry, fishing and hunting(606)","American Indian and Alaska Native, equally male-/female-owned",None needed,0,0
"Agriculture, forestry, fishing and hunting(606)","American Indian and Alaska Native, equally male-/female-owned",Total reporting,115,S
"Agriculture, forestry, fishing and hunting(606)","American Indian and Alaska Native, equally male-/female-owned",Item not reported,2,S
"Agriculture, forestry, fishing and hunting(606)",Asian,All firms,6385,499559
"Agriculture, forestry, fishing and hunting(606)",Asian,Personal/family savings of owner(s),1901,198710
"Agriculture, forestry, fishing and hunting(606)",Asian,Personal/family assets other than savings of owner(s),180,S
"Agriculture, forestry, fishing and hunting(606)",Asian,Personal/family home equity loan,63,S
"Agriculture, forestry, fishing and hunting(606)",Asian,Personal credit card(s) carrying balances,130,S
"Agriculture, forestry, fishing and hunting(606)",Asian,Business credit card(s) carrying balances,0,0
"Agriculture, forestry, fishing and hunting(606)",Asian,"Business loan from federal, state, or local government",14,S
"Agriculture, forestry, fishing and hunting(606)",Asian,Government-guaranteed business loan from a bank or financial institution,85,S
"Agriculture, forestry, fishing and hunting(606)",Asian,Business loan from a bank or financial institution,354,89199
"Agriculture, forestry, fishing and hunting(606)",Asian,Business loan/investment from family/friends,147,31938
"Agriculture, forestry, fishing and hunting(606)",Asian,Investment by venture capitalist(s),0,0
"Agriculture, forestry, fishing and hunting(606)",Asian,Grants,61,S
"Agriculture, forestry, fishing and hunting(606)",Asian,Other source(s) of capital,197,20001
"Agriculture, forestry, fishing and hunting(606)",Asian,Don't know,275,68362
"Agriculture, forestry, fishing and hunting(606)",Asian,None needed,463,13973
"Agriculture, forestry, fishing and hunting(606)",Asian,Total reporting,2965,350073
"Agriculture, forestry, fishing and hunting(606)",Asian,Item not reported,4,1522
"Agriculture, forestry, fishing and hunting(606)","Asian, female-owned",All firms,1392,114017
"Agriculture, forestry, fishing and hunting(606)","Asian, female-owned",Personal/family savings of owner(s),335,25461
"Agriculture, forestry, fishing and hunting(606)","Asian, female-owned",Personal/family assets other than savings of owner(s),0,0
"Agriculture, forestry, fishing and hunting(606)","Asian, female-owned",Personal/family home equity loan,61,S
"Agriculture, forestry, fishing and hunting(606)","Asian, female-owned",Personal credit card(s) carrying balances,33,2853
"Agriculture, forestry, fishing and hunting(606)","Asian, female-owned",Business credit card(s) carrying balances,0,0
"Agriculture, forestry, fishing and hunting(606)","Asian, female-owned","Business loan from federal, state, or local government",0,0
"Agriculture, forestry, fishing and hunting(606)","Asian, female-owned",Government-guaranteed business loan from a bank or financial institution,0,0
"Agriculture, forestry, fishing and hunting(606)","Asian, female-owned",Business loan from a bank or financial institution,8,4540
"Agriculture, forestry, fishing and hunting(606)","Asian, female-owned",Business loan/investment from family/friends,2,S
"Agriculture, forestry, fishing and hunting(606)","Asian, female-owned",Investment by venture capitalist(s),0,0
"Agriculture, forestry, fishing and hunting(606)","Asian, female-owned",Grants,0,0
"Agriculture, forestry, fishing and hunting(606)","Asian, female-owned",Other source(s) of capital,55,S
"Agriculture, forestry, fishing and hunting(606)","Asian, female-owned",Don't know,32,S
"Agriculture, forestry, fishing and hunting(606)","Asian, female-owned",None needed,140,1806
"Agriculture, forestry, fishing and hunting(606)","Asian, female-owned",Total reporting,578,45804
"Agriculture, forestry, fishing and hunting(606)","Asian, female-owned",Item not reported,2,S
"Agriculture, forestry, fishing and hunting(606)","Asian, male-owned",All firms,4596,304608
"Agriculture, forestry, fishing and hunting(606)","Asian, male-owned",Personal/family savings of owner(s),1381,122751
"Agriculture, forestry, fishing and hunting(606)","Asian, male-owned",Personal/family assets other than savings of owner(s),176,S
"Agriculture, forestry, fishing and hunting(606)","Asian, male-owned",Personal/family home equity loan,2,S
"Agriculture, forestry, fishing and hunting(606)","Asian, male-owned",Personal credit card(s) carrying balances,96,S
"Agriculture, forestry, fishing and hunting(606)","Asian, male-owned",Business credit card(s) carrying balances,0,0
"Agriculture, forestry, fishing and hunting(606)","Asian, male-owned","Business loan from federal, state, or local government",14,S
"Agriculture, forestry, fishing and hunting(606)","Asian, male-owned",Government-guaranteed business loan from a bank or financial institution,63,S
"Agriculture, forestry, fishing and hunting(606)","Asian, male-owned",Business loan from a bank or financial institution,262,S
"Agriculture, forestry, fishing and hunting(606)","Asian, male-owned",Business loan/investment from family/friends,143,S
"Agriculture, forestry, fishing and hunting(606)","Asian, male-owned",Investment by venture capitalist(s),0,0
"Agriculture, forestry, fishing and hunting(606)","Asian, male-owned",Grants,61,S
"Agriculture, forestry, fishing and hunting(606)","Asian, male-owned",Other source(s) of capital,136,S
"Agriculture, forestry, fishing and hunting(606)","Asian, male-owned",Don't know,225,54225
"Agriculture, forestry, fishing and hunting(606)","Asian, male-owned",None needed,323,12166
"Agriculture, forestry, fishing and hunting(606)","Asian, male-owned",Total reporting,2142,238976
"Agriculture, forestry, fishing and hunting(606)","Asian, male-owned",Item not reported,2,S
"Agriculture, forestry, fishing and hunting(606)","Asian, equally male-/female-owned",All firms,397,80934
"Agriculture, forestry, fishing and hunting(606)","Asian, equally male-/female-owned",Personal/family savings of owner(s),185,S
"Agriculture, forestry, fishing and hunting(606)","Asian, equally male-/female-owned",Personal/family assets other than savings of owner(s),4,S
"Agriculture, forestry, fishing and hunting(606)","Asian, equally male-/female-owned",Personal/family home equity loan,0,0
"Agriculture, forestry, fishing and hunting(606)","Asian, equally male-/female-owned",Personal credit card(s) carrying balances,2,S
"Agriculture, forestry, fishing and hunting(606)","Asian, equally male-/female-owned",Business credit card(s) carrying balances,0,0
"Agriculture, forestry, fishing and hunting(606)","Asian, equally male-/female-owned","Business loan from federal, state, or local government",0,0
"Agriculture, forestry, fishing and hunting(606)","Asian, equally male-/female-owned",Government-guaranteed business loan from a bank or financial institution,22,S
"Agriculture, forestry, fishing and hunting(606)","Asian, equally male-/female-owned",Business loan from a bank or financial institution,84,S
"Agriculture, forestry, fishing and hunting(606)","Asian, equally male-/female-owned",Business loan/investment from family/friends,2,S
"Agriculture, forestry, fishing and hunting(606)","Asian, equally male-/female-owned",Investment by venture capitalist(s),0,0
"Agriculture, forestry, fishing and hunting(606)","Asian, equally male-/female-owned",Grants,0,0
"Agriculture, forestry, fishing and hunting(606)","Asian, equally male-/female-owned",Other source(s) of capital,6,4127
"Agriculture, forestry, fishing and hunting(606)","Asian, equally male-/female-owned",Don't know,18,S
"Agriculture, forestry, fishing and hunting(606)","Asian, equally male-/female-owned",None needed,0,0
"Agriculture, forestry, fishing and hunting(606)","Asian, equally male-/female-owned",Total reporting,245,65294
"Agriculture, forestry, fishing and hunting(606)","Asian, equally male-/female-owned",Item not reported,0,0
"Agriculture, forestry, fishing and hunting(606)",Native Hawaiian and Other Pacific Islander,All firms,632,16664
"Agriculture, forestry, fishing and hunting(606)",Native Hawaiian and Other Pacific Islander,Personal/family savings of owner(s),140,3928
"Agriculture, forestry, fishing and hunting(606)",Native Hawaiian and Other Pacific Islander,Personal/family assets other than savings of owner(s),0,0
"Agriculture, forestry, fishing and hunting(606)",Native Hawaiian and Other Pacific Islander,Personal/family home equity loan,0,0
"Agriculture, forestry, fishing and hunting(606)",Native Hawaiian and Other Pacific Islander,Personal credit card(s) carrying balances,2,S
"Agriculture, forestry, fishing and hunting(606)",Native Hawaiian and Other Pacific Islander,Business credit card(s) carrying balances,0,0
"Agriculture, forestry, fishing and hunting(606)",Native Hawaiian and Other Pacific Islander,"Business loan from federal, state, or local government",0,0
"Agriculture, forestry, fishing and hunting(606)",Native Hawaiian and Other Pacific Islander,Government-guaranteed business loan from a bank or financial institution,0,0
"Agriculture, forestry, fishing and hunting(606)",Native Hawaiian and Other Pacific Islander,Business loan from a bank or financial institution,0,0
"Agriculture, forestry, fishing and hunting(606)",Native Hawaiian and Other Pacific Islander,Business loan/investment from family/friends,4,S
"Agriculture, forestry, fishing and hunting(606)",Native Hawaiian and Other Pacific Islander,Investment by venture capitalist(s),0,0
"Agriculture, forestry, fishing and hunting(606)",Native Hawaiian and Other Pacific Islander,Grants,0,0
"Agriculture, forestry, fishing and hunting(606)",Native Hawaiian and Other Pacific Islander,Other source(s) of capital,0,0
"Agriculture, forestry, fishing and hunting(606)",Native Hawaiian and Other Pacific Islander,Don't know,0,0
"Agriculture, forestry, fishing and hunting(606)",Native Hawaiian and Other Pacific Islander,None needed,37,S
"Agriculture, forestry, fishing and hunting(606)",Native Hawaiian and Other Pacific Islander,Total reporting,179,5387
"Agriculture, forestry, fishing and hunting(606)",Native Hawaiian and Other Pacific Islander,Item not reported,0,0
"Agriculture, forestry, fishing and hunting(606)","Native Hawaiian and Other Pacific Islander, female-owned",All firms,96,1365
"Agriculture, forestry, fishing and hunting(606)","Native Hawaiian and Other Pacific Islander, female-owned",Personal/family savings of owner(s),2,S
"Agriculture, forestry, fishing and hunting(606)","Native Hawaiian and Other Pacific Islander, female-owned",Personal/family assets other than savings of owner(s),0,0
"Agriculture, forestry, fishing and hunting(606)","Native Hawaiian and Other Pacific Islander, female-owned",Personal/family home equity loan,0,0
"Agriculture, forestry, fishing and hunting(606)","Native Hawaiian and Other Pacific Islander, female-owned",Personal credit card(s) carrying balances,0,0
"Agriculture, forestry, fishing and hunting(606)","Native Hawaiian and Other Pacific Islander, female-owned",Business credit card(s) carrying balances,0,0
"Agriculture, forestry, fishing and hunting(606)","Native Hawaiian and Other Pacific Islander, female-owned","Business loan from federal, state, or local government",0,0
"Agriculture, forestry, fishing and hunting(606)","Native Hawaiian and Other Pacific Islander, female-owned",Government-guaranteed business loan from a bank or financial institution,0,0
"Agriculture, forestry, fishing and hunting(606)","Native Hawaiian and Other Pacific Islander, female-owned",Business loan from a bank or financial institution,0,0
"Agriculture, forestry, fishing and hunting(606)","Native Hawaiian and Other Pacific Islander, female-owned",Business loan/investment from family/friends,0,0
"Agriculture, forestry, fishing and hunting(606)","Native Hawaiian and Other Pacific Islander, female-owned",Investment by venture capitalist(s),0,0
"Agriculture, forestry, fishing and hunting(606)","Native Hawaiian and Other Pacific Islander, female-owned",Grants,0,0
"Agriculture, forestry, fishing and hunting(606)","Native Hawaiian and Other Pacific Islander, female-owned",Other source(s) of capital,0,0
"Agriculture, forestry, fishing and hunting(606)","Native Hawaiian and Other Pacific Islander, female-owned",Don't know,0,0
"Agriculture, forestry, fishing and hunting(606)","Native Hawaiian and Other Pacific Islander, female-owned",None needed,8,S
"Agriculture, forestry, fishing and hunting(606)","Native Hawaiian and Other Pacific Islander, female-owned",Total reporting,10,S
"Agriculture, forestry, fishing and hunting(606)","Native Hawaiian and Other Pacific Islander, female-owned",Item not reported,0,0
"Agriculture, forestry, fishing and hunting(606)","Native Hawaiian and Other Pacific Islander, male-owned",All firms,536,15299
"Agriculture, forestry, fishing and hunting(606)","Native Hawaiian and Other Pacific Islander, male-owned",Personal/family savings of owner(s),138,3924
"Agriculture, forestry, fishing and hunting(606)","Native Hawaiian and Other Pacific Islander, male-owned",Personal/family assets other than savings of owner(s),0,0
"Agriculture, forestry, fishing and hunting(606)","Native Hawaiian and Other Pacific Islander, male-owned",Personal/family home equity loan,0,0
"Agriculture, forestry, fishing and hunting(606)","Native Hawaiian and Other Pacific Islander, male-owned",Personal credit card(s) carrying balances,2,S
"Agriculture, forestry, fishing and hunting(606)","Native Hawaiian and Other Pacific Islander, male-owned",Business credit card(s) carrying balances,0,0
"Agriculture, forestry, fishing and hunting(606)","Native Hawaiian and Other Pacific Islander, male-owned","Business loan from federal, state, or local government",0,0
"Agriculture, forestry, fishing and hunting(606)","Native Hawaiian and Other Pacific Islander, male-owned",Government-guaranteed business loan from a bank or financial institution,0,0
"Agriculture, forestry, fishing and hunting(606)","Native Hawaiian and Other Pacific Islander, male-owned",Business loan from a bank or financial institution,0,0
"Agriculture, forestry, fishing and hunting(606)","Native Hawaiian and Other Pacific Islander, male-owned",Business loan/investment from family/friends,4,S
"Agriculture, forestry, fishing and hunting(606)","Native Hawaiian and Other Pacific Islander, male-owned",Investment by venture capitalist(s),0,0
"Agriculture, forestry, fishing and hunting(606)","Native Hawaiian and Other Pacific Islander, male-owned",Grants,0,0
"Agriculture, forestry, fishing and hunting(606)","Native Hawaiian and Other Pacific Islander, male-owned",Other source(s) of capital,0,0
"Agriculture, forestry, fishing and hunting(606)","Native Hawaiian and Other Pacific Islander, male-owned",Don't know,0,0
"Agriculture, forestry, fishing and hunting(606)","Native Hawaiian and Other Pacific Islander, male-owned",None needed,29,S
"Agriculture, forestry, fishing and hunting(606)","Native Hawaiian and Other Pacific Islander, male-owned",Total reporting,169,5359
"Agriculture, forestry, fishing and hunting(606)","Native Hawaiian and Other Pacific Islander, male-owned",Item not reported,0,0
"Agriculture, forestry, fishing and hunting(606)","Native Hawaiian and Other Pacific Islander, equally male-/female-owned",All firms,0,0
"Agriculture, forestry, fishing and hunting(606)","Native Hawaiian and Other Pacific Islander, equally male-/female-owned",Personal/family savings of owner(s),0,0
"Agriculture, forestry, fishing and hunting(606)","Native Hawaiian and Other Pacific Islander, equally male-/female-owned",Personal/family assets other than savings of owner(s),0,0
"Agriculture, forestry, fishing and hunting(606)","Native Hawaiian and Other Pacific Islander, equally male-/female-owned",Personal/family home equity loan,0,0
"Agriculture, forestry, fishing and hunting(606)","Native Hawaiian and Other Pacific Islander, equally male-/female-owned",Personal credit card(s) carrying balances,0,0
"Agriculture, forestry, fishing and hunting(606)","Native Hawaiian and Other Pacific Islander, equally male-/female-owned",Business credit card(s) carrying balances,0,0
"Agriculture, forestry, fishing and hunting(606)","Native Hawaiian and Other Pacific Islander, equally male-/female-owned","Business loan from federal, state, or local government",0,0
"Agriculture, forestry, fishing and hunting(606)","Native Hawaiian and Other Pacific Islander, equally male-/female-owned",Government-guaranteed business loan from a bank or financial institution,0,0
"Agriculture, forestry, fishing and hunting(606)","Native Hawaiian and Other Pacific Islander, equally male-/female-owned",Business loan from a bank or financial institution,0,0
"Agriculture, forestry, fishing and hunting(606)","Native Hawaiian and Other Pacific Islander, equally male-/female-owned",Business loan/investment from family/friends,0,0
"Agriculture, forestry, fishing and hunting(606)","Native Hawaiian and Other Pacific Islander, equally male-/female-owned",Investment by venture capitalist(s),0,0
"Agriculture, forestry, fishing and hunting(606)","Native Hawaiian and Other Pacific Islander, equally male-/female-owned",Grants,0,0
"Agriculture, forestry, fishing and hunting(606)","Native Hawaiian and Other Pacific Islander, equally male-/female-owned",Other source(s) of capital,0,0
"Agriculture, forestry, fishing and hunting(606)","Native Hawaiian and Other Pacific Islander, equally male-/female-owned",Don't know,0,0
"Agriculture, forestry, fishing and hunting(606)","Native Hawaiian and Other Pacific Islander, equally male-/female-owned",None needed,0,0
"Agriculture, forestry, fishing and hunting(606)","Native Hawaiian and Other Pacific Islander, equally male-/female-owned",Total reporting,0,0
"Agriculture, forestry, fishing and hunting(606)","Native Hawaiian and Other Pacific Islander, equally male-/female-owned",Item not reported,0,0
"Agriculture, forestry, fishing and hunting(606)",Some other race,All firms,6029,481454
"Agriculture, forestry, fishing and hunting(606)",Some other race,Personal/family savings of owner(s),675,250089
"Agriculture, forestry, fishing and hunting(606)",Some other race,Personal/family assets other than savings of owner(s),22,S
"Agriculture, forestry, fishing and hunting(606)",Some other race,Personal/family home equity loan,13,S
"Agriculture, forestry, fishing and hunting(606)",Some other race,Personal credit card(s) carrying balances,102,S
"Agriculture, forestry, fishing and hunting(606)",Some other race,Business credit card(s) carrying balances,9,S
"Agriculture, forestry, fishing and hunting(606)",Some other race,"Business loan from federal, state, or local government",0,0
"Agriculture, forestry, fishing and hunting(606)",Some other race,Government-guaranteed business loan from a bank or financial institution,0,0
"Agriculture, forestry, fishing and hunting(606)",Some other race,Business loan from a bank or financial institution,21,S
"Agriculture, forestry, fishing and hunting(606)",Some other race,Business loan/investment from family/friends,76,S
"Agriculture, forestry, fishing and hunting(606)",Some other race,Investment by venture capitalist(s),7,S
"Agriculture, forestry, fishing and hunting(606)",Some other race,Grants,0,0
"Agriculture, forestry, fishing and hunting(606)",Some other race,Other source(s) of capital,36,S
"Agriculture, forestry, fishing and hunting(606)",Some other race,Don't know,325,50976
"Agriculture, forestry, fishing and hunting(606)",Some other race,None needed,308,S
"Agriculture, forestry, fishing and hunting(606)",Some other race,Total reporting,1393(r),353209(r)
"Agriculture, forestry, fishing and hunting(606)",Some other race,Item not reported,146(r),10203(r)
"Agriculture, forestry, fishing and hunting(606)","Some other race, female-owned",All firms,1383,67779
"Agriculture, forestry, fishing and hunting(606)","Some other race, female-owned",Personal/family savings of owner(s),74,S
"Agriculture, forestry, fishing and hunting(606)","Some other race, female-owned",Personal/family assets other than savings of owner(s),0,0
"Agriculture, forestry, fishing and hunting(606)","Some other race, female-owned",Personal/family home equity loan,0,0
"Agriculture, forestry, fishing and hunting(606)","Some other race, female-owned",Personal credit card(s) carrying balances,0,0
"Agriculture, forestry, fishing and hunting(606)","Some other race, female-owned",Business credit card(s) carrying balances,0,0
"Agriculture, forestry, fishing and hunting(606)","Some other race, female-owned","Business loan from federal, state, or local government",0,0
"Agriculture, forestry, fishing and hunting(606)","Some other race, female-owned",Government-guaranteed business loan from a bank or financial institution,0,0
"Agriculture, forestry, fishing and hunting(606)","Some other race, female-owned",Business loan from a bank or financial institution,0,0
"Agriculture, forestry, fishing and hunting(606)","Some other race, female-owned",Business loan/investment from family/friends,0,0
"Agriculture, forestry, fishing and hunting(606)","Some other race, female-owned",Investment by venture capitalist(s),0,0
"Agriculture, forestry, fishing and hunting(606)","Some other race, female-owned",Grants,0,0
"Agriculture, forestry, fishing and hunting(606)","Some other race, female-owned",Other source(s) of capital,0,0
"Agriculture, forestry, fishing and hunting(606)","Some other race, female-owned",Don't know,27,S
"Agriculture, forestry, fishing and hunting(606)","Some other race, female-owned",None needed,28,S
"Agriculture, forestry, fishing and hunting(606)","Some other race, female-owned",Total reporting,129,S
"Agriculture, forestry, fishing and hunting(606)","Some other race, female-owned",Item not reported,33,S
"Agriculture, forestry, fishing and hunting(606)","Some other race, male-owned",All firms,4338,322333
"Agriculture, forestry, fishing and hunting(606)","Some other race, male-owned",Personal/family savings of owner(s),503,194381
"Agriculture, forestry, fishing and hunting(606)","Some other race, male-owned",Personal/family assets other than savings of owner(s),20,S
"Agriculture, forestry, fishing and hunting(606)","Some other race, male-owned",Personal/family home equity loan,13,S
"Agriculture, forestry, fishing and hunting(606)","Some other race, male-owned",Personal credit card(s) carrying balances,38,S
"Agriculture, forestry, fishing and hunting(606)","Some other race, male-owned",Business credit card(s) carrying balances,9,S
"Agriculture, forestry, fishing and hunting(606)","Some other race, male-owned","Business loan from federal, state, or local government",0,0
"Agriculture, forestry, fishing and hunting(606)","Some other race, male-owned",Government-guaranteed business loan from a bank or financial institution,0,0
"Agriculture, forestry, fishing and hunting(606)","Some other race, male-owned",Business loan from a bank or financial institution,19,S
"Agriculture, forestry, fishing and hunting(606)","Some other race, male-owned",Business loan/investment from family/friends,15,S
"Agriculture, forestry, fishing and hunting(606)","Some other race, male-owned",Investment by venture capitalist(s),7,S
"Agriculture, forestry, fishing and hunting(606)","Some other race, male-owned",Grants,0,0
"Agriculture, forestry, fishing and hunting(606)","Some other race, male-owned",Other source(s) of capital,34,S
"Agriculture, forestry, fishing and hunting(606)","Some other race, male-owned",Don't know,269,49027
"Agriculture, forestry, fishing and hunting(606)","Some other race, male-owned",None needed,272,S
"Agriculture, forestry, fishing and hunting(606)","Some other race, male-owned",Total reporting,1127(r),271732(r)
"Agriculture, forestry, fishing and hunting(606)","Some other race, male-owned",Item not reported,113(r),S
"Agriculture, forestry, fishing and hunting(606)","Some other race, equally male-/female-owned",All firms,307,91342
"Agriculture, forestry, fishing and hunting(606)","Some other race, equally male-/female-owned",Personal/family savings of owner(s),98,54632
"Agriculture, forestry, fishing and hunting(606)","Some other race, equally male-/female-owned",Personal/family assets other than savings of owner(s),2,S
"Agriculture, forestry, fishing and hunting(606)","Some other race, equally male-/female-owned",Personal/family home equity loan,0,0
"Agriculture, forestry, fishing and hunting(606)","Some other race, equally male-/female-owned",Personal credit card(s) carrying balances,63,S
"Agriculture, forestry, fishing and hunting(606)","Some other race, equally male-/female-owned",Business credit card(s) carrying balances,0,0
"Agriculture, forestry, fishing and hunting(606)","Some other race, equally male-/female-owned","Business loan from federal, state, or local government",0,0
"Agriculture, forestry, fishing and hunting(606)","Some other race, equally male-/female-owned",Government-guaranteed business loan from a bank or financial institution,0,0
"Agriculture, forestry, fishing and hunting(606)","Some other race, equally male-/female-owned",Business loan from a bank or financial institution,2,S
"Agriculture, forestry, fishing and hunting(606)","Some other race, equally male-/female-owned",Business loan/investment from family/friends,61,S
"Agriculture, forestry, fishing and hunting(606)","Some other race, equally male-/female-owned",Investment by venture capitalist(s),0,0
"Agriculture, forestry, fishing and hunting(606)","Some other race, equally male-/female-owned",Grants,0,0
"Agriculture, forestry, fishing and hunting(606)","Some other race, equally male-/female-owned",Other source(s) of capital,2,S
"Agriculture, forestry, fishing and hunting(606)","Some other race, equally male-/female-owned",Don't know,29,S
"Agriculture, forestry, fishing and hunting(606)","Some other race, equally male-/female-owned",None needed,8,S
"Agriculture, forestry, fishing and hunting(606)","Some other race, equally male-/female-owned",Total reporting,137,55399
"Agriculture, forestry, fishing and hunting(606)","Some other race, equally male-/female-owned",Item not reported,0,0
"Agriculture, forestry, fishing and hunting(606)",Minority,All firms,36552,2325851
"Agriculture, forestry, fishing and hunting(606)",Minority,Personal/family savings of owner(s),6579,801537
"Agriculture, forestry, fishing and hunting(606)",Minority,Personal/family assets other than savings of owner(s),731,146765
"Agriculture, forestry, fishing and hunting(606)",Minority,Personal/family home equity loan,289,S
"Agriculture, forestry, fishing and hunting(606)",Minority,Personal credit card(s) carrying balances,627,66420
"Agriculture, forestry, fishing and hunting(606)",Minority,Business credit card(s) carrying balances,69,S
"Agriculture, forestry, fishing and hunting(606)",Minority,"Business loan from federal, state, or local government",32,S
"Agriculture, forestry, fishing and hunting(606)",Minority,Government-guaranteed business loan from a bank or financial institution,144,S
"Agriculture, forestry, fishing and hunting(606)",Minority,Business loan from a bank or financial institution,914,195140
"Agriculture, forestry, fishing and hunting(606)",Minority,Business loan/investment from family/friends,341,76954
"Agriculture, forestry, fishing and hunting(606)",Minority,Investment by venture capitalist(s),17,S
"Agriculture, forestry, fishing and hunting(606)",Minority,Grants,180,S
"Agriculture, forestry, fishing and hunting(606)",Minority,Other source(s) of capital,460,61003
"Agriculture, forestry, fishing and hunting(606)",Minority,Don't know,1419,180498
"Agriculture, forestry, fishing and hunting(606)",Minority,None needed,3263,129258
"Agriculture, forestry, fishing and hunting(606)",Minority,Total reporting,12746(r),1320241(r)
"Agriculture, forestry, fishing and hunting(606)",Minority,Item not reported,1064(r),32783(r)
"Agriculture, forestry, fishing and hunting(606)","Minority, female-owned",All firms,8375,364399
"Agriculture, forestry, fishing and hunting(606)","Minority, female-owned",Personal/family savings of owner(s),1101,69471
"Agriculture, forestry, fishing and hunting(606)","Minority, female-owned",Personal/family assets other than savings of owner(s),126,S
"Agriculture, forestry, fishing and hunting(606)","Minority, female-owned",Personal/family home equity loan,140,S
"Agriculture, forestry, fishing and hunting(606)","Minority, female-owned",Personal credit card(s) carrying balances,114,8388
"Agriculture, forestry, fishing and hunting(606)","Minority, female-owned",Business credit card(s) carrying balances,0,0
"Agriculture, forestry, fishing and hunting(606)","Minority, female-owned","Business loan from federal, state, or local government",10,S
"Agriculture, forestry, fishing and hunting(606)","Minority, female-owned",Government-guaranteed business loan from a bank or financial institution,0,0
"Agriculture, forestry, fishing and hunting(606)","Minority, female-owned",Business loan from a bank or financial institution,114,9491
"Agriculture, forestry, fishing and hunting(606)","Minority, female-owned",Business loan/investment from family/friends,2,S
"Agriculture, forestry, fishing and hunting(606)","Minority, female-owned",Investment by venture capitalist(s),10,S
"Agriculture, forestry, fishing and hunting(606)","Minority, female-owned",Grants,0,0
"Agriculture, forestry, fishing and hunting(606)","Minority, female-owned",Other source(s) of capital,67,S
"Agriculture, forestry, fishing and hunting(606)","Minority, female-owned",Don't know,158,16744
"Agriculture, forestry, fishing and hunting(606)","Minority, female-owned",None needed,627,S
"Agriculture, forestry, fishing and hunting(606)","Minority, female-owned",Total reporting,2162,144770
"Agriculture, forestry, fishing and hunting(606)","Minority, female-owned",Item not reported,300,3649
"Agriculture, forestry, fishing and hunting(606)","Minority, male-owned",All firms,26242,1704821
"Agriculture, forestry, fishing and hunting(606)","Minority, male-owned",Personal/family savings of owner(s),4905,607823
"Agriculture, forestry, fishing and hunting(606)","Minority, male-owned",Personal/family assets other than savings of owner(s),483,127695
"Agriculture, forestry, fishing and hunting(606)","Minority, male-owned",Personal/family home equity loan,148,S
"Agriculture, forestry, fishing and hunting(606)","Minority, male-owned",Personal credit card(s) carrying balances,435,38929
"Agriculture, forestry, fishing and hunting(606)","Minority, male-owned",Business credit card(s) carrying balances,61,S
"Agriculture, forestry, fishing and hunting(606)","Minority, male-owned","Business loan from federal, state, or local government",22,S
"Agriculture, forestry, fishing and hunting(606)","Minority, male-owned",Government-guaranteed business loan from a bank or financial institution,122,S
"Agriculture, forestry, fishing and hunting(606)","Minority, male-owned",Business loan from a bank or financial institution,669,142667
"Agriculture, forestry, fishing and hunting(606)","Minority, male-owned",Business loan/investment from family/friends,276,62781
"Agriculture, forestry, fishing and hunting(606)","Minority, male-owned",Investment by venture capitalist(s),7,S
"Agriculture, forestry, fishing and hunting(606)","Minority, male-owned",Grants,180,S
"Agriculture, forestry, fishing and hunting(606)","Minority, male-owned",Other source(s) of capital,322,19751
"Agriculture, forestry, fishing and hunting(606)","Minority, male-owned",Don't know,1188,149888
"Agriculture, forestry, fishing and hunting(606)","Minority, male-owned",None needed,2600,99357
"Agriculture, forestry, fishing and hunting(606)","Minority, male-owned",Total reporting,9829(r),993962(r)
"Agriculture, forestry, fishing and hunting(606)","Minority, male-owned",Item not reported,762(r),S
"Agriculture, forestry, fishing and hunting(606)","Minority, equally male-/female-owned",All firms,1935,256631
"Agriculture, forestry, fishing and hunting(606)","Minority, equally male-/female-owned",Personal/family savings of owner(s),573,124243
"Agriculture, forestry, fishing and hunting(606)","Minority, equally male-/female-owned",Personal/family assets other than savings of owner(s),123,S
"Agriculture, forestry, fishing and hunting(606)","Minority, equally male-/female-owned",Personal/family home equity loan,0,0
"Agriculture, forestry, fishing and hunting(606)","Minority, equally male-/female-owned",Personal credit card(s) carrying balances,77,S
"Agriculture, forestry, fishing and hunting(606)","Minority, equally male-/female-owned",Business credit card(s) carrying balances,8,S
"Agriculture, forestry, fishing and hunting(606)","Minority, equally male-/female-owned","Business loan from federal, state, or local government",0,0
"Agriculture, forestry, fishing and hunting(606)","Minority, equally male-/female-owned",Government-guaranteed business loan from a bank or financial institution,22,S
"Agriculture, forestry, fishing and hunting(606)","Minority, equally male-/female-owned",Business loan from a bank or financial institution,131,S
"Agriculture, forestry, fishing and hunting(606)","Minority, equally male-/female-owned",Business loan/investment from family/friends,63,S
"Agriculture, forestry, fishing and hunting(606)","Minority, equally male-/female-owned",Investment by venture capitalist(s),0,0
"Agriculture, forestry, fishing and hunting(606)","Minority, equally male-/female-owned",Grants,0,0
"Agriculture, forestry, fishing and hunting(606)","Minority, equally male-/female-owned",Other source(s) of capital,71,S
"Agriculture, forestry, fishing and hunting(606)","Minority, equally male-/female-owned",Don't know,73,S
"Agriculture, forestry, fishing and hunting(606)","Minority, equally male-/female-owned",None needed,36,S
"Agriculture, forestry, fishing and hunting(606)","Minority, equally male-/female-owned",Total reporting,755,181508
"Agriculture, forestry, fishing and hunting(606)","Minority, equally male-/female-owned",Item not reported,2,S
"Agriculture, forestry, fishing and hunting(606)",Equally minority/nonminority,All firms,1870,287726
"Agriculture, forestry, fishing and hunting(606)",Equally minority/nonminority,Personal/family savings of owner(s),1286,172486
"Agriculture, forestry, fishing and hunting(606)",Equally minority/nonminority,Personal/family assets other than savings of owner(s),248,19629
"Agriculture, forestry, fishing and hunting(606)",Equally minority/nonminority,Personal/family home equity loan,21,S
"Agriculture, forestry, fishing and hunting(606)",Equally minority/nonminority,Personal credit card(s) carrying balances,248,S
"Agriculture, forestry, fishing and hunting(606)",Equally minority/nonminority,Business credit card(s) carrying balances,32,S
"Agriculture, forestry, fishing and hunting(606)",Equally minority/nonminority,"Business loan from federal, state, or local government",66,S
"Agriculture, forestry, fishing and hunting(606)",Equally minority/nonminority,Government-guaranteed business loan from a bank or financial institution,2,S
"Agriculture, forestry, fishing and hunting(606)",Equally minority/nonminority,Business loan from a bank or financial institution,209,97448
"Agriculture, forestry, fishing and hunting(606)",Equally minority/nonminority,Business loan/investment from family/friends,60,S
"Agriculture, forestry, fishing and hunting(606)",Equally minority/nonminority,Investment by venture capitalist(s),0,0
"Agriculture, forestry, fishing and hunting(606)",Equally minority/nonminority,Grants,14,S
"Agriculture, forestry, fishing and hunting(606)",Equally minority/nonminority,Other source(s) of capital,38,S
"Agriculture, forestry, fishing and hunting(606)",Equally minority/nonminority,Don't know,73,24259
"Agriculture, forestry, fishing and hunting(606)",Equally minority/nonminority,None needed,187,4189
"Agriculture, forestry, fishing and hunting(606)",Equally minority/nonminority,Total reporting,1775,240606
"Agriculture, forestry, fishing and hunting(606)",Equally minority/nonminority,Item not reported,0,0
"Agriculture, forestry, fishing and hunting(606)","Equally minority/nonminority, female-owned",All firms,23,S
"Agriculture, forestry, fishing and hunting(606)","Equally minority/nonminority, female-owned",Personal/family savings of owner(s),0,S
"Agriculture, forestry, fishing and hunting(606)","Equally minority/nonminority, female-owned",Personal/family assets other than savings of owner(s),0,S
"Agriculture, forestry, fishing and hunting(606)","Equally minority/nonminority, female-owned",Personal/family home equity loan,0,S
"Agriculture, forestry, fishing and hunting(606)","Equally minority/nonminority, female-owned",Personal credit card(s) carrying balances,0,S
"Agriculture, forestry, fishing and hunting(606)","Equally minority/nonminority, female-owned",Business credit card(s) carrying balances,0,S
"Agriculture, forestry, fishing and hunting(606)","Equally minority/nonminority, female-owned","Business loan from federal, state, or local government",0,S
"Agriculture, forestry, fishing and hunting(606)","Equally minority/nonminority, female-owned",Government-guaranteed business loan from a bank or financial institution,0,S
"Agriculture, forestry, fishing and hunting(606)","Equally minority/nonminority, female-owned",Business loan from a bank or financial institution,0,S
"Agriculture, forestry, fishing and hunting(606)","Equally minority/nonminority, female-owned",Business loan/investment from family/friends,0,S
"Agriculture, forestry, fishing and hunting(606)","Equally minority/nonminority, female-owned",Investment by venture capitalist(s),0,S
"Agriculture, forestry, fishing and hunting(606)","Equally minority/nonminority, female-owned",Grants,0,S
"Agriculture, forestry, fishing and hunting(606)","Equally minority/nonminority, female-owned",Other source(s) of capital,0,S
"Agriculture, forestry, fishing and hunting(606)","Equally minority/nonminority, female-owned",Don't know,58,S
"Agriculture, forestry, fishing and hunting(606)","Equally minority/nonminority, female-owned",None needed,0,S
"Agriculture, forestry, fishing and hunting(606)","Equally minority/nonminority, female-owned",Total reporting,58,S
"Agriculture, forestry, fishing and hunting(606)","Equally minority/nonminority, female-owned",Item not reported,0,S
"Agriculture, forestry, fishing and hunting(606)","Equally minority/nonminority, male-owned",All firms,208,70694
"Agriculture, forestry, fishing and hunting(606)","Equally minority/nonminority, male-owned",Personal/family savings of owner(s),145,S
"Agriculture, forestry, fishing and hunting(606)","Equally minority/nonminority, male-owned",Personal/family assets other than savings of owner(s),2,S
"Agriculture, forestry, fishing and hunting(606)","Equally minority/nonminority, male-owned",Personal/family home equity loan,2,S
"Agriculture, forestry, fishing and hunting(606)","Equally minority/nonminority, male-owned",Personal credit card(s) carrying balances,0,0
"Agriculture, forestry, fishing and hunting(606)","Equally minority/nonminority, male-owned",Business credit card(s) carrying balances,0,0
"Agriculture, forestry, fishing and hunting(606)","Equally minority/nonminority, male-owned","Business loan from federal, state, or local government",2,S
"Agriculture, forestry, fishing and hunting(606)","Equally minority/nonminority, male-owned",Government-guaranteed business loan from a bank or financial institution,2,S
"Agriculture, forestry, fishing and hunting(606)","Equally minority/nonminority, male-owned",Business loan from a bank or financial institution,10,S
"Agriculture, forestry, fishing and hunting(606)","Equally minority/nonminority, male-owned",Business loan/investment from family/friends,0,0
"Agriculture, forestry, fishing and hunting(606)","Equally minority/nonminority, male-owned",Investment by venture capitalist(s),0,0
"Agriculture, forestry, fishing and hunting(606)","Equally minority/nonminority, male-owned",Grants,0,0
"Agriculture, forestry, fishing and hunting(606)","Equally minority/nonminority, male-owned",Other source(s) of capital,5,S
"Agriculture, forestry, fishing and hunting(606)","Equally minority/nonminority, male-owned",Don't know,4,S
"Agriculture, forestry, fishing and hunting(606)","Equally minority/nonminority, male-owned",None needed,46,S
"Agriculture, forestry, fishing and hunting(606)","Equally minority/nonminority, male-owned",Total reporting,203,41150
"Agriculture, forestry, fishing and hunting(606)","Equally minority/nonminority, male-owned",Item not reported,0,0
"Agriculture, forestry, fishing and hunting(606)","Equally minority/nonminority, equally male-/female-owned",All firms,1639,216916
"Agriculture, forestry, fishing and hunting(606)","Equally minority/nonminority, equally male-/female-owned",Personal/family savings of owner(s),1140,150112
"Agriculture, forestry, fishing and hunting(606)","Equally minority/nonminority, equally male-/female-owned",Personal/family assets other than savings of owner(s),246,S
"Agriculture, forestry, fishing and hunting(606)","Equally minority/nonminority, equally male-/female-owned",Personal/family home equity loan,19,1954
"Agriculture, forestry, fishing and hunting(606)","Equally minority/nonminority, equally male-/female-owned",Personal credit card(s) carrying balances,248,S
"Agriculture, forestry, fishing and hunting(606)","Equally minority/nonminority, equally male-/female-owned",Business credit card(s) carrying balances,32,S
"Agriculture, forestry, fishing and hunting(606)","Equally minority/nonminority, equally male-/female-owned","Business loan from federal, state, or local government",64,S
"Agriculture, forestry, fishing and hunting(606)","Equally minority/nonminority, equally male-/female-owned",Government-guaranteed business loan from a bank or financial institution,0,0
"Agriculture, forestry, fishing and hunting(606)","Equally minority/nonminority, equally male-/female-owned",Business loan from a bank or financial institution,199,81102
"Agriculture, forestry, fishing and hunting(606)","Equally minority/nonminority, equally male-/female-owned",Business loan/investment from family/friends,60,S
"Agriculture, forestry, fishing and hunting(606)","Equally minority/nonminority, equally male-/female-owned",Investment by venture capitalist(s),0,0
"Agriculture, forestry, fishing and hunting(606)","Equally minority/nonminority, equally male-/female-owned",Grants,14,S
"Agriculture, forestry, fishing and hunting(606)","Equally minority/nonminority, equally male-/female-owned",Other source(s) of capital,33,S
"Agriculture, forestry, fishing and hunting(606)","Equally minority/nonminority, equally male-/female-owned",Don't know,11,S
"Agriculture, forestry, fishing and hunting(606)","Equally minority/nonminority, equally male-/female-owned",None needed,141,3864
"Agriculture, forestry, fishing and hunting(606)","Equally minority/nonminority, equally male-/female-owned",Total reporting,1514,199168
"Agriculture, forestry, fishing and hunting(606)","Equally minority/nonminority, equally male-/female-owned",Item not reported,0,0
"Agriculture, forestry, fishing and hunting(606)",Nonminority,All firms,215572,30416499
"Agriculture, forestry, fishing and hunting(606)",Nonminority,Personal/family savings of owner(s),82129,11304556
"Agriculture, forestry, fishing and hunting(606)",Nonminority,Personal/family assets other than savings of owner(s),11686,2664676
"Agriculture, forestry, fishing and hunting(606)",Nonminority,Personal/family home equity loan,5062,937754
"Agriculture, forestry, fishing and hunting(606)",Nonminority,Personal credit card(s) carrying balances,8529,986290
"Agriculture, forestry, fishing and hunting(606)",Nonminority,Business credit card(s) carrying balances,2065,394986
"Agriculture, forestry, fishing and hunting(606)",Nonminority,"Business loan from federal, state, or local government",744,135333
"Agriculture, forestry, fishing and hunting(606)",Nonminority,Government-guaranteed business loan from a bank or financial institution,806,257949
"Agriculture, forestry, fishing and hunting(606)",Nonminority,Business loan from a bank or financial institution,19970,6931761
"Agriculture, forestry, fishing and hunting(606)",Nonminority,Business loan/investment from family/friends,2809,917865
"Agriculture, forestry, fishing and hunting(606)",Nonminority,Investment by venture capitalist(s),159,13768
"Agriculture, forestry, fishing and hunting(606)",Nonminority,Grants,88,S
"Agriculture, forestry, fishing and hunting(606)",Nonminority,Other source(s) of capital,2474,490324
"Agriculture, forestry, fishing and hunting(606)",Nonminority,Don't know,10757,3472041
"Agriculture, forestry, fishing and hunting(606)",Nonminority,None needed,28036,1519174
"Agriculture, forestry, fishing and hunting(606)",Nonminority,Total reporting,141911(r),21675794(r)
"Agriculture, forestry, fishing and hunting(606)",Nonminority,Item not reported,4621(r),335232(r)
"Agriculture, forestry, fishing and hunting(606)","Nonminority, female-owned",All firms,28622,2552994
"Agriculture, forestry, fishing and hunting(606)","Nonminority, female-owned",Personal/family savings of owner(s),8720,756803
"Agriculture, forestry, fishing and hunting(606)","Nonminority, female-owned",Personal/family assets other than savings of owner(s),1563,214572
"Agriculture, forestry, fishing and hunting(606)","Nonminority, female-owned",Personal/family home equity loan,535,49332
"Agriculture, forestry, fishing and hunting(606)","Nonminority, female-owned",Personal credit card(s) carrying balances,1254,83490
"Agriculture, forestry, fishing and hunting(606)","Nonminority, female-owned",Business credit card(s) carrying balances,402,29072
"Agriculture, forestry, fishing and hunting(606)","Nonminority, female-owned","Business loan from federal, state, or local government",31,S
"Agriculture, forestry, fishing and hunting(606)","Nonminority, female-owned",Government-guaranteed business loan from a bank or financial institution,29,S
"Agriculture, forestry, fishing and hunting(606)","Nonminority, female-owned",Business loan from a bank or financial institution,814,244656
"Agriculture, forestry, fishing and hunting(606)","Nonminority, female-owned",Business loan/investment from family/friends,287,37702
"Agriculture, forestry, fishing and hunting(606)","Nonminority, female-owned",Investment by venture capitalist(s),0,0
"Agriculture, forestry, fishing and hunting(606)","Nonminority, female-owned",Grants,4,S
"Agriculture, forestry, fishing and hunting(606)","Nonminority, female-owned",Other source(s) of capital,168,6431
"Agriculture, forestry, fishing and hunting(606)","Nonminority, female-owned",Don't know,1118,219627
"Agriculture, forestry, fishing and hunting(606)","Nonminority, female-owned",None needed,4034,130724
"Agriculture, forestry, fishing and hunting(606)","Nonminority, female-owned",Total reporting,15536(r),1385426(r)
"Agriculture, forestry, fishing and hunting(606)","Nonminority, female-owned",Item not reported,526(r),S
"Agriculture, forestry, fishing and hunting(606)","Nonminority, male-owned",All firms,159766,22748529
"Agriculture, forestry, fishing and hunting(606)","Nonminority, male-owned",Personal/family savings of owner(s),57883,8047961
"Agriculture, forestry, fishing and hunting(606)","Nonminority, male-owned",Personal/family assets other than savings of owner(s),7362,1864096
"Agriculture, forestry, fishing and hunting(606)","Nonminority, male-owned",Personal/family home equity loan,2915,705158
"Agriculture, forestry, fishing and hunting(606)","Nonminority, male-owned",Personal credit card(s) carrying balances,5297,657002
"Agriculture, forestry, fishing and hunting(606)","Nonminority, male-owned",Business credit card(s) carrying balances,1275,280317
"Agriculture, forestry, fishing and hunting(606)","Nonminority, male-owned","Business loan from federal, state, or local government",474,65305
"Agriculture, forestry, fishing and hunting(606)","Nonminority, male-owned",Government-guaranteed business loan from a bank or financial institution,320,S
"Agriculture, forestry, fishing and hunting(606)","Nonminority, male-owned",Business loan from a bank or financial institution,14141,4963999
"Agriculture, forestry, fishing and hunting(606)","Nonminority, male-owned",Business loan/investment from family/friends,2037,688145
"Agriculture, forestry, fishing and hunting(606)","Nonminority, male-owned",Investment by venture capitalist(s),100,7027
"Agriculture, forestry, fishing and hunting(606)","Nonminority, male-owned",Grants,84,6049
"Agriculture, forestry, fishing and hunting(606)","Nonminority, male-owned",Other source(s) of capital,1742,412857
"Agriculture, forestry, fishing and hunting(606)","Nonminority, male-owned",Don't know,8165,2821224
"Agriculture, forestry, fishing and hunting(606)","Nonminority, male-owned",None needed,22226,1116123
"Agriculture, forestry, fishing and hunting(606)","Nonminority, male-owned",Total reporting,103598(r),16008067(r)
"Agriculture, forestry, fishing and hunting(606)","Nonminority, male-owned",Item not reported,3758(r),251307(r)
"Agriculture, forestry, fishing and hunting(606)","Nonminority, equally male-/female-owned",All firms,27184,5114977
"Agriculture, forestry, fishing and hunting(606)","Nonminority, equally male-/female-owned",Personal/family savings of owner(s),15526,2499792
"Agriculture, forestry, fishing and hunting(606)","Nonminority, equally male-/female-owned",Personal/family assets other than savings of owner(s),2760,586008
"Agriculture, forestry, fishing and hunting(606)","Nonminority, equally male-/female-owned",Personal/family home equity loan,1612,183265
"Agriculture, forestry, fishing and hunting(606)","Nonminority, equally male-/female-owned",Personal credit card(s) carrying balances,1978,245798
"Agriculture, forestry, fishing and hunting(606)","Nonminority, equally male-/female-owned",Business credit card(s) carrying balances,388,85597
"Agriculture, forestry, fishing and hunting(606)","Nonminority, equally male-/female-owned","Business loan from federal, state, or local government",238,S
"Agriculture, forestry, fishing and hunting(606)","Nonminority, equally male-/female-owned",Government-guaranteed business loan from a bank or financial institution,456,105730
"Agriculture, forestry, fishing and hunting(606)","Nonminority, equally male-/female-owned",Business loan from a bank or financial institution,5015,1723106
"Agriculture, forestry, fishing and hunting(606)","Nonminority, equally male-/female-owned",Business loan/investment from family/friends,485,192018
"Agriculture, forestry, fishing and hunting(606)","Nonminority, equally male-/female-owned",Investment by venture capitalist(s),59,S
"Agriculture, forestry, fishing and hunting(606)","Nonminority, equally male-/female-owned",Grants,0,0
"Agriculture, forestry, fishing and hunting(606)","Nonminority, equally male-/female-owned",Other source(s) of capital,563,71037
"Agriculture, forestry, fishing and hunting(606)","Nonminority, equally male-/female-owned",Don't know,1475,431190
"Agriculture, forestry, fishing and hunting(606)","Nonminority, equally male-/female-owned",None needed,1776,272328
"Agriculture, forestry, fishing and hunting(606)","Nonminority, equally male-/female-owned",Total reporting,22777(r),4282302(r)
"Agriculture, forestry, fishing and hunting(606)","Nonminority, equally male-/female-owned",Item not reported,336(r),S
"Agriculture, forestry, fishing and hunting(606)",Veteran,All firms,28943,2892967
"Agriculture, forestry, fishing and hunting(606)",Veteran,Personal/family savings of owner(s),10081,797053
"Agriculture, forestry, fishing and hunting(606)",Veteran,Personal/family assets other than savings of owner(s),1106,202744
"Agriculture, forestry, fishing and hunting(606)",Veteran,Personal/family home equity loan,527,32884
"Agriculture, forestry, fishing and hunting(606)",Veteran,Personal credit card(s) carrying balances,792,S
"Agriculture, forestry, fishing and hunting(606)",Veteran,Business credit card(s) carrying balances,155,17227
"Agriculture, forestry, fishing and hunting(606)",Veteran,"Business loan from federal, state, or local government",0,0
"Agriculture, forestry, fishing and hunting(606)",Veteran,Government-guaranteed business loan from a bank or financial institution,109,S
"Agriculture, forestry, fishing and hunting(606)",Veteran,Business loan from a bank or financial institution,1726,407584
"Agriculture, forestry, fishing and hunting(606)",Veteran,Business loan/investment from family/friends,238,48494
"Agriculture, forestry, fishing and hunting(606)",Veteran,Investment by venture capitalist(s),10,S
"Agriculture, forestry, fishing and hunting(606)",Veteran,Grants,19,S
"Agriculture, forestry, fishing and hunting(606)",Veteran,Other source(s) of capital,226,30070
"Agriculture, forestry, fishing and hunting(606)",Veteran,Don't know,900,107105
"Agriculture, forestry, fishing and hunting(606)",Veteran,None needed,3680,115697
"Agriculture, forestry, fishing and hunting(606)",Veteran,Total reporting,16713(r),1387668(r)
"Agriculture, forestry, fishing and hunting(606)",Veteran,Item not reported,1027(r),75294(r)
"Agriculture, forestry, fishing and hunting(606)","Veteran, female-owned",All firms,2134,51303
"Agriculture, forestry, fishing and hunting(606)","Veteran, female-owned",Personal/family savings of owner(s),337,S
"Agriculture, forestry, fishing and hunting(606)","Veteran, female-owned",Personal/family assets other than savings of owner(s),58,S
"Agriculture, forestry, fishing and hunting(606)","Veteran, female-owned",Personal/family home equity loan,0,0
"Agriculture, forestry, fishing and hunting(606)","Veteran, female-owned",Personal credit card(s) carrying balances,58,S
"Agriculture, forestry, fishing and hunting(606)","Veteran, female-owned",Business credit card(s) carrying balances,58,S
"Agriculture, forestry, fishing and hunting(606)","Veteran, female-owned","Business loan from federal, state, or local government",0,0
"Agriculture, forestry, fishing and hunting(606)","Veteran, female-owned",Government-guaranteed business loan from a bank or financial institution,0,0
"Agriculture, forestry, fishing and hunting(606)","Veteran, female-owned",Business loan from a bank or financial institution,58,S
"Agriculture, forestry, fishing and hunting(606)","Veteran, female-owned",Business loan/investment from family/friends,58,S
"Agriculture, forestry, fishing and hunting(606)","Veteran, female-owned",Investment by venture capitalist(s),0,0
"Agriculture, forestry, fishing and hunting(606)","Veteran, female-owned",Grants,0,0
"Agriculture, forestry, fishing and hunting(606)","Veteran, female-owned",Other source(s) of capital,14,S
"Agriculture, forestry, fishing and hunting(606)","Veteran, female-owned",Don't know,22,S
"Agriculture, forestry, fishing and hunting(606)","Veteran, female-owned",None needed,68,S
"Agriculture, forestry, fishing and hunting(606)","Veteran, female-owned",Total reporting,441,S
"Agriculture, forestry, fishing and hunting(606)","Veteran, female-owned",Item not reported,117,S
"Agriculture, forestry, fishing and hunting(606)","Veteran, male-owned",All firms,26635,2817309
"Agriculture, forestry, fishing and hunting(606)","Veteran, male-owned",Personal/family savings of owner(s),9686,776730
"Agriculture, forestry, fishing and hunting(606)","Veteran, male-owned",Personal/family assets other than savings of owner(s),1048,199173
"Agriculture, forestry, fishing and hunting(606)","Veteran, male-owned",Personal/family home equity loan,470,32769
"Agriculture, forestry, fishing and hunting(606)","Veteran, male-owned",Personal credit card(s) carrying balances,735,S
"Agriculture, forestry, fishing and hunting(606)","Veteran, male-owned",Business credit card(s) carrying balances,97,S
"Agriculture, forestry, fishing and hunting(606)","Veteran, male-owned","Business loan from federal, state, or local government",0,0
"Agriculture, forestry, fishing and hunting(606)","Veteran, male-owned",Government-guaranteed business loan from a bank or financial institution,109,S
"Agriculture, forestry, fishing and hunting(606)","Veteran, male-owned",Business loan from a bank or financial institution,1611,403898
"Agriculture, forestry, fishing and hunting(606)","Veteran, male-owned",Business loan/investment from family/friends,123,44808
"Agriculture, forestry, fishing and hunting(606)","Veteran, male-owned",Investment by venture capitalist(s),10,S
"Agriculture, forestry, fishing and hunting(606)","Veteran, male-owned",Grants,19,S
"Agriculture, forestry, fishing and hunting(606)","Veteran, male-owned",Other source(s) of capital,212,29827
"Agriculture, forestry, fishing and hunting(606)","Veteran, male-owned",Don't know,877,107036
"Agriculture, forestry, fishing and hunting(606)","Veteran, male-owned",None needed,3612,114734
"Agriculture, forestry, fishing and hunting(606)","Veteran, male-owned",Total reporting,16214(r),1366070(r)
"Agriculture, forestry, fishing and hunting(606)","Veteran, male-owned",Item not reported,910(r),72962(r)
"Agriculture, forestry, fishing and hunting(606)","Veteran, equally male-/female-owned",All firms,174,S
"Agriculture, forestry, fishing and hunting(606)","Veteran, equally male-/female-owned",Personal/family savings of owner(s),58,S
"Agriculture, forestry, fishing and hunting(606)","Veteran, equally male-/female-owned",Personal/family assets other than savings of owner(s),0,S
"Agriculture, forestry, fishing and hunting(606)","Veteran, equally male-/female-owned",Personal/family home equity loan,58,S
"Agriculture, forestry, fishing and hunting(606)","Veteran, equally male-/female-owned",Personal credit card(s) carrying balances,0,S
"Agriculture, forestry, fishing and hunting(606)","Veteran, equally male-/female-owned",Business credit card(s) carrying balances,0,S
"Agriculture, forestry, fishing and hunting(606)","Veteran, equally male-/female-owned","Business loan from federal, state, or local government",0,S
"Agriculture, forestry, fishing and hunting(606)","Veteran, equally male-/female-owned",Government-guaranteed business loan from a bank or financial institution,0,S
"Agriculture, forestry, fishing and hunting(606)","Veteran, equally male-/female-owned",Business loan from a bank or financial institution,58,S
"Agriculture, forestry, fishing and hunting(606)","Veteran, equally male-/female-owned",Business loan/investment from family/friends,58,S
"Agriculture, forestry, fishing and hunting(606)","Veteran, equally male-/female-owned",Investment by venture capitalist(s),0,S
"Agriculture, forestry, fishing and hunting(606)","Veteran, equally male-/female-owned",Grants,0,S
"Agriculture, forestry, fishing and hunting(606)","Veteran, equally male-/female-owned",Other source(s) of capital,0,S
"Agriculture, forestry, fishing and hunting(606)","Veteran, equally male-/female-owned",Don't know,0,S
"Agriculture, forestry, fishing and hunting(606)","Veteran, equally male-/female-owned",None needed,0,S
"Agriculture, forestry, fishing and hunting(606)","Veteran, equally male-/female-owned",Total reporting,58,S
"Agriculture, forestry, fishing and hunting(606)","Veteran, equally male-/female-owned",Item not reported,0,S
"Agriculture, forestry, fishing and hunting(606)","Veteran, Hispanic",All firms,1042,51536
"Agriculture, forestry, fishing and hunting(606)","Veteran, Hispanic",Personal/family savings of owner(s),81,27542
"Agriculture, forestry, fishing and hunting(606)","Veteran, Hispanic",Personal/family assets other than savings of owner(s),4,S
"Agriculture, forestry, fishing and hunting(606)","Veteran, Hispanic",Personal/family home equity loan,0,0
"Agriculture, forestry, fishing and hunting(606)","Veteran, Hispanic",Personal credit card(s) carrying balances,58,S
"Agriculture, forestry, fishing and hunting(606)","Veteran, Hispanic",Business credit card(s) carrying balances,0,0
"Agriculture, forestry, fishing and hunting(606)","Veteran, Hispanic","Business loan from federal, state, or local government",0,0
"Agriculture, forestry, fishing and hunting(606)","Veteran, Hispanic",Government-guaranteed business loan from a bank or financial institution,0,0
"Agriculture, forestry, fishing and hunting(606)","Veteran, Hispanic",Business loan from a bank or financial institution,0,0
"Agriculture, forestry, fishing and hunting(606)","Veteran, Hispanic",Business loan/investment from family/friends,0,0
"Agriculture, forestry, fishing and hunting(606)","Veteran, Hispanic",Investment by venture capitalist(s),0,0
"Agriculture, forestry, fishing and hunting(606)","Veteran, Hispanic",Grants,0,0
"Agriculture, forestry, fishing and hunting(606)","Veteran, Hispanic",Other source(s) of capital,0,0
"Agriculture, forestry, fishing and hunting(606)","Veteran, Hispanic",Don't know,15,S
"Agriculture, forestry, fishing and hunting(606)","Veteran, Hispanic",None needed,13,S
"Agriculture, forestry, fishing and hunting(606)","Veteran, Hispanic",Total reporting,169(r),50053(r)
"Agriculture, forestry, fishing and hunting(606)","Veteran, Hispanic",Item not reported,61(r),S
"Agriculture, forestry, fishing and hunting(606)","Veteran, equally Hispanic/non-Hispanic",All firms,0,0
"Agriculture, forestry, fishing and hunting(606)","Veteran, equally Hispanic/non-Hispanic",Personal/family savings of owner(s),0,0
"Agriculture, forestry, fishing and hunting(606)","Veteran, equally Hispanic/non-Hispanic",Personal/family assets other than savings of owner(s),0,0
"Agriculture, forestry, fishing and hunting(606)","Veteran, equally Hispanic/non-Hispanic",Personal/family home equity loan,0,0
"Agriculture, forestry, fishing and hunting(606)","Veteran, equally Hispanic/non-Hispanic",Personal credit card(s) carrying balances,0,0
"Agriculture, forestry, fishing and hunting(606)","Veteran, equally Hispanic/non-Hispanic",Business credit card(s) carrying balances,0,0
"Agriculture, forestry, fishing and hunting(606)","Veteran, equally Hispanic/non-Hispanic","Business loan from federal, state, or local government",0,0
"Agriculture, forestry, fishing and hunting(606)","Veteran, equally Hispanic/non-Hispanic",Government-guaranteed business loan from a bank or financial institution,0,0
"Agriculture, forestry, fishing and hunting(606)","Veteran, equally Hispanic/non-Hispanic",Business loan from a bank or financial institution,0,0
"Agriculture, forestry, fishing and hunting(606)","Veteran, equally Hispanic/non-Hispanic",Business loan/investment from family/friends,0,0
"Agriculture, forestry, fishing and hunting(606)","Veteran, equally Hispanic/non-Hispanic",Investment by venture capitalist(s),0,0
"Agriculture, forestry, fishing and hunting(606)","Veteran, equally Hispanic/non-Hispanic",Grants,0,0
"Agriculture, forestry, fishing and hunting(606)","Veteran, equally Hispanic/non-Hispanic",Other source(s) of capital,0,0
"Agriculture, forestry, fishing and hunting(606)","Veteran, equally Hispanic/non-Hispanic",Don't know,0,0
"Agriculture, forestry, fishing and hunting(606)","Veteran, equally Hispanic/non-Hispanic",None needed,0,0
"Agriculture, forestry, fishing and hunting(606)","Veteran, equally Hispanic/non-Hispanic",Total reporting,0,0
"Agriculture, forestry, fishing and hunting(606)","Veteran, equally Hispanic/non-Hispanic",Item not reported,0,0
"Agriculture, forestry, fishing and hunting(606)","Veteran, non-Hispanic",All firms,27901,2841430
"Agriculture, forestry, fishing and hunting(606)","Veteran, non-Hispanic",Personal/family savings of owner(s),10000,769511
"Agriculture, forestry, fishing and hunting(606)","Veteran, non-Hispanic",Personal/family assets other than savings of owner(s),1102,202091
"Agriculture, forestry, fishing and hunting(606)","Veteran, non-Hispanic",Personal/family home equity loan,527,32884
"Agriculture, forestry, fishing and hunting(606)","Veteran, non-Hispanic",Personal credit card(s) carrying balances,735,S
"Agriculture, forestry, fishing and hunting(606)","Veteran, non-Hispanic",Business credit card(s) carrying balances,155,17227
"Agriculture, forestry, fishing and hunting(606)","Veteran, non-Hispanic","Business loan from federal, state, or local government",0,0
"Agriculture, forestry, fishing and hunting(606)","Veteran, non-Hispanic",Government-guaranteed business loan from a bank or financial institution,109,S
"Agriculture, forestry, fishing and hunting(606)","Veteran, non-Hispanic",Business loan from a bank or financial institution,1726,407584
"Agriculture, forestry, fishing and hunting(606)","Veteran, non-Hispanic",Business loan/investment from family/friends,238,48494
"Agriculture, forestry, fishing and hunting(606)","Veteran, non-Hispanic",Investment by venture capitalist(s),10,S
"Agriculture, forestry, fishing and hunting(606)","Veteran, non-Hispanic",Grants,19,S
"Agriculture, forestry, fishing and hunting(606)","Veteran, non-Hispanic",Other source(s) of capital,226,30070
"Agriculture, forestry, fishing and hunting(606)","Veteran, non-Hispanic",Don't know,885,107090
"Agriculture, forestry, fishing and hunting(606)","Veteran, non-Hispanic",None needed,3666,94873
"Agriculture, forestry, fishing and hunting(606)","Veteran, non-Hispanic",Total reporting,16544(r),1337615(r)
"Agriculture, forestry, fishing and hunting(606)","Veteran, non-Hispanic",Item not reported,965(r),68840(r)
"Agriculture, forestry, fishing and hunting(606)","Veteran, White",All firms,26965,2810460
"Agriculture, forestry, fishing and hunting(606)","Veteran, White",Personal/family savings of owner(s),9895,774031
"Agriculture, forestry, fishing and hunting(606)","Veteran, White",Personal/family assets other than savings of owner(s),1091,202699
"Agriculture, forestry, fishing and hunting(606)","Veteran, White",Personal/family home equity loan,527,32884
"Agriculture, forestry, fishing and hunting(606)","Veteran, White",Personal credit card(s) carrying balances,792,S
"Agriculture, forestry, fishing and hunting(606)","Veteran, White",Business credit card(s) carrying balances,155,17227
"Agriculture, forestry, fishing and hunting(606)","Veteran, White","Business loan from federal, state, or local government",0,0
"Agriculture, forestry, fishing and hunting(606)","Veteran, White",Government-guaranteed business loan from a bank or financial institution,109,S
"Agriculture, forestry, fishing and hunting(606)","Veteran, White",Business loan from a bank or financial institution,1705,393067
"Agriculture, forestry, fishing and hunting(606)","Veteran, White",Business loan/investment from family/friends,232,36450
"Agriculture, forestry, fishing and hunting(606)","Veteran, White",Investment by venture capitalist(s),10,S
"Agriculture, forestry, fishing and hunting(606)","Veteran, White",Grants,19,S
"Agriculture, forestry, fishing and hunting(606)","Veteran, White",Other source(s) of capital,226,30070
"Agriculture, forestry, fishing and hunting(606)","Veteran, White",Don't know,830,99448
"Agriculture, forestry, fishing and hunting(606)","Veteran, White",None needed,3595,115222
"Agriculture, forestry, fishing and hunting(606)","Veteran, White",Total reporting,16359(r),1355415(r)
"Agriculture, forestry, fishing and hunting(606)","Veteran, White",Item not reported,968(r),74926(r)
"Agriculture, forestry, fishing and hunting(606)","Veteran, Black or African American",All firms,691,30808
"Agriculture, forestry, fishing and hunting(606)","Veteran, Black or African American",Personal/family savings of owner(s),113,S
"Agriculture, forestry, fishing and hunting(606)","Veteran, Black or African American",Personal/family assets other than savings of owner(s),15,S
"Agriculture, forestry, fishing and hunting(606)","Veteran, Black or African American",Personal/family home equity loan,0,0
"Agriculture, forestry, fishing and hunting(606)","Veteran, Black or African American",Personal credit card(s) carrying balances,0,0
"Agriculture, forestry, fishing and hunting(606)","Veteran, Black or African American",Business credit card(s) carrying balances,0,0
"Agriculture, forestry, fishing and hunting(606)","Veteran, Black or African American","Business loan from federal, state, or local government",0,0
"Agriculture, forestry, fishing and hunting(606)","Veteran, Black or African American",Government-guaranteed business loan from a bank or financial institution,0,0
"Agriculture, forestry, fishing and hunting(606)","Veteran, Black or African American",Business loan from a bank or financial institution,10,S
"Agriculture, forestry, fishing and hunting(606)","Veteran, Black or African American",Business loan/investment from family/friends,0,0
"Agriculture, forestry, fishing and hunting(606)","Veteran, Black or African American",Investment by venture capitalist(s),0,0
"Agriculture, forestry, fishing and hunting(606)","Veteran, Black or African American",Grants,0,0
"Agriculture, forestry, fishing and hunting(606)","Veteran, Black or African American",Other source(s) of capital,0,0
"Agriculture, forestry, fishing and hunting(606)","Veteran, Black or African American",Don't know,2,S
"Agriculture, forestry, fishing and hunting(606)","Veteran, Black or African American",None needed,7,S
"Agriculture, forestry, fishing and hunting(606)","Veteran, Black or African American",Total reporting,132,S
"Agriculture, forestry, fishing and hunting(606)","Veteran, Black or African American",Item not reported,36,S
"Agriculture, forestry, fishing and hunting(606)","Veteran, American Indian and Alaska Native",All firms,960,45613
"Agriculture, forestry, fishing and hunting(606)","Veteran, American Indian and Alaska Native",Personal/family savings of owner(s),258,28973
"Agriculture, forestry, fishing and hunting(606)","Veteran, American Indian and Alaska Native",Personal/family assets other than savings of owner(s),0,0
"Agriculture, forestry, fishing and hunting(606)","Veteran, American Indian and Alaska Native",Personal/family home equity loan,0,0
"Agriculture, forestry, fishing and hunting(606)","Veteran, American Indian and Alaska Native",Personal credit card(s) carrying balances,0,0
"Agriculture, forestry, fishing and hunting(606)","Veteran, American Indian and Alaska Native",Business credit card(s) carrying balances,0,0
"Agriculture, forestry, fishing and hunting(606)","Veteran, American Indian and Alaska Native","Business loan from federal, state, or local government",0,0
"Agriculture, forestry, fishing and hunting(606)","Veteran, American Indian and Alaska Native",Government-guaranteed business loan from a bank or financial institution,0,0
"Agriculture, forestry, fishing and hunting(606)","Veteran, American Indian and Alaska Native",Business loan from a bank or financial institution,20,S
"Agriculture, forestry, fishing and hunting(606)","Veteran, American Indian and Alaska Native",Business loan/investment from family/friends,5,S
"Agriculture, forestry, fishing and hunting(606)","Veteran, American Indian and Alaska Native",Investment by venture capitalist(s),0,0
"Agriculture, forestry, fishing and hunting(606)","Veteran, American Indian and Alaska Native",Grants,0,0
"Agriculture, forestry, fishing and hunting(606)","Veteran, American Indian and Alaska Native",Other source(s) of capital,0,0
"Agriculture, forestry, fishing and hunting(606)","Veteran, American Indian and Alaska Native",Don't know,62,S
"Agriculture, forestry, fishing and hunting(606)","Veteran, American Indian and Alaska Native",None needed,77,S
"Agriculture, forestry, fishing and hunting(606)","Veteran, American Indian and Alaska Native",Total reporting,401,31204
"Agriculture, forestry, fishing and hunting(606)","Veteran, American Indian and Alaska Native",Item not reported,23,S
"Agriculture, forestry, fishing and hunting(606)","Veteran, Asian",All firms,418,12069
"Agriculture, forestry, fishing and hunting(606)","Veteran, Asian",Personal/family savings of owner(s),87,S
"Agriculture, forestry, fishing and hunting(606)","Veteran, Asian",Personal/family assets other than savings of owner(s),0,0
"Agriculture, forestry, fishing and hunting(606)","Veteran, Asian",Personal/family home equity loan,0,0
"Agriculture, forestry, fishing and hunting(606)","Veteran, Asian",Personal credit card(s) carrying balances,0,0
"Agriculture, forestry, fishing and hunting(606)","Veteran, Asian",Business credit card(s) carrying balances,0,0
"Agriculture, forestry, fishing and hunting(606)","Veteran, Asian","Business loan from federal, state, or local government",0,0
"Agriculture, forestry, fishing and hunting(606)","Veteran, Asian",Government-guaranteed business loan from a bank or financial institution,0,0
"Agriculture, forestry, fishing and hunting(606)","Veteran, Asian",Business loan from a bank or financial institution,0,0
"Agriculture, forestry, fishing and hunting(606)","Veteran, Asian",Business loan/investment from family/friends,0,0
"Agriculture, forestry, fishing and hunting(606)","Veteran, Asian",Investment by venture capitalist(s),0,0
"Agriculture, forestry, fishing and hunting(606)","Veteran, Asian",Grants,0,0
"Agriculture, forestry, fishing and hunting(606)","Veteran, Asian",Other source(s) of capital,0,0
"Agriculture, forestry, fishing and hunting(606)","Veteran, Asian",Don't know,0,0
"Agriculture, forestry, fishing and hunting(606)","Veteran, Asian",None needed,8,S
"Agriculture, forestry, fishing and hunting(606)","Veteran, Asian",Total reporting,95,S
"Agriculture, forestry, fishing and hunting(606)","Veteran, Asian",Item not reported,0,0
"Agriculture, forestry, fishing and hunting(606)","Veteran, Native Hawaiian and Other Pacific Islander",All firms,64,1248
"Agriculture, forestry, fishing and hunting(606)","Veteran, Native Hawaiian and Other Pacific Islander",Personal/family savings of owner(s),29,S
"Agriculture, forestry, fishing and hunting(606)","Veteran, Native Hawaiian and Other Pacific Islander",Personal/family assets other than savings of owner(s),0,0
"Agriculture, forestry, fishing and hunting(606)","Veteran, Native Hawaiian and Other Pacific Islander",Personal/family home equity loan,0,0
"Agriculture, forestry, fishing and hunting(606)","Veteran, Native Hawaiian and Other Pacific Islander",Personal credit card(s) carrying balances,0,0
"Agriculture, forestry, fishing and hunting(606)","Veteran, Native Hawaiian and Other Pacific Islander",Business credit card(s) carrying balances,0,0
"Agriculture, forestry, fishing and hunting(606)","Veteran, Native Hawaiian and Other Pacific Islander","Business loan from federal, state, or local government",0,0
"Agriculture, forestry, fishing and hunting(606)","Veteran, Native Hawaiian and Other Pacific Islander",Government-guaranteed business loan from a bank or financial institution,0,0
"Agriculture, forestry, fishing and hunting(606)","Veteran, Native Hawaiian and Other Pacific Islander",Business loan from a bank or financial institution,0,0
"Agriculture, forestry, fishing and hunting(606)","Veteran, Native Hawaiian and Other Pacific Islander",Business loan/investment from family/friends,2,S
"Agriculture, forestry, fishing and hunting(606)","Veteran, Native Hawaiian and Other Pacific Islander",Investment by venture capitalist(s),0,0
"Agriculture, forestry, fishing and hunting(606)","Veteran, Native Hawaiian and Other Pacific Islander",Grants,0,0
"Agriculture, forestry, fishing and hunting(606)","Veteran, Native Hawaiian and Other Pacific Islander",Other source(s) of capital,0,0
"Agriculture, forestry, fishing and hunting(606)","Veteran, Native Hawaiian and Other Pacific Islander",Don't know,0,0
"Agriculture, forestry, fishing and hunting(606)","Veteran, Native Hawaiian and Other Pacific Islander",None needed,8,S
"Agriculture, forestry, fishing and hunting(606)","Veteran, Native Hawaiian and Other Pacific Islander",Total reporting,39,812
"Agriculture, forestry, fishing and hunting(606)","Veteran, Native Hawaiian and Other Pacific Islander",Item not reported,0,0
"Agriculture, forestry, fishing and hunting(606)","Veteran, some other race",All firms,291,8035
"Agriculture, forestry, fishing and hunting(606)","Veteran, some other race",Personal/family savings of owner(s),0,0
"Agriculture, forestry, fishing and hunting(606)","Veteran, some other race",Personal/family assets other than savings of owner(s),0,0
"Agriculture, forestry, fishing and hunting(606)","Veteran, some other race",Personal/family home equity loan,0,0
"Agriculture, forestry, fishing and hunting(606)","Veteran, some other race",Personal credit card(s) carrying balances,0,0
"Agriculture, forestry, fishing and hunting(606)","Veteran, some other race",Business credit card(s) carrying balances,0,0
"Agriculture, forestry, fishing and hunting(606)","Veteran, some other race","Business loan from federal, state, or local government",0,0
"Agriculture, forestry, fishing and hunting(606)","Veteran, some other race",Government-guaranteed business loan from a bank or financial institution,0,0
"Agriculture, forestry, fishing and hunting(606)","Veteran, some other race",Business loan from a bank or financial institution,0,0
"Agriculture, forestry, fishing and hunting(606)","Veteran, some other race",Business loan/investment from family/friends,0,0
"Agriculture, forestry, fishing and hunting(606)","Veteran, some other race",Investment by venture capitalist(s),0,0
"Agriculture, forestry, fishing and hunting(606)","Veteran, some other race",Grants,0,0
"Agriculture, forestry, fishing and hunting(606)","Veteran, some other race",Other source(s) of capital,0,0
"Agriculture, forestry, fishing and hunting(606)","Veteran, some other race",Don't know,14,S
"Agriculture, forestry, fishing and hunting(606)","Veteran, some other race",None needed,7,S
"Agriculture, forestry, fishing and hunting(606)","Veteran, some other race",Total reporting,21,S
"Agriculture, forestry, fishing and hunting(606)","Veteran, some other race",Item not reported,0,0
"Agriculture, forestry, fishing and hunting(606)","Veteran, minority",All firms,3093,139641
"Agriculture, forestry, fishing and hunting(606)","Veteran, minority",Personal/family savings of owner(s),543,64892
"Agriculture, forestry, fishing and hunting(606)","Veteran, minority",Personal/family assets other than savings of owner(s),19,S
"Agriculture, forestry, fishing and hunting(606)","Veteran, minority",Personal/family home equity loan,0,0
"Agriculture, forestry, fishing and hunting(606)","Veteran, minority",Personal credit card(s) carrying balances,58,S
"Agriculture, forestry, fishing and hunting(606)","Veteran, minority",Business credit card(s) carrying balances,0,0
"Agriculture, forestry, fishing and hunting(606)","Veteran, minority","Business loan from federal, state, or local government",0,0
"Agriculture, forestry, fishing and hunting(606)","Veteran, minority",Government-guaranteed business loan from a bank or financial institution,0,0
"Agriculture, forestry, fishing and hunting(606)","Veteran, minority",Business loan from a bank or financial institution,30,S
"Agriculture, forestry, fishing and hunting(606)","Veteran, minority",Business loan/investment from family/friends,7,S
"Agriculture, forestry, fishing and hunting(606)","Veteran, minority",Investment by venture capitalist(s),0,0
"Agriculture, forestry, fishing and hunting(606)","Veteran, minority",Grants,0,0
"Agriculture, forestry, fishing and hunting(606)","Veteran, minority",Other source(s) of capital,0,0
"Agriculture, forestry, fishing and hunting(606)","Veteran, minority",Don't know,92,S
"Agriculture, forestry, fishing and hunting(606)","Veteran, minority",None needed,102,S
"Agriculture, forestry, fishing and hunting(606)","Veteran, minority",Total reporting,812(r),96879(r)
"Agriculture, forestry, fishing and hunting(606)","Veteran, minority",Item not reported,120(r),S
"Agriculture, forestry, fishing and hunting(606)","Veteran, equally minority/nonminority",All firms,0,0
"Agriculture, forestry, fishing and hunting(606)","Veteran, equally minority/nonminority",Personal/family savings of owner(s),0,0
"Agriculture, forestry, fishing and hunting(606)","Veteran, equally minority/nonminority",Personal/family assets other than savings of owner(s),0,0
"Agriculture, forestry, fishing and hunting(606)","Veteran, equally minority/nonminority",Personal/family home equity loan,0,0
"Agriculture, forestry, fishing and hunting(606)","Veteran, equally minority/nonminority",Personal credit card(s) carrying balances,0,0
"Agriculture, forestry, fishing and hunting(606)","Veteran, equally minority/nonminority",Business credit card(s) carrying balances,0,0
"Agriculture, forestry, fishing and hunting(606)","Veteran, equally minority/nonminority","Business loan from federal, state, or local government",0,0
"Agriculture, forestry, fishing and hunting(606)","Veteran, equally minority/nonminority",Government-guaranteed business loan from a bank or financial institution,0,0
"Agriculture, forestry, fishing and hunting(606)","Veteran, equally minority/nonminority",Business loan from a bank or financial institution,0,0
"Agriculture, forestry, fishing and hunting(606)","Veteran, equally minority/nonminority",Business loan/investment from family/friends,0,0
"Agriculture, forestry, fishing and hunting(606)","Veteran, equally minority/nonminority",Investment by venture capitalist(s),0,0
"Agriculture, forestry, fishing and hunting(606)","Veteran, equally minority/nonminority",Grants,0,0
"Agriculture, forestry, fishing and hunting(606)","Veteran, equally minority/nonminority",Other source(s) of capital,0,0
"Agriculture, forestry, fishing and hunting(606)","Veteran, equally minority/nonminority",Don't know,0,0
"Agriculture, forestry, fishing and hunting(606)","Veteran, equally minority/nonminority",None needed,0,0
"Agriculture, forestry, fishing and hunting(606)","Veteran, equally minority/nonminority",Total reporting,0,0
"Agriculture, forestry, fishing and hunting(606)","Veteran, equally minority/nonminority",Item not reported,0,0
"Agriculture, forestry, fishing and hunting(606)","Veteran, nonminority",All firms,25850,2753326
"Agriculture, forestry, fishing and hunting(606)","Veteran, nonminority",Personal/family savings of owner(s),9538,732161
"Agriculture, forestry, fishing and hunting(606)","Veteran, nonminority",Personal/family assets other than savings of owner(s),1087,202047
"Agriculture, forestry, fishing and hunting(606)","Veteran, nonminority",Personal/family home equity loan,527,32884
"Agriculture, forestry, fishing and hunting(606)","Veteran, nonminority",Personal credit card(s) carrying balances,735,S
"Agriculture, forestry, fishing and hunting(606)","Veteran, nonminority",Business credit card(s) carrying balances,155,17227
"Agriculture, forestry, fishing and hunting(606)","Veteran, nonminority","Business loan from federal, state, or local government",0,0
"Agriculture, forestry, fishing and hunting(606)","Veteran, nonminority",Government-guaranteed business loan from a bank or financial institution,109,S
"Agriculture, forestry, fishing and hunting(606)","Veteran, nonminority",Business loan from a bank or financial institution,1696,391550
"Agriculture, forestry, fishing and hunting(606)","Veteran, nonminority",Business loan/investment from family/friends,230,36268
"Agriculture, forestry, fishing and hunting(606)","Veteran, nonminority",Investment by venture capitalist(s),10,S
"Agriculture, forestry, fishing and hunting(606)","Veteran, nonminority",Grants,19,S
"Agriculture, forestry, fishing and hunting(606)","Veteran, nonminority",Other source(s) of capital,226,30070
"Agriculture, forestry, fishing and hunting(606)","Veteran, nonminority",Don't know,808,99380
"Agriculture, forestry, fishing and hunting(606)","Veteran, nonminority",None needed,3578,94386
"Agriculture, forestry, fishing and hunting(606)","Veteran, nonminority",Total reporting,15900(r),1290788(r)
"Agriculture, forestry, fishing and hunting(606)","Veteran, nonminority",Item not reported,906(r),68472(r)
"Agriculture, forestry, fishing and hunting(606)",Equally veteran/nonveteran,All firms,7191,1227473
"Agriculture, forestry, fishing and hunting(606)",Equally veteran/nonveteran,Personal/family savings of owner(s),4133,505451
"Agriculture, forestry, fishing and hunting(606)",Equally veteran/nonveteran,Personal/family assets other than savings of owner(s),975,182487
"Agriculture, forestry, fishing and hunting(606)",Equally veteran/nonveteran,Personal/family home equity loan,309,40029
"Agriculture, forestry, fishing and hunting(606)",Equally veteran/nonveteran,Personal credit card(s) carrying balances,287,18109
"Agriculture, forestry, fishing and hunting(606)",Equally veteran/nonveteran,Business credit card(s) carrying balances,221,S
"Agriculture, forestry, fishing and hunting(606)",Equally veteran/nonveteran,"Business loan from federal, state, or local government",2,S
"Agriculture, forestry, fishing and hunting(606)",Equally veteran/nonveteran,Government-guaranteed business loan from a bank or financial institution,223,S
"Agriculture, forestry, fishing and hunting(606)",Equally veteran/nonveteran,Business loan from a bank or financial institution,1200,274050
"Agriculture, forestry, fishing and hunting(606)",Equally veteran/nonveteran,Business loan/investment from family/friends,189,S
"Agriculture, forestry, fishing and hunting(606)",Equally veteran/nonveteran,Investment by venture capitalist(s),8,S
"Agriculture, forestry, fishing and hunting(606)",Equally veteran/nonveteran,Grants,0,0
"Agriculture, forestry, fishing and hunting(606)",Equally veteran/nonveteran,Other source(s) of capital,92,S
"Agriculture, forestry, fishing and hunting(606)",Equally veteran/nonveteran,Don't know,360,93517
"Agriculture, forestry, fishing and hunting(606)",Equally veteran/nonveteran,None needed,515,85185
"Agriculture, forestry, fishing and hunting(606)",Equally veteran/nonveteran,Total reporting,6106(r),939851(r)
"Agriculture, forestry, fishing and hunting(606)",Equally veteran/nonveteran,Item not reported,132(r),S
"Agriculture, forestry, fishing and hunting(606)","Equally veteran/nonveteran, female-owned",All firms,19,S
"Agriculture, forestry, fishing and hunting(606)","Equally veteran/nonveteran, female-owned",Personal/family savings of owner(s),56,S
"Agriculture, forestry, fishing and hunting(606)","Equally veteran/nonveteran, female-owned",Personal/family assets other than savings of owner(s),56,S
"Agriculture, forestry, fishing and hunting(606)","Equally veteran/nonveteran, female-owned",Personal/family home equity loan,0,S
"Agriculture, forestry, fishing and hunting(606)","Equally veteran/nonveteran, female-owned",Personal credit card(s) carrying balances,0,S
"Agriculture, forestry, fishing and hunting(606)","Equally veteran/nonveteran, female-owned",Business credit card(s) carrying balances,0,S
"Agriculture, forestry, fishing and hunting(606)","Equally veteran/nonveteran, female-owned","Business loan from federal, state, or local government",0,S
"Agriculture, forestry, fishing and hunting(606)","Equally veteran/nonveteran, female-owned",Government-guaranteed business loan from a bank or financial institution,0,S
"Agriculture, forestry, fishing and hunting(606)","Equally veteran/nonveteran, female-owned",Business loan from a bank or financial institution,56,S
"Agriculture, forestry, fishing and hunting(606)","Equally veteran/nonveteran, female-owned",Business loan/investment from family/friends,0,S
"Agriculture, forestry, fishing and hunting(606)","Equally veteran/nonveteran, female-owned",Investment by venture capitalist(s),0,S
"Agriculture, forestry, fishing and hunting(606)","Equally veteran/nonveteran, female-owned",Grants,0,S
"Agriculture, forestry, fishing and hunting(606)","Equally veteran/nonveteran, female-owned",Other source(s) of capital,0,S
"Agriculture, forestry, fishing and hunting(606)","Equally veteran/nonveteran, female-owned",Don't know,0,S
"Agriculture, forestry, fishing and hunting(606)","Equally veteran/nonveteran, female-owned",None needed,0,S
"Agriculture, forestry, fishing and hunting(606)","Equally veteran/nonveteran, female-owned",Total reporting,56,S
"Agriculture, forestry, fishing and hunting(606)","Equally veteran/nonveteran, female-owned",Item not reported,0,S
"Agriculture, forestry, fishing and hunting(606)","Equally veteran/nonveteran, male-owned",All firms,1148,424808
"Agriculture, forestry, fishing and hunting(606)","Equally veteran/nonveteran, male-owned",Personal/family savings of owner(s),633,S
"Agriculture, forestry, fishing and hunting(606)","Equally veteran/nonveteran, male-owned",Personal/family assets other than savings of owner(s),117,43349
"Agriculture, forestry, fishing and hunting(606)","Equally veteran/nonveteran, male-owned",Personal/family home equity loan,53,S
"Agriculture, forestry, fishing and hunting(606)","Equally veteran/nonveteran, male-owned",Personal credit card(s) carrying balances,32,S
"Agriculture, forestry, fishing and hunting(606)","Equally veteran/nonveteran, male-owned",Business credit card(s) carrying balances,32,S
"Agriculture, forestry, fishing and hunting(606)","Equally veteran/nonveteran, male-owned","Business loan from federal, state, or local government",0,0
"Agriculture, forestry, fishing and hunting(606)","Equally veteran/nonveteran, male-owned",Government-guaranteed business loan from a bank or financial institution,0,0
"Agriculture, forestry, fishing and hunting(606)","Equally veteran/nonveteran, male-owned",Business loan from a bank or financial institution,304,69795
"Agriculture, forestry, fishing and hunting(606)","Equally veteran/nonveteran, male-owned",Business loan/investment from family/friends,39,S
"Agriculture, forestry, fishing and hunting(606)","Equally veteran/nonveteran, male-owned",Investment by venture capitalist(s),0,0
"Agriculture, forestry, fishing and hunting(606)","Equally veteran/nonveteran, male-owned",Grants,0,0
"Agriculture, forestry, fishing and hunting(606)","Equally veteran/nonveteran, male-owned",Other source(s) of capital,56,S
"Agriculture, forestry, fishing and hunting(606)","Equally veteran/nonveteran, male-owned",Don't know,188,84574
"Agriculture, forestry, fishing and hunting(606)","Equally veteran/nonveteran, male-owned",None needed,44,S
"Agriculture, forestry, fishing and hunting(606)","Equally veteran/nonveteran, male-owned",Total reporting,1077,390212
"Agriculture, forestry, fishing and hunting(606)","Equally veteran/nonveteran, male-owned",Item not reported,51,S
"Agriculture, forestry, fishing and hunting(606)","Equally veteran/nonveteran, equally male-/female-owned",All firms,6024,802628
"Agriculture, forestry, fishing and hunting(606)","Equally veteran/nonveteran, equally male-/female-owned",Personal/family savings of owner(s),3443,321896
"Agriculture, forestry, fishing and hunting(606)","Equally veteran/nonveteran, equally male-/female-owned",Personal/family assets other than savings of owner(s),801,139025
"Agriculture, forestry, fishing and hunting(606)","Equally veteran/nonveteran, equally male-/female-owned",Personal/family home equity loan,256,S
"Agriculture, forestry, fishing and hunting(606)","Equally veteran/nonveteran, equally male-/female-owned",Personal credit card(s) carrying balances,254,S
"Agriculture, forestry, fishing and hunting(606)","Equally veteran/nonveteran, equally male-/female-owned",Business credit card(s) carrying balances,189,S
"Agriculture, forestry, fishing and hunting(606)","Equally veteran/nonveteran, equally male-/female-owned","Business loan from federal, state, or local government",2,S
"Agriculture, forestry, fishing and hunting(606)","Equally veteran/nonveteran, equally male-/female-owned",Government-guaranteed business loan from a bank or financial institution,223,S
"Agriculture, forestry, fishing and hunting(606)","Equally veteran/nonveteran, equally male-/female-owned",Business loan from a bank or financial institution,840,204142
"Agriculture, forestry, fishing and hunting(606)","Equally veteran/nonveteran, equally male-/female-owned",Business loan/investment from family/friends,150,S
"Agriculture, forestry, fishing and hunting(606)","Equally veteran/nonveteran, equally male-/female-owned",Investment by venture capitalist(s),8,S
"Agriculture, forestry, fishing and hunting(606)","Equally veteran/nonveteran, equally male-/female-owned",Grants,0,0
"Agriculture, forestry, fishing and hunting(606)","Equally veteran/nonveteran, equally male-/female-owned",Other source(s) of capital,36,S
"Agriculture, forestry, fishing and hunting(606)","Equally veteran/nonveteran, equally male-/female-owned",Don't know,172,8943
"Agriculture, forestry, fishing and hunting(606)","Equally veteran/nonveteran, equally male-/female-owned",None needed,471,S
"Agriculture, forestry, fishing and hunting(606)","Equally veteran/nonveteran, equally male-/female-owned",Total reporting,4973(r),549526(r)
"Agriculture, forestry, fishing and hunting(606)","Equally veteran/nonveteran, equally male-/female-owned",Item not reported,81(r),S
"Agriculture, forestry, fishing and hunting(606)","Equally veteran/nonveteran, Hispanic",All firms,179,2400
"Agriculture, forestry, fishing and hunting(606)","Equally veteran/nonveteran, Hispanic",Personal/family savings of owner(s),0,0
"Agriculture, forestry, fishing and hunting(606)","Equally veteran/nonveteran, Hispanic",Personal/family assets other than savings of owner(s),0,0
"Agriculture, forestry, fishing and hunting(606)","Equally veteran/nonveteran, Hispanic",Personal/family home equity loan,0,0
"Agriculture, forestry, fishing and hunting(606)","Equally veteran/nonveteran, Hispanic",Personal credit card(s) carrying balances,0,0
"Agriculture, forestry, fishing and hunting(606)","Equally veteran/nonveteran, Hispanic",Business credit card(s) carrying balances,0,0
"Agriculture, forestry, fishing and hunting(606)","Equally veteran/nonveteran, Hispanic","Business loan from federal, state, or local government",0,0
"Agriculture, forestry, fishing and hunting(606)","Equally veteran/nonveteran, Hispanic",Government-guaranteed business loan from a bank or financial institution,0,0
"Agriculture, forestry, fishing and hunting(606)","Equally veteran/nonveteran, Hispanic",Business loan from a bank or financial institution,0,0
"Agriculture, forestry, fishing and hunting(606)","Equally veteran/nonveteran, Hispanic",Business loan/investment from family/friends,0,0
"Agriculture, forestry, fishing and hunting(606)","Equally veteran/nonveteran, Hispanic",Investment by venture capitalist(s),0,0
"Agriculture, forestry, fishing and hunting(606)","Equally veteran/nonveteran, Hispanic",Grants,0,0
"Agriculture, forestry, fishing and hunting(606)","Equally veteran/nonveteran, Hispanic",Other source(s) of capital,0,0
"Agriculture, forestry, fishing and hunting(606)","Equally veteran/nonveteran, Hispanic",Don't know,9,S
"Agriculture, forestry, fishing and hunting(606)","Equally veteran/nonveteran, Hispanic",None needed,4,S
"Agriculture, forestry, fishing and hunting(606)","Equally veteran/nonveteran, Hispanic",Total reporting,13,S
"Agriculture, forestry, fishing and hunting(606)","Equally veteran/nonveteran, Hispanic",Item not reported,0,0
"Agriculture, forestry, fishing and hunting(606)","Equally veteran/nonveteran, equally Hispanic/non-Hispanic",All firms,97,S
"Agriculture, forestry, fishing and hunting(606)","Equally veteran/nonveteran, equally Hispanic/non-Hispanic",Personal/family savings of owner(s),66,S
"Agriculture, forestry, fishing and hunting(606)","Equally veteran/nonveteran, equally Hispanic/non-Hispanic",Personal/family assets other than savings of owner(s),59,S
"Agriculture, forestry, fishing and hunting(606)","Equally veteran/nonveteran, equally Hispanic/non-Hispanic",Personal/family home equity loan,6,S
"Agriculture, forestry, fishing and hunting(606)","Equally veteran/nonveteran, equally Hispanic/non-Hispanic",Personal credit card(s) carrying balances,13,S
"Agriculture, forestry, fishing and hunting(606)","Equally veteran/nonveteran, equally Hispanic/non-Hispanic",Business credit card(s) carrying balances,0,S
"Agriculture, forestry, fishing and hunting(606)","Equally veteran/nonveteran, equally Hispanic/non-Hispanic","Business loan from federal, state, or local government",0,S
"Agriculture, forestry, fishing and hunting(606)","Equally veteran/nonveteran, equally Hispanic/non-Hispanic",Government-guaranteed business loan from a bank or financial institution,0,S
"Agriculture, forestry, fishing and hunting(606)","Equally veteran/nonveteran, equally Hispanic/non-Hispanic",Business loan from a bank or financial institution,7,S
"Agriculture, forestry, fishing and hunting(606)","Equally veteran/nonveteran, equally Hispanic/non-Hispanic",Business loan/investment from family/friends,0,S
"Agriculture, forestry, fishing and hunting(606)","Equally veteran/nonveteran, equally Hispanic/non-Hispanic",Investment by venture capitalist(s),0,S
"Agriculture, forestry, fishing and hunting(606)","Equally veteran/nonveteran, equally Hispanic/non-Hispanic",Grants,0,S
"Agriculture, forestry, fishing and hunting(606)","Equally veteran/nonveteran, equally Hispanic/non-Hispanic",Other source(s) of capital,0,S
"Agriculture, forestry, fishing and hunting(606)","Equally veteran/nonveteran, equally Hispanic/non-Hispanic",Don't know,0,S
"Agriculture, forestry, fishing and hunting(606)","Equally veteran/nonveteran, equally Hispanic/non-Hispanic",None needed,0,S
"Agriculture, forestry, fishing and hunting(606)","Equally veteran/nonveteran, equally Hispanic/non-Hispanic",Total reporting,66,S
"Agriculture, forestry, fishing and hunting(606)","Equally veteran/nonveteran, equally Hispanic/non-Hispanic",Item not reported,0,S
"Agriculture, forestry, fishing and hunting(606)","Equally veteran/nonveteran, non-Hispanic",All firms,6916,1221552
"Agriculture, forestry, fishing and hunting(606)","Equally veteran/nonveteran, non-Hispanic",Personal/family savings of owner(s),4067,502434
"Agriculture, forestry, fishing and hunting(606)","Equally veteran/nonveteran, non-Hispanic",Personal/family assets other than savings of owner(s),916,179855
"Agriculture, forestry, fishing and hunting(606)","Equally veteran/nonveteran, non-Hispanic",Personal/family home equity loan,304,S
"Agriculture, forestry, fishing and hunting(606)","Equally veteran/nonveteran, non-Hispanic",Personal credit card(s) carrying balances,274,16933
"Agriculture, forestry, fishing and hunting(606)","Equally veteran/nonveteran, non-Hispanic",Business credit card(s) carrying balances,221,S
"Agriculture, forestry, fishing and hunting(606)","Equally veteran/nonveteran, non-Hispanic","Business loan from federal, state, or local government",2,S
"Agriculture, forestry, fishing and hunting(606)","Equally veteran/nonveteran, non-Hispanic",Government-guaranteed business loan from a bank or financial institution,223,S
"Agriculture, forestry, fishing and hunting(606)","Equally veteran/nonveteran, non-Hispanic",Business loan from a bank or financial institution,1193,273664
"Agriculture, forestry, fishing and hunting(606)","Equally veteran/nonveteran, non-Hispanic",Business loan/investment from family/friends,189,S
"Agriculture, forestry, fishing and hunting(606)","Equally veteran/nonveteran, non-Hispanic",Investment by venture capitalist(s),8,S
"Agriculture, forestry, fishing and hunting(606)","Equally veteran/nonveteran, non-Hispanic",Grants,0,0
"Agriculture, forestry, fishing and hunting(606)","Equally veteran/nonveteran, non-Hispanic",Other source(s) of capital,92,S
"Agriculture, forestry, fishing and hunting(606)","Equally veteran/nonveteran, non-Hispanic",Don't know,351,93481
"Agriculture, forestry, fishing and hunting(606)","Equally veteran/nonveteran, non-Hispanic",None needed,511,84003
"Agriculture, forestry, fishing and hunting(606)","Equally veteran/nonveteran, non-Hispanic",Total reporting,6027(r),935616(r)
"Agriculture, forestry, fishing and hunting(606)","Equally veteran/nonveteran, non-Hispanic",Item not reported,132(r),S
"Agriculture, forestry, fishing and hunting(606)","Equally veteran/nonveteran, White",All firms,6968,1210608
"Agriculture, forestry, fishing and hunting(606)","Equally veteran/nonveteran, White",Personal/family savings of owner(s),4017,501168
"Agriculture, forestry, fishing and hunting(606)","Equally veteran/nonveteran, White",Personal/family assets other than savings of owner(s),946,181419
"Agriculture, forestry, fishing and hunting(606)","Equally veteran/nonveteran, White",Personal/family home equity loan,309,40029
"Agriculture, forestry, fishing and hunting(606)","Equally veteran/nonveteran, White",Personal credit card(s) carrying balances,277,17778
"Agriculture, forestry, fishing and hunting(606)","Equally veteran/nonveteran, White",Business credit card(s) carrying balances,212,S
"Agriculture, forestry, fishing and hunting(606)","Equally veteran/nonveteran, White","Business loan from federal, state, or local government",2,S
"Agriculture, forestry, fishing and hunting(606)","Equally veteran/nonveteran, White",Government-guaranteed business loan from a bank or financial institution,223,S
"Agriculture, forestry, fishing and hunting(606)","Equally veteran/nonveteran, White",Business loan from a bank or financial institution,1200,274050
"Agriculture, forestry, fishing and hunting(606)","Equally veteran/nonveteran, White",Business loan/investment from family/friends,189,S
"Agriculture, forestry, fishing and hunting(606)","Equally veteran/nonveteran, White",Investment by venture capitalist(s),8,S
"Agriculture, forestry, fishing and hunting(606)","Equally veteran/nonveteran, White",Grants,0,0
"Agriculture, forestry, fishing and hunting(606)","Equally veteran/nonveteran, White",Other source(s) of capital,92,S
"Agriculture, forestry, fishing and hunting(606)","Equally veteran/nonveteran, White",Don't know,360,93517
"Agriculture, forestry, fishing and hunting(606)","Equally veteran/nonveteran, White",None needed,504,85155
"Agriculture, forestry, fishing and hunting(606)","Equally veteran/nonveteran, White",Total reporting,5951(r),934471(r)
"Agriculture, forestry, fishing and hunting(606)","Equally veteran/nonveteran, White",Item not reported,130(r),S
"Agriculture, forestry, fishing and hunting(606)","Equally veteran/nonveteran, Black or African American",All firms,92,S
"Agriculture, forestry, fishing and hunting(606)","Equally veteran/nonveteran, Black or African American",Personal/family savings of owner(s),0,S
"Agriculture, forestry, fishing and hunting(606)","Equally veteran/nonveteran, Black or African American",Personal/family assets other than savings of owner(s),0,S
"Agriculture, forestry, fishing and hunting(606)","Equally veteran/nonveteran, Black or African American",Personal/family home equity loan,0,S
"Agriculture, forestry, fishing and hunting(606)","Equally veteran/nonveteran, Black or African American",Personal credit card(s) carrying balances,0,S
"Agriculture, forestry, fishing and hunting(606)","Equally veteran/nonveteran, Black or African American",Business credit card(s) carrying balances,0,S
"Agriculture, forestry, fishing and hunting(606)","Equally veteran/nonveteran, Black or African American","Business loan from federal, state, or local government",0,S
"Agriculture, forestry, fishing and hunting(606)","Equally veteran/nonveteran, Black or African American",Government-guaranteed business loan from a bank or financial institution,0,S
"Agriculture, forestry, fishing and hunting(606)","Equally veteran/nonveteran, Black or African American",Business loan from a bank or financial institution,0,S
"Agriculture, forestry, fishing and hunting(606)","Equally veteran/nonveteran, Black or African American",Business loan/investment from family/friends,0,S
"Agriculture, forestry, fishing and hunting(606)","Equally veteran/nonveteran, Black or African American",Investment by venture capitalist(s),0,S
"Agriculture, forestry, fishing and hunting(606)","Equally veteran/nonveteran, Black or African American",Grants,0,S
"Agriculture, forestry, fishing and hunting(606)","Equally veteran/nonveteran, Black or African American",Other source(s) of capital,0,S
"Agriculture, forestry, fishing and hunting(606)","Equally veteran/nonveteran, Black or African American",Don't know,0,S
"Agriculture, forestry, fishing and hunting(606)","Equally veteran/nonveteran, Black or African American",None needed,0,S
"Agriculture, forestry, fishing and hunting(606)","Equally veteran/nonveteran, Black or African American",Total reporting,0,S
"Agriculture, forestry, fishing and hunting(606)","Equally veteran/nonveteran, Black or African American",Item not reported,0,S
"Agriculture, forestry, fishing and hunting(606)","Equally veteran/nonveteran, American Indian and Alaska Native",All firms,17,1512
"Agriculture, forestry, fishing and hunting(606)","Equally veteran/nonveteran, American Indian and Alaska Native",Personal/family savings of owner(s),19,S
"Agriculture, forestry, fishing and hunting(606)","Equally veteran/nonveteran, American Indian and Alaska Native",Personal/family assets other than savings of owner(s),0,0
"Agriculture, forestry, fishing and hunting(606)","Equally veteran/nonveteran, American Indian and Alaska Native",Personal/family home equity loan,0,0
"Agriculture, forestry, fishing and hunting(606)","Equally veteran/nonveteran, American Indian and Alaska Native",Personal credit card(s) carrying balances,0,0
"Agriculture, forestry, fishing and hunting(606)","Equally veteran/nonveteran, American Indian and Alaska Native",Business credit card(s) carrying balances,0,0
"Agriculture, forestry, fishing and hunting(606)","Equally veteran/nonveteran, American Indian and Alaska Native","Business loan from federal, state, or local government",0,0
"Agriculture, forestry, fishing and hunting(606)","Equally veteran/nonveteran, American Indian and Alaska Native",Government-guaranteed business loan from a bank or financial institution,0,0
"Agriculture, forestry, fishing and hunting(606)","Equally veteran/nonveteran, American Indian and Alaska Native",Business loan from a bank or financial institution,0,0
"Agriculture, forestry, fishing and hunting(606)","Equally veteran/nonveteran, American Indian and Alaska Native",Business loan/investment from family/friends,0,0
"Agriculture, forestry, fishing and hunting(606)","Equally veteran/nonveteran, American Indian and Alaska Native",Investment by venture capitalist(s),0,0
"Agriculture, forestry, fishing and hunting(606)","Equally veteran/nonveteran, American Indian and Alaska Native",Grants,0,0
"Agriculture, forestry, fishing and hunting(606)","Equally veteran/nonveteran, American Indian and Alaska Native",Other source(s) of capital,0,0
"Agriculture, forestry, fishing and hunting(606)","Equally veteran/nonveteran, American Indian and Alaska Native",Don't know,0,0
"Agriculture, forestry, fishing and hunting(606)","Equally veteran/nonveteran, American Indian and Alaska Native",None needed,0,0
"Agriculture, forestry, fishing and hunting(606)","Equally veteran/nonveteran, American Indian and Alaska Native",Total reporting,19,S
"Agriculture, forestry, fishing and hunting(606)","Equally veteran/nonveteran, American Indian and Alaska Native",Item not reported,2,S
"Agriculture, forestry, fishing and hunting(606)","Equally veteran/nonveteran, Asian",All firms,3,S
"Agriculture, forestry, fishing and hunting(606)","Equally veteran/nonveteran, Asian",Personal/family savings of owner(s),0,S
"Agriculture, forestry, fishing and hunting(606)","Equally veteran/nonveteran, Asian",Personal/family assets other than savings of owner(s),0,S
"Agriculture, forestry, fishing and hunting(606)","Equally veteran/nonveteran, Asian",Personal/family home equity loan,0,S
"Agriculture, forestry, fishing and hunting(606)","Equally veteran/nonveteran, Asian",Personal credit card(s) carrying balances,0,S
"Agriculture, forestry, fishing and hunting(606)","Equally veteran/nonveteran, Asian",Business credit card(s) carrying balances,0,S
"Agriculture, forestry, fishing and hunting(606)","Equally veteran/nonveteran, Asian","Business loan from federal, state, or local government",0,S
"Agriculture, forestry, fishing and hunting(606)","Equally veteran/nonveteran, Asian",Government-guaranteed business loan from a bank or financial institution,0,S
"Agriculture, forestry, fishing and hunting(606)","Equally veteran/nonveteran, Asian",Business loan from a bank or financial institution,0,S
"Agriculture, forestry, fishing and hunting(606)","Equally veteran/nonveteran, Asian",Business loan/investment from family/friends,0,S
"Agriculture, forestry, fishing and hunting(606)","Equally veteran/nonveteran, Asian",Investment by venture capitalist(s),0,S
"Agriculture, forestry, fishing and hunting(606)","Equally veteran/nonveteran, Asian",Grants,0,S
"Agriculture, forestry, fishing and hunting(606)","Equally veteran/nonveteran, Asian",Other source(s) of capital,0,S
"Agriculture, forestry, fishing and hunting(606)","Equally veteran/nonveteran, Asian",Don't know,0,S
"Agriculture, forestry, fishing and hunting(606)","Equally veteran/nonveteran, Asian",None needed,0,S
"Agriculture, forestry, fishing and hunting(606)","Equally veteran/nonveteran, Asian",Total reporting,0,S
"Agriculture, forestry, fishing and hunting(606)","Equally veteran/nonveteran, Asian",Item not reported,0,S
"Agriculture, forestry, fishing and hunting(606)","Equally veteran/nonveteran, Native Hawaiian and Other Pacific Islander",All firms,0,0
"Agriculture, forestry, fishing and hunting(606)","Equally veteran/nonveteran, Native Hawaiian and Other Pacific Islander",Personal/family savings of owner(s),0,0
"Agriculture, forestry, fishing and hunting(606)","Equally veteran/nonveteran, Native Hawaiian and Other Pacific Islander",Personal/family assets other than savings of owner(s),0,0
"Agriculture, forestry, fishing and hunting(606)","Equally veteran/nonveteran, Native Hawaiian and Other Pacific Islander",Personal/family home equity loan,0,0
"Agriculture, forestry, fishing and hunting(606)","Equally veteran/nonveteran, Native Hawaiian and Other Pacific Islander",Personal credit card(s) carrying balances,0,0
"Agriculture, forestry, fishing and hunting(606)","Equally veteran/nonveteran, Native Hawaiian and Other Pacific Islander",Business credit card(s) carrying balances,0,0
"Agriculture, forestry, fishing and hunting(606)","Equally veteran/nonveteran, Native Hawaiian and Other Pacific Islander","Business loan from federal, state, or local government",0,0
"Agriculture, forestry, fishing and hunting(606)","Equally veteran/nonveteran, Native Hawaiian and Other Pacific Islander",Government-guaranteed business loan from a bank or financial institution,0,0
"Agriculture, forestry, fishing and hunting(606)","Equally veteran/nonveteran, Native Hawaiian and Other Pacific Islander",Business loan from a bank or financial institution,0,0
"Agriculture, forestry, fishing and hunting(606)","Equally veteran/nonveteran, Native Hawaiian and Other Pacific Islander",Business loan/investment from family/friends,0,0
"Agriculture, forestry, fishing and hunting(606)","Equally veteran/nonveteran, Native Hawaiian and Other Pacific Islander",Investment by venture capitalist(s),0,0
"Agriculture, forestry, fishing and hunting(606)","Equally veteran/nonveteran, Native Hawaiian and Other Pacific Islander",Grants,0,0
"Agriculture, forestry, fishing and hunting(606)","Equally veteran/nonveteran, Native Hawaiian and Other Pacific Islander",Other source(s) of capital,0,0
"Agriculture, forestry, fishing and hunting(606)","Equally veteran/nonveteran, Native Hawaiian and Other Pacific Islander",Don't know,0,0
"Agriculture, forestry, fishing and hunting(606)","Equally veteran/nonveteran, Native Hawaiian and Other Pacific Islander",None needed,0,0
"Agriculture, forestry, fishing and hunting(606)","Equally veteran/nonveteran, Native Hawaiian and Other Pacific Islander",Total reporting,0,0
"Agriculture, forestry, fishing and hunting(606)","Equally veteran/nonveteran, Native Hawaiian and Other Pacific Islander",Item not reported,0,0
"Agriculture, forestry, fishing and hunting(606)","Equally veteran/nonveteran, some other race",All firms,0,0
"Agriculture, forestry, fishing and hunting(606)","Equally veteran/nonveteran, some other race",Personal/family savings of owner(s),0,0
"Agriculture, forestry, fishing and hunting(606)","Equally veteran/nonveteran, some other race",Personal/family assets other than savings of owner(s),0,0
"Agriculture, forestry, fishing and hunting(606)","Equally veteran/nonveteran, some other race",Personal/family home equity loan,0,0
"Agriculture, forestry, fishing and hunting(606)","Equally veteran/nonveteran, some other race",Personal credit card(s) carrying balances,0,0
"Agriculture, forestry, fishing and hunting(606)","Equally veteran/nonveteran, some other race",Business credit card(s) carrying balances,0,0
"Agriculture, forestry, fishing and hunting(606)","Equally veteran/nonveteran, some other race","Business loan from federal, state, or local government",0,0
"Agriculture, forestry, fishing and hunting(606)","Equally veteran/nonveteran, some other race",Government-guaranteed business loan from a bank or financial institution,0,0
"Agriculture, forestry, fishing and hunting(606)","Equally veteran/nonveteran, some other race",Business loan from a bank or financial institution,0,0
"Agriculture, forestry, fishing and hunting(606)","Equally veteran/nonveteran, some other race",Business loan/investment from family/friends,0,0
"Agriculture, forestry, fishing and hunting(606)","Equally veteran/nonveteran, some other race",Investment by venture capitalist(s),0,0
"Agriculture, forestry, fishing and hunting(606)","Equally veteran/nonveteran, some other race",Grants,0,0
"Agriculture, forestry, fishing and hunting(606)","Equally veteran/nonveteran, some other race",Other source(s) of capital,0,0
"Agriculture, forestry, fishing and hunting(606)","Equally veteran/nonveteran, some other race",Don't know,0,0
"Agriculture, forestry, fishing and hunting(606)","Equally veteran/nonveteran, some other race",None needed,0,0
"Agriculture, forestry, fishing and hunting(606)","Equally veteran/nonveteran, some other race",Total reporting,0,0
"Agriculture, forestry, fishing and hunting(606)","Equally veteran/nonveteran, some other race",Item not reported,0,0
"Agriculture, forestry, fishing and hunting(606)","Equally veteran/nonveteran, minority",All firms,301,S
"Agriculture, forestry, fishing and hunting(606)","Equally veteran/nonveteran, minority",Personal/family savings of owner(s),23,S
"Agriculture, forestry, fishing and hunting(606)","Equally veteran/nonveteran, minority",Personal/family assets other than savings of owner(s),0,S
"Agriculture, forestry, fishing and hunting(606)","Equally veteran/nonveteran, minority",Personal/family home equity loan,0,S
"Agriculture, forestry, fishing and hunting(606)","Equally veteran/nonveteran, minority",Personal credit card(s) carrying balances,0,S
"Agriculture, forestry, fishing and hunting(606)","Equally veteran/nonveteran, minority",Business credit card(s) carrying balances,0,S
"Agriculture, forestry, fishing and hunting(606)","Equally veteran/nonveteran, minority","Business loan from federal, state, or local government",0,S
"Agriculture, forestry, fishing and hunting(606)","Equally veteran/nonveteran, minority",Government-guaranteed business loan from a bank or financial institution,0,S
"Agriculture, forestry, fishing and hunting(606)","Equally veteran/nonveteran, minority",Business loan from a bank or financial institution,0,S
"Agriculture, forestry, fishing and hunting(606)","Equally veteran/nonveteran, minority",Business loan/investment from family/friends,0,S
"Agriculture, forestry, fishing and hunting(606)","Equally veteran/nonveteran, minority",Investment by venture capitalist(s),0,S
"Agriculture, forestry, fishing and hunting(606)","Equally veteran/nonveteran, minority",Grants,0,S
"Agriculture, forestry, fishing and hunting(606)","Equally veteran/nonveteran, minority",Other source(s) of capital,0,S
"Agriculture, forestry, fishing and hunting(606)","Equally veteran/nonveteran, minority",Don't know,9,S
"Agriculture, forestry, fishing and hunting(606)","Equally veteran/nonveteran, minority",None needed,4,S
"Agriculture, forestry, fishing and hunting(606)","Equally veteran/nonveteran, minority",Total reporting,36,S
"Agriculture, forestry, fishing and hunting(606)","Equally veteran/nonveteran, minority",Item not reported,2,S
"Agriculture, forestry, fishing and hunting(606)","Equally veteran/nonveteran, equally minority/nonminority",All firms,209,14614
"Agriculture, forestry, fishing and hunting(606)","Equally veteran/nonveteran, equally minority/nonminority",Personal/family savings of owner(s),163,11498
"Agriculture, forestry, fishing and hunting(606)","Equally veteran/nonveteran, equally minority/nonminority",Personal/family assets other than savings of owner(s),87,S
"Agriculture, forestry, fishing and hunting(606)","Equally veteran/nonveteran, equally minority/nonminority",Personal/family home equity loan,6,S
"Agriculture, forestry, fishing and hunting(606)","Equally veteran/nonveteran, equally minority/nonminority",Personal credit card(s) carrying balances,25,1630
"Agriculture, forestry, fishing and hunting(606)","Equally veteran/nonveteran, equally minority/nonminority",Business credit card(s) carrying balances,9,S
"Agriculture, forestry, fishing and hunting(606)","Equally veteran/nonveteran, equally minority/nonminority","Business loan from federal, state, or local government",0,0
"Agriculture, forestry, fishing and hunting(606)","Equally veteran/nonveteran, equally minority/nonminority",Government-guaranteed business loan from a bank or financial institution,0,0
"Agriculture, forestry, fishing and hunting(606)","Equally veteran/nonveteran, equally minority/nonminority",Business loan from a bank or financial institution,7,S
"Agriculture, forestry, fishing and hunting(606)","Equally veteran/nonveteran, equally minority/nonminority",Business loan/investment from family/friends,0,0
"Agriculture, forestry, fishing and hunting(606)","Equally veteran/nonveteran, equally minority/nonminority",Investment by venture capitalist(s),0,0
"Agriculture, forestry, fishing and hunting(606)","Equally veteran/nonveteran, equally minority/nonminority",Grants,0,0
"Agriculture, forestry, fishing and hunting(606)","Equally veteran/nonveteran, equally minority/nonminority",Other source(s) of capital,0,0
"Agriculture, forestry, fishing and hunting(606)","Equally veteran/nonveteran, equally minority/nonminority",Don't know,0,0
"Agriculture, forestry, fishing and hunting(606)","Equally veteran/nonveteran, equally minority/nonminority",None needed,11,S
"Agriculture, forestry, fishing and hunting(606)","Equally veteran/nonveteran, equally minority/nonminority",Total reporting,202,12596
"Agriculture, forestry, fishing and hunting(606)","Equally veteran/nonveteran, equally minority/nonminority",Item not reported,0,0
"Agriculture, forestry, fishing and hunting(606)","Equally veteran/nonveteran, nonminority",All firms,6681,1202063
"Agriculture, forestry, fishing and hunting(606)","Equally veteran/nonveteran, nonminority",Personal/family savings of owner(s),3947,492841
"Agriculture, forestry, fishing and hunting(606)","Equally veteran/nonveteran, nonminority",Personal/family assets other than savings of owner(s),887,178788
"Agriculture, forestry, fishing and hunting(606)","Equally veteran/nonveteran, nonminority",Personal/family home equity loan,304,S
"Agriculture, forestry, fishing and hunting(606)","Equally veteran/nonveteran, nonminority",Personal credit card(s) carrying balances,261,16478
"Agriculture, forestry, fishing and hunting(606)","Equally veteran/nonveteran, nonminority",Business credit card(s) carrying balances,212,S
"Agriculture, forestry, fishing and hunting(606)","Equally veteran/nonveteran, nonminority","Business loan from federal, state, or local government",2,S
"Agriculture, forestry, fishing and hunting(606)","Equally veteran/nonveteran, nonminority",Government-guaranteed business loan from a bank or financial institution,223,S
"Agriculture, forestry, fishing and hunting(606)","Equally veteran/nonveteran, nonminority",Business loan from a bank or financial institution,1193,273664
"Agriculture, forestry, fishing and hunting(606)","Equally veteran/nonveteran, nonminority",Business loan/investment from family/friends,189,S
"Agriculture, forestry, fishing and hunting(606)","Equally veteran/nonveteran, nonminority",Investment by venture capitalist(s),8,S
"Agriculture, forestry, fishing and hunting(606)","Equally veteran/nonveteran, nonminority",Grants,0,0
"Agriculture, forestry, fishing and hunting(606)","Equally veteran/nonveteran, nonminority",Other source(s) of capital,92,S
"Agriculture, forestry, fishing and hunting(606)","Equally veteran/nonveteran, nonminority",Don't know,351,93481
"Agriculture, forestry, fishing and hunting(606)","Equally veteran/nonveteran, nonminority",None needed,500,83974
"Agriculture, forestry, fishing and hunting(606)","Equally veteran/nonveteran, nonminority",Total reporting,5867(r),924926(r)
"Agriculture, forestry, fishing and hunting(606)","Equally veteran/nonveteran, nonminority",Item not reported,130(r),S
"Agriculture, forestry, fishing and hunting(606)",Nonveteran,All firms,217859,28909637
"Agriculture, forestry, fishing and hunting(606)",Nonveteran,Personal/family savings of owner(s),75780,10976075
"Agriculture, forestry, fishing and hunting(606)",Nonveteran,Personal/family assets other than savings of owner(s),10585,2445840
"Agriculture, forestry, fishing and hunting(606)",Nonveteran,Personal/family home equity loan,4535,1045031
"Agriculture, forestry, fishing and hunting(606)",Nonveteran,Personal credit card(s) carrying balances,8325,1016143
"Agriculture, forestry, fishing and hunting(606)",Nonveteran,Business credit card(s) carrying balances,1790,386583
"Agriculture, forestry, fishing and hunting(606)",Nonveteran,"Business loan from federal, state, or local government",839,174318
"Agriculture, forestry, fishing and hunting(606)",Nonveteran,Government-guaranteed business loan from a bank or financial institution,620,244281
"Agriculture, forestry, fishing and hunting(606)",Nonveteran,Business loan from a bank or financial institution,18167,6542715
"Agriculture, forestry, fishing and hunting(606)",Nonveteran,Business loan/investment from family/friends,2784,940881
"Agriculture, forestry, fishing and hunting(606)",Nonveteran,Investment by venture capitalist(s),158,13700
"Agriculture, forestry, fishing and hunting(606)",Nonveteran,Grants,263,15519
"Agriculture, forestry, fishing and hunting(606)",Nonveteran,Other source(s) of capital,2654,529626
"Agriculture, forestry, fishing and hunting(606)",Nonveteran,Don't know,10990,3476176
"Agriculture, forestry, fishing and hunting(606)",Nonveteran,None needed,27292,1451738
"Agriculture, forestry, fishing and hunting(606)",Nonveteran,Total reporting,133613(r),20909122(r)
"Agriculture, forestry, fishing and hunting(606)",Nonveteran,Item not reported,4526(r),282238(r)
"Agriculture, forestry, fishing and hunting(606)","Nonveteran, female-owned",All firms,34867,2866167
"Agriculture, forestry, fishing and hunting(606)","Nonveteran, female-owned",Personal/family savings of owner(s),9428,805954
"Agriculture, forestry, fishing and hunting(606)","Nonveteran, female-owned",Personal/family assets other than savings of owner(s),1575,216576
"Agriculture, forestry, fishing and hunting(606)","Nonveteran, female-owned",Personal/family home equity loan,676,72157
"Agriculture, forestry, fishing and hunting(606)","Nonveteran, female-owned",Personal credit card(s) carrying balances,1310,88307
"Agriculture, forestry, fishing and hunting(606)","Nonveteran, female-owned",Business credit card(s) carrying balances,344,25501
"Agriculture, forestry, fishing and hunting(606)","Nonveteran, female-owned","Business loan from federal, state, or local government",41,S
"Agriculture, forestry, fishing and hunting(606)","Nonveteran, female-owned",Government-guaranteed business loan from a bank or financial institution,29,S
"Agriculture, forestry, fishing and hunting(606)","Nonveteran, female-owned",Business loan from a bank or financial institution,814,250463
"Agriculture, forestry, fishing and hunting(606)","Nonveteran, female-owned",Business loan/investment from family/friends,231,35274
"Agriculture, forestry, fishing and hunting(606)","Nonveteran, female-owned",Investment by venture capitalist(s),10,S
"Agriculture, forestry, fishing and hunting(606)","Nonveteran, female-owned",Grants,4,S
"Agriculture, forestry, fishing and hunting(606)","Nonveteran, female-owned",Other source(s) of capital,220,8382
"Agriculture, forestry, fishing and hunting(606)","Nonveteran, female-owned",Don't know,1311,236591
"Agriculture, forestry, fishing and hunting(606)","Nonveteran, female-owned",None needed,4594,158382
"Agriculture, forestry, fishing and hunting(606)","Nonveteran, female-owned",Total reporting,17258(r),1508889(r)
"Agriculture, forestry, fishing and hunting(606)","Nonveteran, female-owned",Item not reported,709(r),S
"Agriculture, forestry, fishing and hunting(606)","Nonveteran, male-owned",All firms,158433,21281927
"Agriculture, forestry, fishing and hunting(606)","Nonveteran, male-owned",Personal/family savings of owner(s),52614,7717985
"Agriculture, forestry, fishing and hunting(606)","Nonveteran, male-owned",Personal/family assets other than savings of owner(s),6681,1761033
"Agriculture, forestry, fishing and hunting(606)","Nonveteran, male-owned",Personal/family home equity loan,2542,814384
"Agriculture, forestry, fishing and hunting(606)","Nonveteran, male-owned",Personal credit card(s) carrying balances,4966,656318
"Agriculture, forestry, fishing and hunting(606)","Nonveteran, male-owned",Business credit card(s) carrying balances,1207,275128
"Agriculture, forestry, fishing and hunting(606)","Nonveteran, male-owned","Business loan from federal, state, or local government",498,79981
"Agriculture, forestry, fishing and hunting(606)","Nonveteran, male-owned",Government-guaranteed business loan from a bank or financial institution,336,S
"Agriculture, forestry, fishing and hunting(606)","Nonveteran, male-owned",Business loan from a bank or financial institution,12905,4649319
"Agriculture, forestry, fishing and hunting(606)","Nonveteran, male-owned",Business loan/investment from family/friends,2152,705924
"Agriculture, forestry, fishing and hunting(606)","Nonveteran, male-owned",Investment by venture capitalist(s),97,6947
"Agriculture, forestry, fishing and hunting(606)","Nonveteran, male-owned",Grants,245,11596
"Agriculture, forestry, fishing and hunting(606)","Nonveteran, male-owned",Other source(s) of capital,1802,412599
"Agriculture, forestry, fishing and hunting(606)","Nonveteran, male-owned",Don't know,8293,2793371
"Agriculture, forestry, fishing and hunting(606)","Nonveteran, male-owned",None needed,21216,1053758
"Agriculture, forestry, fishing and hunting(606)","Nonveteran, male-owned",Total reporting,96340(r),15286897(r)
"Agriculture, forestry, fishing and hunting(606)","Nonveteran, male-owned",Item not reported,3559(r),204555(r)
"Agriculture, forestry, fishing and hunting(606)","Nonveteran, equally male-/female-owned",All firms,24560,4761543
"Agriculture, forestry, fishing and hunting(606)","Nonveteran, equally male-/female-owned",Personal/family savings of owner(s),13738,2452136
"Agriculture, forestry, fishing and hunting(606)","Nonveteran, equally male-/female-owned",Personal/family assets other than savings of owner(s),2328,468231
"Agriculture, forestry, fishing and hunting(606)","Nonveteran, equally male-/female-owned",Personal/family home equity loan,1317,158490
"Agriculture, forestry, fishing and hunting(606)","Nonveteran, equally male-/female-owned",Personal credit card(s) carrying balances,2049,271518
"Agriculture, forestry, fishing and hunting(606)","Nonveteran, equally male-/female-owned",Business credit card(s) carrying balances,238,85955
"Agriculture, forestry, fishing and hunting(606)","Nonveteran, equally male-/female-owned","Business loan from federal, state, or local government",300,S
"Agriculture, forestry, fishing and hunting(606)","Nonveteran, equally male-/female-owned",Government-guaranteed business loan from a bank or financial institution,255,79892
"Agriculture, forestry, fishing and hunting(606)","Nonveteran, equally male-/female-owned",Business loan from a bank or financial institution,4448,1642933
"Agriculture, forestry, fishing and hunting(606)","Nonveteran, equally male-/female-owned",Business loan/investment from family/friends,401,199684
"Agriculture, forestry, fishing and hunting(606)","Nonveteran, equally male-/female-owned",Investment by venture capitalist(s),51,S
"Agriculture, forestry, fishing and hunting(606)","Nonveteran, equally male-/female-owned",Grants,14,S
"Agriculture, forestry, fishing and hunting(606)","Nonveteran, equally male-/female-owned",Other source(s) of capital,631,108645
"Agriculture, forestry, fishing and hunting(606)","Nonveteran, equally male-/female-owned",Don't know,1386,446214
"Agriculture, forestry, fishing and hunting(606)","Nonveteran, equally male-/female-owned",None needed,1482,239598
"Agriculture, forestry, fishing and hunting(606)","Nonveteran, equally male-/female-owned",Total reporting,20016(r),4113336(r)
"Agriculture, forestry, fishing and hunting(606)","Nonveteran, equally male-/female-owned",Item not reported,258(r),S
"Agriculture, forestry, fishing and hunting(606)","Nonveteran, Hispanic",All firms,16369,1083503
"Agriculture, forestry, fishing and hunting(606)","Nonveteran, Hispanic",Personal/family savings of owner(s),2396,244937
"Agriculture, forestry, fishing and hunting(606)","Nonveteran, Hispanic",Personal/family assets other than savings of owner(s),106,34936
"Agriculture, forestry, fishing and hunting(606)","Nonveteran, Hispanic",Personal/family home equity loan,120,18037
"Agriculture, forestry, fishing and hunting(606)","Nonveteran, Hispanic",Personal credit card(s) carrying balances,213,44619
"Agriculture, forestry, fishing and hunting(606)","Nonveteran, Hispanic",Business credit card(s) carrying balances,23,S
"Agriculture, forestry, fishing and hunting(606)","Nonveteran, Hispanic","Business loan from federal, state, or local government",18,S
"Agriculture, forestry, fishing and hunting(606)","Nonveteran, Hispanic",Government-guaranteed business loan from a bank or financial institution,0,0
"Agriculture, forestry, fishing and hunting(606)","Nonveteran, Hispanic",Business loan from a bank or financial institution,170,21467
"Agriculture, forestry, fishing and hunting(606)","Nonveteran, Hispanic",Business loan/investment from family/friends,181,31505
"Agriculture, forestry, fishing and hunting(606)","Nonveteran, Hispanic",Investment by venture capitalist(s),17,S
"Agriculture, forestry, fishing and hunting(606)","Nonveteran, Hispanic",Grants,10,S
"Agriculture, forestry, fishing and hunting(606)","Nonveteran, Hispanic",Other source(s) of capital,171,S
"Agriculture, forestry, fishing and hunting(606)","Nonveteran, Hispanic",Don't know,469,59789
"Agriculture, forestry, fishing and hunting(606)","Nonveteran, Hispanic",None needed,1136,64759
"Agriculture, forestry, fishing and hunting(606)","Nonveteran, Hispanic",Total reporting,4535(r),465421(r)
"Agriculture, forestry, fishing and hunting(606)","Nonveteran, Hispanic",Item not reported,506(r),13908(r)
"Agriculture, forestry, fishing and hunting(606)","Nonveteran, equally Hispanic/non-Hispanic",All firms,859,153641
"Agriculture, forestry, fishing and hunting(606)","Nonveteran, equally Hispanic/non-Hispanic",Personal/family savings of owner(s),412,81021
"Agriculture, forestry, fishing and hunting(606)","Nonveteran, equally Hispanic/non-Hispanic",Personal/family assets other than savings of owner(s),84,S
"Agriculture, forestry, fishing and hunting(606)","Nonveteran, equally Hispanic/non-Hispanic",Personal/family home equity loan,4,S
"Agriculture, forestry, fishing and hunting(606)","Nonveteran, equally Hispanic/non-Hispanic",Personal credit card(s) carrying balances,30,S
"Agriculture, forestry, fishing and hunting(606)","Nonveteran, equally Hispanic/non-Hispanic",Business credit card(s) carrying balances,22,S
"Agriculture, forestry, fishing and hunting(606)","Nonveteran, equally Hispanic/non-Hispanic","Business loan from federal, state, or local government",2,S
"Agriculture, forestry, fishing and hunting(606)","Nonveteran, equally Hispanic/non-Hispanic",Government-guaranteed business loan from a bank or financial institution,2,S
"Agriculture, forestry, fishing and hunting(606)","Nonveteran, equally Hispanic/non-Hispanic",Business loan from a bank or financial institution,58,66516
"Agriculture, forestry, fishing and hunting(606)","Nonveteran, equally Hispanic/non-Hispanic",Business loan/investment from family/friends,16,S
"Agriculture, forestry, fishing and hunting(606)","Nonveteran, equally Hispanic/non-Hispanic",Investment by venture capitalist(s),0,0
"Agriculture, forestry, fishing and hunting(606)","Nonveteran, equally Hispanic/non-Hispanic",Grants,14,S
"Agriculture, forestry, fishing and hunting(606)","Nonveteran, equally Hispanic/non-Hispanic",Other source(s) of capital,33,S
"Agriculture, forestry, fishing and hunting(606)","Nonveteran, equally Hispanic/non-Hispanic",Don't know,85,S
"Agriculture, forestry, fishing and hunting(606)","Nonveteran, equally Hispanic/non-Hispanic",None needed,94,2400
"Agriculture, forestry, fishing and hunting(606)","Nonveteran, equally Hispanic/non-Hispanic",Total reporting,651,119260
"Agriculture, forestry, fishing and hunting(606)","Nonveteran, equally Hispanic/non-Hispanic",Item not reported,0,0
"Agriculture, forestry, fishing and hunting(606)","Nonveteran, non-Hispanic",All firms,200631,27672494
"Agriculture, forestry, fishing and hunting(606)","Nonveteran, non-Hispanic",Personal/family savings of owner(s),72972,10650117
"Agriculture, forestry, fishing and hunting(606)","Nonveteran, non-Hispanic",Personal/family assets other than savings of owner(s),10395,2396652
"Agriculture, forestry, fishing and hunting(606)","Nonveteran, non-Hispanic",Personal/family home equity loan,4411,1014896
"Agriculture, forestry, fishing and hunting(606)","Nonveteran, non-Hispanic",Personal credit card(s) carrying balances,8082,964288
"Agriculture, forestry, fishing and hunting(606)","Nonveteran, non-Hispanic",Business credit card(s) carrying balances,1745,367028
"Agriculture, forestry, fishing and hunting(606)","Nonveteran, non-Hispanic","Business loan from federal, state, or local government",820,162464
"Agriculture, forestry, fishing and hunting(606)","Nonveteran, non-Hispanic",Government-guaranteed business loan from a bank or financial institution,618,232517
"Agriculture, forestry, fishing and hunting(606)","Nonveteran, non-Hispanic",Business loan from a bank or financial institution,17938,6454733
"Agriculture, forestry, fishing and hunting(606)","Nonveteran, non-Hispanic",Business loan/investment from family/friends,2588,901929
"Agriculture, forestry, fishing and hunting(606)","Nonveteran, non-Hispanic",Investment by venture capitalist(s),141,13652
"Agriculture, forestry, fishing and hunting(606)","Nonveteran, non-Hispanic",Grants,239,15279
"Agriculture, forestry, fishing and hunting(606)","Nonveteran, non-Hispanic",Other source(s) of capital,2451,489821
"Agriculture, forestry, fishing and hunting(606)","Nonveteran, non-Hispanic",Don't know,10436,3404114
"Agriculture, forestry, fishing and hunting(606)","Nonveteran, non-Hispanic",None needed,26062,1384578
"Agriculture, forestry, fishing and hunting(606)","Nonveteran, non-Hispanic",Total reporting,128428(r),20324441(r)
"Agriculture, forestry, fishing and hunting(606)","Nonveteran, non-Hispanic",Item not reported,4020(r),268331(r)
"Agriculture, forestry, fishing and hunting(606)","Nonveteran, White",All firms,197278,27474355
"Agriculture, forestry, fishing and hunting(606)","Nonveteran, White",Personal/family savings of owner(s),71624,10369860
"Agriculture, forestry, fishing and hunting(606)","Nonveteran, White",Personal/family assets other than savings of owner(s),9986,2321933
"Agriculture, forestry, fishing and hunting(606)","Nonveteran, White",Personal/family home equity loan,4394,882620
"Agriculture, forestry, fishing and hunting(606)","Nonveteran, White",Personal credit card(s) carrying balances,7855,962625
"Agriculture, forestry, fishing and hunting(606)","Nonveteran, White",Business credit card(s) carrying balances,1773,374266
"Agriculture, forestry, fishing and hunting(606)","Nonveteran, White","Business loan from federal, state, or local government",821,158949
"Agriculture, forestry, fishing and hunting(606)","Nonveteran, White",Government-guaranteed business loan from a bank or financial institution,474,S
"Agriculture, forestry, fishing and hunting(606)","Nonveteran, White",Business loan from a bank or financial institution,17399,6350916
"Agriculture, forestry, fishing and hunting(606)","Nonveteran, White",Business loan/investment from family/friends,2554,888213
"Agriculture, forestry, fishing and hunting(606)","Nonveteran, White",Investment by venture capitalist(s),151,13672
"Agriculture, forestry, fishing and hunting(606)","Nonveteran, White",Grants,93,S
"Agriculture, forestry, fishing and hunting(606)","Nonveteran, White",Other source(s) of capital,2346,506424
"Agriculture, forestry, fishing and hunting(606)","Nonveteran, White",Don't know,9877,3324600
"Agriculture, forestry, fishing and hunting(606)","Nonveteran, White",None needed,25257,1371178
"Agriculture, forestry, fishing and hunting(606)","Nonveteran, White",Total reporting,125373(r),19943413(r)
"Agriculture, forestry, fishing and hunting(606)","Nonveteran, White",Item not reported,3926(r),261325(r)
"Agriculture, forestry, fishing and hunting(606)","Nonveteran, Black or African American",All firms,4683,196949
"Agriculture, forestry, fishing and hunting(606)","Nonveteran, Black or African American",Personal/family savings of owner(s),593,36155
"Agriculture, forestry, fishing and hunting(606)","Nonveteran, Black or African American",Personal/family assets other than savings of owner(s),127,S
"Agriculture, forestry, fishing and hunting(606)","Nonveteran, Black or African American",Personal/family home equity loan,8,S
"Agriculture, forestry, fishing and hunting(606)","Nonveteran, Black or African American",Personal credit card(s) carrying balances,73,S
"Agriculture, forestry, fishing and hunting(606)","Nonveteran, Black or African American",Business credit card(s) carrying balances,8,S
"Agriculture, forestry, fishing and hunting(606)","Nonveteran, Black or African American","Business loan from federal, state, or local government",0,0
"Agriculture, forestry, fishing and hunting(606)","Nonveteran, Black or African American",Government-guaranteed business loan from a bank or financial institution,59,S
"Agriculture, forestry, fishing and hunting(606)","Nonveteran, Black or African American",Business loan from a bank or financial institution,164,26208
"Agriculture, forestry, fishing and hunting(606)","Nonveteran, Black or African American",Business loan/investment from family/friends,2,S
"Agriculture, forestry, fishing and hunting(606)","Nonveteran, Black or African American",Investment by venture capitalist(s),0,0
"Agriculture, forestry, fishing and hunting(606)","Nonveteran, Black or African American",Grants,109,S
"Agriculture, forestry, fishing and hunting(606)","Nonveteran, Black or African American",Other source(s) of capital,4,S
"Agriculture, forestry, fishing and hunting(606)","Nonveteran, Black or African American",Don't know,166,S
"Agriculture, forestry, fishing and hunting(606)","Nonveteran, Black or African American",None needed,715,7535
"Agriculture, forestry, fishing and hunting(606)","Nonveteran, Black or African American",Total reporting,1715(r),87441(r)
"Agriculture, forestry, fishing and hunting(606)","Nonveteran, Black or African American",Item not reported,206(r),S
"Agriculture, forestry, fishing and hunting(606)","Nonveteran, American Indian and Alaska Native",All firms,6021,352061
"Agriculture, forestry, fishing and hunting(606)","Nonveteran, American Indian and Alaska Native",Personal/family savings of owner(s),1139,131489
"Agriculture, forestry, fishing and hunting(606)","Nonveteran, American Indian and Alaska Native",Personal/family assets other than savings of owner(s),311,S
"Agriculture, forestry, fishing and hunting(606)","Nonveteran, American Indian and Alaska Native",Personal/family home equity loan,103,S
"Agriculture, forestry, fishing and hunting(606)","Nonveteran, American Indian and Alaska Native",Personal credit card(s) carrying balances,154,8647
"Agriculture, forestry, fishing and hunting(606)","Nonveteran, American Indian and Alaska Native",Business credit card(s) carrying balances,38,S
"Agriculture, forestry, fishing and hunting(606)","Nonveteran, American Indian and Alaska Native","Business loan from federal, state, or local government",0,0
"Agriculture, forestry, fishing and hunting(606)","Nonveteran, American Indian and Alaska Native",Government-guaranteed business loan from a bank or financial institution,59,S
"Agriculture, forestry, fishing and hunting(606)","Nonveteran, American Indian and Alaska Native",Business loan from a bank or financial institution,195,S
"Agriculture, forestry, fishing and hunting(606)","Nonveteran, American Indian and Alaska Native",Business loan/investment from family/friends,2,S
"Agriculture, forestry, fishing and hunting(606)","Nonveteran, American Indian and Alaska Native",Investment by venture capitalist(s),0,0
"Agriculture, forestry, fishing and hunting(606)","Nonveteran, American Indian and Alaska Native",Grants,59,S
"Agriculture, forestry, fishing and hunting(606)","Nonveteran, American Indian and Alaska Native",Other source(s) of capital,89,S
"Agriculture, forestry, fishing and hunting(606)","Nonveteran, American Indian and Alaska Native",Don't know,372,19166
"Agriculture, forestry, fishing and hunting(606)","Nonveteran, American Indian and Alaska Native",None needed,867,24861
"Agriculture, forestry, fishing and hunting(606)","Nonveteran, American Indian and Alaska Native",Total reporting,2701(r),192741(r)
"Agriculture, forestry, fishing and hunting(606)","Nonveteran, American Indian and Alaska Native",Item not reported,207(r),919(r)
"Agriculture, forestry, fishing and hunting(606)","Nonveteran, Asian",All firms,5965,486967
"Agriculture, forestry, fishing and hunting(606)","Nonveteran, Asian",Personal/family savings of owner(s),1815,197728
"Agriculture, forestry, fishing and hunting(606)","Nonveteran, Asian",Personal/family assets other than savings of owner(s),180,S
"Agriculture, forestry, fishing and hunting(606)","Nonveteran, Asian",Personal/family home equity loan,63,S
"Agriculture, forestry, fishing and hunting(606)","Nonveteran, Asian",Personal credit card(s) carrying balances,130,S
"Agriculture, forestry, fishing and hunting(606)","Nonveteran, Asian",Business credit card(s) carrying balances,0,0
"Agriculture, forestry, fishing and hunting(606)","Nonveteran, Asian","Business loan from federal, state, or local government",14,S
"Agriculture, forestry, fishing and hunting(606)","Nonveteran, Asian",Government-guaranteed business loan from a bank or financial institution,85,S
"Agriculture, forestry, fishing and hunting(606)","Nonveteran, Asian",Business loan from a bank or financial institution,354,89199
"Agriculture, forestry, fishing and hunting(606)","Nonveteran, Asian",Business loan/investment from family/friends,147,31938
"Agriculture, forestry, fishing and hunting(606)","Nonveteran, Asian",Investment by venture capitalist(s),0,0
"Agriculture, forestry, fishing and hunting(606)","Nonveteran, Asian",Grants,61,S
"Agriculture, forestry, fishing and hunting(606)","Nonveteran, Asian",Other source(s) of capital,197,20001
"Agriculture, forestry, fishing and hunting(606)","Nonveteran, Asian",Don't know,275,68362
"Agriculture, forestry, fishing and hunting(606)","Nonveteran, Asian",None needed,455,13949
"Agriculture, forestry, fishing and hunting(606)","Nonveteran, Asian",Total reporting,2870,349067
"Agriculture, forestry, fishing and hunting(606)","Nonveteran, Asian",Item not reported,4,1522
"Agriculture, forestry, fishing and hunting(606)","Nonveteran, Native Hawaiian and Other Pacific Islander",All firms,568,15415
"Agriculture, forestry, fishing and hunting(606)","Nonveteran, Native Hawaiian and Other Pacific Islander",Personal/family savings of owner(s),111,3322
"Agriculture, forestry, fishing and hunting(606)","Nonveteran, Native Hawaiian and Other Pacific Islander",Personal/family assets other than savings of owner(s),0,0
"Agriculture, forestry, fishing and hunting(606)","Nonveteran, Native Hawaiian and Other Pacific Islander",Personal/family home equity loan,0,0
"Agriculture, forestry, fishing and hunting(606)","Nonveteran, Native Hawaiian and Other Pacific Islander",Personal credit card(s) carrying balances,2,S
"Agriculture, forestry, fishing and hunting(606)","Nonveteran, Native Hawaiian and Other Pacific Islander",Business credit card(s) carrying balances,0,0
"Agriculture, forestry, fishing and hunting(606)","Nonveteran, Native Hawaiian and Other Pacific Islander","Business loan from federal, state, or local government",0,0
"Agriculture, forestry, fishing and hunting(606)","Nonveteran, Native Hawaiian and Other Pacific Islander",Government-guaranteed business loan from a bank or financial institution,0,0
"Agriculture, forestry, fishing and hunting(606)","Nonveteran, Native Hawaiian and Other Pacific Islander",Business loan from a bank or financial institution,0,0
"Agriculture, forestry, fishing and hunting(606)","Nonveteran, Native Hawaiian and Other Pacific Islander",Business loan/investment from family/friends,2,S
"Agriculture, forestry, fishing and hunting(606)","Nonveteran, Native Hawaiian and Other Pacific Islander",Investment by venture capitalist(s),0,0
"Agriculture, forestry, fishing and hunting(606)","Nonveteran, Native Hawaiian and Other Pacific Islander",Grants,0,0
"Agriculture, forestry, fishing and hunting(606)","Nonveteran, Native Hawaiian and Other Pacific Islander",Other source(s) of capital,0,0
"Agriculture, forestry, fishing and hunting(606)","Nonveteran, Native Hawaiian and Other Pacific Islander",Don't know,0,0
"Agriculture, forestry, fishing and hunting(606)","Nonveteran, Native Hawaiian and Other Pacific Islander",None needed,29,S
"Agriculture, forestry, fishing and hunting(606)","Nonveteran, Native Hawaiian and Other Pacific Islander",Total reporting,140,4575
"Agriculture, forestry, fishing and hunting(606)","Nonveteran, Native Hawaiian and Other Pacific Islander",Item not reported,0,0
"Agriculture, forestry, fishing and hunting(606)","Nonveteran, some other race",All firms,5737,473420
"Agriculture, forestry, fishing and hunting(606)","Nonveteran, some other race",Personal/family savings of owner(s),675,250089
"Agriculture, forestry, fishing and hunting(606)","Nonveteran, some other race",Personal/family assets other than savings of owner(s),22,S
"Agriculture, forestry, fishing and hunting(606)","Nonveteran, some other race",Personal/family home equity loan,13,S
"Agriculture, forestry, fishing and hunting(606)","Nonveteran, some other race",Personal credit card(s) carrying balances,102,S
"Agriculture, forestry, fishing and hunting(606)","Nonveteran, some other race",Business credit card(s) carrying balances,9,S
"Agriculture, forestry, fishing and hunting(606)","Nonveteran, some other race","Business loan from federal, state, or local government",0,0
"Agriculture, forestry, fishing and hunting(606)","Nonveteran, some other race",Government-guaranteed business loan from a bank or financial institution,0,0
"Agriculture, forestry, fishing and hunting(606)","Nonveteran, some other race",Business loan from a bank or financial institution,21,S
"Agriculture, forestry, fishing and hunting(606)","Nonveteran, some other race",Business loan/investment from family/friends,76,S
"Agriculture, forestry, fishing and hunting(606)","Nonveteran, some other race",Investment by venture capitalist(s),7,S
"Agriculture, forestry, fishing and hunting(606)","Nonveteran, some other race",Grants,0,0
"Agriculture, forestry, fishing and hunting(606)","Nonveteran, some other race",Other source(s) of capital,36,S
"Agriculture, forestry, fishing and hunting(606)","Nonveteran, some other race",Don't know,312,44685
"Agriculture, forestry, fishing and hunting(606)","Nonveteran, some other race",None needed,301,S
"Agriculture, forestry, fishing and hunting(606)","Nonveteran, some other race",Total reporting,1372(r),346840(r)
"Agriculture, forestry, fishing and hunting(606)","Nonveteran, some other race",Item not reported,146(r),10203(r)
"Agriculture, forestry, fishing and hunting(606)","Nonveteran, minority",All firms,33158,2175414
"Agriculture, forestry, fishing and hunting(606)","Nonveteran, minority",Personal/family savings of owner(s),6012,735533
"Agriculture, forestry, fishing and hunting(606)","Nonveteran, minority",Personal/family assets other than savings of owner(s),712,146068
"Agriculture, forestry, fishing and hunting(606)","Nonveteran, minority",Personal/family home equity loan,289,S
"Agriculture, forestry, fishing and hunting(606)","Nonveteran, minority",Personal credit card(s) carrying balances,569,65364
"Agriculture, forestry, fishing and hunting(606)","Nonveteran, minority",Business credit card(s) carrying balances,69,S
"Agriculture, forestry, fishing and hunting(606)","Nonveteran, minority","Business loan from federal, state, or local government",32,S
"Agriculture, forestry, fishing and hunting(606)","Nonveteran, minority",Government-guaranteed business loan from a bank or financial institution,144,S
"Agriculture, forestry, fishing and hunting(606)","Nonveteran, minority",Business loan from a bank or financial institution,884,179106
"Agriculture, forestry, fishing and hunting(606)","Nonveteran, minority",Business loan/investment from family/friends,334,64728
"Agriculture, forestry, fishing and hunting(606)","Nonveteran, minority",Investment by venture capitalist(s),17,S
"Agriculture, forestry, fishing and hunting(606)","Nonveteran, minority",Grants,180,S
"Agriculture, forestry, fishing and hunting(606)","Nonveteran, minority",Other source(s) of capital,460,61003
"Agriculture, forestry, fishing and hunting(606)","Nonveteran, minority",Don't know,1318,172738
"Agriculture, forestry, fishing and hunting(606)","Nonveteran, minority",None needed,3157,106765
"Agriculture, forestry, fishing and hunting(606)","Nonveteran, minority",Total reporting,11898(r),1221032(r)
"Agriculture, forestry, fishing and hunting(606)","Nonveteran, minority",Item not reported,941(r),24162(r)
"Agriculture, forestry, fishing and hunting(606)","Nonveteran, equally minority/nonminority",All firms,1660,273112
"Agriculture, forestry, fishing and hunting(606)","Nonveteran, equally minority/nonminority",Personal/family savings of owner(s),1123,160987
"Agriculture, forestry, fishing and hunting(606)","Nonveteran, equally minority/nonminority",Personal/family assets other than savings of owner(s),161,15930
"Agriculture, forestry, fishing and hunting(606)","Nonveteran, equally minority/nonminority",Personal/family home equity loan,15,S
"Agriculture, forestry, fishing and hunting(606)","Nonveteran, equally minority/nonminority",Personal credit card(s) carrying balances,223,S
"Agriculture, forestry, fishing and hunting(606)","Nonveteran, equally minority/nonminority",Business credit card(s) carrying balances,22,S
"Agriculture, forestry, fishing and hunting(606)","Nonveteran, equally minority/nonminority","Business loan from federal, state, or local government",66,S
"Agriculture, forestry, fishing and hunting(606)","Nonveteran, equally minority/nonminority",Government-guaranteed business loan from a bank or financial institution,2,S
"Agriculture, forestry, fishing and hunting(606)","Nonveteran, equally minority/nonminority",Business loan from a bank or financial institution,202,97062
"Agriculture, forestry, fishing and hunting(606)","Nonveteran, equally minority/nonminority",Business loan/investment from family/friends,60,S
"Agriculture, forestry, fishing and hunting(606)","Nonveteran, equally minority/nonminority",Investment by venture capitalist(s),0,0
"Agriculture, forestry, fishing and hunting(606)","Nonveteran, equally minority/nonminority",Grants,14,S
"Agriculture, forestry, fishing and hunting(606)","Nonveteran, equally minority/nonminority",Other source(s) of capital,38,S
"Agriculture, forestry, fishing and hunting(606)","Nonveteran, equally minority/nonminority",Don't know,73,24259
"Agriculture, forestry, fishing and hunting(606)","Nonveteran, equally minority/nonminority",None needed,176,4159
"Agriculture, forestry, fishing and hunting(606)","Nonveteran, equally minority/nonminority",Total reporting,1573,228010
"Agriculture, forestry, fishing and hunting(606)","Nonveteran, equally minority/nonminority",Item not reported,0,0
"Agriculture, forestry, fishing and hunting(606)","Nonveteran, nonminority",All firms,183041,26461110
"Agriculture, forestry, fishing and hunting(606)","Nonveteran, nonminority",Personal/family savings of owner(s),68644,10079555
"Agriculture, forestry, fishing and hunting(606)","Nonveteran, nonminority",Personal/family assets other than savings of owner(s),9712,2283842
"Agriculture, forestry, fishing and hunting(606)","Nonveteran, nonminority",Personal/family home equity loan,4232,865630
"Agriculture, forestry, fishing and hunting(606)","Nonveteran, nonminority",Personal credit card(s) carrying balances,7533,933232
"Agriculture, forestry, fishing and hunting(606)","Nonveteran, nonminority",Business credit card(s) carrying balances,1699,363572
"Agriculture, forestry, fishing and hunting(606)","Nonveteran, nonminority","Business loan from federal, state, or local government",742,133762
"Agriculture, forestry, fishing and hunting(606)","Nonveteran, nonminority",Government-guaranteed business loan from a bank or financial institution,474,S
"Agriculture, forestry, fishing and hunting(606)","Nonveteran, nonminority",Business loan from a bank or financial institution,17082,6266548
"Agriculture, forestry, fishing and hunting(606)","Nonveteran, nonminority",Business loan/investment from family/friends,2390,865375
"Agriculture, forestry, fishing and hunting(606)","Nonveteran, nonminority",Investment by venture capitalist(s),141,13652
"Agriculture, forestry, fishing and hunting(606)","Nonveteran, nonminority",Grants,69,S
"Agriculture, forestry, fishing and hunting(606)","Nonveteran, nonminority",Other source(s) of capital,2156,457555
"Agriculture, forestry, fishing and hunting(606)","Nonveteran, nonminority",Don't know,9599,3279180
"Agriculture, forestry, fishing and hunting(606)","Nonveteran, nonminority",None needed,23958,1340814
"Agriculture, forestry, fishing and hunting(606)","Nonveteran, nonminority",Total reporting,120143(r),19460080(r)
"Agriculture, forestry, fishing and hunting(606)","Nonveteran, nonminority",Item not reported,3585(r),258076(r)
"Agriculture, forestry, fishing and hunting(606)","All firms classifiable by gender, ethnicity, race, and veteran status",All firms,253994,33030077
"Agriculture, forestry, fishing and hunting(606)","All firms classifiable by gender, ethnicity, race, and veteran status",Personal/family savings of owner(s),89993,12278579
"Agriculture, forestry, fishing and hunting(606)","All firms classifiable by gender, ethnicity, race, and veteran status",Personal/family assets other than savings of owner(s),12665,2831071
"Agriculture, forestry, fishing and hunting(606)","All firms classifiable by gender, ethnicity, race, and veteran status",Personal/family home equity loan,5372,1117944
"Agriculture, forestry, fishing and hunting(606)","All firms classifiable by gender, ethnicity, race, and veteran status",Personal credit card(s) carrying balances,9404,1071887
"Agriculture, forestry, fishing and hunting(606)","All firms classifiable by gender, ethnicity, race, and veteran status",Business credit card(s) carrying balances,2166,418328
"Agriculture, forestry, fishing and hunting(606)","All firms classifiable by gender, ethnicity, race, and veteran status","Business loan from federal, state, or local government",841,175889
"Agriculture, forestry, fishing and hunting(606)","All firms classifiable by gender, ethnicity, race, and veteran status",Government-guaranteed business loan from a bank or financial institution,952,287337
"Agriculture, forestry, fishing and hunting(606)","All firms classifiable by gender, ethnicity, race, and veteran status",Business loan from a bank or financial institution,21093,7224349
"Agriculture, forestry, fishing and hunting(606)","All firms classifiable by gender, ethnicity, race, and veteran status",Business loan/investment from family/friends,3211,1005598
"Agriculture, forestry, fishing and hunting(606)","All firms classifiable by gender, ethnicity, race, and veteran status",Investment by venture capitalist(s),176,13816
"Agriculture, forestry, fishing and hunting(606)","All firms classifiable by gender, ethnicity, race, and veteran status",Grants,282,16112
"Agriculture, forestry, fishing and hunting(606)","All firms classifiable by gender, ethnicity, race, and veteran status",Other source(s) of capital,2972,562396
"Agriculture, forestry, fishing and hunting(606)","All firms classifiable by gender, ethnicity, race, and veteran status",Don't know,12249,3676798
"Agriculture, forestry, fishing and hunting(606)","All firms classifiable by gender, ethnicity, race, and veteran status",None needed,31486,1652620
"Agriculture, forestry, fishing and hunting(606)","All firms classifiable by gender, ethnicity, race, and veteran status",Total reporting,156432(r),23236641(r)
"Agriculture, forestry, fishing and hunting(606)","All firms classifiable by gender, ethnicity, race, and veteran status",Item not reported,5685(r),368015(r)
"Agriculture, forestry, fishing and hunting(606)","Publicly held and other firms not classifiable by gender, ethnicity, race, and veteran status",All firms,1872,7492811
"Agriculture, forestry, fishing and hunting(606)","Publicly held and other firms not classifiable by gender, ethnicity, race, and veteran status",Personal/family savings of owner(s),61,S
"Agriculture, forestry, fishing and hunting(606)","Publicly held and other firms not classifiable by gender, ethnicity, race, and veteran status",Personal/family assets other than savings of owner(s),0,0
"Agriculture, forestry, fishing and hunting(606)","Publicly held and other firms not classifiable by gender, ethnicity, race, and veteran status",Personal/family home equity loan,0,0
"Agriculture, forestry, fishing and hunting(606)","Publicly held and other firms not classifiable by gender, ethnicity, race, and veteran status",Personal credit card(s) carrying balances,36,S
"Agriculture, forestry, fishing and hunting(606)","Publicly held and other firms not classifiable by gender, ethnicity, race, and veteran status",Business credit card(s) carrying balances,36,S
"Agriculture, forestry, fishing and hunting(606)","Publicly held and other firms not classifiable by gender, ethnicity, race, and veteran status","Business loan from federal, state, or local government",0,0
"Agriculture, forestry, fishing and hunting(606)","Publicly held and other firms not classifiable by gender, ethnicity, race, and veteran status",Government-guaranteed business loan from a bank or financial institution,0,0
"Agriculture, forestry, fishing and hunting(606)","Publicly held and other firms not classifiable by gender, ethnicity, race, and veteran status",Business loan from a bank or financial institution,145,S
"Agriculture, forestry, fishing and hunting(606)","Publicly held and other firms not classifiable by gender, ethnicity, race, and veteran status",Business loan/investment from family/friends,0,0
"Agriculture, forestry, fishing and hunting(606)","Publicly held and other firms not classifiable by gender, ethnicity, race, and veteran status",Investment by venture capitalist(s),0,0
"Agriculture, forestry, fishing and hunting(606)","Publicly held and other firms not classifiable by gender, ethnicity, race, and veteran status",Grants,0,0
"Agriculture, forestry, fishing and hunting(606)","Publicly held and other firms not classifiable by gender, ethnicity, race, and veteran status",Other source(s) of capital,39,S
"Agriculture, forestry, fishing and hunting(606)","Publicly held and other firms not classifiable by gender, ethnicity, race, and veteran status",Don't know,114,178306
"Agriculture, forestry, fishing and hunting(606)","Publicly held and other firms not classifiable by gender, ethnicity, race, and veteran status",None needed,103,S
"Agriculture, forestry, fishing and hunting(606)","Publicly held and other firms not classifiable by gender, ethnicity, race, and veteran status",Total reporting,427,204444
"Agriculture, forestry, fishing and hunting(606)","Publicly held and other firms not classifiable by gender, ethnicity, race, and veteran status",Item not reported,1789,3538559
"Mining, quarrying, and oil and gas extraction",All firms,All firms,130632,595179003
"Mining, quarrying, and oil and gas extraction",All firms,Personal/family savings of owner(s),45126,32596463
"Mining, quarrying, and oil and gas extraction",All firms,Personal/family assets other than savings of owner(s),6836,16322971
"Mining, quarrying, and oil and gas extraction",All firms,Personal/family home equity loan,1587,845734
"Mining, quarrying, and oil and gas extraction",All firms,Personal credit card(s) carrying balances,2618,1383406
"Mining, quarrying, and oil and gas extraction",All firms,Business credit card(s) carrying balances,958,540883
"Mining, quarrying, and oil and gas extraction",All firms,"Business loan from federal, state, or local government",22,S
"Mining, quarrying, and oil and gas extraction",All firms,Government-guaranteed business loan from a bank or financial institution,201,782912
"Mining, quarrying, and oil and gas extraction",All firms,Business loan from a bank or financial institution,8549,18340725
"Mining, quarrying, and oil and gas extraction",All firms,Business loan/investment from family/friends,1201,2569904
"Mining, quarrying, and oil and gas extraction",All firms,Investment by venture capitalist(s),628,924370
"Mining, quarrying, and oil and gas extraction",All firms,Grants,16,S
"Mining, quarrying, and oil and gas extraction",All firms,Other source(s) of capital,2155,4350737
"Mining, quarrying, and oil and gas extraction",All firms,Don't know,10258,35781538
"Mining, quarrying, and oil and gas extraction",All firms,None needed,14753,6513241
"Mining, quarrying, and oil and gas extraction",All firms,Total reporting,80786(r),96881301(r)
"Mining, quarrying, and oil and gas extraction",All firms,Item not reported,7549(r),215065060(r)
"Mining, quarrying, and oil and gas extraction",Female-owned,All firms,22388,12688725
"Mining, quarrying, and oil and gas extraction",Female-owned,Personal/family savings of owner(s),5707,1540549
"Mining, quarrying, and oil and gas extraction",Female-owned,Personal/family assets other than savings of owner(s),1277,1103787
"Mining, quarrying, and oil and gas extraction",Female-owned,Personal/family home equity loan,181,56199
"Mining, quarrying, and oil and gas extraction",Female-owned,Personal credit card(s) carrying balances,202,59857
"Mining, quarrying, and oil and gas extraction",Female-owned,Business credit card(s) carrying balances,66,S
"Mining, quarrying, and oil and gas extraction",Female-owned,"Business loan from federal, state, or local government",0,0
"Mining, quarrying, and oil and gas extraction",Female-owned,Government-guaranteed business loan from a bank or financial institution,6,S
"Mining, quarrying, and oil and gas extraction",Female-owned,Business loan from a bank or financial institution,649,665279
"Mining, quarrying, and oil and gas extraction",Female-owned,Business loan/investment from family/friends,221,79588
"Mining, quarrying, and oil and gas extraction",Female-owned,Investment by venture capitalist(s),43,S
"Mining, quarrying, and oil and gas extraction",Female-owned,Grants,5,S
"Mining, quarrying, and oil and gas extraction",Female-owned,Other source(s) of capital,505,250625
"Mining, quarrying, and oil and gas extraction",Female-owned,Don't know,2159,926978
"Mining, quarrying, and oil and gas extraction",Female-owned,None needed,3333,S
"Mining, quarrying, and oil and gas extraction",Female-owned,Total reporting,13072(r),6109042(r)
"Mining, quarrying, and oil and gas extraction",Female-owned,Item not reported,583(r),S
"Mining, quarrying, and oil and gas extraction",Male-owned,All firms,82392,91120251
"Mining, quarrying, and oil and gas extraction",Male-owned,Personal/family savings of owner(s),29279,27369750
"Mining, quarrying, and oil and gas extraction",Male-owned,Personal/family assets other than savings of owner(s),4172,14838181
"Mining, quarrying, and oil and gas extraction",Male-owned,Personal/family home equity loan,1115,627562
"Mining, quarrying, and oil and gas extraction",Male-owned,Personal credit card(s) carrying balances,1927,809351
"Mining, quarrying, and oil and gas extraction",Male-owned,Business credit card(s) carrying balances,800,452093
"Mining, quarrying, and oil and gas extraction",Male-owned,"Business loan from federal, state, or local government",22,S
"Mining, quarrying, and oil and gas extraction",Male-owned,Government-guaranteed business loan from a bank or financial institution,74,702914
"Mining, quarrying, and oil and gas extraction",Male-owned,Business loan from a bank or financial institution,5869,15428561
"Mining, quarrying, and oil and gas extraction",Male-owned,Business loan/investment from family/friends,763,2374513
"Mining, quarrying, and oil and gas extraction",Male-owned,Investment by venture capitalist(s),378,856958
"Mining, quarrying, and oil and gas extraction",Male-owned,Grants,12,S
"Mining, quarrying, and oil and gas extraction",Male-owned,Other source(s) of capital,1107,3757019
"Mining, quarrying, and oil and gas extraction",Male-owned,Don't know,6635,18416706
"Mining, quarrying, and oil and gas extraction",Male-owned,None needed,9380,3854975
"Mining, quarrying, and oil and gas extraction",Male-owned,Total reporting,51719(r),68928759(r)
"Mining, quarrying, and oil and gas extraction",Male-owned,Item not reported,1616(r),231624(r)
"Mining, quarrying, and oil and gas extraction",Equally male-/female-owned,All firms,21354,8922505
"Mining, quarrying, and oil and gas extraction",Equally male-/female-owned,Personal/family savings of owner(s),10031,3678763
"Mining, quarrying, and oil and gas extraction",Equally male-/female-owned,Personal/family assets other than savings of owner(s),1385,373404
"Mining, quarrying, and oil and gas extraction",Equally male-/female-owned,Personal/family home equity loan,290,161972
"Mining, quarrying, and oil and gas extraction",Equally male-/female-owned,Personal credit card(s) carrying balances,489,514199
"Mining, quarrying, and oil and gas extraction",Equally male-/female-owned,Business credit card(s) carrying balances,92,50267
"Mining, quarrying, and oil and gas extraction",Equally male-/female-owned,"Business loan from federal, state, or local government",0,0
"Mining, quarrying, and oil and gas extraction",Equally male-/female-owned,Government-guaranteed business loan from a bank or financial institution,120,36745
"Mining, quarrying, and oil and gas extraction",Equally male-/female-owned,Business loan from a bank or financial institution,2020,2117663
"Mining, quarrying, and oil and gas extraction",Equally male-/female-owned,Business loan/investment from family/friends,213,115192
"Mining, quarrying, and oil and gas extraction",Equally male-/female-owned,Investment by venture capitalist(s),107,S
"Mining, quarrying, and oil and gas extraction",Equally male-/female-owned,Grants,0,0
"Mining, quarrying, and oil and gas extraction",Equally male-/female-owned,Other source(s) of capital,474,155679
"Mining, quarrying, and oil and gas extraction",Equally male-/female-owned,Don't know,1032,1094212
"Mining, quarrying, and oil and gas extraction",Equally male-/female-owned,None needed,1997,417581
"Mining, quarrying, and oil and gas extraction",Equally male-/female-owned,Total reporting,15227(r),6043480(r)
"Mining, quarrying, and oil and gas extraction",Equally male-/female-owned,Item not reported,496(r),131602(r)
"Mining, quarrying, and oil and gas extraction",Hispanic,All firms,4849,2394920
"Mining, quarrying, and oil and gas extraction",Hispanic,Personal/family savings of owner(s),1170,877072
"Mining, quarrying, and oil and gas extraction",Hispanic,Personal/family assets other than savings of owner(s),204,S
"Mining, quarrying, and oil and gas extraction",Hispanic,Personal/family home equity loan,54,S
"Mining, quarrying, and oil and gas extraction",Hispanic,Personal credit card(s) carrying balances,110,S
"Mining, quarrying, and oil and gas extraction",Hispanic,Business credit card(s) carrying balances,23,43580
"Mining, quarrying, and oil and gas extraction",Hispanic,"Business loan from federal, state, or local government",0,0
"Mining, quarrying, and oil and gas extraction",Hispanic,Government-guaranteed business loan from a bank or financial institution,3,S
"Mining, quarrying, and oil and gas extraction",Hispanic,Business loan from a bank or financial institution,132,549960
"Mining, quarrying, and oil and gas extraction",Hispanic,Business loan/investment from family/friends,17,S
"Mining, quarrying, and oil and gas extraction",Hispanic,Investment by venture capitalist(s),2,S
"Mining, quarrying, and oil and gas extraction",Hispanic,Grants,2,S
"Mining, quarrying, and oil and gas extraction",Hispanic,Other source(s) of capital,29,S
"Mining, quarrying, and oil and gas extraction",Hispanic,Don't know,296,S
"Mining, quarrying, and oil and gas extraction",Hispanic,None needed,189,9306
"Mining, quarrying, and oil and gas extraction",Hispanic,Total reporting,1892(r),1430331(r)
"Mining, quarrying, and oil and gas extraction",Hispanic,Item not reported,119(r),S
"Mining, quarrying, and oil and gas extraction","Hispanic, female-owned",All firms,806,341328
"Mining, quarrying, and oil and gas extraction","Hispanic, female-owned",Personal/family savings of owner(s),169,59525
"Mining, quarrying, and oil and gas extraction","Hispanic, female-owned",Personal/family assets other than savings of owner(s),72,S
"Mining, quarrying, and oil and gas extraction","Hispanic, female-owned",Personal/family home equity loan,8,S
"Mining, quarrying, and oil and gas extraction","Hispanic, female-owned",Personal credit card(s) carrying balances,52,S
"Mining, quarrying, and oil and gas extraction","Hispanic, female-owned",Business credit card(s) carrying balances,8,S
"Mining, quarrying, and oil and gas extraction","Hispanic, female-owned","Business loan from federal, state, or local government",0,0
"Mining, quarrying, and oil and gas extraction","Hispanic, female-owned",Government-guaranteed business loan from a bank or financial institution,0,0
"Mining, quarrying, and oil and gas extraction","Hispanic, female-owned",Business loan from a bank or financial institution,17,S
"Mining, quarrying, and oil and gas extraction","Hispanic, female-owned",Business loan/investment from family/friends,8,S
"Mining, quarrying, and oil and gas extraction","Hispanic, female-owned",Investment by venture capitalist(s),0,0
"Mining, quarrying, and oil and gas extraction","Hispanic, female-owned",Grants,2,S
"Mining, quarrying, and oil and gas extraction","Hispanic, female-owned",Other source(s) of capital,8,S
"Mining, quarrying, and oil and gas extraction","Hispanic, female-owned",Don't know,10,S
"Mining, quarrying, and oil and gas extraction","Hispanic, female-owned",None needed,31,948
"Mining, quarrying, and oil and gas extraction","Hispanic, female-owned",Total reporting,301,67864
"Mining, quarrying, and oil and gas extraction","Hispanic, female-owned",Item not reported,8,S
"Mining, quarrying, and oil and gas extraction","Hispanic, male-owned",All firms,3859,1810227
"Mining, quarrying, and oil and gas extraction","Hispanic, male-owned",Personal/family savings of owner(s),932,478913
"Mining, quarrying, and oil and gas extraction","Hispanic, male-owned",Personal/family assets other than savings of owner(s),127,S
"Mining, quarrying, and oil and gas extraction","Hispanic, male-owned",Personal/family home equity loan,32,S
"Mining, quarrying, and oil and gas extraction","Hispanic, male-owned",Personal credit card(s) carrying balances,23,S
"Mining, quarrying, and oil and gas extraction","Hispanic, male-owned",Business credit card(s) carrying balances,12,S
"Mining, quarrying, and oil and gas extraction","Hispanic, male-owned","Business loan from federal, state, or local government",0,0
"Mining, quarrying, and oil and gas extraction","Hispanic, male-owned",Government-guaranteed business loan from a bank or financial institution,3,S
"Mining, quarrying, and oil and gas extraction","Hispanic, male-owned",Business loan from a bank or financial institution,93,213317
"Mining, quarrying, and oil and gas extraction","Hispanic, male-owned",Business loan/investment from family/friends,8,S
"Mining, quarrying, and oil and gas extraction","Hispanic, male-owned",Investment by venture capitalist(s),2,S
"Mining, quarrying, and oil and gas extraction","Hispanic, male-owned",Grants,0,0
"Mining, quarrying, and oil and gas extraction","Hispanic, male-owned",Other source(s) of capital,21,S
"Mining, quarrying, and oil and gas extraction","Hispanic, male-owned",Don't know,278,S
"Mining, quarrying, and oil and gas extraction","Hispanic, male-owned",None needed,158,8357
"Mining, quarrying, and oil and gas extraction","Hispanic, male-owned",Total reporting,1496(r),1021564(r)
"Mining, quarrying, and oil and gas extraction","Hispanic, male-owned",Item not reported,75(r),S
"Mining, quarrying, and oil and gas extraction","Hispanic, equally male-/female-owned",All firms,183,243365
"Mining, quarrying, and oil and gas extraction","Hispanic, equally male-/female-owned",Personal/family savings of owner(s),68,S
"Mining, quarrying, and oil and gas extraction","Hispanic, equally male-/female-owned",Personal/family assets other than savings of owner(s),5,S
"Mining, quarrying, and oil and gas extraction","Hispanic, equally male-/female-owned",Personal/family home equity loan,14,S
"Mining, quarrying, and oil and gas extraction","Hispanic, equally male-/female-owned",Personal credit card(s) carrying balances,36,S
"Mining, quarrying, and oil and gas extraction","Hispanic, equally male-/female-owned",Business credit card(s) carrying balances,2,S
"Mining, quarrying, and oil and gas extraction","Hispanic, equally male-/female-owned","Business loan from federal, state, or local government",0,0
"Mining, quarrying, and oil and gas extraction","Hispanic, equally male-/female-owned",Government-guaranteed business loan from a bank or financial institution,0,0
"Mining, quarrying, and oil and gas extraction","Hispanic, equally male-/female-owned",Business loan from a bank or financial institution,22,S
"Mining, quarrying, and oil and gas extraction","Hispanic, equally male-/female-owned",Business loan/investment from family/friends,0,0
"Mining, quarrying, and oil and gas extraction","Hispanic, equally male-/female-owned",Investment by venture capitalist(s),0,0
"Mining, quarrying, and oil and gas extraction","Hispanic, equally male-/female-owned",Grants,0,0
"Mining, quarrying, and oil and gas extraction","Hispanic, equally male-/female-owned",Other source(s) of capital,0,0
"Mining, quarrying, and oil and gas extraction","Hispanic, equally male-/female-owned",Don't know,8,S
"Mining, quarrying, and oil and gas extraction","Hispanic, equally male-/female-owned",None needed,0,0
"Mining, quarrying, and oil and gas extraction","Hispanic, equally male-/female-owned",Total reporting,96(r),S
"Mining, quarrying, and oil and gas extraction","Hispanic, equally male-/female-owned",Item not reported,36(r),S
"Mining, quarrying, and oil and gas extraction",Equally Hispanic/non-Hispanic,All firms,517,560751
"Mining, quarrying, and oil and gas extraction",Equally Hispanic/non-Hispanic,Personal/family savings of owner(s),250,S
"Mining, quarrying, and oil and gas extraction",Equally Hispanic/non-Hispanic,Personal/family assets other than savings of owner(s),28,S
"Mining, quarrying, and oil and gas extraction",Equally Hispanic/non-Hispanic,Personal/family home equity loan,16,S
"Mining, quarrying, and oil and gas extraction",Equally Hispanic/non-Hispanic,Personal credit card(s) carrying balances,43,6631
"Mining, quarrying, and oil and gas extraction",Equally Hispanic/non-Hispanic,Business credit card(s) carrying balances,8,S
"Mining, quarrying, and oil and gas extraction",Equally Hispanic/non-Hispanic,"Business loan from federal, state, or local government",0,0
"Mining, quarrying, and oil and gas extraction",Equally Hispanic/non-Hispanic,Government-guaranteed business loan from a bank or financial institution,0,0
"Mining, quarrying, and oil and gas extraction",Equally Hispanic/non-Hispanic,Business loan from a bank or financial institution,115,S
"Mining, quarrying, and oil and gas extraction",Equally Hispanic/non-Hispanic,Business loan/investment from family/friends,7,S
"Mining, quarrying, and oil and gas extraction",Equally Hispanic/non-Hispanic,Investment by venture capitalist(s),0,0
"Mining, quarrying, and oil and gas extraction",Equally Hispanic/non-Hispanic,Grants,0,0
"Mining, quarrying, and oil and gas extraction",Equally Hispanic/non-Hispanic,Other source(s) of capital,21,S
"Mining, quarrying, and oil and gas extraction",Equally Hispanic/non-Hispanic,Don't know,8,S
"Mining, quarrying, and oil and gas extraction",Equally Hispanic/non-Hispanic,None needed,61,S
"Mining, quarrying, and oil and gas extraction",Equally Hispanic/non-Hispanic,Total reporting,382,S
"Mining, quarrying, and oil and gas extraction",Equally Hispanic/non-Hispanic,Item not reported,0,0
"Mining, quarrying, and oil and gas extraction","Equally Hispanic/non-Hispanic, female-owned",All firms,0,0
"Mining, quarrying, and oil and gas extraction","Equally Hispanic/non-Hispanic, female-owned",Personal/family savings of owner(s),0,0
"Mining, quarrying, and oil and gas extraction","Equally Hispanic/non-Hispanic, female-owned",Personal/family assets other than savings of owner(s),0,0
"Mining, quarrying, and oil and gas extraction","Equally Hispanic/non-Hispanic, female-owned",Personal/family home equity loan,0,0
"Mining, quarrying, and oil and gas extraction","Equally Hispanic/non-Hispanic, female-owned",Personal credit card(s) carrying balances,0,0
"Mining, quarrying, and oil and gas extraction","Equally Hispanic/non-Hispanic, female-owned",Business credit card(s) carrying balances,0,0
"Mining, quarrying, and oil and gas extraction","Equally Hispanic/non-Hispanic, female-owned","Business loan from federal, state, or local government",0,0
"Mining, quarrying, and oil and gas extraction","Equally Hispanic/non-Hispanic, female-owned",Government-guaranteed business loan from a bank or financial institution,0,0
"Mining, quarrying, and oil and gas extraction","Equally Hispanic/non-Hispanic, female-owned",Business loan from a bank or financial institution,0,0
"Mining, quarrying, and oil and gas extraction","Equally Hispanic/non-Hispanic, female-owned",Business loan/investment from family/friends,0,0
"Mining, quarrying, and oil and gas extraction","Equally Hispanic/non-Hispanic, female-owned",Investment by venture capitalist(s),0,0
"Mining, quarrying, and oil and gas extraction","Equally Hispanic/non-Hispanic, female-owned",Grants,0,0
"Mining, quarrying, and oil and gas extraction","Equally Hispanic/non-Hispanic, female-owned",Other source(s) of capital,0,0
"Mining, quarrying, and oil and gas extraction","Equally Hispanic/non-Hispanic, female-owned",Don't know,0,0
"Mining, quarrying, and oil and gas extraction","Equally Hispanic/non-Hispanic, female-owned",None needed,0,0
"Mining, quarrying, and oil and gas extraction","Equally Hispanic/non-Hispanic, female-owned",Total reporting,0,0
"Mining, quarrying, and oil and gas extraction","Equally Hispanic/non-Hispanic, female-owned",Item not reported,0,0
"Mining, quarrying, and oil and gas extraction","Equally Hispanic/non-Hispanic, male-owned",All firms,154,S
"Mining, quarrying, and oil and gas extraction","Equally Hispanic/non-Hispanic, male-owned",Personal/family savings of owner(s),58,S
"Mining, quarrying, and oil and gas extraction","Equally Hispanic/non-Hispanic, male-owned",Personal/family assets other than savings of owner(s),6,S
"Mining, quarrying, and oil and gas extraction","Equally Hispanic/non-Hispanic, male-owned",Personal/family home equity loan,6,S
"Mining, quarrying, and oil and gas extraction","Equally Hispanic/non-Hispanic, male-owned",Personal credit card(s) carrying balances,8,S
"Mining, quarrying, and oil and gas extraction","Equally Hispanic/non-Hispanic, male-owned",Business credit card(s) carrying balances,8,S
"Mining, quarrying, and oil and gas extraction","Equally Hispanic/non-Hispanic, male-owned","Business loan from federal, state, or local government",0,S
"Mining, quarrying, and oil and gas extraction","Equally Hispanic/non-Hispanic, male-owned",Government-guaranteed business loan from a bank or financial institution,0,S
"Mining, quarrying, and oil and gas extraction","Equally Hispanic/non-Hispanic, male-owned",Business loan from a bank or financial institution,86,S
"Mining, quarrying, and oil and gas extraction","Equally Hispanic/non-Hispanic, male-owned",Business loan/investment from family/friends,0,S
"Mining, quarrying, and oil and gas extraction","Equally Hispanic/non-Hispanic, male-owned",Investment by venture capitalist(s),0,S
"Mining, quarrying, and oil and gas extraction","Equally Hispanic/non-Hispanic, male-owned",Grants,0,S
"Mining, quarrying, and oil and gas extraction","Equally Hispanic/non-Hispanic, male-owned",Other source(s) of capital,21,S
"Mining, quarrying, and oil and gas extraction","Equally Hispanic/non-Hispanic, male-owned",Don't know,4,S
"Mining, quarrying, and oil and gas extraction","Equally Hispanic/non-Hispanic, male-owned",None needed,0,S
"Mining, quarrying, and oil and gas extraction","Equally Hispanic/non-Hispanic, male-owned",Total reporting,112,S
"Mining, quarrying, and oil and gas extraction","Equally Hispanic/non-Hispanic, male-owned",Item not reported,0,S
"Mining, quarrying, and oil and gas extraction","Equally Hispanic/non-Hispanic, equally male-/female-owned",All firms,363,167506
"Mining, quarrying, and oil and gas extraction","Equally Hispanic/non-Hispanic, equally male-/female-owned",Personal/family savings of owner(s),191,25419
"Mining, quarrying, and oil and gas extraction","Equally Hispanic/non-Hispanic, equally male-/female-owned",Personal/family assets other than savings of owner(s),22,S
"Mining, quarrying, and oil and gas extraction","Equally Hispanic/non-Hispanic, equally male-/female-owned",Personal/family home equity loan,10,S
"Mining, quarrying, and oil and gas extraction","Equally Hispanic/non-Hispanic, equally male-/female-owned",Personal credit card(s) carrying balances,35,S
"Mining, quarrying, and oil and gas extraction","Equally Hispanic/non-Hispanic, equally male-/female-owned",Business credit card(s) carrying balances,0,0
"Mining, quarrying, and oil and gas extraction","Equally Hispanic/non-Hispanic, equally male-/female-owned","Business loan from federal, state, or local government",0,0
"Mining, quarrying, and oil and gas extraction","Equally Hispanic/non-Hispanic, equally male-/female-owned",Government-guaranteed business loan from a bank or financial institution,0,0
"Mining, quarrying, and oil and gas extraction","Equally Hispanic/non-Hispanic, equally male-/female-owned",Business loan from a bank or financial institution,29,S
"Mining, quarrying, and oil and gas extraction","Equally Hispanic/non-Hispanic, equally male-/female-owned",Business loan/investment from family/friends,7,S
"Mining, quarrying, and oil and gas extraction","Equally Hispanic/non-Hispanic, equally male-/female-owned",Investment by venture capitalist(s),0,0
"Mining, quarrying, and oil and gas extraction","Equally Hispanic/non-Hispanic, equally male-/female-owned",Grants,0,0
"Mining, quarrying, and oil and gas extraction","Equally Hispanic/non-Hispanic, equally male-/female-owned",Other source(s) of capital,0,0
"Mining, quarrying, and oil and gas extraction","Equally Hispanic/non-Hispanic, equally male-/female-owned",Don't know,4,S
"Mining, quarrying, and oil and gas extraction","Equally Hispanic/non-Hispanic, equally male-/female-owned",None needed,61,S
"Mining, quarrying, and oil and gas extraction","Equally Hispanic/non-Hispanic, equally male-/female-owned",Total reporting,271,40817
"Mining, quarrying, and oil and gas extraction","Equally Hispanic/non-Hispanic, equally male-/female-owned",Item not reported,0,0
"Mining, quarrying, and oil and gas extraction",Non-Hispanic,All firms,120768,109775810
"Mining, quarrying, and oil and gas extraction",Non-Hispanic,Personal/family savings of owner(s),43598,31370875
"Mining, quarrying, and oil and gas extraction",Non-Hispanic,Personal/family assets other than savings of owner(s),6602,16171377
"Mining, quarrying, and oil and gas extraction",Non-Hispanic,Personal/family home equity loan,1517,785027
"Mining, quarrying, and oil and gas extraction",Non-Hispanic,Personal credit card(s) carrying balances,2465,1028921
"Mining, quarrying, and oil and gas extraction",Non-Hispanic,Business credit card(s) carrying balances,927,494879
"Mining, quarrying, and oil and gas extraction",Non-Hispanic,"Business loan from federal, state, or local government",22,S
"Mining, quarrying, and oil and gas extraction",Non-Hispanic,Government-guaranteed business loan from a bank or financial institution,197,782249
"Mining, quarrying, and oil and gas extraction",Non-Hispanic,Business loan from a bank or financial institution,8292,17297491
"Mining, quarrying, and oil and gas extraction",Non-Hispanic,Business loan/investment from family/friends,1173,2561584
"Mining, quarrying, and oil and gas extraction",Non-Hispanic,Investment by venture capitalist(s),526,730459
"Mining, quarrying, and oil and gas extraction",Non-Hispanic,Grants,14,S
"Mining, quarrying, and oil and gas extraction",Non-Hispanic,Other source(s) of capital,2036,3915927
"Mining, quarrying, and oil and gas extraction",Non-Hispanic,Don't know,9522,20212792
"Mining, quarrying, and oil and gas extraction",Non-Hispanic,None needed,14459,6387386
"Mining, quarrying, and oil and gas extraction",Non-Hispanic,Total reporting,77743(r),79089863(r)
"Mining, quarrying, and oil and gas extraction",Non-Hispanic,Item not reported,2576(r),336930(r)
"Mining, quarrying, and oil and gas extraction","Non-Hispanic, female-owned",All firms,21582,12347397
"Mining, quarrying, and oil and gas extraction","Non-Hispanic, female-owned",Personal/family savings of owner(s),5538,1481024
"Mining, quarrying, and oil and gas extraction","Non-Hispanic, female-owned",Personal/family assets other than savings of owner(s),1206,1101249
"Mining, quarrying, and oil and gas extraction","Non-Hispanic, female-owned",Personal/family home equity loan,173,52125
"Mining, quarrying, and oil and gas extraction","Non-Hispanic, female-owned",Personal credit card(s) carrying balances,150,47538
"Mining, quarrying, and oil and gas extraction","Non-Hispanic, female-owned",Business credit card(s) carrying balances,58,S
"Mining, quarrying, and oil and gas extraction","Non-Hispanic, female-owned","Business loan from federal, state, or local government",0,0
"Mining, quarrying, and oil and gas extraction","Non-Hispanic, female-owned",Government-guaranteed business loan from a bank or financial institution,6,S
"Mining, quarrying, and oil and gas extraction","Non-Hispanic, female-owned",Business loan from a bank or financial institution,632,657764
"Mining, quarrying, and oil and gas extraction","Non-Hispanic, female-owned",Business loan/investment from family/friends,213,76147
"Mining, quarrying, and oil and gas extraction","Non-Hispanic, female-owned",Investment by venture capitalist(s),43,S
"Mining, quarrying, and oil and gas extraction","Non-Hispanic, female-owned",Grants,2,S
"Mining, quarrying, and oil and gas extraction","Non-Hispanic, female-owned",Other source(s) of capital,497,250617
"Mining, quarrying, and oil and gas extraction","Non-Hispanic, female-owned",Don't know,2150,926211
"Mining, quarrying, and oil and gas extraction","Non-Hispanic, female-owned",None needed,3302,S
"Mining, quarrying, and oil and gas extraction","Non-Hispanic, female-owned",Total reporting,12771(r),6041178(r)
"Mining, quarrying, and oil and gas extraction","Non-Hispanic, female-owned",Item not reported,575(r),S
"Mining, quarrying, and oil and gas extraction","Non-Hispanic, male-owned",All firms,78378,88916779
"Mining, quarrying, and oil and gas extraction","Non-Hispanic, male-owned",Personal/family savings of owner(s),28288,26575140
"Mining, quarrying, and oil and gas extraction","Non-Hispanic, male-owned",Personal/family assets other than savings of owner(s),4039,14704232
"Mining, quarrying, and oil and gas extraction","Non-Hispanic, male-owned",Personal/family home equity loan,1078,575416
"Mining, quarrying, and oil and gas extraction","Non-Hispanic, male-owned",Personal credit card(s) carrying balances,1896,800625
"Mining, quarrying, and oil and gas extraction","Non-Hispanic, male-owned",Business credit card(s) carrying balances,779,410190
"Mining, quarrying, and oil and gas extraction","Non-Hispanic, male-owned","Business loan from federal, state, or local government",22,S
"Mining, quarrying, and oil and gas extraction","Non-Hispanic, male-owned",Government-guaranteed business loan from a bank or financial institution,71,702252
"Mining, quarrying, and oil and gas extraction","Non-Hispanic, male-owned",Business loan from a bank or financial institution,5690,14866170
"Mining, quarrying, and oil and gas extraction","Non-Hispanic, male-owned",Business loan/investment from family/friends,755,2370252
"Mining, quarrying, and oil and gas extraction","Non-Hispanic, male-owned",Investment by venture capitalist(s),376,676808
"Mining, quarrying, and oil and gas extraction","Non-Hispanic, male-owned",Grants,12,S
"Mining, quarrying, and oil and gas extraction","Non-Hispanic, male-owned",Other source(s) of capital,1065,3509631
"Mining, quarrying, and oil and gas extraction","Non-Hispanic, male-owned",Don't know,6352,18193759
"Mining, quarrying, and oil and gas extraction","Non-Hispanic, male-owned",None needed,9222,3846618
"Mining, quarrying, and oil and gas extraction","Non-Hispanic, male-owned",Total reporting,50111(r),67386924(r)
"Mining, quarrying, and oil and gas extraction","Non-Hispanic, male-owned",Item not reported,1541(r),204863(r)
"Mining, quarrying, and oil and gas extraction","Non-Hispanic, equally male-/female-owned",All firms,20807,8511635
"Mining, quarrying, and oil and gas extraction","Non-Hispanic, equally male-/female-owned",Personal/family savings of owner(s),9772,3314711
"Mining, quarrying, and oil and gas extraction","Non-Hispanic, equally male-/female-owned",Personal/family assets other than savings of owner(s),1358,365896
"Mining, quarrying, and oil and gas extraction","Non-Hispanic, equally male-/female-owned",Personal/family home equity loan,266,157486
"Mining, quarrying, and oil and gas extraction","Non-Hispanic, equally male-/female-owned",Personal credit card(s) carrying balances,419,180758
"Mining, quarrying, and oil and gas extraction","Non-Hispanic, equally male-/female-owned",Business credit card(s) carrying balances,90,50241
"Mining, quarrying, and oil and gas extraction","Non-Hispanic, equally male-/female-owned","Business loan from federal, state, or local government",0,0
"Mining, quarrying, and oil and gas extraction","Non-Hispanic, equally male-/female-owned",Government-guaranteed business loan from a bank or financial institution,120,36745
"Mining, quarrying, and oil and gas extraction","Non-Hispanic, equally male-/female-owned",Business loan from a bank or financial institution,1970,1773556
"Mining, quarrying, and oil and gas extraction","Non-Hispanic, equally male-/female-owned",Business loan/investment from family/friends,205,115185
"Mining, quarrying, and oil and gas extraction","Non-Hispanic, equally male-/female-owned",Investment by venture capitalist(s),107,S
"Mining, quarrying, and oil and gas extraction","Non-Hispanic, equally male-/female-owned",Grants,0,0
"Mining, quarrying, and oil and gas extraction","Non-Hispanic, equally male-/female-owned",Other source(s) of capital,474,155679
"Mining, quarrying, and oil and gas extraction","Non-Hispanic, equally male-/female-owned",Don't know,1020,1092823
"Mining, quarrying, and oil and gas extraction","Non-Hispanic, equally male-/female-owned",None needed,1936,411401
"Mining, quarrying, and oil and gas extraction","Non-Hispanic, equally male-/female-owned",Total reporting,14860(r),5661760(r)
"Mining, quarrying, and oil and gas extraction","Non-Hispanic, equally male-/female-owned",Item not reported,460(r),113738(r)
"Mining, quarrying, and oil and gas extraction",White,All firms,121479,110203841
"Mining, quarrying, and oil and gas extraction",White,Personal/family savings of owner(s),43894,32162512
"Mining, quarrying, and oil and gas extraction",White,Personal/family assets other than savings of owner(s),6656,16230346
"Mining, quarrying, and oil and gas extraction",White,Personal/family home equity loan,1508,789749
"Mining, quarrying, and oil and gas extraction",White,Personal credit card(s) carrying balances,2485,1355442
"Mining, quarrying, and oil and gas extraction",White,Business credit card(s) carrying balances,904,525834
"Mining, quarrying, and oil and gas extraction",White,"Business loan from federal, state, or local government",11,S
"Mining, quarrying, and oil and gas extraction",White,Government-guaranteed business loan from a bank or financial institution,175,782503
"Mining, quarrying, and oil and gas extraction",White,Business loan from a bank or financial institution,8321,18047999
"Mining, quarrying, and oil and gas extraction",White,Business loan/investment from family/friends,1169,2548627
"Mining, quarrying, and oil and gas extraction",White,Investment by venture capitalist(s),517,910540
"Mining, quarrying, and oil and gas extraction",White,Grants,5,S
"Mining, quarrying, and oil and gas extraction",White,Other source(s) of capital,2031,3844009
"Mining, quarrying, and oil and gas extraction",White,Don't know,9566,19775953
"Mining, quarrying, and oil and gas extraction",White,None needed,14338,6382493
"Mining, quarrying, and oil and gas extraction",White,Total reporting,77914(r),79500955(r)
"Mining, quarrying, and oil and gas extraction",White,Item not reported,2652(r),381195(r)
"Mining, quarrying, and oil and gas extraction","White, female-owned",All firms,21403,12297796
"Mining, quarrying, and oil and gas extraction","White, female-owned",Personal/family savings of owner(s),5579,1523205
"Mining, quarrying, and oil and gas extraction","White, female-owned",Personal/family assets other than savings of owner(s),1248,1103495
"Mining, quarrying, and oil and gas extraction","White, female-owned",Personal/family home equity loan,169,S
"Mining, quarrying, and oil and gas extraction","White, female-owned",Personal credit card(s) carrying balances,165,49759
"Mining, quarrying, and oil and gas extraction","White, female-owned",Business credit card(s) carrying balances,38,S
"Mining, quarrying, and oil and gas extraction","White, female-owned","Business loan from federal, state, or local government",0,0
"Mining, quarrying, and oil and gas extraction","White, female-owned",Government-guaranteed business loan from a bank or financial institution,6,S
"Mining, quarrying, and oil and gas extraction","White, female-owned",Business loan from a bank or financial institution,639,660729
"Mining, quarrying, and oil and gas extraction","White, female-owned",Business loan/investment from family/friends,219,76739
"Mining, quarrying, and oil and gas extraction","White, female-owned",Investment by venture capitalist(s),43,S
"Mining, quarrying, and oil and gas extraction","White, female-owned",Grants,5,S
"Mining, quarrying, and oil and gas extraction","White, female-owned",Other source(s) of capital,505,250625
"Mining, quarrying, and oil and gas extraction","White, female-owned",Don't know,2136,798058
"Mining, quarrying, and oil and gas extraction","White, female-owned",None needed,3167,S
"Mining, quarrying, and oil and gas extraction","White, female-owned",Total reporting,12711(r),5952627(r)
"Mining, quarrying, and oil and gas extraction","White, female-owned",Item not reported,558(r),S
"Mining, quarrying, and oil and gas extraction","White, male-owned",All firms,79642,89235488
"Mining, quarrying, and oil and gas extraction","White, male-owned",Personal/family savings of owner(s),28537,26987536
"Mining, quarrying, and oil and gas extraction","White, male-owned",Personal/family assets other than savings of owner(s),4033,14757105
"Mining, quarrying, and oil and gas extraction","White, male-owned",Personal/family home equity loan,1066,579939
"Mining, quarrying, and oil and gas extraction","White, male-owned",Personal credit card(s) carrying balances,1880,794645
"Mining, quarrying, and oil and gas extraction","White, male-owned",Business credit card(s) carrying balances,776,444452
"Mining, quarrying, and oil and gas extraction","White, male-owned","Business loan from federal, state, or local government",11,S
"Mining, quarrying, and oil and gas extraction","White, male-owned",Government-guaranteed business loan from a bank or financial institution,74,702914
"Mining, quarrying, and oil and gas extraction","White, male-owned",Business loan from a bank or financial institution,5783,15289474
"Mining, quarrying, and oil and gas extraction","White, male-owned",Business loan/investment from family/friends,739,2362586
"Mining, quarrying, and oil and gas extraction","White, male-owned",Investment by venture capitalist(s),366,856889
"Mining, quarrying, and oil and gas extraction","White, male-owned",Grants,0,0
"Mining, quarrying, and oil and gas extraction","White, male-owned",Other source(s) of capital,1078,3491746
"Mining, quarrying, and oil and gas extraction","White, male-owned",Don't know,6453,17897835
"Mining, quarrying, and oil and gas extraction","White, male-owned",None needed,9228,3845569
"Mining, quarrying, and oil and gas extraction","White, male-owned",Total reporting,50506(r),67622324(r)
"Mining, quarrying, and oil and gas extraction","White, male-owned",Item not reported,1597(r),231392(r)
"Mining, quarrying, and oil and gas extraction","White, equally male-/female-owned",All firms,20434,8670556
"Mining, quarrying, and oil and gas extraction","White, equally male-/female-owned",Personal/family savings of owner(s),9778,3651770
"Mining, quarrying, and oil and gas extraction","White, equally male-/female-owned",Personal/family assets other than savings of owner(s),1375,369747
"Mining, quarrying, and oil and gas extraction","White, equally male-/female-owned",Personal/family home equity loan,273,160711
"Mining, quarrying, and oil and gas extraction","White, equally male-/female-owned",Personal credit card(s) carrying balances,441,511038
"Mining, quarrying, and oil and gas extraction","White, equally male-/female-owned",Business credit card(s) carrying balances,90,50241
"Mining, quarrying, and oil and gas extraction","White, equally male-/female-owned","Business loan from federal, state, or local government",0,0
"Mining, quarrying, and oil and gas extraction","White, equally male-/female-owned",Government-guaranteed business loan from a bank or financial institution,95,36336
"Mining, quarrying, and oil and gas extraction","White, equally male-/female-owned",Business loan from a bank or financial institution,1899,2097796
"Mining, quarrying, and oil and gas extraction","White, equally male-/female-owned",Business loan/investment from family/friends,211,109302
"Mining, quarrying, and oil and gas extraction","White, equally male-/female-owned",Investment by venture capitalist(s),107,S
"Mining, quarrying, and oil and gas extraction","White, equally male-/female-owned",Grants,0,0
"Mining, quarrying, and oil and gas extraction","White, equally male-/female-owned",Other source(s) of capital,447,101638
"Mining, quarrying, and oil and gas extraction","White, equally male-/female-owned",Don't know,976,1080061
"Mining, quarrying, and oil and gas extraction","White, equally male-/female-owned",None needed,1943,412054
"Mining, quarrying, and oil and gas extraction","White, equally male-/female-owned",Total reporting,14697(r),5926004(r)
"Mining, quarrying, and oil and gas extraction","White, equally male-/female-owned",Item not reported,496(r),131602(r)
"Mining, quarrying, and oil and gas extraction",Black or African American,All firms,1026,64469
"Mining, quarrying, and oil and gas extraction",Black or African American,Personal/family savings of owner(s),86,47936
"Mining, quarrying, and oil and gas extraction",Black or African American,Personal/family assets other than savings of owner(s),34,S
"Mining, quarrying, and oil and gas extraction",Black or African American,Personal/family home equity loan,12,S
"Mining, quarrying, and oil and gas extraction",Black or African American,Personal credit card(s) carrying balances,31,S
"Mining, quarrying, and oil and gas extraction",Black or African American,Business credit card(s) carrying balances,18,S
"Mining, quarrying, and oil and gas extraction",Black or African American,"Business loan from federal, state, or local government",12,S
"Mining, quarrying, and oil and gas extraction",Black or African American,Government-guaranteed business loan from a bank or financial institution,0,0
"Mining, quarrying, and oil and gas extraction",Black or African American,Business loan from a bank or financial institution,14,S
"Mining, quarrying, and oil and gas extraction",Black or African American,Business loan/investment from family/friends,16,S
"Mining, quarrying, and oil and gas extraction",Black or African American,Investment by venture capitalist(s),12,S
"Mining, quarrying, and oil and gas extraction",Black or African American,Grants,12,S
"Mining, quarrying, and oil and gas extraction",Black or African American,Other source(s) of capital,12,S
"Mining, quarrying, and oil and gas extraction",Black or African American,Don't know,39,1030
"Mining, quarrying, and oil and gas extraction",Black or African American,None needed,106,5167
"Mining, quarrying, and oil and gas extraction",Black or African American,Total reporting,260(r),54840(r)
"Mining, quarrying, and oil and gas extraction",Black or African American,Item not reported,38(r),S
"Mining, quarrying, and oil and gas extraction","Black or African American, female-owned",All firms,392,9140
"Mining, quarrying, and oil and gas extraction","Black or African American, female-owned",Personal/family savings of owner(s),23,S
"Mining, quarrying, and oil and gas extraction","Black or African American, female-owned",Personal/family assets other than savings of owner(s),17,S
"Mining, quarrying, and oil and gas extraction","Black or African American, female-owned",Personal/family home equity loan,0,0
"Mining, quarrying, and oil and gas extraction","Black or African American, female-owned",Personal credit card(s) carrying balances,13,S
"Mining, quarrying, and oil and gas extraction","Black or African American, female-owned",Business credit card(s) carrying balances,7,S
"Mining, quarrying, and oil and gas extraction","Black or African American, female-owned","Business loan from federal, state, or local government",0,0
"Mining, quarrying, and oil and gas extraction","Black or African American, female-owned",Government-guaranteed business loan from a bank or financial institution,0,0
"Mining, quarrying, and oil and gas extraction","Black or African American, female-owned",Business loan from a bank or financial institution,0,0
"Mining, quarrying, and oil and gas extraction","Black or African American, female-owned",Business loan/investment from family/friends,0,0
"Mining, quarrying, and oil and gas extraction","Black or African American, female-owned",Investment by venture capitalist(s),0,0
"Mining, quarrying, and oil and gas extraction","Black or African American, female-owned",Grants,0,0
"Mining, quarrying, and oil and gas extraction","Black or African American, female-owned",Other source(s) of capital,0,0
"Mining, quarrying, and oil and gas extraction","Black or African American, female-owned",Don't know,2,S
"Mining, quarrying, and oil and gas extraction","Black or African American, female-owned",None needed,31,S
"Mining, quarrying, and oil and gas extraction","Black or African American, female-owned",Total reporting,79(r),S
"Mining, quarrying, and oil and gas extraction","Black or African American, female-owned",Item not reported,19(r),S
"Mining, quarrying, and oil and gas extraction","Black or African American, male-owned",All firms,610,51995
"Mining, quarrying, and oil and gas extraction","Black or African American, male-owned",Personal/family savings of owner(s),54,39044
"Mining, quarrying, and oil and gas extraction","Black or African American, male-owned",Personal/family assets other than savings of owner(s),17,S
"Mining, quarrying, and oil and gas extraction","Black or African American, male-owned",Personal/family home equity loan,12,S
"Mining, quarrying, and oil and gas extraction","Black or African American, male-owned",Personal credit card(s) carrying balances,18,509
"Mining, quarrying, and oil and gas extraction","Black or African American, male-owned",Business credit card(s) carrying balances,12,S
"Mining, quarrying, and oil and gas extraction","Black or African American, male-owned","Business loan from federal, state, or local government",12,S
"Mining, quarrying, and oil and gas extraction","Black or African American, male-owned",Government-guaranteed business loan from a bank or financial institution,0,0
"Mining, quarrying, and oil and gas extraction","Black or African American, male-owned",Business loan from a bank or financial institution,12,S
"Mining, quarrying, and oil and gas extraction","Black or African American, male-owned",Business loan/investment from family/friends,14,S
"Mining, quarrying, and oil and gas extraction","Black or African American, male-owned",Investment by venture capitalist(s),12,S
"Mining, quarrying, and oil and gas extraction","Black or African American, male-owned",Grants,12,S
"Mining, quarrying, and oil and gas extraction","Black or African American, male-owned",Other source(s) of capital,12,S
"Mining, quarrying, and oil and gas extraction","Black or African American, male-owned",Don't know,35,914
"Mining, quarrying, and oil and gas extraction","Black or African American, male-owned",None needed,75,S
"Mining, quarrying, and oil and gas extraction","Black or African American, male-owned",Total reporting,169,44983
"Mining, quarrying, and oil and gas extraction","Black or African American, male-owned",Item not reported,19,S
"Mining, quarrying, and oil and gas extraction","Black or African American, equally male-/female-owned",All firms,24,3333
"Mining, quarrying, and oil and gas extraction","Black or African American, equally male-/female-owned",Personal/family savings of owner(s),9,S
"Mining, quarrying, and oil and gas extraction","Black or African American, equally male-/female-owned",Personal/family assets other than savings of owner(s),0,0
"Mining, quarrying, and oil and gas extraction","Black or African American, equally male-/female-owned",Personal/family home equity loan,0,0
"Mining, quarrying, and oil and gas extraction","Black or African American, equally male-/female-owned",Personal credit card(s) carrying balances,0,0
"Mining, quarrying, and oil and gas extraction","Black or African American, equally male-/female-owned",Business credit card(s) carrying balances,0,0
"Mining, quarrying, and oil and gas extraction","Black or African American, equally male-/female-owned","Business loan from federal, state, or local government",0,0
"Mining, quarrying, and oil and gas extraction","Black or African American, equally male-/female-owned",Government-guaranteed business loan from a bank or financial institution,0,0
"Mining, quarrying, and oil and gas extraction","Black or African American, equally male-/female-owned",Business loan from a bank or financial institution,2,S
"Mining, quarrying, and oil and gas extraction","Black or African American, equally male-/female-owned",Business loan/investment from family/friends,2,S
"Mining, quarrying, and oil and gas extraction","Black or African American, equally male-/female-owned",Investment by venture capitalist(s),0,0
"Mining, quarrying, and oil and gas extraction","Black or African American, equally male-/female-owned",Grants,0,0
"Mining, quarrying, and oil and gas extraction","Black or African American, equally male-/female-owned",Other source(s) of capital,0,0
"Mining, quarrying, and oil and gas extraction","Black or African American, equally male-/female-owned",Don't know,2,S
"Mining, quarrying, and oil and gas extraction","Black or African American, equally male-/female-owned",None needed,0,0
"Mining, quarrying, and oil and gas extraction","Black or African American, equally male-/female-owned",Total reporting,11,S
"Mining, quarrying, and oil and gas extraction","Black or African American, equally male-/female-owned",Item not reported,0,0
"Mining, quarrying, and oil and gas extraction",American Indian and Alaska Native,All firms,1407,532214
"Mining, quarrying, and oil and gas extraction",American Indian and Alaska Native,Personal/family savings of owner(s),641,197467
"Mining, quarrying, and oil and gas extraction",American Indian and Alaska Native,Personal/family assets other than savings of owner(s),65,S
"Mining, quarrying, and oil and gas extraction",American Indian and Alaska Native,Personal/family home equity loan,2,S
"Mining, quarrying, and oil and gas extraction",American Indian and Alaska Native,Personal credit card(s) carrying balances,30,S
"Mining, quarrying, and oil and gas extraction",American Indian and Alaska Native,Business credit card(s) carrying balances,72,S
"Mining, quarrying, and oil and gas extraction",American Indian and Alaska Native,"Business loan from federal, state, or local government",0,0
"Mining, quarrying, and oil and gas extraction",American Indian and Alaska Native,Government-guaranteed business loan from a bank or financial institution,0,0
"Mining, quarrying, and oil and gas extraction",American Indian and Alaska Native,Business loan from a bank or financial institution,57,27636
"Mining, quarrying, and oil and gas extraction",American Indian and Alaska Native,Business loan/investment from family/friends,16,S
"Mining, quarrying, and oil and gas extraction",American Indian and Alaska Native,Investment by venture capitalist(s),3,S
"Mining, quarrying, and oil and gas extraction",American Indian and Alaska Native,Grants,0,0
"Mining, quarrying, and oil and gas extraction",American Indian and Alaska Native,Other source(s) of capital,21,S
"Mining, quarrying, and oil and gas extraction",American Indian and Alaska Native,Don't know,10,S
"Mining, quarrying, and oil and gas extraction",American Indian and Alaska Native,None needed,284,18241
"Mining, quarrying, and oil and gas extraction",American Indian and Alaska Native,Total reporting,999,526456
"Mining, quarrying, and oil and gas extraction",American Indian and Alaska Native,Item not reported,2,S
"Mining, quarrying, and oil and gas extraction","American Indian and Alaska Native, female-owned",All firms,395,76134
"Mining, quarrying, and oil and gas extraction","American Indian and Alaska Native, female-owned",Personal/family savings of owner(s),112,S
"Mining, quarrying, and oil and gas extraction","American Indian and Alaska Native, female-owned",Personal/family assets other than savings of owner(s),0,0
"Mining, quarrying, and oil and gas extraction","American Indian and Alaska Native, female-owned",Personal/family home equity loan,0,0
"Mining, quarrying, and oil and gas extraction","American Indian and Alaska Native, female-owned",Personal credit card(s) carrying balances,11,S
"Mining, quarrying, and oil and gas extraction","American Indian and Alaska Native, female-owned",Business credit card(s) carrying balances,11,S
"Mining, quarrying, and oil and gas extraction","American Indian and Alaska Native, female-owned","Business loan from federal, state, or local government",0,0
"Mining, quarrying, and oil and gas extraction","American Indian and Alaska Native, female-owned",Government-guaranteed business loan from a bank or financial institution,0,0
"Mining, quarrying, and oil and gas extraction","American Indian and Alaska Native, female-owned",Business loan from a bank or financial institution,0,0
"Mining, quarrying, and oil and gas extraction","American Indian and Alaska Native, female-owned",Business loan/investment from family/friends,0,0
"Mining, quarrying, and oil and gas extraction","American Indian and Alaska Native, female-owned",Investment by venture capitalist(s),0,0
"Mining, quarrying, and oil and gas extraction","American Indian and Alaska Native, female-owned",Grants,0,0
"Mining, quarrying, and oil and gas extraction","American Indian and Alaska Native, female-owned",Other source(s) of capital,14,S
"Mining, quarrying, and oil and gas extraction","American Indian and Alaska Native, female-owned",Don't know,2,S
"Mining, quarrying, and oil and gas extraction","American Indian and Alaska Native, female-owned",None needed,93,S
"Mining, quarrying, and oil and gas extraction","American Indian and Alaska Native, female-owned",Total reporting,207,20503
"Mining, quarrying, and oil and gas extraction","American Indian and Alaska Native, female-owned",Item not reported,2,S
"Mining, quarrying, and oil and gas extraction","American Indian and Alaska Native, male-owned",All firms,982,455605
"Mining, quarrying, and oil and gas extraction","American Indian and Alaska Native, male-owned",Personal/family savings of owner(s),472,179696
"Mining, quarrying, and oil and gas extraction","American Indian and Alaska Native, male-owned",Personal/family assets other than savings of owner(s),65,S
"Mining, quarrying, and oil and gas extraction","American Indian and Alaska Native, male-owned",Personal/family home equity loan,2,S
"Mining, quarrying, and oil and gas extraction","American Indian and Alaska Native, male-owned",Personal credit card(s) carrying balances,19,S
"Mining, quarrying, and oil and gas extraction","American Indian and Alaska Native, male-owned",Business credit card(s) carrying balances,60,S
"Mining, quarrying, and oil and gas extraction","American Indian and Alaska Native, male-owned","Business loan from federal, state, or local government",0,0
"Mining, quarrying, and oil and gas extraction","American Indian and Alaska Native, male-owned",Government-guaranteed business loan from a bank or financial institution,0,0
"Mining, quarrying, and oil and gas extraction","American Indian and Alaska Native, male-owned",Business loan from a bank or financial institution,31,27023
"Mining, quarrying, and oil and gas extraction","American Indian and Alaska Native, male-owned",Business loan/investment from family/friends,16,S
"Mining, quarrying, and oil and gas extraction","American Indian and Alaska Native, male-owned",Investment by venture capitalist(s),3,S
"Mining, quarrying, and oil and gas extraction","American Indian and Alaska Native, male-owned",Grants,0,0
"Mining, quarrying, and oil and gas extraction","American Indian and Alaska Native, male-owned",Other source(s) of capital,6,S
"Mining, quarrying, and oil and gas extraction","American Indian and Alaska Native, male-owned",Don't know,8,S
"Mining, quarrying, and oil and gas extraction","American Indian and Alaska Native, male-owned",None needed,189,S
"Mining, quarrying, and oil and gas extraction","American Indian and Alaska Native, male-owned",Total reporting,707,504943
"Mining, quarrying, and oil and gas extraction","American Indian and Alaska Native, male-owned",Item not reported,0,0
"Mining, quarrying, and oil and gas extraction","American Indian and Alaska Native, equally male-/female-owned",All firms,30,S
"Mining, quarrying, and oil and gas extraction","American Indian and Alaska Native, equally male-/female-owned",Personal/family savings of owner(s),58,S
"Mining, quarrying, and oil and gas extraction","American Indian and Alaska Native, equally male-/female-owned",Personal/family assets other than savings of owner(s),0,S
"Mining, quarrying, and oil and gas extraction","American Indian and Alaska Native, equally male-/female-owned",Personal/family home equity loan,0,S
"Mining, quarrying, and oil and gas extraction","American Indian and Alaska Native, equally male-/female-owned",Personal credit card(s) carrying balances,0,S
"Mining, quarrying, and oil and gas extraction","American Indian and Alaska Native, equally male-/female-owned",Business credit card(s) carrying balances,0,S
"Mining, quarrying, and oil and gas extraction","American Indian and Alaska Native, equally male-/female-owned","Business loan from federal, state, or local government",0,S
"Mining, quarrying, and oil and gas extraction","American Indian and Alaska Native, equally male-/female-owned",Government-guaranteed business loan from a bank or financial institution,0,S
"Mining, quarrying, and oil and gas extraction","American Indian and Alaska Native, equally male-/female-owned",Business loan from a bank or financial institution,26,S
"Mining, quarrying, and oil and gas extraction","American Indian and Alaska Native, equally male-/female-owned",Business loan/investment from family/friends,0,S
"Mining, quarrying, and oil and gas extraction","American Indian and Alaska Native, equally male-/female-owned",Investment by venture capitalist(s),0,S
"Mining, quarrying, and oil and gas extraction","American Indian and Alaska Native, equally male-/female-owned",Grants,0,S
"Mining, quarrying, and oil and gas extraction","American Indian and Alaska Native, equally male-/female-owned",Other source(s) of capital,0,S
"Mining, quarrying, and oil and gas extraction","American Indian and Alaska Native, equally male-/female-owned",Don't know,0,S
"Mining, quarrying, and oil and gas extraction","American Indian and Alaska Native, equally male-/female-owned",None needed,2,S
"Mining, quarrying, and oil and gas extraction","American Indian and Alaska Native, equally male-/female-owned",Total reporting,85,S
"Mining, quarrying, and oil and gas extraction","American Indian and Alaska Native, equally male-/female-owned",Item not reported,0,S
"Mining, quarrying, and oil and gas extraction",Asian,All firms,1144,995170
"Mining, quarrying, and oil and gas extraction",Asian,Personal/family savings of owner(s),347,106778
"Mining, quarrying, and oil and gas extraction",Asian,Personal/family assets other than savings of owner(s),35,S
"Mining, quarrying, and oil and gas extraction",Asian,Personal/family home equity loan,26,S
"Mining, quarrying, and oil and gas extraction",Asian,Personal credit card(s) carrying balances,18,S
"Mining, quarrying, and oil and gas extraction",Asian,Business credit card(s) carrying balances,12,S
"Mining, quarrying, and oil and gas extraction",Asian,"Business loan from federal, state, or local government",0,0
"Mining, quarrying, and oil and gas extraction",Asian,Government-guaranteed business loan from a bank or financial institution,0,0
"Mining, quarrying, and oil and gas extraction",Asian,Business loan from a bank or financial institution,17,20424
"Mining, quarrying, and oil and gas extraction",Asian,Business loan/investment from family/friends,2,S
"Mining, quarrying, and oil and gas extraction",Asian,Investment by venture capitalist(s),0,0
"Mining, quarrying, and oil and gas extraction",Asian,Grants,0,0
"Mining, quarrying, and oil and gas extraction",Asian,Other source(s) of capital,4,S
"Mining, quarrying, and oil and gas extraction",Asian,Don't know,62,S
"Mining, quarrying, and oil and gas extraction",Asian,None needed,57,3890
"Mining, quarrying, and oil and gas extraction",Asian,Total reporting,508,723159
"Mining, quarrying, and oil and gas extraction",Asian,Item not reported,0,0
"Mining, quarrying, and oil and gas extraction","Asian, female-owned",All firms,303,163640
"Mining, quarrying, and oil and gas extraction","Asian, female-owned",Personal/family savings of owner(s),62,S
"Mining, quarrying, and oil and gas extraction","Asian, female-owned",Personal/family assets other than savings of owner(s),12,S
"Mining, quarrying, and oil and gas extraction","Asian, female-owned",Personal/family home equity loan,4,S
"Mining, quarrying, and oil and gas extraction","Asian, female-owned",Personal credit card(s) carrying balances,4,S
"Mining, quarrying, and oil and gas extraction","Asian, female-owned",Business credit card(s) carrying balances,2,S
"Mining, quarrying, and oil and gas extraction","Asian, female-owned","Business loan from federal, state, or local government",0,0
"Mining, quarrying, and oil and gas extraction","Asian, female-owned",Government-guaranteed business loan from a bank or financial institution,0,0
"Mining, quarrying, and oil and gas extraction","Asian, female-owned",Business loan from a bank or financial institution,2,S
"Mining, quarrying, and oil and gas extraction","Asian, female-owned",Business loan/investment from family/friends,2,S
"Mining, quarrying, and oil and gas extraction","Asian, female-owned",Investment by venture capitalist(s),0,0
"Mining, quarrying, and oil and gas extraction","Asian, female-owned",Grants,0,0
"Mining, quarrying, and oil and gas extraction","Asian, female-owned",Other source(s) of capital,0,0
"Mining, quarrying, and oil and gas extraction","Asian, female-owned",Don't know,17,S
"Mining, quarrying, and oil and gas extraction","Asian, female-owned",None needed,33,3051
"Mining, quarrying, and oil and gas extraction","Asian, female-owned",Total reporting,123,S
"Mining, quarrying, and oil and gas extraction","Asian, female-owned",Item not reported,0,0
"Mining, quarrying, and oil and gas extraction","Asian, male-owned",All firms,644,810420
"Mining, quarrying, and oil and gas extraction","Asian, male-owned",Personal/family savings of owner(s),234,101331
"Mining, quarrying, and oil and gas extraction","Asian, male-owned",Personal/family assets other than savings of owner(s),23,S
"Mining, quarrying, and oil and gas extraction","Asian, male-owned",Personal/family home equity loan,12,S
"Mining, quarrying, and oil and gas extraction","Asian, male-owned",Personal credit card(s) carrying balances,14,S
"Mining, quarrying, and oil and gas extraction","Asian, male-owned",Business credit card(s) carrying balances,10,S
"Mining, quarrying, and oil and gas extraction","Asian, male-owned","Business loan from federal, state, or local government",0,0
"Mining, quarrying, and oil and gas extraction","Asian, male-owned",Government-guaranteed business loan from a bank or financial institution,0,0
"Mining, quarrying, and oil and gas extraction","Asian, male-owned",Business loan from a bank or financial institution,15,S
"Mining, quarrying, and oil and gas extraction","Asian, male-owned",Business loan/investment from family/friends,0,0
"Mining, quarrying, and oil and gas extraction","Asian, male-owned",Investment by venture capitalist(s),0,0
"Mining, quarrying, and oil and gas extraction","Asian, male-owned",Grants,0,0
"Mining, quarrying, and oil and gas extraction","Asian, male-owned",Other source(s) of capital,4,S
"Mining, quarrying, and oil and gas extraction","Asian, male-owned",Don't know,6,S
"Mining, quarrying, and oil and gas extraction","Asian, male-owned",None needed,24,840
"Mining, quarrying, and oil and gas extraction","Asian, male-owned",Total reporting,293,S
"Mining, quarrying, and oil and gas extraction","Asian, male-owned",Item not reported,0,0
"Mining, quarrying, and oil and gas extraction","Asian, equally male-/female-owned",All firms,197,21110
"Mining, quarrying, and oil and gas extraction","Asian, equally male-/female-owned",Personal/family savings of owner(s),52,S
"Mining, quarrying, and oil and gas extraction","Asian, equally male-/female-owned",Personal/family assets other than savings of owner(s),0,0
"Mining, quarrying, and oil and gas extraction","Asian, equally male-/female-owned",Personal/family home equity loan,11,S
"Mining, quarrying, and oil and gas extraction","Asian, equally male-/female-owned",Personal credit card(s) carrying balances,0,0
"Mining, quarrying, and oil and gas extraction","Asian, equally male-/female-owned",Business credit card(s) carrying balances,0,0
"Mining, quarrying, and oil and gas extraction","Asian, equally male-/female-owned","Business loan from federal, state, or local government",0,0
"Mining, quarrying, and oil and gas extraction","Asian, equally male-/female-owned",Government-guaranteed business loan from a bank or financial institution,0,0
"Mining, quarrying, and oil and gas extraction","Asian, equally male-/female-owned",Business loan from a bank or financial institution,0,0
"Mining, quarrying, and oil and gas extraction","Asian, equally male-/female-owned",Business loan/investment from family/friends,0,0
"Mining, quarrying, and oil and gas extraction","Asian, equally male-/female-owned",Investment by venture capitalist(s),0,0
"Mining, quarrying, and oil and gas extraction","Asian, equally male-/female-owned",Grants,0,0
"Mining, quarrying, and oil and gas extraction","Asian, equally male-/female-owned",Other source(s) of capital,0,0
"Mining, quarrying, and oil and gas extraction","Asian, equally male-/female-owned",Don't know,39,S
"Mining, quarrying, and oil and gas extraction","Asian, equally male-/female-owned",None needed,0,0
"Mining, quarrying, and oil and gas extraction","Asian, equally male-/female-owned",Total reporting,91,S
"Mining, quarrying, and oil and gas extraction","Asian, equally male-/female-owned",Item not reported,0,0
"Mining, quarrying, and oil and gas extraction",Native Hawaiian and Other Pacific Islander,All firms,44,S
"Mining, quarrying, and oil and gas extraction",Native Hawaiian and Other Pacific Islander,Personal/family savings of owner(s),2,S
"Mining, quarrying, and oil and gas extraction",Native Hawaiian and Other Pacific Islander,Personal/family assets other than savings of owner(s),0,S
"Mining, quarrying, and oil and gas extraction",Native Hawaiian and Other Pacific Islander,Personal/family home equity loan,0,S
"Mining, quarrying, and oil and gas extraction",Native Hawaiian and Other Pacific Islander,Personal credit card(s) carrying balances,0,S
"Mining, quarrying, and oil and gas extraction",Native Hawaiian and Other Pacific Islander,Business credit card(s) carrying balances,0,S
"Mining, quarrying, and oil and gas extraction",Native Hawaiian and Other Pacific Islander,"Business loan from federal, state, or local government",0,S
"Mining, quarrying, and oil and gas extraction",Native Hawaiian and Other Pacific Islander,Government-guaranteed business loan from a bank or financial institution,0,S
"Mining, quarrying, and oil and gas extraction",Native Hawaiian and Other Pacific Islander,Business loan from a bank or financial institution,0,S
"Mining, quarrying, and oil and gas extraction",Native Hawaiian and Other Pacific Islander,Business loan/investment from family/friends,0,S
"Mining, quarrying, and oil and gas extraction",Native Hawaiian and Other Pacific Islander,Investment by venture capitalist(s),0,S
"Mining, quarrying, and oil and gas extraction",Native Hawaiian and Other Pacific Islander,Grants,0,S
"Mining, quarrying, and oil and gas extraction",Native Hawaiian and Other Pacific Islander,Other source(s) of capital,0,S
"Mining, quarrying, and oil and gas extraction",Native Hawaiian and Other Pacific Islander,Don't know,2,S
"Mining, quarrying, and oil and gas extraction",Native Hawaiian and Other Pacific Islander,None needed,0,S
"Mining, quarrying, and oil and gas extraction",Native Hawaiian and Other Pacific Islander,Total reporting,4,S
"Mining, quarrying, and oil and gas extraction",Native Hawaiian and Other Pacific Islander,Item not reported,0,S
"Mining, quarrying, and oil and gas extraction","Native Hawaiian and Other Pacific Islander, female-owned",All firms,8,518
"Mining, quarrying, and oil and gas extraction","Native Hawaiian and Other Pacific Islander, female-owned",Personal/family savings of owner(s),0,0
"Mining, quarrying, and oil and gas extraction","Native Hawaiian and Other Pacific Islander, female-owned",Personal/family assets other than savings of owner(s),0,0
"Mining, quarrying, and oil and gas extraction","Native Hawaiian and Other Pacific Islander, female-owned",Personal/family home equity loan,0,0
"Mining, quarrying, and oil and gas extraction","Native Hawaiian and Other Pacific Islander, female-owned",Personal credit card(s) carrying balances,0,0
"Mining, quarrying, and oil and gas extraction","Native Hawaiian and Other Pacific Islander, female-owned",Business credit card(s) carrying balances,0,0
"Mining, quarrying, and oil and gas extraction","Native Hawaiian and Other Pacific Islander, female-owned","Business loan from federal, state, or local government",0,0
"Mining, quarrying, and oil and gas extraction","Native Hawaiian and Other Pacific Islander, female-owned",Government-guaranteed business loan from a bank or financial institution,0,0
"Mining, quarrying, and oil and gas extraction","Native Hawaiian and Other Pacific Islander, female-owned",Business loan from a bank or financial institution,0,0
"Mining, quarrying, and oil and gas extraction","Native Hawaiian and Other Pacific Islander, female-owned",Business loan/investment from family/friends,0,0
"Mining, quarrying, and oil and gas extraction","Native Hawaiian and Other Pacific Islander, female-owned",Investment by venture capitalist(s),0,0
"Mining, quarrying, and oil and gas extraction","Native Hawaiian and Other Pacific Islander, female-owned",Grants,0,0
"Mining, quarrying, and oil and gas extraction","Native Hawaiian and Other Pacific Islander, female-owned",Other source(s) of capital,0,0
"Mining, quarrying, and oil and gas extraction","Native Hawaiian and Other Pacific Islander, female-owned",Don't know,2,S
"Mining, quarrying, and oil and gas extraction","Native Hawaiian and Other Pacific Islander, female-owned",None needed,0,0
"Mining, quarrying, and oil and gas extraction","Native Hawaiian and Other Pacific Islander, female-owned",Total reporting,2,S
"Mining, quarrying, and oil and gas extraction","Native Hawaiian and Other Pacific Islander, female-owned",Item not reported,0,0
"Mining, quarrying, and oil and gas extraction","Native Hawaiian and Other Pacific Islander, male-owned",All firms,36,S
"Mining, quarrying, and oil and gas extraction","Native Hawaiian and Other Pacific Islander, male-owned",Personal/family savings of owner(s),2,S
"Mining, quarrying, and oil and gas extraction","Native Hawaiian and Other Pacific Islander, male-owned",Personal/family assets other than savings of owner(s),0,S
"Mining, quarrying, and oil and gas extraction","Native Hawaiian and Other Pacific Islander, male-owned",Personal/family home equity loan,0,S
"Mining, quarrying, and oil and gas extraction","Native Hawaiian and Other Pacific Islander, male-owned",Personal credit card(s) carrying balances,0,S
"Mining, quarrying, and oil and gas extraction","Native Hawaiian and Other Pacific Islander, male-owned",Business credit card(s) carrying balances,0,S
"Mining, quarrying, and oil and gas extraction","Native Hawaiian and Other Pacific Islander, male-owned","Business loan from federal, state, or local government",0,S
"Mining, quarrying, and oil and gas extraction","Native Hawaiian and Other Pacific Islander, male-owned",Government-guaranteed business loan from a bank or financial institution,0,S
"Mining, quarrying, and oil and gas extraction","Native Hawaiian and Other Pacific Islander, male-owned",Business loan from a bank or financial institution,0,S
"Mining, quarrying, and oil and gas extraction","Native Hawaiian and Other Pacific Islander, male-owned",Business loan/investment from family/friends,0,S
"Mining, quarrying, and oil and gas extraction","Native Hawaiian and Other Pacific Islander, male-owned",Investment by venture capitalist(s),0,S
"Mining, quarrying, and oil and gas extraction","Native Hawaiian and Other Pacific Islander, male-owned",Grants,0,S
"Mining, quarrying, and oil and gas extraction","Native Hawaiian and Other Pacific Islander, male-owned",Other source(s) of capital,0,S
"Mining, quarrying, and oil and gas extraction","Native Hawaiian and Other Pacific Islander, male-owned",Don't know,0,S
"Mining, quarrying, and oil and gas extraction","Native Hawaiian and Other Pacific Islander, male-owned",None needed,0,S
"Mining, quarrying, and oil and gas extraction","Native Hawaiian and Other Pacific Islander, male-owned",Total reporting,2,S
"Mining, quarrying, and oil and gas extraction","Native Hawaiian and Other Pacific Islander, male-owned",Item not reported,0,S
"Mining, quarrying, and oil and gas extraction","Native Hawaiian and Other Pacific Islander, equally male-/female-owned",All firms,0,0
"Mining, quarrying, and oil and gas extraction","Native Hawaiian and Other Pacific Islander, equally male-/female-owned",Personal/family savings of owner(s),0,0
"Mining, quarrying, and oil and gas extraction","Native Hawaiian and Other Pacific Islander, equally male-/female-owned",Personal/family assets other than savings of owner(s),0,0
"Mining, quarrying, and oil and gas extraction","Native Hawaiian and Other Pacific Islander, equally male-/female-owned",Personal/family home equity loan,0,0
"Mining, quarrying, and oil and gas extraction","Native Hawaiian and Other Pacific Islander, equally male-/female-owned",Personal credit card(s) carrying balances,0,0
"Mining, quarrying, and oil and gas extraction","Native Hawaiian and Other Pacific Islander, equally male-/female-owned",Business credit card(s) carrying balances,0,0
"Mining, quarrying, and oil and gas extraction","Native Hawaiian and Other Pacific Islander, equally male-/female-owned","Business loan from federal, state, or local government",0,0
"Mining, quarrying, and oil and gas extraction","Native Hawaiian and Other Pacific Islander, equally male-/female-owned",Government-guaranteed business loan from a bank or financial institution,0,0
"Mining, quarrying, and oil and gas extraction","Native Hawaiian and Other Pacific Islander, equally male-/female-owned",Business loan from a bank or financial institution,0,0
"Mining, quarrying, and oil and gas extraction","Native Hawaiian and Other Pacific Islander, equally male-/female-owned",Business loan/investment from family/friends,0,0
"Mining, quarrying, and oil and gas extraction","Native Hawaiian and Other Pacific Islander, equally male-/female-owned",Investment by venture capitalist(s),0,0
"Mining, quarrying, and oil and gas extraction","Native Hawaiian and Other Pacific Islander, equally male-/female-owned",Grants,0,0
"Mining, quarrying, and oil and gas extraction","Native Hawaiian and Other Pacific Islander, equally male-/female-owned",Other source(s) of capital,0,0
"Mining, quarrying, and oil and gas extraction","Native Hawaiian and Other Pacific Islander, equally male-/female-owned",Don't know,0,0
"Mining, quarrying, and oil and gas extraction","Native Hawaiian and Other Pacific Islander, equally male-/female-owned",None needed,0,0
"Mining, quarrying, and oil and gas extraction","Native Hawaiian and Other Pacific Islander, equally male-/female-owned",Total reporting,0,0
"Mining, quarrying, and oil and gas extraction","Native Hawaiian and Other Pacific Islander, equally male-/female-owned",Item not reported,0,0
"Mining, quarrying, and oil and gas extraction",Some other race,All firms,1361,739257
"Mining, quarrying, and oil and gas extraction",Some other race,Personal/family savings of owner(s),208,109920
"Mining, quarrying, and oil and gas extraction",Some other race,Personal/family assets other than savings of owner(s),60,S
"Mining, quarrying, and oil and gas extraction",Some other race,Personal/family home equity loan,40,S
"Mining, quarrying, and oil and gas extraction",Some other race,Personal credit card(s) carrying balances,22,S
"Mining, quarrying, and oil and gas extraction",Some other race,Business credit card(s) carrying balances,10,S
"Mining, quarrying, and oil and gas extraction",Some other race,"Business loan from federal, state, or local government",0,0
"Mining, quarrying, and oil and gas extraction",Some other race,Government-guaranteed business loan from a bank or financial institution,0,0
"Mining, quarrying, and oil and gas extraction",Some other race,Business loan from a bank or financial institution,86,104613
"Mining, quarrying, and oil and gas extraction",Some other race,Business loan/investment from family/friends,8,S
"Mining, quarrying, and oil and gas extraction",Some other race,Investment by venture capitalist(s),0,0
"Mining, quarrying, and oil and gas extraction",Some other race,Grants,0,0
"Mining, quarrying, and oil and gas extraction",Some other race,Other source(s) of capital,16,S
"Mining, quarrying, and oil and gas extraction",Some other race,Don't know,148,S
"Mining, quarrying, and oil and gas extraction",Some other race,None needed,48,S
"Mining, quarrying, and oil and gas extraction",Some other race,Total reporting,550(r),295670(r)
"Mining, quarrying, and oil and gas extraction",Some other race,Item not reported,14(r),S
"Mining, quarrying, and oil and gas extraction","Some other race, female-owned",All firms,184,S
"Mining, quarrying, and oil and gas extraction","Some other race, female-owned",Personal/family savings of owner(s),0,S
"Mining, quarrying, and oil and gas extraction","Some other race, female-owned",Personal/family assets other than savings of owner(s),0,S
"Mining, quarrying, and oil and gas extraction","Some other race, female-owned",Personal/family home equity loan,8,S
"Mining, quarrying, and oil and gas extraction","Some other race, female-owned",Personal credit card(s) carrying balances,8,S
"Mining, quarrying, and oil and gas extraction","Some other race, female-owned",Business credit card(s) carrying balances,8,S
"Mining, quarrying, and oil and gas extraction","Some other race, female-owned","Business loan from federal, state, or local government",0,S
"Mining, quarrying, and oil and gas extraction","Some other race, female-owned",Government-guaranteed business loan from a bank or financial institution,0,S
"Mining, quarrying, and oil and gas extraction","Some other race, female-owned",Business loan from a bank or financial institution,8,S
"Mining, quarrying, and oil and gas extraction","Some other race, female-owned",Business loan/investment from family/friends,0,S
"Mining, quarrying, and oil and gas extraction","Some other race, female-owned",Investment by venture capitalist(s),0,S
"Mining, quarrying, and oil and gas extraction","Some other race, female-owned",Grants,0,S
"Mining, quarrying, and oil and gas extraction","Some other race, female-owned",Other source(s) of capital,8,S
"Mining, quarrying, and oil and gas extraction","Some other race, female-owned",Don't know,8,S
"Mining, quarrying, and oil and gas extraction","Some other race, female-owned",None needed,16,S
"Mining, quarrying, and oil and gas extraction","Some other race, female-owned",Total reporting,41,S
"Mining, quarrying, and oil and gas extraction","Some other race, female-owned",Item not reported,6,S
"Mining, quarrying, and oil and gas extraction","Some other race, male-owned",All firms,1150,560338
"Mining, quarrying, and oil and gas extraction","Some other race, male-owned",Personal/family savings of owner(s),194,109833
"Mining, quarrying, and oil and gas extraction","Some other race, male-owned",Personal/family assets other than savings of owner(s),60,S
"Mining, quarrying, and oil and gas extraction","Some other race, male-owned",Personal/family home equity loan,32,S
"Mining, quarrying, and oil and gas extraction","Some other race, male-owned",Personal credit card(s) carrying balances,7,S
"Mining, quarrying, and oil and gas extraction","Some other race, male-owned",Business credit card(s) carrying balances,2,S
"Mining, quarrying, and oil and gas extraction","Some other race, male-owned","Business loan from federal, state, or local government",0,0
"Mining, quarrying, and oil and gas extraction","Some other race, male-owned",Government-guaranteed business loan from a bank or financial institution,0,0
"Mining, quarrying, and oil and gas extraction","Some other race, male-owned",Business loan from a bank or financial institution,72,100487
"Mining, quarrying, and oil and gas extraction","Some other race, male-owned",Business loan/investment from family/friends,8,S
"Mining, quarrying, and oil and gas extraction","Some other race, male-owned",Investment by venture capitalist(s),0,0
"Mining, quarrying, and oil and gas extraction","Some other race, male-owned",Grants,0,0
"Mining, quarrying, and oil and gas extraction","Some other race, male-owned",Other source(s) of capital,8,S
"Mining, quarrying, and oil and gas extraction","Some other race, male-owned",Don't know,140,S
"Mining, quarrying, and oil and gas extraction","Some other race, male-owned",None needed,31,S
"Mining, quarrying, and oil and gas extraction","Some other race, male-owned",Total reporting,490(r),290403(r)
"Mining, quarrying, and oil and gas extraction","Some other race, male-owned",Item not reported,8(r),S
"Mining, quarrying, and oil and gas extraction","Some other race, equally male-/female-owned",All firms,28,16085
"Mining, quarrying, and oil and gas extraction","Some other race, equally male-/female-owned",Personal/family savings of owner(s),14,S
"Mining, quarrying, and oil and gas extraction","Some other race, equally male-/female-owned",Personal/family assets other than savings of owner(s),0,0
"Mining, quarrying, and oil and gas extraction","Some other race, equally male-/female-owned",Personal/family home equity loan,0,0
"Mining, quarrying, and oil and gas extraction","Some other race, equally male-/female-owned",Personal credit card(s) carrying balances,7,S
"Mining, quarrying, and oil and gas extraction","Some other race, equally male-/female-owned",Business credit card(s) carrying balances,0,0
"Mining, quarrying, and oil and gas extraction","Some other race, equally male-/female-owned","Business loan from federal, state, or local government",0,0
"Mining, quarrying, and oil and gas extraction","Some other race, equally male-/female-owned",Government-guaranteed business loan from a bank or financial institution,0,0
"Mining, quarrying, and oil and gas extraction","Some other race, equally male-/female-owned",Business loan from a bank or financial institution,5,S
"Mining, quarrying, and oil and gas extraction","Some other race, equally male-/female-owned",Business loan/investment from family/friends,0,0
"Mining, quarrying, and oil and gas extraction","Some other race, equally male-/female-owned",Investment by venture capitalist(s),0,0
"Mining, quarrying, and oil and gas extraction","Some other race, equally male-/female-owned",Grants,0,0
"Mining, quarrying, and oil and gas extraction","Some other race, equally male-/female-owned",Other source(s) of capital,0,0
"Mining, quarrying, and oil and gas extraction","Some other race, equally male-/female-owned",Don't know,0,0
"Mining, quarrying, and oil and gas extraction","Some other race, equally male-/female-owned",None needed,0,0
"Mining, quarrying, and oil and gas extraction","Some other race, equally male-/female-owned",Total reporting,19,S
"Mining, quarrying, and oil and gas extraction","Some other race, equally male-/female-owned",Item not reported,0,0
"Mining, quarrying, and oil and gas extraction",Minority,All firms,8450,4192654
"Mining, quarrying, and oil and gas extraction",Minority,Personal/family savings of owner(s),2272,1230467
"Mining, quarrying, and oil and gas extraction",Minority,Personal/family assets other than savings of owner(s),344,170778
"Mining, quarrying, and oil and gas extraction",Minority,Personal/family home equity loan,94,S
"Mining, quarrying, and oil and gas extraction",Minority,Personal credit card(s) carrying balances,199,S
"Mining, quarrying, and oil and gas extraction",Minority,Business credit card(s) carrying balances,124,63573
"Mining, quarrying, and oil and gas extraction",Minority,"Business loan from federal, state, or local government",12,S
"Mining, quarrying, and oil and gas extraction",Minority,Government-guaranteed business loan from a bank or financial institution,3,S
"Mining, quarrying, and oil and gas extraction",Minority,Business loan from a bank or financial institution,241,605700
"Mining, quarrying, and oil and gas extraction",Minority,Business loan/investment from family/friends,51,24347
"Mining, quarrying, and oil and gas extraction",Minority,Investment by venture capitalist(s),16,S
"Mining, quarrying, and oil and gas extraction",Minority,Grants,14,S
"Mining, quarrying, and oil and gas extraction",Minority,Other source(s) of capital,65,S
"Mining, quarrying, and oil and gas extraction",Minority,Don't know,412,852754
"Mining, quarrying, and oil and gas extraction",Minority,None needed,633,35829
"Mining, quarrying, and oil and gas extraction",Minority,Total reporting,3708(r),2738269(r)
"Mining, quarrying, and oil and gas extraction",Minority,Item not reported,160(r),S
"Mining, quarrying, and oil and gas extraction","Minority, female-owned",All firms,1869,588902
"Mining, quarrying, and oil and gas extraction","Minority, female-owned",Personal/family savings of owner(s),364,83823
"Mining, quarrying, and oil and gas extraction","Minority, female-owned",Personal/family assets other than savings of owner(s),101,S
"Mining, quarrying, and oil and gas extraction","Minority, female-owned",Personal/family home equity loan,12,7100
"Mining, quarrying, and oil and gas extraction","Minority, female-owned",Personal credit card(s) carrying balances,80,18341
"Mining, quarrying, and oil and gas extraction","Minority, female-owned",Business credit card(s) carrying balances,28,7382
"Mining, quarrying, and oil and gas extraction","Minority, female-owned","Business loan from federal, state, or local government",0,0
"Mining, quarrying, and oil and gas extraction","Minority, female-owned",Government-guaranteed business loan from a bank or financial institution,0,0
"Mining, quarrying, and oil and gas extraction","Minority, female-owned",Business loan from a bank or financial institution,19,S
"Mining, quarrying, and oil and gas extraction","Minority, female-owned",Business loan/investment from family/friends,10,S
"Mining, quarrying, and oil and gas extraction","Minority, female-owned",Investment by venture capitalist(s),0,0
"Mining, quarrying, and oil and gas extraction","Minority, female-owned",Grants,2,S
"Mining, quarrying, and oil and gas extraction","Minority, female-owned",Other source(s) of capital,22,S
"Mining, quarrying, and oil and gas extraction","Minority, female-owned",Don't know,35,S
"Mining, quarrying, and oil and gas extraction","Minority, female-owned",None needed,186,6954
"Mining, quarrying, and oil and gas extraction","Minority, female-owned",Total reporting,710(r),227722(r)
"Mining, quarrying, and oil and gas extraction","Minority, female-owned",Item not reported,29(r),S
"Mining, quarrying, and oil and gas extraction","Minority, male-owned",All firms,6081,3333157
"Mining, quarrying, and oil and gas extraction","Minority, male-owned",Personal/family savings of owner(s),1687,800199
"Mining, quarrying, and oil and gas extraction","Minority, male-owned",Personal/family assets other than savings of owner(s),236,S
"Mining, quarrying, and oil and gas extraction","Minority, male-owned",Personal/family home equity loan,57,S
"Mining, quarrying, and oil and gas extraction","Minority, male-owned",Personal credit card(s) carrying balances,73,22793
"Mining, quarrying, and oil and gas extraction","Minority, male-owned",Business credit card(s) carrying balances,94,56165
"Mining, quarrying, and oil and gas extraction","Minority, male-owned","Business loan from federal, state, or local government",12,S
"Mining, quarrying, and oil and gas extraction","Minority, male-owned",Government-guaranteed business loan from a bank or financial institution,3,S
"Mining, quarrying, and oil and gas extraction","Minority, male-owned",Business loan from a bank or financial institution,173,262078
"Mining, quarrying, and oil and gas extraction","Minority, male-owned",Business loan/investment from family/friends,38,12168
"Mining, quarrying, and oil and gas extraction","Minority, male-owned",Investment by venture capitalist(s),16,S
"Mining, quarrying, and oil and gas extraction","Minority, male-owned",Grants,12,S
"Mining, quarrying, and oil and gas extraction","Minority, male-owned",Other source(s) of capital,43,S
"Mining, quarrying, and oil and gas extraction","Minority, male-owned",Don't know,328,S
"Mining, quarrying, and oil and gas extraction","Minority, male-owned",None needed,445,28537
"Mining, quarrying, and oil and gas extraction","Minority, male-owned",Total reporting,2680(r),2148994(r)
"Mining, quarrying, and oil and gas extraction","Minority, male-owned",Item not reported,95(r),S
"Mining, quarrying, and oil and gas extraction","Minority, equally male-/female-owned",All firms,500,270594
"Mining, quarrying, and oil and gas extraction","Minority, equally male-/female-owned",Personal/family savings of owner(s),221,S
"Mining, quarrying, and oil and gas extraction","Minority, equally male-/female-owned",Personal/family assets other than savings of owner(s),7,S
"Mining, quarrying, and oil and gas extraction","Minority, equally male-/female-owned",Personal/family home equity loan,25,S
"Mining, quarrying, and oil and gas extraction","Minority, equally male-/female-owned",Personal credit card(s) carrying balances,46,S
"Mining, quarrying, and oil and gas extraction","Minority, equally male-/female-owned",Business credit card(s) carrying balances,2,S
"Mining, quarrying, and oil and gas extraction","Minority, equally male-/female-owned","Business loan from federal, state, or local government",0,0
"Mining, quarrying, and oil and gas extraction","Minority, equally male-/female-owned",Government-guaranteed business loan from a bank or financial institution,0,0
"Mining, quarrying, and oil and gas extraction","Minority, equally male-/female-owned",Business loan from a bank or financial institution,49,S
"Mining, quarrying, and oil and gas extraction","Minority, equally male-/female-owned",Business loan/investment from family/friends,2,S
"Mining, quarrying, and oil and gas extraction","Minority, equally male-/female-owned",Investment by venture capitalist(s),0,0
"Mining, quarrying, and oil and gas extraction","Minority, equally male-/female-owned",Grants,0,0
"Mining, quarrying, and oil and gas extraction","Minority, equally male-/female-owned",Other source(s) of capital,0,0
"Mining, quarrying, and oil and gas extraction","Minority, equally male-/female-owned",Don't know,49,S
"Mining, quarrying, and oil and gas extraction","Minority, equally male-/female-owned",None needed,2,S
"Mining, quarrying, and oil and gas extraction","Minority, equally male-/female-owned",Total reporting,318(r),S
"Mining, quarrying, and oil and gas extraction","Minority, equally male-/female-owned",Item not reported,36(r),S
"Mining, quarrying, and oil and gas extraction",Equally minority/nonminority,All firms,1447,872389
"Mining, quarrying, and oil and gas extraction",Equally minority/nonminority,Personal/family savings of owner(s),457,S
"Mining, quarrying, and oil and gas extraction",Equally minority/nonminority,Personal/family assets other than savings of owner(s),37,12310
"Mining, quarrying, and oil and gas extraction",Equally minority/nonminority,Personal/family home equity loan,20,S
"Mining, quarrying, and oil and gas extraction",Equally minority/nonminority,Personal credit card(s) carrying balances,65,9892
"Mining, quarrying, and oil and gas extraction",Equally minority/nonminority,Business credit card(s) carrying balances,10,S
"Mining, quarrying, and oil and gas extraction",Equally minority/nonminority,"Business loan from federal, state, or local government",0,0
"Mining, quarrying, and oil and gas extraction",Equally minority/nonminority,Government-guaranteed business loan from a bank or financial institution,28,S
"Mining, quarrying, and oil and gas extraction",Equally minority/nonminority,Business loan from a bank or financial institution,235,S
"Mining, quarrying, and oil and gas extraction",Equally minority/nonminority,Business loan/investment from family/friends,7,S
"Mining, quarrying, and oil and gas extraction",Equally minority/nonminority,Investment by venture capitalist(s),0,0
"Mining, quarrying, and oil and gas extraction",Equally minority/nonminority,Grants,0,0
"Mining, quarrying, and oil and gas extraction",Equally minority/nonminority,Other source(s) of capital,50,S
"Mining, quarrying, and oil and gas extraction",Equally minority/nonminority,Don't know,33,S
"Mining, quarrying, and oil and gas extraction",Equally minority/nonminority,None needed,145,S
"Mining, quarrying, and oil and gas extraction",Equally minority/nonminority,Total reporting,862,S
"Mining, quarrying, and oil and gas extraction",Equally minority/nonminority,Item not reported,2,S
"Mining, quarrying, and oil and gas extraction","Equally minority/nonminority, female-owned",All firms,0,0
"Mining, quarrying, and oil and gas extraction","Equally minority/nonminority, female-owned",Personal/family savings of owner(s),0,0
"Mining, quarrying, and oil and gas extraction","Equally minority/nonminority, female-owned",Personal/family assets other than savings of owner(s),0,0
"Mining, quarrying, and oil and gas extraction","Equally minority/nonminority, female-owned",Personal/family home equity loan,0,0
"Mining, quarrying, and oil and gas extraction","Equally minority/nonminority, female-owned",Personal credit card(s) carrying balances,0,0
"Mining, quarrying, and oil and gas extraction","Equally minority/nonminority, female-owned",Business credit card(s) carrying balances,0,0
"Mining, quarrying, and oil and gas extraction","Equally minority/nonminority, female-owned","Business loan from federal, state, or local government",0,0
"Mining, quarrying, and oil and gas extraction","Equally minority/nonminority, female-owned",Government-guaranteed business loan from a bank or financial institution,0,0
"Mining, quarrying, and oil and gas extraction","Equally minority/nonminority, female-owned",Business loan from a bank or financial institution,0,0
"Mining, quarrying, and oil and gas extraction","Equally minority/nonminority, female-owned",Business loan/investment from family/friends,0,0
"Mining, quarrying, and oil and gas extraction","Equally minority/nonminority, female-owned",Investment by venture capitalist(s),0,0
"Mining, quarrying, and oil and gas extraction","Equally minority/nonminority, female-owned",Grants,0,0
"Mining, quarrying, and oil and gas extraction","Equally minority/nonminority, female-owned",Other source(s) of capital,0,0
"Mining, quarrying, and oil and gas extraction","Equally minority/nonminority, female-owned",Don't know,0,0
"Mining, quarrying, and oil and gas extraction","Equally minority/nonminority, female-owned",None needed,0,0
"Mining, quarrying, and oil and gas extraction","Equally minority/nonminority, female-owned",Total reporting,0,0
"Mining, quarrying, and oil and gas extraction","Equally minority/nonminority, female-owned",Item not reported,0,0
"Mining, quarrying, and oil and gas extraction","Equally minority/nonminority, male-owned",All firms,304,482587
"Mining, quarrying, and oil and gas extraction","Equally minority/nonminority, male-owned",Personal/family savings of owner(s),60,S
"Mining, quarrying, and oil and gas extraction","Equally minority/nonminority, male-owned",Personal/family assets other than savings of owner(s),6,S
"Mining, quarrying, and oil and gas extraction","Equally minority/nonminority, male-owned",Personal/family home equity loan,6,S
"Mining, quarrying, and oil and gas extraction","Equally minority/nonminority, male-owned",Personal credit card(s) carrying balances,8,S
"Mining, quarrying, and oil and gas extraction","Equally minority/nonminority, male-owned",Business credit card(s) carrying balances,8,S
"Mining, quarrying, and oil and gas extraction","Equally minority/nonminority, male-owned","Business loan from federal, state, or local government",0,0
"Mining, quarrying, and oil and gas extraction","Equally minority/nonminority, male-owned",Government-guaranteed business loan from a bank or financial institution,0,0
"Mining, quarrying, and oil and gas extraction","Equally minority/nonminority, male-owned",Business loan from a bank or financial institution,112,S
"Mining, quarrying, and oil and gas extraction","Equally minority/nonminority, male-owned",Business loan/investment from family/friends,0,0
"Mining, quarrying, and oil and gas extraction","Equally minority/nonminority, male-owned",Investment by venture capitalist(s),0,0
"Mining, quarrying, and oil and gas extraction","Equally minority/nonminority, male-owned",Grants,0,0
"Mining, quarrying, and oil and gas extraction","Equally minority/nonminority, male-owned",Other source(s) of capital,21,S
"Mining, quarrying, and oil and gas extraction","Equally minority/nonminority, male-owned",Don't know,18,S
"Mining, quarrying, and oil and gas extraction","Equally minority/nonminority, male-owned",None needed,0,0
"Mining, quarrying, and oil and gas extraction","Equally minority/nonminority, male-owned",Total reporting,153,S
"Mining, quarrying, and oil and gas extraction","Equally minority/nonminority, male-owned",Item not reported,0,0
"Mining, quarrying, and oil and gas extraction","Equally minority/nonminority, equally male-/female-owned",All firms,1144,389802
"Mining, quarrying, and oil and gas extraction","Equally minority/nonminority, equally male-/female-owned",Personal/family savings of owner(s),397,64228
"Mining, quarrying, and oil and gas extraction","Equally minority/nonminority, equally male-/female-owned",Personal/family assets other than savings of owner(s),31,12164
"Mining, quarrying, and oil and gas extraction","Equally minority/nonminority, equally male-/female-owned",Personal/family home equity loan,14,S
"Mining, quarrying, and oil and gas extraction","Equally minority/nonminority, equally male-/female-owned",Personal credit card(s) carrying balances,57,7468
"Mining, quarrying, and oil and gas extraction","Equally minority/nonminority, equally male-/female-owned",Business credit card(s) carrying balances,2,S
"Mining, quarrying, and oil and gas extraction","Equally minority/nonminority, equally male-/female-owned","Business loan from federal, state, or local government",0,0
"Mining, quarrying, and oil and gas extraction","Equally minority/nonminority, equally male-/female-owned",Government-guaranteed business loan from a bank or financial institution,28,S
"Mining, quarrying, and oil and gas extraction","Equally minority/nonminority, equally male-/female-owned",Business loan from a bank or financial institution,123,47417
"Mining, quarrying, and oil and gas extraction","Equally minority/nonminority, equally male-/female-owned",Business loan/investment from family/friends,7,S
"Mining, quarrying, and oil and gas extraction","Equally minority/nonminority, equally male-/female-owned",Investment by venture capitalist(s),0,0
"Mining, quarrying, and oil and gas extraction","Equally minority/nonminority, equally male-/female-owned",Grants,0,0
"Mining, quarrying, and oil and gas extraction","Equally minority/nonminority, equally male-/female-owned",Other source(s) of capital,28,S
"Mining, quarrying, and oil and gas extraction","Equally minority/nonminority, equally male-/female-owned",Don't know,14,2266
"Mining, quarrying, and oil and gas extraction","Equally minority/nonminority, equally male-/female-owned",None needed,145,S
"Mining, quarrying, and oil and gas extraction","Equally minority/nonminority, equally male-/female-owned",Total reporting,709,162982
"Mining, quarrying, and oil and gas extraction","Equally minority/nonminority, equally male-/female-owned",Item not reported,2,S
"Mining, quarrying, and oil and gas extraction",Nonminority,All firms,116236,107666439
"Mining, quarrying, and oil and gas extraction",Nonminority,Personal/family savings of owner(s),42289,30978631
"Mining, quarrying, and oil and gas extraction",Nonminority,Personal/family assets other than savings of owner(s),6454,16132284
"Mining, quarrying, and oil and gas extraction",Nonminority,Personal/family home equity loan,1473,780813
"Mining, quarrying, and oil and gas extraction",Nonminority,Personal credit card(s) carrying balances,2354,1003126
"Mining, quarrying, and oil and gas extraction",Nonminority,Business credit card(s) carrying balances,824,474002
"Mining, quarrying, and oil and gas extraction",Nonminority,"Business loan from federal, state, or local government",11,S
"Mining, quarrying, and oil and gas extraction",Nonminority,Government-guaranteed business loan from a bank or financial institution,170,780956
"Mining, quarrying, and oil and gas extraction",Nonminority,Business loan from a bank or financial institution,8062,17209261
"Mining, quarrying, and oil and gas extraction",Nonminority,Business loan/investment from family/friends,1139,2544938
"Mining, quarrying, and oil and gas extraction",Nonminority,Investment by venture capitalist(s),512,730379
"Mining, quarrying, and oil and gas extraction",Nonminority,Grants,2,S
"Mining, quarrying, and oil and gas extraction",Nonminority,Other source(s) of capital,1971,3591103
"Mining, quarrying, and oil and gas extraction",Nonminority,Don't know,9382,19574189
"Mining, quarrying, and oil and gas extraction",Nonminority,None needed,13931,6353753
"Mining, quarrying, and oil and gas extraction",Nonminority,Total reporting,75447(r),77659413(r)
"Mining, quarrying, and oil and gas extraction",Nonminority,Item not reported,2534(r),330865(r)
"Mining, quarrying, and oil and gas extraction","Nonminority, female-owned",All firms,20519,12099823
"Mining, quarrying, and oil and gas extraction","Nonminority, female-owned",Personal/family savings of owner(s),5344,1456726
"Mining, quarrying, and oil and gas extraction","Nonminority, female-owned",Personal/family assets other than savings of owner(s),1177,1100957
"Mining, quarrying, and oil and gas extraction","Nonminority, female-owned",Personal/family home equity loan,169,S
"Mining, quarrying, and oil and gas extraction","Nonminority, female-owned",Personal credit card(s) carrying balances,121,S
"Mining, quarrying, and oil and gas extraction","Nonminority, female-owned",Business credit card(s) carrying balances,38,S
"Mining, quarrying, and oil and gas extraction","Nonminority, female-owned","Business loan from federal, state, or local government",0,0
"Mining, quarrying, and oil and gas extraction","Nonminority, female-owned",Government-guaranteed business loan from a bank or financial institution,6,S
"Mining, quarrying, and oil and gas extraction","Nonminority, female-owned",Business loan from a bank or financial institution,630,657288
"Mining, quarrying, and oil and gas extraction","Nonminority, female-owned",Business loan/investment from family/friends,211,73298
"Mining, quarrying, and oil and gas extraction","Nonminority, female-owned",Investment by venture capitalist(s),43,S
"Mining, quarrying, and oil and gas extraction","Nonminority, female-owned",Grants,2,S
"Mining, quarrying, and oil and gas extraction","Nonminority, female-owned",Other source(s) of capital,483,244507
"Mining, quarrying, and oil and gas extraction","Nonminority, female-owned",Don't know,2124,797286
"Mining, quarrying, and oil and gas extraction","Nonminority, female-owned",None needed,3147,S
"Mining, quarrying, and oil and gas extraction","Nonminority, female-owned",Total reporting,12361(r),5881320(r)
"Mining, quarrying, and oil and gas extraction","Nonminority, female-owned",Item not reported,554(r),S
"Mining, quarrying, and oil and gas extraction","Nonminority, male-owned",All firms,76007,87304507
"Mining, quarrying, and oil and gas extraction","Nonminority, male-owned",Personal/family savings of owner(s),27532,26253815
"Mining, quarrying, and oil and gas extraction","Nonminority, male-owned",Personal/family assets other than savings of owner(s),3930,14671878
"Mining, quarrying, and oil and gas extraction","Nonminority, male-owned",Personal/family home equity loan,1053,575207
"Mining, quarrying, and oil and gas extraction","Nonminority, male-owned",Personal credit card(s) carrying balances,1846,784134
"Mining, quarrying, and oil and gas extraction","Nonminority, male-owned",Business credit card(s) carrying balances,698,393504
"Mining, quarrying, and oil and gas extraction","Nonminority, male-owned","Business loan from federal, state, or local government",11,S
"Mining, quarrying, and oil and gas extraction","Nonminority, male-owned",Government-guaranteed business loan from a bank or financial institution,71,702252
"Mining, quarrying, and oil and gas extraction","Nonminority, male-owned",Business loan from a bank or financial institution,5585,14817358
"Mining, quarrying, and oil and gas extraction","Nonminority, male-owned",Business loan/investment from family/friends,725,2362345
"Mining, quarrying, and oil and gas extraction","Nonminority, male-owned",Investment by venture capitalist(s),362,676729
"Mining, quarrying, and oil and gas extraction","Nonminority, male-owned",Grants,0,0
"Mining, quarrying, and oil and gas extraction","Nonminority, male-owned",Other source(s) of capital,1043,3245931
"Mining, quarrying, and oil and gas extraction","Nonminority, male-owned",Don't know,6289,17697111
"Mining, quarrying, and oil and gas extraction","Nonminority, male-owned",None needed,8935,3826438
"Mining, quarrying, and oil and gas extraction","Nonminority, male-owned",Total reporting,48886(r),66259148(r)
"Mining, quarrying, and oil and gas extraction","Nonminority, male-owned",Item not reported,1521(r),204631(r)
"Mining, quarrying, and oil and gas extraction","Nonminority, equally male-/female-owned",All firms,19710,8262109
"Mining, quarrying, and oil and gas extraction","Nonminority, equally male-/female-owned",Personal/family savings of owner(s),9414,3268091
"Mining, quarrying, and oil and gas extraction","Nonminority, equally male-/female-owned",Personal/family assets other than savings of owner(s),1347,359449
"Mining, quarrying, and oil and gas extraction","Nonminority, equally male-/female-owned",Personal/family home equity loan,251,156507
"Mining, quarrying, and oil and gas extraction","Nonminority, equally male-/female-owned",Personal credit card(s) carrying balances,386,177477
"Mining, quarrying, and oil and gas extraction","Nonminority, equally male-/female-owned",Business credit card(s) carrying balances,88,49357
"Mining, quarrying, and oil and gas extraction","Nonminority, equally male-/female-owned","Business loan from federal, state, or local government",0,0
"Mining, quarrying, and oil and gas extraction","Nonminority, equally male-/female-owned",Government-guaranteed business loan from a bank or financial institution,93,35452
"Mining, quarrying, and oil and gas extraction","Nonminority, equally male-/female-owned",Business loan from a bank or financial institution,1848,1734615
"Mining, quarrying, and oil and gas extraction","Nonminority, equally male-/female-owned",Business loan/investment from family/friends,203,109295
"Mining, quarrying, and oil and gas extraction","Nonminority, equally male-/female-owned",Investment by venture capitalist(s),107,S
"Mining, quarrying, and oil and gas extraction","Nonminority, equally male-/female-owned",Grants,0,0
"Mining, quarrying, and oil and gas extraction","Nonminority, equally male-/female-owned",Other source(s) of capital,445,100664
"Mining, quarrying, and oil and gas extraction","Nonminority, equally male-/female-owned",Don't know,969,1079791
"Mining, quarrying, and oil and gas extraction","Nonminority, equally male-/female-owned",None needed,1850,403953
"Mining, quarrying, and oil and gas extraction","Nonminority, equally male-/female-owned",Total reporting,14200(r),5518946(r)
"Mining, quarrying, and oil and gas extraction","Nonminority, equally male-/female-owned",Item not reported,458(r),S
"Mining, quarrying, and oil and gas extraction",Veteran,All firms,16815,15237193
"Mining, quarrying, and oil and gas extraction",Veteran,Personal/family savings of owner(s),5550,2860825
"Mining, quarrying, and oil and gas extraction",Veteran,Personal/family assets other than savings of owner(s),668,1199598
"Mining, quarrying, and oil and gas extraction",Veteran,Personal/family home equity loan,116,59779
"Mining, quarrying, and oil and gas extraction",Veteran,Personal credit card(s) carrying balances,212,47731
"Mining, quarrying, and oil and gas extraction",Veteran,Business credit card(s) carrying balances,116,S
"Mining, quarrying, and oil and gas extraction",Veteran,"Business loan from federal, state, or local government",0,0
"Mining, quarrying, and oil and gas extraction",Veteran,Government-guaranteed business loan from a bank or financial institution,38,473513
"Mining, quarrying, and oil and gas extraction",Veteran,Business loan from a bank or financial institution,599,1193950
"Mining, quarrying, and oil and gas extraction",Veteran,Business loan/investment from family/friends,147,507120
"Mining, quarrying, and oil and gas extraction",Veteran,Investment by venture capitalist(s),106,S
"Mining, quarrying, and oil and gas extraction",Veteran,Grants,0,0
"Mining, quarrying, and oil and gas extraction",Veteran,Other source(s) of capital,188,171568
"Mining, quarrying, and oil and gas extraction",Veteran,Don't know,862,838103
"Mining, quarrying, and oil and gas extraction",Veteran,None needed,1865,185669
"Mining, quarrying, and oil and gas extraction",Veteran,Total reporting,9313(r),4902749(r)
"Mining, quarrying, and oil and gas extraction",Veteran,Item not reported,625(r),S
"Mining, quarrying, and oil and gas extraction","Veteran, female-owned",All firms,1024,52266
"Mining, quarrying, and oil and gas extraction","Veteran, female-owned",Personal/family savings of owner(s),117,S
"Mining, quarrying, and oil and gas extraction","Veteran, female-owned",Personal/family assets other than savings of owner(s),0,0
"Mining, quarrying, and oil and gas extraction","Veteran, female-owned",Personal/family home equity loan,0,0
"Mining, quarrying, and oil and gas extraction","Veteran, female-owned",Personal credit card(s) carrying balances,0,0
"Mining, quarrying, and oil and gas extraction","Veteran, female-owned",Business credit card(s) carrying balances,0,0
"Mining, quarrying, and oil and gas extraction","Veteran, female-owned","Business loan from federal, state, or local government",0,0
"Mining, quarrying, and oil and gas extraction","Veteran, female-owned",Government-guaranteed business loan from a bank or financial institution,0,0
"Mining, quarrying, and oil and gas extraction","Veteran, female-owned",Business loan from a bank or financial institution,0,0
"Mining, quarrying, and oil and gas extraction","Veteran, female-owned",Business loan/investment from family/friends,0,0
"Mining, quarrying, and oil and gas extraction","Veteran, female-owned",Investment by venture capitalist(s),0,0
"Mining, quarrying, and oil and gas extraction","Veteran, female-owned",Grants,0,0
"Mining, quarrying, and oil and gas extraction","Veteran, female-owned",Other source(s) of capital,0,0
"Mining, quarrying, and oil and gas extraction","Veteran, female-owned",Don't know,0,0
"Mining, quarrying, and oil and gas extraction","Veteran, female-owned",None needed,8,S
"Mining, quarrying, and oil and gas extraction","Veteran, female-owned",Total reporting,125,S
"Mining, quarrying, and oil and gas extraction","Veteran, female-owned",Item not reported,5,S
"Mining, quarrying, and oil and gas extraction","Veteran, male-owned",All firms,15689,15180422
"Mining, quarrying, and oil and gas extraction","Veteran, male-owned",Personal/family savings of owner(s),5422,2853761
"Mining, quarrying, and oil and gas extraction","Veteran, male-owned",Personal/family assets other than savings of owner(s),657,1199218
"Mining, quarrying, and oil and gas extraction","Veteran, male-owned",Personal/family home equity loan,107,59743
"Mining, quarrying, and oil and gas extraction","Veteran, male-owned",Personal credit card(s) carrying balances,203,47696
"Mining, quarrying, and oil and gas extraction","Veteran, male-owned",Business credit card(s) carrying balances,106,S
"Mining, quarrying, and oil and gas extraction","Veteran, male-owned","Business loan from federal, state, or local government",0,0
"Mining, quarrying, and oil and gas extraction","Veteran, male-owned",Government-guaranteed business loan from a bank or financial institution,38,473513
"Mining, quarrying, and oil and gas extraction","Veteran, male-owned",Business loan from a bank or financial institution,588,1193571
"Mining, quarrying, and oil and gas extraction","Veteran, male-owned",Business loan/investment from family/friends,138,507084
"Mining, quarrying, and oil and gas extraction","Veteran, male-owned",Investment by venture capitalist(s),106,S
"Mining, quarrying, and oil and gas extraction","Veteran, male-owned",Grants,0,0
"Mining, quarrying, and oil and gas extraction","Veteran, male-owned",Other source(s) of capital,188,171568
"Mining, quarrying, and oil and gas extraction","Veteran, male-owned",Don't know,862,838103
"Mining, quarrying, and oil and gas extraction","Veteran, male-owned",None needed,1857,184288
"Mining, quarrying, and oil and gas extraction","Veteran, male-owned",Total reporting,9175(r),4893960(r)
"Mining, quarrying, and oil and gas extraction","Veteran, male-owned",Item not reported,609(r),S
"Mining, quarrying, and oil and gas extraction","Veteran, equally male-/female-owned",All firms,103,S
"Mining, quarrying, and oil and gas extraction","Veteran, equally male-/female-owned",Personal/family savings of owner(s),11,S
"Mining, quarrying, and oil and gas extraction","Veteran, equally male-/female-owned",Personal/family assets other than savings of owner(s),11,S
"Mining, quarrying, and oil and gas extraction","Veteran, equally male-/female-owned",Personal/family home equity loan,9,S
"Mining, quarrying, and oil and gas extraction","Veteran, equally male-/female-owned",Personal credit card(s) carrying balances,9,S
"Mining, quarrying, and oil and gas extraction","Veteran, equally male-/female-owned",Business credit card(s) carrying balances,11,S
"Mining, quarrying, and oil and gas extraction","Veteran, equally male-/female-owned","Business loan from federal, state, or local government",0,S
"Mining, quarrying, and oil and gas extraction","Veteran, equally male-/female-owned",Government-guaranteed business loan from a bank or financial institution,0,S
"Mining, quarrying, and oil and gas extraction","Veteran, equally male-/female-owned",Business loan from a bank or financial institution,11,S
"Mining, quarrying, and oil and gas extraction","Veteran, equally male-/female-owned",Business loan/investment from family/friends,9,S
"Mining, quarrying, and oil and gas extraction","Veteran, equally male-/female-owned",Investment by venture capitalist(s),0,S
"Mining, quarrying, and oil and gas extraction","Veteran, equally male-/female-owned",Grants,0,S
"Mining, quarrying, and oil and gas extraction","Veteran, equally male-/female-owned",Other source(s) of capital,0,S
"Mining, quarrying, and oil and gas extraction","Veteran, equally male-/female-owned",Don't know,0,S
"Mining, quarrying, and oil and gas extraction","Veteran, equally male-/female-owned",None needed,0,S
"Mining, quarrying, and oil and gas extraction","Veteran, equally male-/female-owned",Total reporting,13,S
"Mining, quarrying, and oil and gas extraction","Veteran, equally male-/female-owned",Item not reported,10,S
"Mining, quarrying, and oil and gas extraction","Veteran, Hispanic",All firms,417,95037
"Mining, quarrying, and oil and gas extraction","Veteran, Hispanic",Personal/family savings of owner(s),56,16160
"Mining, quarrying, and oil and gas extraction","Veteran, Hispanic",Personal/family assets other than savings of owner(s),8,S
"Mining, quarrying, and oil and gas extraction","Veteran, Hispanic",Personal/family home equity loan,0,0
"Mining, quarrying, and oil and gas extraction","Veteran, Hispanic",Personal credit card(s) carrying balances,0,0
"Mining, quarrying, and oil and gas extraction","Veteran, Hispanic",Business credit card(s) carrying balances,0,0
"Mining, quarrying, and oil and gas extraction","Veteran, Hispanic","Business loan from federal, state, or local government",0,0
"Mining, quarrying, and oil and gas extraction","Veteran, Hispanic",Government-guaranteed business loan from a bank or financial institution,3,S
"Mining, quarrying, and oil and gas extraction","Veteran, Hispanic",Business loan from a bank or financial institution,8,S
"Mining, quarrying, and oil and gas extraction","Veteran, Hispanic",Business loan/investment from family/friends,0,0
"Mining, quarrying, and oil and gas extraction","Veteran, Hispanic",Investment by venture capitalist(s),0,0
"Mining, quarrying, and oil and gas extraction","Veteran, Hispanic",Grants,0,0
"Mining, quarrying, and oil and gas extraction","Veteran, Hispanic",Other source(s) of capital,8,S
"Mining, quarrying, and oil and gas extraction","Veteran, Hispanic",Don't know,61,S
"Mining, quarrying, and oil and gas extraction","Veteran, Hispanic",None needed,15,S
"Mining, quarrying, and oil and gas extraction","Veteran, Hispanic",Total reporting,144(r),23410(r)
"Mining, quarrying, and oil and gas extraction","Veteran, Hispanic",Item not reported,8(r),S
"Mining, quarrying, and oil and gas extraction","Veteran, equally Hispanic/non-Hispanic",All firms,1,S
"Mining, quarrying, and oil and gas extraction","Veteran, equally Hispanic/non-Hispanic",Personal/family savings of owner(s),0,S
"Mining, quarrying, and oil and gas extraction","Veteran, equally Hispanic/non-Hispanic",Personal/family assets other than savings of owner(s),0,S
"Mining, quarrying, and oil and gas extraction","Veteran, equally Hispanic/non-Hispanic",Personal/family home equity loan,0,S
"Mining, quarrying, and oil and gas extraction","Veteran, equally Hispanic/non-Hispanic",Personal credit card(s) carrying balances,0,S
"Mining, quarrying, and oil and gas extraction","Veteran, equally Hispanic/non-Hispanic",Business credit card(s) carrying balances,0,S
"Mining, quarrying, and oil and gas extraction","Veteran, equally Hispanic/non-Hispanic","Business loan from federal, state, or local government",0,S
"Mining, quarrying, and oil and gas extraction","Veteran, equally Hispanic/non-Hispanic",Government-guaranteed business loan from a bank or financial institution,0,S
"Mining, quarrying, and oil and gas extraction","Veteran, equally Hispanic/non-Hispanic",Business loan from a bank or financial institution,0,S
"Mining, quarrying, and oil and gas extraction","Veteran, equally Hispanic/non-Hispanic",Business loan/investment from family/friends,0,S
"Mining, quarrying, and oil and gas extraction","Veteran, equally Hispanic/non-Hispanic",Investment by venture capitalist(s),0,S
"Mining, quarrying, and oil and gas extraction","Veteran, equally Hispanic/non-Hispanic",Grants,0,S
"Mining, quarrying, and oil and gas extraction","Veteran, equally Hispanic/non-Hispanic",Other source(s) of capital,0,S
"Mining, quarrying, and oil and gas extraction","Veteran, equally Hispanic/non-Hispanic",Don't know,0,S
"Mining, quarrying, and oil and gas extraction","Veteran, equally Hispanic/non-Hispanic",None needed,0,S
"Mining, quarrying, and oil and gas extraction","Veteran, equally Hispanic/non-Hispanic",Total reporting,0,S
"Mining, quarrying, and oil and gas extraction","Veteran, equally Hispanic/non-Hispanic",Item not reported,0,S
"Mining, quarrying, and oil and gas extraction","Veteran, non-Hispanic",All firms,16397,15142150
"Mining, quarrying, and oil and gas extraction","Veteran, non-Hispanic",Personal/family savings of owner(s),5494,2844665
"Mining, quarrying, and oil and gas extraction","Veteran, non-Hispanic",Personal/family assets other than savings of owner(s),660,1199583
"Mining, quarrying, and oil and gas extraction","Veteran, non-Hispanic",Personal/family home equity loan,116,59779
"Mining, quarrying, and oil and gas extraction","Veteran, non-Hispanic",Personal credit card(s) carrying balances,212,47731
"Mining, quarrying, and oil and gas extraction","Veteran, non-Hispanic",Business credit card(s) carrying balances,116,S
"Mining, quarrying, and oil and gas extraction","Veteran, non-Hispanic","Business loan from federal, state, or local government",0,0
"Mining, quarrying, and oil and gas extraction","Veteran, non-Hispanic",Government-guaranteed business loan from a bank or financial institution,35,472851
"Mining, quarrying, and oil and gas extraction","Veteran, non-Hispanic",Business loan from a bank or financial institution,591,1193857
"Mining, quarrying, and oil and gas extraction","Veteran, non-Hispanic",Business loan/investment from family/friends,147,507120
"Mining, quarrying, and oil and gas extraction","Veteran, non-Hispanic",Investment by venture capitalist(s),106,S
"Mining, quarrying, and oil and gas extraction","Veteran, non-Hispanic",Grants,0,0
"Mining, quarrying, and oil and gas extraction","Veteran, non-Hispanic",Other source(s) of capital,180,169953
"Mining, quarrying, and oil and gas extraction","Veteran, non-Hispanic",Don't know,801,833183
"Mining, quarrying, and oil and gas extraction","Veteran, non-Hispanic",None needed,1850,185616
"Mining, quarrying, and oil and gas extraction","Veteran, non-Hispanic",Total reporting,9169,4879339
"Mining, quarrying, and oil and gas extraction","Veteran, non-Hispanic",Item not reported,617,S
"Mining, quarrying, and oil and gas extraction","Veteran, White",All firms,16370,15183652
"Mining, quarrying, and oil and gas extraction","Veteran, White",Personal/family savings of owner(s),5408,2788214
"Mining, quarrying, and oil and gas extraction","Veteran, White",Personal/family assets other than savings of owner(s),666,1195665
"Mining, quarrying, and oil and gas extraction","Veteran, White",Personal/family home equity loan,116,59779
"Mining, quarrying, and oil and gas extraction","Veteran, White",Personal credit card(s) carrying balances,203,46011
"Mining, quarrying, and oil and gas extraction","Veteran, White",Business credit card(s) carrying balances,116,S
"Mining, quarrying, and oil and gas extraction","Veteran, White","Business loan from federal, state, or local government",0,0
"Mining, quarrying, and oil and gas extraction","Veteran, White",Government-guaranteed business loan from a bank or financial institution,38,473513
"Mining, quarrying, and oil and gas extraction","Veteran, White",Business loan from a bank or financial institution,597,1188881
"Mining, quarrying, and oil and gas extraction","Veteran, White",Business loan/investment from family/friends,147,507120
"Mining, quarrying, and oil and gas extraction","Veteran, White",Investment by venture capitalist(s),106,S
"Mining, quarrying, and oil and gas extraction","Veteran, White",Grants,0,0
"Mining, quarrying, and oil and gas extraction","Veteran, White",Other source(s) of capital,188,171568
"Mining, quarrying, and oil and gas extraction","Veteran, White",Don't know,842,838059
"Mining, quarrying, and oil and gas extraction","Veteran, White",None needed,1833,185543
"Mining, quarrying, and oil and gas extraction","Veteran, White",Total reporting,9108(r),4823178(r)
"Mining, quarrying, and oil and gas extraction","Veteran, White",Item not reported,607(r),S
"Mining, quarrying, and oil and gas extraction","Veteran, Black or African American",All firms,132,3078
"Mining, quarrying, and oil and gas extraction","Veteran, Black or African American",Personal/family savings of owner(s),8,734
"Mining, quarrying, and oil and gas extraction","Veteran, Black or African American",Personal/family assets other than savings of owner(s),0,0
"Mining, quarrying, and oil and gas extraction","Veteran, Black or African American",Personal/family home equity loan,0,0
"Mining, quarrying, and oil and gas extraction","Veteran, Black or African American",Personal credit card(s) carrying balances,0,0
"Mining, quarrying, and oil and gas extraction","Veteran, Black or African American",Business credit card(s) carrying balances,0,0
"Mining, quarrying, and oil and gas extraction","Veteran, Black or African American","Business loan from federal, state, or local government",0,0
"Mining, quarrying, and oil and gas extraction","Veteran, Black or African American",Government-guaranteed business loan from a bank or financial institution,0,0
"Mining, quarrying, and oil and gas extraction","Veteran, Black or African American",Business loan from a bank or financial institution,0,0
"Mining, quarrying, and oil and gas extraction","Veteran, Black or African American",Business loan/investment from family/friends,0,0
"Mining, quarrying, and oil and gas extraction","Veteran, Black or African American",Investment by venture capitalist(s),0,0
"Mining, quarrying, and oil and gas extraction","Veteran, Black or African American",Grants,0,0
"Mining, quarrying, and oil and gas extraction","Veteran, Black or African American",Other source(s) of capital,0,0
"Mining, quarrying, and oil and gas extraction","Veteran, Black or African American",Don't know,21,S
"Mining, quarrying, and oil and gas extraction","Veteran, Black or African American",None needed,13,S
"Mining, quarrying, and oil and gas extraction","Veteran, Black or African American",Total reporting,42,790
"Mining, quarrying, and oil and gas extraction","Veteran, Black or African American",Item not reported,17,S
"Mining, quarrying, and oil and gas extraction","Veteran, American Indian and Alaska Native",All firms,294,65155
"Mining, quarrying, and oil and gas extraction","Veteran, American Indian and Alaska Native",Personal/family savings of owner(s),200,88556
"Mining, quarrying, and oil and gas extraction","Veteran, American Indian and Alaska Native",Personal/family assets other than savings of owner(s),4,S
"Mining, quarrying, and oil and gas extraction","Veteran, American Indian and Alaska Native",Personal/family home equity loan,0,0
"Mining, quarrying, and oil and gas extraction","Veteran, American Indian and Alaska Native",Personal credit card(s) carrying balances,13,S
"Mining, quarrying, and oil and gas extraction","Veteran, American Indian and Alaska Native",Business credit card(s) carrying balances,60,S
"Mining, quarrying, and oil and gas extraction","Veteran, American Indian and Alaska Native","Business loan from federal, state, or local government",0,0
"Mining, quarrying, and oil and gas extraction","Veteran, American Indian and Alaska Native",Government-guaranteed business loan from a bank or financial institution,0,0
"Mining, quarrying, and oil and gas extraction","Veteran, American Indian and Alaska Native",Business loan from a bank or financial institution,6,S
"Mining, quarrying, and oil and gas extraction","Veteran, American Indian and Alaska Native",Business loan/investment from family/friends,0,0
"Mining, quarrying, and oil and gas extraction","Veteran, American Indian and Alaska Native",Investment by venture capitalist(s),3,S
"Mining, quarrying, and oil and gas extraction","Veteran, American Indian and Alaska Native",Grants,0,0
"Mining, quarrying, and oil and gas extraction","Veteran, American Indian and Alaska Native",Other source(s) of capital,0,0
"Mining, quarrying, and oil and gas extraction","Veteran, American Indian and Alaska Native",Don't know,0,0
"Mining, quarrying, and oil and gas extraction","Veteran, American Indian and Alaska Native",None needed,63,S
"Mining, quarrying, and oil and gas extraction","Veteran, American Indian and Alaska Native",Total reporting,275,105898
"Mining, quarrying, and oil and gas extraction","Veteran, American Indian and Alaska Native",Item not reported,0,0
"Mining, quarrying, and oil and gas extraction","Veteran, Asian",All firms,100,S
"Mining, quarrying, and oil and gas extraction","Veteran, Asian",Personal/family savings of owner(s),21,S
"Mining, quarrying, and oil and gas extraction","Veteran, Asian",Personal/family assets other than savings of owner(s),0,S
"Mining, quarrying, and oil and gas extraction","Veteran, Asian",Personal/family home equity loan,0,S
"Mining, quarrying, and oil and gas extraction","Veteran, Asian",Personal credit card(s) carrying balances,0,S
"Mining, quarrying, and oil and gas extraction","Veteran, Asian",Business credit card(s) carrying balances,0,S
"Mining, quarrying, and oil and gas extraction","Veteran, Asian","Business loan from federal, state, or local government",0,S
"Mining, quarrying, and oil and gas extraction","Veteran, Asian",Government-guaranteed business loan from a bank or financial institution,0,S
"Mining, quarrying, and oil and gas extraction","Veteran, Asian",Business loan from a bank or financial institution,0,S
"Mining, quarrying, and oil and gas extraction","Veteran, Asian",Business loan/investment from family/friends,0,S
"Mining, quarrying, and oil and gas extraction","Veteran, Asian",Investment by venture capitalist(s),0,S
"Mining, quarrying, and oil and gas extraction","Veteran, Asian",Grants,0,S
"Mining, quarrying, and oil and gas extraction","Veteran, Asian",Other source(s) of capital,0,S
"Mining, quarrying, and oil and gas extraction","Veteran, Asian",Don't know,0,S
"Mining, quarrying, and oil and gas extraction","Veteran, Asian",None needed,2,S
"Mining, quarrying, and oil and gas extraction","Veteran, Asian",Total reporting,23,S
"Mining, quarrying, and oil and gas extraction","Veteran, Asian",Item not reported,0,S
"Mining, quarrying, and oil and gas extraction","Veteran, Native Hawaiian and Other Pacific Islander",All firms,22,S
"Mining, quarrying, and oil and gas extraction","Veteran, Native Hawaiian and Other Pacific Islander",Personal/family savings of owner(s),0,S
"Mining, quarrying, and oil and gas extraction","Veteran, Native Hawaiian and Other Pacific Islander",Personal/family assets other than savings of owner(s),0,S
"Mining, quarrying, and oil and gas extraction","Veteran, Native Hawaiian and Other Pacific Islander",Personal/family home equity loan,0,S
"Mining, quarrying, and oil and gas extraction","Veteran, Native Hawaiian and Other Pacific Islander",Personal credit card(s) carrying balances,0,S
"Mining, quarrying, and oil and gas extraction","Veteran, Native Hawaiian and Other Pacific Islander",Business credit card(s) carrying balances,0,S
"Mining, quarrying, and oil and gas extraction","Veteran, Native Hawaiian and Other Pacific Islander","Business loan from federal, state, or local government",0,S
"Mining, quarrying, and oil and gas extraction","Veteran, Native Hawaiian and Other Pacific Islander",Government-guaranteed business loan from a bank or financial institution,0,S
"Mining, quarrying, and oil and gas extraction","Veteran, Native Hawaiian and Other Pacific Islander",Business loan from a bank or financial institution,0,S
"Mining, quarrying, and oil and gas extraction","Veteran, Native Hawaiian and Other Pacific Islander",Business loan/investment from family/friends,0,S
"Mining, quarrying, and oil and gas extraction","Veteran, Native Hawaiian and Other Pacific Islander",Investment by venture capitalist(s),0,S
"Mining, quarrying, and oil and gas extraction","Veteran, Native Hawaiian and Other Pacific Islander",Grants,0,S
"Mining, quarrying, and oil and gas extraction","Veteran, Native Hawaiian and Other Pacific Islander",Other source(s) of capital,0,S
"Mining, quarrying, and oil and gas extraction","Veteran, Native Hawaiian and Other Pacific Islander",Don't know,0,S
"Mining, quarrying, and oil and gas extraction","Veteran, Native Hawaiian and Other Pacific Islander",None needed,0,S
"Mining, quarrying, and oil and gas extraction","Veteran, Native Hawaiian and Other Pacific Islander",Total reporting,0,S
"Mining, quarrying, and oil and gas extraction","Veteran, Native Hawaiian and Other Pacific Islander",Item not reported,0,S
"Mining, quarrying, and oil and gas extraction","Veteran, some other race",All firms,92,2187
"Mining, quarrying, and oil and gas extraction","Veteran, some other race",Personal/family savings of owner(s),11,S
"Mining, quarrying, and oil and gas extraction","Veteran, some other race",Personal/family assets other than savings of owner(s),0,0
"Mining, quarrying, and oil and gas extraction","Veteran, some other race",Personal/family home equity loan,0,0
"Mining, quarrying, and oil and gas extraction","Veteran, some other race",Personal credit card(s) carrying balances,0,0
"Mining, quarrying, and oil and gas extraction","Veteran, some other race",Business credit card(s) carrying balances,0,0
"Mining, quarrying, and oil and gas extraction","Veteran, some other race","Business loan from federal, state, or local government",0,0
"Mining, quarrying, and oil and gas extraction","Veteran, some other race",Government-guaranteed business loan from a bank or financial institution,0,0
"Mining, quarrying, and oil and gas extraction","Veteran, some other race",Business loan from a bank or financial institution,0,0
"Mining, quarrying, and oil and gas extraction","Veteran, some other race",Business loan/investment from family/friends,0,0
"Mining, quarrying, and oil and gas extraction","Veteran, some other race",Investment by venture capitalist(s),0,0
"Mining, quarrying, and oil and gas extraction","Veteran, some other race",Grants,0,0
"Mining, quarrying, and oil and gas extraction","Veteran, some other race",Other source(s) of capital,0,0
"Mining, quarrying, and oil and gas extraction","Veteran, some other race",Don't know,0,0
"Mining, quarrying, and oil and gas extraction","Veteran, some other race",None needed,15,S
"Mining, quarrying, and oil and gas extraction","Veteran, some other race",Total reporting,26(r),S
"Mining, quarrying, and oil and gas extraction","Veteran, some other race",Item not reported,8(r),S
"Mining, quarrying, and oil and gas extraction","Veteran, minority",All firms,928,181258
"Mining, quarrying, and oil and gas extraction","Veteran, minority",Personal/family savings of owner(s),275,105293
"Mining, quarrying, and oil and gas extraction","Veteran, minority",Personal/family assets other than savings of owner(s),12,S
"Mining, quarrying, and oil and gas extraction","Veteran, minority",Personal/family home equity loan,0,0
"Mining, quarrying, and oil and gas extraction","Veteran, minority",Personal credit card(s) carrying balances,13,S
"Mining, quarrying, and oil and gas extraction","Veteran, minority",Business credit card(s) carrying balances,60,S
"Mining, quarrying, and oil and gas extraction","Veteran, minority","Business loan from federal, state, or local government",0,0
"Mining, quarrying, and oil and gas extraction","Veteran, minority",Government-guaranteed business loan from a bank or financial institution,3,S
"Mining, quarrying, and oil and gas extraction","Veteran, minority",Business loan from a bank or financial institution,14,S
"Mining, quarrying, and oil and gas extraction","Veteran, minority",Business loan/investment from family/friends,0,0
"Mining, quarrying, and oil and gas extraction","Veteran, minority",Investment by venture capitalist(s),3,S
"Mining, quarrying, and oil and gas extraction","Veteran, minority",Grants,0,0
"Mining, quarrying, and oil and gas extraction","Veteran, minority",Other source(s) of capital,8,S
"Mining, quarrying, and oil and gas extraction","Veteran, minority",Don't know,82,S
"Mining, quarrying, and oil and gas extraction","Veteran, minority",None needed,93,S
"Mining, quarrying, and oil and gas extraction","Veteran, minority",Total reporting,474(r),130135(r)
"Mining, quarrying, and oil and gas extraction","Veteran, minority",Item not reported,25(r),S
"Mining, quarrying, and oil and gas extraction","Veteran, equally minority/nonminority",All firms,2,S
"Mining, quarrying, and oil and gas extraction","Veteran, equally minority/nonminority",Personal/family savings of owner(s),0,S
"Mining, quarrying, and oil and gas extraction","Veteran, equally minority/nonminority",Personal/family assets other than savings of owner(s),0,S
"Mining, quarrying, and oil and gas extraction","Veteran, equally minority/nonminority",Personal/family home equity loan,0,S
"Mining, quarrying, and oil and gas extraction","Veteran, equally minority/nonminority",Personal credit card(s) carrying balances,0,S
"Mining, quarrying, and oil and gas extraction","Veteran, equally minority/nonminority",Business credit card(s) carrying balances,0,S
"Mining, quarrying, and oil and gas extraction","Veteran, equally minority/nonminority","Business loan from federal, state, or local government",0,S
"Mining, quarrying, and oil and gas extraction","Veteran, equally minority/nonminority",Government-guaranteed business loan from a bank or financial institution,0,S
"Mining, quarrying, and oil and gas extraction","Veteran, equally minority/nonminority",Business loan from a bank or financial institution,0,S
"Mining, quarrying, and oil and gas extraction","Veteran, equally minority/nonminority",Business loan/investment from family/friends,0,S
"Mining, quarrying, and oil and gas extraction","Veteran, equally minority/nonminority",Investment by venture capitalist(s),0,S
"Mining, quarrying, and oil and gas extraction","Veteran, equally minority/nonminority",Grants,0,S
"Mining, quarrying, and oil and gas extraction","Veteran, equally minority/nonminority",Other source(s) of capital,0,S
"Mining, quarrying, and oil and gas extraction","Veteran, equally minority/nonminority",Don't know,0,S
"Mining, quarrying, and oil and gas extraction","Veteran, equally minority/nonminority",None needed,0,S
"Mining, quarrying, and oil and gas extraction","Veteran, equally minority/nonminority",Total reporting,0,S
"Mining, quarrying, and oil and gas extraction","Veteran, equally minority/nonminority",Item not reported,0,S
"Mining, quarrying, and oil and gas extraction","Veteran, nonminority",All firms,15885,15055929
"Mining, quarrying, and oil and gas extraction","Veteran, nonminority",Personal/family savings of owner(s),5275,2755532
"Mining, quarrying, and oil and gas extraction","Veteran, nonminority",Personal/family assets other than savings of owner(s),656,1195602
"Mining, quarrying, and oil and gas extraction","Veteran, nonminority",Personal/family home equity loan,116,59779
"Mining, quarrying, and oil and gas extraction","Veteran, nonminority",Personal credit card(s) carrying balances,199,44472
"Mining, quarrying, and oil and gas extraction","Veteran, nonminority",Business credit card(s) carrying balances,56,S
"Mining, quarrying, and oil and gas extraction","Veteran, nonminority","Business loan from federal, state, or local government",0,0
"Mining, quarrying, and oil and gas extraction","Veteran, nonminority",Government-guaranteed business loan from a bank or financial institution,35,472851
"Mining, quarrying, and oil and gas extraction","Veteran, nonminority",Business loan from a bank or financial institution,585,1187248
"Mining, quarrying, and oil and gas extraction","Veteran, nonminority",Business loan/investment from family/friends,147,507120
"Mining, quarrying, and oil and gas extraction","Veteran, nonminority",Investment by venture capitalist(s),104,S
"Mining, quarrying, and oil and gas extraction","Veteran, nonminority",Grants,0,0
"Mining, quarrying, and oil and gas extraction","Veteran, nonminority",Other source(s) of capital,180,169953
"Mining, quarrying, and oil and gas extraction","Veteran, nonminority",Don't know,780,833140
"Mining, quarrying, and oil and gas extraction","Veteran, nonminority",None needed,1773,176347
"Mining, quarrying, and oil and gas extraction","Veteran, nonminority",Total reporting,8839,4772614
"Mining, quarrying, and oil and gas extraction","Veteran, nonminority",Item not reported,600,S
"Mining, quarrying, and oil and gas extraction",Equally veteran/nonveteran,All firms,6879,S
"Mining, quarrying, and oil and gas extraction",Equally veteran/nonveteran,Personal/family savings of owner(s),3831,S
"Mining, quarrying, and oil and gas extraction",Equally veteran/nonveteran,Personal/family assets other than savings of owner(s),716,S
"Mining, quarrying, and oil and gas extraction",Equally veteran/nonveteran,Personal/family home equity loan,8,S
"Mining, quarrying, and oil and gas extraction",Equally veteran/nonveteran,Personal credit card(s) carrying balances,207,S
"Mining, quarrying, and oil and gas extraction",Equally veteran/nonveteran,Business credit card(s) carrying balances,21,S
"Mining, quarrying, and oil and gas extraction",Equally veteran/nonveteran,"Business loan from federal, state, or local government",0,S
"Mining, quarrying, and oil and gas extraction",Equally veteran/nonveteran,Government-guaranteed business loan from a bank or financial institution,2,S
"Mining, quarrying, and oil and gas extraction",Equally veteran/nonveteran,Business loan from a bank or financial institution,439,S
"Mining, quarrying, and oil and gas extraction",Equally veteran/nonveteran,Business loan/investment from family/friends,52,S
"Mining, quarrying, and oil and gas extraction",Equally veteran/nonveteran,Investment by venture capitalist(s),0,S
"Mining, quarrying, and oil and gas extraction",Equally veteran/nonveteran,Grants,0,S
"Mining, quarrying, and oil and gas extraction",Equally veteran/nonveteran,Other source(s) of capital,150,S
"Mining, quarrying, and oil and gas extraction",Equally veteran/nonveteran,Don't know,272,S
"Mining, quarrying, and oil and gas extraction",Equally veteran/nonveteran,None needed,379,S
"Mining, quarrying, and oil and gas extraction",Equally veteran/nonveteran,Total reporting,5036(r),S
"Mining, quarrying, and oil and gas extraction",Equally veteran/nonveteran,Item not reported,194(r),S
"Mining, quarrying, and oil and gas extraction","Equally veteran/nonveteran, female-owned",All firms,0,0
"Mining, quarrying, and oil and gas extraction","Equally veteran/nonveteran, female-owned",Personal/family savings of owner(s),0,0
"Mining, quarrying, and oil and gas extraction","Equally veteran/nonveteran, female-owned",Personal/family assets other than savings of owner(s),0,0
"Mining, quarrying, and oil and gas extraction","Equally veteran/nonveteran, female-owned",Personal/family home equity loan,0,0
"Mining, quarrying, and oil and gas extraction","Equally veteran/nonveteran, female-owned",Personal credit card(s) carrying balances,0,0
"Mining, quarrying, and oil and gas extraction","Equally veteran/nonveteran, female-owned",Business credit card(s) carrying balances,0,0
"Mining, quarrying, and oil and gas extraction","Equally veteran/nonveteran, female-owned","Business loan from federal, state, or local government",0,0
"Mining, quarrying, and oil and gas extraction","Equally veteran/nonveteran, female-owned",Government-guaranteed business loan from a bank or financial institution,0,0
"Mining, quarrying, and oil and gas extraction","Equally veteran/nonveteran, female-owned",Business loan from a bank or financial institution,0,0
"Mining, quarrying, and oil and gas extraction","Equally veteran/nonveteran, female-owned",Business loan/investment from family/friends,0,0
"Mining, quarrying, and oil and gas extraction","Equally veteran/nonveteran, female-owned",Investment by venture capitalist(s),0,0
"Mining, quarrying, and oil and gas extraction","Equally veteran/nonveteran, female-owned",Grants,0,0
"Mining, quarrying, and oil and gas extraction","Equally veteran/nonveteran, female-owned",Other source(s) of capital,0,0
"Mining, quarrying, and oil and gas extraction","Equally veteran/nonveteran, female-owned",Don't know,0,0
"Mining, quarrying, and oil and gas extraction","Equally veteran/nonveteran, female-owned",None needed,0,0
"Mining, quarrying, and oil and gas extraction","Equally veteran/nonveteran, female-owned",Total reporting,0,0
"Mining, quarrying, and oil and gas extraction","Equally veteran/nonveteran, female-owned",Item not reported,0,0
"Mining, quarrying, and oil and gas extraction","Equally veteran/nonveteran, male-owned",All firms,1396,S
"Mining, quarrying, and oil and gas extraction","Equally veteran/nonveteran, male-owned",Personal/family savings of owner(s),696,S
"Mining, quarrying, and oil and gas extraction","Equally veteran/nonveteran, male-owned",Personal/family assets other than savings of owner(s),175,S
"Mining, quarrying, and oil and gas extraction","Equally veteran/nonveteran, male-owned",Personal/family home equity loan,0,S
"Mining, quarrying, and oil and gas extraction","Equally veteran/nonveteran, male-owned",Personal credit card(s) carrying balances,61,S
"Mining, quarrying, and oil and gas extraction","Equally veteran/nonveteran, male-owned",Business credit card(s) carrying balances,0,S
"Mining, quarrying, and oil and gas extraction","Equally veteran/nonveteran, male-owned","Business loan from federal, state, or local government",0,S
"Mining, quarrying, and oil and gas extraction","Equally veteran/nonveteran, male-owned",Government-guaranteed business loan from a bank or financial institution,0,S
"Mining, quarrying, and oil and gas extraction","Equally veteran/nonveteran, male-owned",Business loan from a bank or financial institution,98,S
"Mining, quarrying, and oil and gas extraction","Equally veteran/nonveteran, male-owned",Business loan/investment from family/friends,2,S
"Mining, quarrying, and oil and gas extraction","Equally veteran/nonveteran, male-owned",Investment by venture capitalist(s),0,S
"Mining, quarrying, and oil and gas extraction","Equally veteran/nonveteran, male-owned",Grants,0,S
"Mining, quarrying, and oil and gas extraction","Equally veteran/nonveteran, male-owned",Other source(s) of capital,100,S
"Mining, quarrying, and oil and gas extraction","Equally veteran/nonveteran, male-owned",Don't know,86,S
"Mining, quarrying, and oil and gas extraction","Equally veteran/nonveteran, male-owned",None needed,107,S
"Mining, quarrying, and oil and gas extraction","Equally veteran/nonveteran, male-owned",Total reporting,1102,S
"Mining, quarrying, and oil and gas extraction","Equally veteran/nonveteran, male-owned",Item not reported,12,S
"Mining, quarrying, and oil and gas extraction","Equally veteran/nonveteran, equally male-/female-owned",All firms,5483,2198873
"Mining, quarrying, and oil and gas extraction","Equally veteran/nonveteran, equally male-/female-owned",Personal/family savings of owner(s),3135,632083
"Mining, quarrying, and oil and gas extraction","Equally veteran/nonveteran, equally male-/female-owned",Personal/family assets other than savings of owner(s),541,72172
"Mining, quarrying, and oil and gas extraction","Equally veteran/nonveteran, equally male-/female-owned",Personal/family home equity loan,8,S
"Mining, quarrying, and oil and gas extraction","Equally veteran/nonveteran, equally male-/female-owned",Personal credit card(s) carrying balances,146,S
"Mining, quarrying, and oil and gas extraction","Equally veteran/nonveteran, equally male-/female-owned",Business credit card(s) carrying balances,21,S
"Mining, quarrying, and oil and gas extraction","Equally veteran/nonveteran, equally male-/female-owned","Business loan from federal, state, or local government",0,0
"Mining, quarrying, and oil and gas extraction","Equally veteran/nonveteran, equally male-/female-owned",Government-guaranteed business loan from a bank or financial institution,2,S
"Mining, quarrying, and oil and gas extraction","Equally veteran/nonveteran, equally male-/female-owned",Business loan from a bank or financial institution,340,S
"Mining, quarrying, and oil and gas extraction","Equally veteran/nonveteran, equally male-/female-owned",Business loan/investment from family/friends,50,S
"Mining, quarrying, and oil and gas extraction","Equally veteran/nonveteran, equally male-/female-owned",Investment by venture capitalist(s),0,0
"Mining, quarrying, and oil and gas extraction","Equally veteran/nonveteran, equally male-/female-owned",Grants,0,0
"Mining, quarrying, and oil and gas extraction","Equally veteran/nonveteran, equally male-/female-owned",Other source(s) of capital,50,S
"Mining, quarrying, and oil and gas extraction","Equally veteran/nonveteran, equally male-/female-owned",Don't know,186,S
"Mining, quarrying, and oil and gas extraction","Equally veteran/nonveteran, equally male-/female-owned",None needed,272,S
"Mining, quarrying, and oil and gas extraction","Equally veteran/nonveteran, equally male-/female-owned",Total reporting,3935(r),919684(r)
"Mining, quarrying, and oil and gas extraction","Equally veteran/nonveteran, equally male-/female-owned",Item not reported,182(r),5526(r)
"Mining, quarrying, and oil and gas extraction","Equally veteran/nonveteran, Hispanic",All firms,23,S
"Mining, quarrying, and oil and gas extraction","Equally veteran/nonveteran, Hispanic",Personal/family savings of owner(s),29,S
"Mining, quarrying, and oil and gas extraction","Equally veteran/nonveteran, Hispanic",Personal/family assets other than savings of owner(s),0,S
"Mining, quarrying, and oil and gas extraction","Equally veteran/nonveteran, Hispanic",Personal/family home equity loan,0,S
"Mining, quarrying, and oil and gas extraction","Equally veteran/nonveteran, Hispanic",Personal credit card(s) carrying balances,12,S
"Mining, quarrying, and oil and gas extraction","Equally veteran/nonveteran, Hispanic",Business credit card(s) carrying balances,0,S
"Mining, quarrying, and oil and gas extraction","Equally veteran/nonveteran, Hispanic","Business loan from federal, state, or local government",0,S
"Mining, quarrying, and oil and gas extraction","Equally veteran/nonveteran, Hispanic",Government-guaranteed business loan from a bank or financial institution,0,S
"Mining, quarrying, and oil and gas extraction","Equally veteran/nonveteran, Hispanic",Business loan from a bank or financial institution,0,S
"Mining, quarrying, and oil and gas extraction","Equally veteran/nonveteran, Hispanic",Business loan/investment from family/friends,0,S
"Mining, quarrying, and oil and gas extraction","Equally veteran/nonveteran, Hispanic",Investment by venture capitalist(s),0,S
"Mining, quarrying, and oil and gas extraction","Equally veteran/nonveteran, Hispanic",Grants,0,S
"Mining, quarrying, and oil and gas extraction","Equally veteran/nonveteran, Hispanic",Other source(s) of capital,0,S
"Mining, quarrying, and oil and gas extraction","Equally veteran/nonveteran, Hispanic",Don't know,0,S
"Mining, quarrying, and oil and gas extraction","Equally veteran/nonveteran, Hispanic",None needed,0,S
"Mining, quarrying, and oil and gas extraction","Equally veteran/nonveteran, Hispanic",Total reporting,29,S
"Mining, quarrying, and oil and gas extraction","Equally veteran/nonveteran, Hispanic",Item not reported,0,S
"Mining, quarrying, and oil and gas extraction","Equally veteran/nonveteran, equally Hispanic/non-Hispanic",All firms,70,33916
"Mining, quarrying, and oil and gas extraction","Equally veteran/nonveteran, equally Hispanic/non-Hispanic",Personal/family savings of owner(s),38,S
"Mining, quarrying, and oil and gas extraction","Equally veteran/nonveteran, equally Hispanic/non-Hispanic",Personal/family assets other than savings of owner(s),2,S
"Mining, quarrying, and oil and gas extraction","Equally veteran/nonveteran, equally Hispanic/non-Hispanic",Personal/family home equity loan,2,S
"Mining, quarrying, and oil and gas extraction","Equally veteran/nonveteran, equally Hispanic/non-Hispanic",Personal credit card(s) carrying balances,2,S
"Mining, quarrying, and oil and gas extraction","Equally veteran/nonveteran, equally Hispanic/non-Hispanic",Business credit card(s) carrying balances,0,0
"Mining, quarrying, and oil and gas extraction","Equally veteran/nonveteran, equally Hispanic/non-Hispanic","Business loan from federal, state, or local government",0,0
"Mining, quarrying, and oil and gas extraction","Equally veteran/nonveteran, equally Hispanic/non-Hispanic",Government-guaranteed business loan from a bank or financial institution,0,0
"Mining, quarrying, and oil and gas extraction","Equally veteran/nonveteran, equally Hispanic/non-Hispanic",Business loan from a bank or financial institution,0,0
"Mining, quarrying, and oil and gas extraction","Equally veteran/nonveteran, equally Hispanic/non-Hispanic",Business loan/investment from family/friends,0,0
"Mining, quarrying, and oil and gas extraction","Equally veteran/nonveteran, equally Hispanic/non-Hispanic",Investment by venture capitalist(s),0,0
"Mining, quarrying, and oil and gas extraction","Equally veteran/nonveteran, equally Hispanic/non-Hispanic",Grants,0,0
"Mining, quarrying, and oil and gas extraction","Equally veteran/nonveteran, equally Hispanic/non-Hispanic",Other source(s) of capital,0,0
"Mining, quarrying, and oil and gas extraction","Equally veteran/nonveteran, equally Hispanic/non-Hispanic",Don't know,4,S
"Mining, quarrying, and oil and gas extraction","Equally veteran/nonveteran, equally Hispanic/non-Hispanic",None needed,2,S
"Mining, quarrying, and oil and gas extraction","Equally veteran/nonveteran, equally Hispanic/non-Hispanic",Total reporting,44,S
"Mining, quarrying, and oil and gas extraction","Equally veteran/nonveteran, equally Hispanic/non-Hispanic",Item not reported,0,0
"Mining, quarrying, and oil and gas extraction","Equally veteran/nonveteran, non-Hispanic",All firms,6785,S
"Mining, quarrying, and oil and gas extraction","Equally veteran/nonveteran, non-Hispanic",Personal/family savings of owner(s),3764,S
"Mining, quarrying, and oil and gas extraction","Equally veteran/nonveteran, non-Hispanic",Personal/family assets other than savings of owner(s),714,S
"Mining, quarrying, and oil and gas extraction","Equally veteran/nonveteran, non-Hispanic",Personal/family home equity loan,6,S
"Mining, quarrying, and oil and gas extraction","Equally veteran/nonveteran, non-Hispanic",Personal credit card(s) carrying balances,193,S
"Mining, quarrying, and oil and gas extraction","Equally veteran/nonveteran, non-Hispanic",Business credit card(s) carrying balances,21,S
"Mining, quarrying, and oil and gas extraction","Equally veteran/nonveteran, non-Hispanic","Business loan from federal, state, or local government",0,S
"Mining, quarrying, and oil and gas extraction","Equally veteran/nonveteran, non-Hispanic",Government-guaranteed business loan from a bank or financial institution,2,S
"Mining, quarrying, and oil and gas extraction","Equally veteran/nonveteran, non-Hispanic",Business loan from a bank or financial institution,439,S
"Mining, quarrying, and oil and gas extraction","Equally veteran/nonveteran, non-Hispanic",Business loan/investment from family/friends,52,S
"Mining, quarrying, and oil and gas extraction","Equally veteran/nonveteran, non-Hispanic",Investment by venture capitalist(s),0,S
"Mining, quarrying, and oil and gas extraction","Equally veteran/nonveteran, non-Hispanic",Grants,0,S
"Mining, quarrying, and oil and gas extraction","Equally veteran/nonveteran, non-Hispanic",Other source(s) of capital,150,S
"Mining, quarrying, and oil and gas extraction","Equally veteran/nonveteran, non-Hispanic",Don't know,267,S
"Mining, quarrying, and oil and gas extraction","Equally veteran/nonveteran, non-Hispanic",None needed,377,S
"Mining, quarrying, and oil and gas extraction","Equally veteran/nonveteran, non-Hispanic",Total reporting,4963(r),S
"Mining, quarrying, and oil and gas extraction","Equally veteran/nonveteran, non-Hispanic",Item not reported,194(r),S
"Mining, quarrying, and oil and gas extraction","Equally veteran/nonveteran, White",All firms,6730,S
"Mining, quarrying, and oil and gas extraction","Equally veteran/nonveteran, White",Personal/family savings of owner(s),3800,S
"Mining, quarrying, and oil and gas extraction","Equally veteran/nonveteran, White",Personal/family assets other than savings of owner(s),716,S
"Mining, quarrying, and oil and gas extraction","Equally veteran/nonveteran, White",Personal/family home equity loan,6,S
"Mining, quarrying, and oil and gas extraction","Equally veteran/nonveteran, White",Personal credit card(s) carrying balances,205,S
"Mining, quarrying, and oil and gas extraction","Equally veteran/nonveteran, White",Business credit card(s) carrying balances,21,S
"Mining, quarrying, and oil and gas extraction","Equally veteran/nonveteran, White","Business loan from federal, state, or local government",0,S
"Mining, quarrying, and oil and gas extraction","Equally veteran/nonveteran, White",Government-guaranteed business loan from a bank or financial institution,2,S
"Mining, quarrying, and oil and gas extraction","Equally veteran/nonveteran, White",Business loan from a bank or financial institution,439,S
"Mining, quarrying, and oil and gas extraction","Equally veteran/nonveteran, White",Business loan/investment from family/friends,52,S
"Mining, quarrying, and oil and gas extraction","Equally veteran/nonveteran, White",Investment by venture capitalist(s),0,S
"Mining, quarrying, and oil and gas extraction","Equally veteran/nonveteran, White",Grants,0,S
"Mining, quarrying, and oil and gas extraction","Equally veteran/nonveteran, White",Other source(s) of capital,150,S
"Mining, quarrying, and oil and gas extraction","Equally veteran/nonveteran, White",Don't know,267,S
"Mining, quarrying, and oil and gas extraction","Equally veteran/nonveteran, White",None needed,377,S
"Mining, quarrying, and oil and gas extraction","Equally veteran/nonveteran, White",Total reporting,4999(r),S
"Mining, quarrying, and oil and gas extraction","Equally veteran/nonveteran, White",Item not reported,194(r),S
"Mining, quarrying, and oil and gas extraction","Equally veteran/nonveteran, Black or African American",All firms,13,S
"Mining, quarrying, and oil and gas extraction","Equally veteran/nonveteran, Black or African American",Personal/family savings of owner(s),7,S
"Mining, quarrying, and oil and gas extraction","Equally veteran/nonveteran, Black or African American",Personal/family assets other than savings of owner(s),0,S
"Mining, quarrying, and oil and gas extraction","Equally veteran/nonveteran, Black or African American",Personal/family home equity loan,0,S
"Mining, quarrying, and oil and gas extraction","Equally veteran/nonveteran, Black or African American",Personal credit card(s) carrying balances,0,S
"Mining, quarrying, and oil and gas extraction","Equally veteran/nonveteran, Black or African American",Business credit card(s) carrying balances,0,S
"Mining, quarrying, and oil and gas extraction","Equally veteran/nonveteran, Black or African American","Business loan from federal, state, or local government",0,S
"Mining, quarrying, and oil and gas extraction","Equally veteran/nonveteran, Black or African American",Government-guaranteed business loan from a bank or financial institution,0,S
"Mining, quarrying, and oil and gas extraction","Equally veteran/nonveteran, Black or African American",Business loan from a bank or financial institution,0,S
"Mining, quarrying, and oil and gas extraction","Equally veteran/nonveteran, Black or African American",Business loan/investment from family/friends,0,S
"Mining, quarrying, and oil and gas extraction","Equally veteran/nonveteran, Black or African American",Investment by venture capitalist(s),0,S
"Mining, quarrying, and oil and gas extraction","Equally veteran/nonveteran, Black or African American",Grants,0,S
"Mining, quarrying, and oil and gas extraction","Equally veteran/nonveteran, Black or African American",Other source(s) of capital,0,S
"Mining, quarrying, and oil and gas extraction","Equally veteran/nonveteran, Black or African American",Don't know,0,S
"Mining, quarrying, and oil and gas extraction","Equally veteran/nonveteran, Black or African American",None needed,0,S
"Mining, quarrying, and oil and gas extraction","Equally veteran/nonveteran, Black or African American",Total reporting,7,S
"Mining, quarrying, and oil and gas extraction","Equally veteran/nonveteran, Black or African American",Item not reported,0,S
"Mining, quarrying, and oil and gas extraction","Equally veteran/nonveteran, American Indian and Alaska Native",All firms,1,S
"Mining, quarrying, and oil and gas extraction","Equally veteran/nonveteran, American Indian and Alaska Native",Personal/family savings of owner(s),0,S
"Mining, quarrying, and oil and gas extraction","Equally veteran/nonveteran, American Indian and Alaska Native",Personal/family assets other than savings of owner(s),0,S
"Mining, quarrying, and oil and gas extraction","Equally veteran/nonveteran, American Indian and Alaska Native",Personal/family home equity loan,0,S
"Mining, quarrying, and oil and gas extraction","Equally veteran/nonveteran, American Indian and Alaska Native",Personal credit card(s) carrying balances,0,S
"Mining, quarrying, and oil and gas extraction","Equally veteran/nonveteran, American Indian and Alaska Native",Business credit card(s) carrying balances,0,S
"Mining, quarrying, and oil and gas extraction","Equally veteran/nonveteran, American Indian and Alaska Native","Business loan from federal, state, or local government",0,S
"Mining, quarrying, and oil and gas extraction","Equally veteran/nonveteran, American Indian and Alaska Native",Government-guaranteed business loan from a bank or financial institution,0,S
"Mining, quarrying, and oil and gas extraction","Equally veteran/nonveteran, American Indian and Alaska Native",Business loan from a bank or financial institution,0,S
"Mining, quarrying, and oil and gas extraction","Equally veteran/nonveteran, American Indian and Alaska Native",Business loan/investment from family/friends,0,S
"Mining, quarrying, and oil and gas extraction","Equally veteran/nonveteran, American Indian and Alaska Native",Investment by venture capitalist(s),0,S
"Mining, quarrying, and oil and gas extraction","Equally veteran/nonveteran, American Indian and Alaska Native",Grants,0,S
"Mining, quarrying, and oil and gas extraction","Equally veteran/nonveteran, American Indian and Alaska Native",Other source(s) of capital,0,S
"Mining, quarrying, and oil and gas extraction","Equally veteran/nonveteran, American Indian and Alaska Native",Don't know,0,S
"Mining, quarrying, and oil and gas extraction","Equally veteran/nonveteran, American Indian and Alaska Native",None needed,2,S
"Mining, quarrying, and oil and gas extraction","Equally veteran/nonveteran, American Indian and Alaska Native",Total reporting,2,S
"Mining, quarrying, and oil and gas extraction","Equally veteran/nonveteran, American Indian and Alaska Native",Item not reported,0,S
"Mining, quarrying, and oil and gas extraction","Equally veteran/nonveteran, Asian",All firms,1,S
"Mining, quarrying, and oil and gas extraction","Equally veteran/nonveteran, Asian",Personal/family savings of owner(s),0,S
"Mining, quarrying, and oil and gas extraction","Equally veteran/nonveteran, Asian",Personal/family assets other than savings of owner(s),0,S
"Mining, quarrying, and oil and gas extraction","Equally veteran/nonveteran, Asian",Personal/family home equity loan,0,S
"Mining, quarrying, and oil and gas extraction","Equally veteran/nonveteran, Asian",Personal credit card(s) carrying balances,0,S
"Mining, quarrying, and oil and gas extraction","Equally veteran/nonveteran, Asian",Business credit card(s) carrying balances,0,S
"Mining, quarrying, and oil and gas extraction","Equally veteran/nonveteran, Asian","Business loan from federal, state, or local government",0,S
"Mining, quarrying, and oil and gas extraction","Equally veteran/nonveteran, Asian",Government-guaranteed business loan from a bank or financial institution,0,S
"Mining, quarrying, and oil and gas extraction","Equally veteran/nonveteran, Asian",Business loan from a bank or financial institution,0,S
"Mining, quarrying, and oil and gas extraction","Equally veteran/nonveteran, Asian",Business loan/investment from family/friends,0,S
"Mining, quarrying, and oil and gas extraction","Equally veteran/nonveteran, Asian",Investment by venture capitalist(s),0,S
"Mining, quarrying, and oil and gas extraction","Equally veteran/nonveteran, Asian",Grants,0,S
"Mining, quarrying, and oil and gas extraction","Equally veteran/nonveteran, Asian",Other source(s) of capital,0,S
"Mining, quarrying, and oil and gas extraction","Equally veteran/nonveteran, Asian",Don't know,2,S
"Mining, quarrying, and oil and gas extraction","Equally veteran/nonveteran, Asian",None needed,0,S
"Mining, quarrying, and oil and gas extraction","Equally veteran/nonveteran, Asian",Total reporting,2,S
"Mining, quarrying, and oil and gas extraction","Equally veteran/nonveteran, Asian",Item not reported,0,S
"Mining, quarrying, and oil and gas extraction","Equally veteran/nonveteran, Native Hawaiian and Other Pacific Islander",All firms,3,S
"Mining, quarrying, and oil and gas extraction","Equally veteran/nonveteran, Native Hawaiian and Other Pacific Islander",Personal/family savings of owner(s),2,S
"Mining, quarrying, and oil and gas extraction","Equally veteran/nonveteran, Native Hawaiian and Other Pacific Islander",Personal/family assets other than savings of owner(s),0,S
"Mining, quarrying, and oil and gas extraction","Equally veteran/nonveteran, Native Hawaiian and Other Pacific Islander",Personal/family home equity loan,0,S
"Mining, quarrying, and oil and gas extraction","Equally veteran/nonveteran, Native Hawaiian and Other Pacific Islander",Personal credit card(s) carrying balances,0,S
"Mining, quarrying, and oil and gas extraction","Equally veteran/nonveteran, Native Hawaiian and Other Pacific Islander",Business credit card(s) carrying balances,0,S
"Mining, quarrying, and oil and gas extraction","Equally veteran/nonveteran, Native Hawaiian and Other Pacific Islander","Business loan from federal, state, or local government",0,S
"Mining, quarrying, and oil and gas extraction","Equally veteran/nonveteran, Native Hawaiian and Other Pacific Islander",Government-guaranteed business loan from a bank or financial institution,0,S
"Mining, quarrying, and oil and gas extraction","Equally veteran/nonveteran, Native Hawaiian and Other Pacific Islander",Business loan from a bank or financial institution,0,S
"Mining, quarrying, and oil and gas extraction","Equally veteran/nonveteran, Native Hawaiian and Other Pacific Islander",Business loan/investment from family/friends,0,S
"Mining, quarrying, and oil and gas extraction","Equally veteran/nonveteran, Native Hawaiian and Other Pacific Islander",Investment by venture capitalist(s),0,S
"Mining, quarrying, and oil and gas extraction","Equally veteran/nonveteran, Native Hawaiian and Other Pacific Islander",Grants,0,S
"Mining, quarrying, and oil and gas extraction","Equally veteran/nonveteran, Native Hawaiian and Other Pacific Islander",Other source(s) of capital,0,S
"Mining, quarrying, and oil and gas extraction","Equally veteran/nonveteran, Native Hawaiian and Other Pacific Islander",Don't know,0,S
"Mining, quarrying, and oil and gas extraction","Equally veteran/nonveteran, Native Hawaiian and Other Pacific Islander",None needed,0,S
"Mining, quarrying, and oil and gas extraction","Equally veteran/nonveteran, Native Hawaiian and Other Pacific Islander",Total reporting,2,S
"Mining, quarrying, and oil and gas extraction","Equally veteran/nonveteran, Native Hawaiian and Other Pacific Islander",Item not reported,0,S
"Mining, quarrying, and oil and gas extraction","Equally veteran/nonveteran, some other race",All firms,3,40
"Mining, quarrying, and oil and gas extraction","Equally veteran/nonveteran, some other race",Personal/family savings of owner(s),0,0
"Mining, quarrying, and oil and gas extraction","Equally veteran/nonveteran, some other race",Personal/family assets other than savings of owner(s),0,0
"Mining, quarrying, and oil and gas extraction","Equally veteran/nonveteran, some other race",Personal/family home equity loan,0,0
"Mining, quarrying, and oil and gas extraction","Equally veteran/nonveteran, some other race",Personal credit card(s) carrying balances,0,0
"Mining, quarrying, and oil and gas extraction","Equally veteran/nonveteran, some other race",Business credit card(s) carrying balances,0,0
"Mining, quarrying, and oil and gas extraction","Equally veteran/nonveteran, some other race","Business loan from federal, state, or local government",0,0
"Mining, quarrying, and oil and gas extraction","Equally veteran/nonveteran, some other race",Government-guaranteed business loan from a bank or financial institution,0,0
"Mining, quarrying, and oil and gas extraction","Equally veteran/nonveteran, some other race",Business loan from a bank or financial institution,0,0
"Mining, quarrying, and oil and gas extraction","Equally veteran/nonveteran, some other race",Business loan/investment from family/friends,0,0
"Mining, quarrying, and oil and gas extraction","Equally veteran/nonveteran, some other race",Investment by venture capitalist(s),0,0
"Mining, quarrying, and oil and gas extraction","Equally veteran/nonveteran, some other race",Grants,0,0
"Mining, quarrying, and oil and gas extraction","Equally veteran/nonveteran, some other race",Other source(s) of capital,0,0
"Mining, quarrying, and oil and gas extraction","Equally veteran/nonveteran, some other race",Don't know,0,0
"Mining, quarrying, and oil and gas extraction","Equally veteran/nonveteran, some other race",None needed,0,0
"Mining, quarrying, and oil and gas extraction","Equally veteran/nonveteran, some other race",Total reporting,0,0
"Mining, quarrying, and oil and gas extraction","Equally veteran/nonveteran, some other race",Item not reported,0,0
"Mining, quarrying, and oil and gas extraction","Equally veteran/nonveteran, minority",All firms,42,S
"Mining, quarrying, and oil and gas extraction","Equally veteran/nonveteran, minority",Personal/family savings of owner(s),40,S
"Mining, quarrying, and oil and gas extraction","Equally veteran/nonveteran, minority",Personal/family assets other than savings of owner(s),2,S
"Mining, quarrying, and oil and gas extraction","Equally veteran/nonveteran, minority",Personal/family home equity loan,0,S
"Mining, quarrying, and oil and gas extraction","Equally veteran/nonveteran, minority",Personal credit card(s) carrying balances,12,S
"Mining, quarrying, and oil and gas extraction","Equally veteran/nonveteran, minority",Business credit card(s) carrying balances,0,S
"Mining, quarrying, and oil and gas extraction","Equally veteran/nonveteran, minority","Business loan from federal, state, or local government",0,S
"Mining, quarrying, and oil and gas extraction","Equally veteran/nonveteran, minority",Government-guaranteed business loan from a bank or financial institution,0,S
"Mining, quarrying, and oil and gas extraction","Equally veteran/nonveteran, minority",Business loan from a bank or financial institution,0,S
"Mining, quarrying, and oil and gas extraction","Equally veteran/nonveteran, minority",Business loan/investment from family/friends,0,S
"Mining, quarrying, and oil and gas extraction","Equally veteran/nonveteran, minority",Investment by venture capitalist(s),0,S
"Mining, quarrying, and oil and gas extraction","Equally veteran/nonveteran, minority",Grants,0,S
"Mining, quarrying, and oil and gas extraction","Equally veteran/nonveteran, minority",Other source(s) of capital,0,S
"Mining, quarrying, and oil and gas extraction","Equally veteran/nonveteran, minority",Don't know,2,S
"Mining, quarrying, and oil and gas extraction","Equally veteran/nonveteran, minority",None needed,2,S
"Mining, quarrying, and oil and gas extraction","Equally veteran/nonveteran, minority",Total reporting,44,S
"Mining, quarrying, and oil and gas extraction","Equally veteran/nonveteran, minority",Item not reported,0,S
"Mining, quarrying, and oil and gas extraction","Equally veteran/nonveteran, equally minority/nonminority",All firms,243,61894
"Mining, quarrying, and oil and gas extraction","Equally veteran/nonveteran, equally minority/nonminority",Personal/family savings of owner(s),54,S
"Mining, quarrying, and oil and gas extraction","Equally veteran/nonveteran, equally minority/nonminority",Personal/family assets other than savings of owner(s),0,0
"Mining, quarrying, and oil and gas extraction","Equally veteran/nonveteran, equally minority/nonminority",Personal/family home equity loan,2,S
"Mining, quarrying, and oil and gas extraction","Equally veteran/nonveteran, equally minority/nonminority",Personal credit card(s) carrying balances,2,S
"Mining, quarrying, and oil and gas extraction","Equally veteran/nonveteran, equally minority/nonminority",Business credit card(s) carrying balances,2,S
"Mining, quarrying, and oil and gas extraction","Equally veteran/nonveteran, equally minority/nonminority","Business loan from federal, state, or local government",0,0
"Mining, quarrying, and oil and gas extraction","Equally veteran/nonveteran, equally minority/nonminority",Government-guaranteed business loan from a bank or financial institution,2,S
"Mining, quarrying, and oil and gas extraction","Equally veteran/nonveteran, equally minority/nonminority",Business loan from a bank or financial institution,2,S
"Mining, quarrying, and oil and gas extraction","Equally veteran/nonveteran, equally minority/nonminority",Business loan/investment from family/friends,0,0
"Mining, quarrying, and oil and gas extraction","Equally veteran/nonveteran, equally minority/nonminority",Investment by venture capitalist(s),0,0
"Mining, quarrying, and oil and gas extraction","Equally veteran/nonveteran, equally minority/nonminority",Grants,0,0
"Mining, quarrying, and oil and gas extraction","Equally veteran/nonveteran, equally minority/nonminority",Other source(s) of capital,0,0
"Mining, quarrying, and oil and gas extraction","Equally veteran/nonveteran, equally minority/nonminority",Don't know,19,957
"Mining, quarrying, and oil and gas extraction","Equally veteran/nonveteran, equally minority/nonminority",None needed,11,S
"Mining, quarrying, and oil and gas extraction","Equally veteran/nonveteran, equally minority/nonminority",Total reporting,85,S
"Mining, quarrying, and oil and gas extraction","Equally veteran/nonveteran, equally minority/nonminority",Item not reported,0,0
"Mining, quarrying, and oil and gas extraction","Equally veteran/nonveteran, nonminority",All firms,6593,S
"Mining, quarrying, and oil and gas extraction","Equally veteran/nonveteran, nonminority",Personal/family savings of owner(s),3737,S
"Mining, quarrying, and oil and gas extraction","Equally veteran/nonveteran, nonminority",Personal/family assets other than savings of owner(s),714,S
"Mining, quarrying, and oil and gas extraction","Equally veteran/nonveteran, nonminority",Personal/family home equity loan,6,S
"Mining, quarrying, and oil and gas extraction","Equally veteran/nonveteran, nonminority",Personal credit card(s) carrying balances,193,S
"Mining, quarrying, and oil and gas extraction","Equally veteran/nonveteran, nonminority",Business credit card(s) carrying balances,19,S
"Mining, quarrying, and oil and gas extraction","Equally veteran/nonveteran, nonminority","Business loan from federal, state, or local government",0,S
"Mining, quarrying, and oil and gas extraction","Equally veteran/nonveteran, nonminority",Government-guaranteed business loan from a bank or financial institution,0,S
"Mining, quarrying, and oil and gas extraction","Equally veteran/nonveteran, nonminority",Business loan from a bank or financial institution,437,S
"Mining, quarrying, and oil and gas extraction","Equally veteran/nonveteran, nonminority",Business loan/investment from family/friends,52,S
"Mining, quarrying, and oil and gas extraction","Equally veteran/nonveteran, nonminority",Investment by venture capitalist(s),0,S
"Mining, quarrying, and oil and gas extraction","Equally veteran/nonveteran, nonminority",Grants,0,S
"Mining, quarrying, and oil and gas extraction","Equally veteran/nonveteran, nonminority",Other source(s) of capital,150,S
"Mining, quarrying, and oil and gas extraction","Equally veteran/nonveteran, nonminority",Don't know,251,S
"Mining, quarrying, and oil and gas extraction","Equally veteran/nonveteran, nonminority",None needed,366,S
"Mining, quarrying, and oil and gas extraction","Equally veteran/nonveteran, nonminority",Total reporting,4906(r),S
"Mining, quarrying, and oil and gas extraction","Equally veteran/nonveteran, nonminority",Item not reported,194(r),S
"Mining, quarrying, and oil and gas extraction",Nonveteran,All firms,102440,91501522
"Mining, quarrying, and oil and gas extraction",Nonveteran,Personal/family savings of owner(s),35637,28830816
"Mining, quarrying, and oil and gas extraction",Nonveteran,Personal/family assets other than savings of owner(s),5451,10075241
"Mining, quarrying, and oil and gas extraction",Nonveteran,Personal/family home equity loan,1463,783604
"Mining, quarrying, and oil and gas extraction",Nonveteran,Personal credit card(s) carrying balances,2199,1283993
"Mining, quarrying, and oil and gas extraction",Nonveteran,Business credit card(s) carrying balances,821,517557
"Mining, quarrying, and oil and gas extraction",Nonveteran,"Business loan from federal, state, or local government",22,S
"Mining, quarrying, and oil and gas extraction",Nonveteran,Government-guaranteed business loan from a bank or financial institution,161,308515
"Mining, quarrying, and oil and gas extraction",Nonveteran,Business loan from a bank or financial institution,7501,16819070
"Mining, quarrying, and oil and gas extraction",Nonveteran,Business loan/investment from family/friends,999,2034552
"Mining, quarrying, and oil and gas extraction",Nonveteran,Investment by venture capitalist(s),422,888346
"Mining, quarrying, and oil and gas extraction",Nonveteran,Grants,16,S
"Mining, quarrying, and oil and gas extraction",Nonveteran,Other source(s) of capital,1748,3986488
"Mining, quarrying, and oil and gas extraction",Nonveteran,Don't know,8692,18948495
"Mining, quarrying, and oil and gas extraction",Nonveteran,None needed,12465,6053102
"Mining, quarrying, and oil and gas extraction",Nonveteran,Total reporting,65668(r),69476953(r)
"Mining, quarrying, and oil and gas extraction",Nonveteran,Item not reported,1877(r),289979(r)
"Mining, quarrying, and oil and gas extraction","Nonveteran, female-owned",All firms,21364,12636459
"Mining, quarrying, and oil and gas extraction","Nonveteran, female-owned",Personal/family savings of owner(s),5590,1533555
"Mining, quarrying, and oil and gas extraction","Nonveteran, female-owned",Personal/family assets other than savings of owner(s),1277,1103787
"Mining, quarrying, and oil and gas extraction","Nonveteran, female-owned",Personal/family home equity loan,181,56199
"Mining, quarrying, and oil and gas extraction","Nonveteran, female-owned",Personal credit card(s) carrying balances,202,59857
"Mining, quarrying, and oil and gas extraction","Nonveteran, female-owned",Business credit card(s) carrying balances,66,S
"Mining, quarrying, and oil and gas extraction","Nonveteran, female-owned","Business loan from federal, state, or local government",0,0
"Mining, quarrying, and oil and gas extraction","Nonveteran, female-owned",Government-guaranteed business loan from a bank or financial institution,6,S
"Mining, quarrying, and oil and gas extraction","Nonveteran, female-owned",Business loan from a bank or financial institution,649,665279
"Mining, quarrying, and oil and gas extraction","Nonveteran, female-owned",Business loan/investment from family/friends,221,79588
"Mining, quarrying, and oil and gas extraction","Nonveteran, female-owned",Investment by venture capitalist(s),43,S
"Mining, quarrying, and oil and gas extraction","Nonveteran, female-owned",Grants,5,S
"Mining, quarrying, and oil and gas extraction","Nonveteran, female-owned",Other source(s) of capital,505,250625
"Mining, quarrying, and oil and gas extraction","Nonveteran, female-owned",Don't know,2159,926978
"Mining, quarrying, and oil and gas extraction","Nonveteran, female-owned",None needed,3325,S
"Mining, quarrying, and oil and gas extraction","Nonveteran, female-owned",Total reporting,12946(r),6100667(r)
"Mining, quarrying, and oil and gas extraction","Nonveteran, female-owned",Item not reported,578(r),S
"Mining, quarrying, and oil and gas extraction","Nonveteran, male-owned",All firms,65308,72145936
"Mining, quarrying, and oil and gas extraction","Nonveteran, male-owned",Personal/family savings of owner(s),23161,24250649
"Mining, quarrying, and oil and gas extraction","Nonveteran, male-owned",Personal/family assets other than savings of owner(s),3340,8670601
"Mining, quarrying, and oil and gas extraction","Nonveteran, male-owned",Personal/family home equity loan,1008,567819
"Mining, quarrying, and oil and gas extraction","Nonveteran, male-owned",Personal credit card(s) carrying balances,1662,761102
"Mining, quarrying, and oil and gas extraction","Nonveteran, male-owned",Business credit card(s) carrying balances,694,431120
"Mining, quarrying, and oil and gas extraction","Nonveteran, male-owned","Business loan from federal, state, or local government",22,S
"Mining, quarrying, and oil and gas extraction","Nonveteran, male-owned",Government-guaranteed business loan from a bank or financial institution,36,229401
"Mining, quarrying, and oil and gas extraction","Nonveteran, male-owned",Business loan from a bank or financial institution,5183,14171310
"Mining, quarrying, and oil and gas extraction","Nonveteran, male-owned",Business loan/investment from family/friends,623,1840601
"Mining, quarrying, and oil and gas extraction","Nonveteran, male-owned",Investment by venture capitalist(s),272,834696
"Mining, quarrying, and oil and gas extraction","Nonveteran, male-owned",Grants,12,S
"Mining, quarrying, and oil and gas extraction","Nonveteran, male-owned",Other source(s) of capital,819,3585351
"Mining, quarrying, and oil and gas extraction","Nonveteran, male-owned",Don't know,5687,17092983
"Mining, quarrying, and oil and gas extraction","Nonveteran, male-owned",None needed,7415,3586293
"Mining, quarrying, and oil and gas extraction","Nonveteran, male-owned",Total reporting,41442(r),58252904(r)
"Mining, quarrying, and oil and gas extraction","Nonveteran, male-owned",Item not reported,995(r),150345(r)
"Mining, quarrying, and oil and gas extraction","Nonveteran, equally male-/female-owned",All firms,15768,6719127
"Mining, quarrying, and oil and gas extraction","Nonveteran, equally male-/female-owned",Personal/family savings of owner(s),6885,3046611
"Mining, quarrying, and oil and gas extraction","Nonveteran, equally male-/female-owned",Personal/family assets other than savings of owner(s),834,300852
"Mining, quarrying, and oil and gas extraction","Nonveteran, equally male-/female-owned",Personal/family home equity loan,273,159586
"Mining, quarrying, and oil and gas extraction","Nonveteran, equally male-/female-owned",Personal credit card(s) carrying balances,335,S
"Mining, quarrying, and oil and gas extraction","Nonveteran, equally male-/female-owned",Business credit card(s) carrying balances,60,47913
"Mining, quarrying, and oil and gas extraction","Nonveteran, equally male-/female-owned","Business loan from federal, state, or local government",0,0
"Mining, quarrying, and oil and gas extraction","Nonveteran, equally male-/female-owned",Government-guaranteed business loan from a bank or financial institution,118,35861
"Mining, quarrying, and oil and gas extraction","Nonveteran, equally male-/female-owned",Business loan from a bank or financial institution,1669,1982481
"Mining, quarrying, and oil and gas extraction","Nonveteran, equally male-/female-owned",Business loan/investment from family/friends,154,114363
"Mining, quarrying, and oil and gas extraction","Nonveteran, equally male-/female-owned",Investment by venture capitalist(s),107,S
"Mining, quarrying, and oil and gas extraction","Nonveteran, equally male-/female-owned",Grants,0,0
"Mining, quarrying, and oil and gas extraction","Nonveteran, equally male-/female-owned",Other source(s) of capital,424,150513
"Mining, quarrying, and oil and gas extraction","Nonveteran, equally male-/female-owned",Don't know,846,928534
"Mining, quarrying, and oil and gas extraction","Nonveteran, equally male-/female-owned",None needed,1725,337874
"Mining, quarrying, and oil and gas extraction","Nonveteran, equally male-/female-owned",Total reporting,11280(r),5123382(r)
"Mining, quarrying, and oil and gas extraction","Nonveteran, equally male-/female-owned",Item not reported,304(r),S
"Mining, quarrying, and oil and gas extraction","Nonveteran, Hispanic",All firms,4408,2283518
"Mining, quarrying, and oil and gas extraction","Nonveteran, Hispanic",Personal/family savings of owner(s),1085,841240
"Mining, quarrying, and oil and gas extraction","Nonveteran, Hispanic",Personal/family assets other than savings of owner(s),196,S
"Mining, quarrying, and oil and gas extraction","Nonveteran, Hispanic",Personal/family home equity loan,54,S
"Mining, quarrying, and oil and gas extraction","Nonveteran, Hispanic",Personal credit card(s) carrying balances,98,S
"Mining, quarrying, and oil and gas extraction","Nonveteran, Hispanic",Business credit card(s) carrying balances,23,43580
"Mining, quarrying, and oil and gas extraction","Nonveteran, Hispanic","Business loan from federal, state, or local government",0,0
"Mining, quarrying, and oil and gas extraction","Nonveteran, Hispanic",Government-guaranteed business loan from a bank or financial institution,0,0
"Mining, quarrying, and oil and gas extraction","Nonveteran, Hispanic",Business loan from a bank or financial institution,124,549866
"Mining, quarrying, and oil and gas extraction","Nonveteran, Hispanic",Business loan/investment from family/friends,17,S
"Mining, quarrying, and oil and gas extraction","Nonveteran, Hispanic",Investment by venture capitalist(s),2,S
"Mining, quarrying, and oil and gas extraction","Nonveteran, Hispanic",Grants,2,S
"Mining, quarrying, and oil and gas extraction","Nonveteran, Hispanic",Other source(s) of capital,20,S
"Mining, quarrying, and oil and gas extraction","Nonveteran, Hispanic",Don't know,234,S
"Mining, quarrying, and oil and gas extraction","Nonveteran, Hispanic",None needed,174,9252
"Mining, quarrying, and oil and gas extraction","Nonveteran, Hispanic",Total reporting,1719(r),1387250(r)
"Mining, quarrying, and oil and gas extraction","Nonveteran, Hispanic",Item not reported,112(r),S
"Mining, quarrying, and oil and gas extraction","Nonveteran, equally Hispanic/non-Hispanic",All firms,446,526829
"Mining, quarrying, and oil and gas extraction","Nonveteran, equally Hispanic/non-Hispanic",Personal/family savings of owner(s),212,S
"Mining, quarrying, and oil and gas extraction","Nonveteran, equally Hispanic/non-Hispanic",Personal/family assets other than savings of owner(s),26,S
"Mining, quarrying, and oil and gas extraction","Nonveteran, equally Hispanic/non-Hispanic",Personal/family home equity loan,14,S
"Mining, quarrying, and oil and gas extraction","Nonveteran, equally Hispanic/non-Hispanic",Personal credit card(s) carrying balances,41,6349
"Mining, quarrying, and oil and gas extraction","Nonveteran, equally Hispanic/non-Hispanic",Business credit card(s) carrying balances,8,S
"Mining, quarrying, and oil and gas extraction","Nonveteran, equally Hispanic/non-Hispanic","Business loan from federal, state, or local government",0,0
"Mining, quarrying, and oil and gas extraction","Nonveteran, equally Hispanic/non-Hispanic",Government-guaranteed business loan from a bank or financial institution,0,0
"Mining, quarrying, and oil and gas extraction","Nonveteran, equally Hispanic/non-Hispanic",Business loan from a bank or financial institution,115,S
"Mining, quarrying, and oil and gas extraction","Nonveteran, equally Hispanic/non-Hispanic",Business loan/investment from family/friends,7,S
"Mining, quarrying, and oil and gas extraction","Nonveteran, equally Hispanic/non-Hispanic",Investment by venture capitalist(s),0,0
"Mining, quarrying, and oil and gas extraction","Nonveteran, equally Hispanic/non-Hispanic",Grants,0,0
"Mining, quarrying, and oil and gas extraction","Nonveteran, equally Hispanic/non-Hispanic",Other source(s) of capital,21,S
"Mining, quarrying, and oil and gas extraction","Nonveteran, equally Hispanic/non-Hispanic",Don't know,4,S
"Mining, quarrying, and oil and gas extraction","Nonveteran, equally Hispanic/non-Hispanic",None needed,59,S
"Mining, quarrying, and oil and gas extraction","Nonveteran, equally Hispanic/non-Hispanic",Total reporting,338,S
"Mining, quarrying, and oil and gas extraction","Nonveteran, equally Hispanic/non-Hispanic",Item not reported,0,0
"Mining, quarrying, and oil and gas extraction","Nonveteran, non-Hispanic",All firms,97586,88691175
"Mining, quarrying, and oil and gas extraction","Nonveteran, non-Hispanic",Personal/family savings of owner(s),34340,27653958
"Mining, quarrying, and oil and gas extraction","Nonveteran, non-Hispanic",Personal/family assets other than savings of owner(s),5228,9931281
"Mining, quarrying, and oil and gas extraction","Nonveteran, non-Hispanic",Personal/family home equity loan,1395,723179
"Mining, quarrying, and oil and gas extraction","Nonveteran, non-Hispanic",Personal credit card(s) carrying balances,2060,929875
"Mining, quarrying, and oil and gas extraction","Nonveteran, non-Hispanic",Business credit card(s) carrying balances,790,471553
"Mining, quarrying, and oil and gas extraction","Nonveteran, non-Hispanic","Business loan from federal, state, or local government",22,S
"Mining, quarrying, and oil and gas extraction","Nonveteran, non-Hispanic",Government-guaranteed business loan from a bank or financial institution,161,308515
"Mining, quarrying, and oil and gas extraction","Nonveteran, non-Hispanic",Business loan from a bank or financial institution,7262,15905151
"Mining, quarrying, and oil and gas extraction","Nonveteran, non-Hispanic",Business loan/investment from family/friends,974,2026843
"Mining, quarrying, and oil and gas extraction","Nonveteran, non-Hispanic",Investment by venture capitalist(s),420,708196
"Mining, quarrying, and oil and gas extraction","Nonveteran, non-Hispanic",Grants,14,S
"Mining, quarrying, and oil and gas extraction","Nonveteran, non-Hispanic",Other source(s) of capital,1707,3740708
"Mining, quarrying, and oil and gas extraction","Nonveteran, non-Hispanic",Don't know,8454,18729010
"Mining, quarrying, and oil and gas extraction","Nonveteran, non-Hispanic",None needed,12232,6037708
"Mining, quarrying, and oil and gas extraction","Nonveteran, non-Hispanic",Total reporting,63610(r),67534854(r)
"Mining, quarrying, and oil and gas extraction","Nonveteran, non-Hispanic",Item not reported,1766(r),245635(r)
"Mining, quarrying, and oil and gas extraction","Nonveteran, White",All firms,98378,89455549
"Mining, quarrying, and oil and gas extraction","Nonveteran, White",Personal/family savings of owner(s),34686,28480105
"Mining, quarrying, and oil and gas extraction","Nonveteran, White",Personal/family assets other than savings of owner(s),5275,9994148
"Mining, quarrying, and oil and gas extraction","Nonveteran, White",Personal/family home equity loan,1386,727901
"Mining, quarrying, and oil and gas extraction","Nonveteran, White",Personal credit card(s) carrying balances,2077,1258031
"Mining, quarrying, and oil and gas extraction","Nonveteran, White",Business credit card(s) carrying balances,767,502507
"Mining, quarrying, and oil and gas extraction","Nonveteran, White","Business loan from federal, state, or local government",11,S
"Mining, quarrying, and oil and gas extraction","Nonveteran, White",Government-guaranteed business loan from a bank or financial institution,135,308106
"Mining, quarrying, and oil and gas extraction","Nonveteran, White",Business loan from a bank or financial institution,7286,16660636
"Mining, quarrying, and oil and gas extraction","Nonveteran, White",Business loan/investment from family/friends,971,2013886
"Mining, quarrying, and oil and gas extraction","Nonveteran, White",Investment by venture capitalist(s),410,888277
"Mining, quarrying, and oil and gas extraction","Nonveteran, White",Grants,5,S
"Mining, quarrying, and oil and gas extraction","Nonveteran, White",Other source(s) of capital,1693,3667175
"Mining, quarrying, and oil and gas extraction","Nonveteran, White",Don't know,8457,18747777
"Mining, quarrying, and oil and gas extraction","Nonveteran, White",None needed,12129,6033187
"Mining, quarrying, and oil and gas extraction","Nonveteran, White",Total reporting,63807(r),68440947(r)
"Mining, quarrying, and oil and gas extraction","Nonveteran, White",Item not reported,1850(r),289769(r)
"Mining, quarrying, and oil and gas extraction","Nonveteran, Black or African American",All firms,881,61121
"Mining, quarrying, and oil and gas extraction","Nonveteran, Black or African American",Personal/family savings of owner(s),71,47122
"Mining, quarrying, and oil and gas extraction","Nonveteran, Black or African American",Personal/family assets other than savings of owner(s),34,S
"Mining, quarrying, and oil and gas extraction","Nonveteran, Black or African American",Personal/family home equity loan,12,S
"Mining, quarrying, and oil and gas extraction","Nonveteran, Black or African American",Personal credit card(s) carrying balances,31,S
"Mining, quarrying, and oil and gas extraction","Nonveteran, Black or African American",Business credit card(s) carrying balances,18,S
"Mining, quarrying, and oil and gas extraction","Nonveteran, Black or African American","Business loan from federal, state, or local government",12,S
"Mining, quarrying, and oil and gas extraction","Nonveteran, Black or African American",Government-guaranteed business loan from a bank or financial institution,0,0
"Mining, quarrying, and oil and gas extraction","Nonveteran, Black or African American",Business loan from a bank or financial institution,14,S
"Mining, quarrying, and oil and gas extraction","Nonveteran, Black or African American",Business loan/investment from family/friends,16,S
"Mining, quarrying, and oil and gas extraction","Nonveteran, Black or African American",Investment by venture capitalist(s),12,S
"Mining, quarrying, and oil and gas extraction","Nonveteran, Black or African American",Grants,12,S
"Mining, quarrying, and oil and gas extraction","Nonveteran, Black or African American",Other source(s) of capital,12,S
"Mining, quarrying, and oil and gas extraction","Nonveteran, Black or African American",Don't know,19,987
"Mining, quarrying, and oil and gas extraction","Nonveteran, Black or African American",None needed,93,5154
"Mining, quarrying, and oil and gas extraction","Nonveteran, Black or African American",Total reporting,210(r),53969(r)
"Mining, quarrying, and oil and gas extraction","Nonveteran, Black or African American",Item not reported,21(r),S
"Mining, quarrying, and oil and gas extraction","Nonveteran, American Indian and Alaska Native",All firms,1112,466889
"Mining, quarrying, and oil and gas extraction","Nonveteran, American Indian and Alaska Native",Personal/family savings of owner(s),441,108912
"Mining, quarrying, and oil and gas extraction","Nonveteran, American Indian and Alaska Native",Personal/family assets other than savings of owner(s),61,S
"Mining, quarrying, and oil and gas extraction","Nonveteran, American Indian and Alaska Native",Personal/family home equity loan,2,S
"Mining, quarrying, and oil and gas extraction","Nonveteran, American Indian and Alaska Native",Personal credit card(s) carrying balances,17,S
"Mining, quarrying, and oil and gas extraction","Nonveteran, American Indian and Alaska Native",Business credit card(s) carrying balances,11,S
"Mining, quarrying, and oil and gas extraction","Nonveteran, American Indian and Alaska Native","Business loan from federal, state, or local government",0,0
"Mining, quarrying, and oil and gas extraction","Nonveteran, American Indian and Alaska Native",Government-guaranteed business loan from a bank or financial institution,0,0
"Mining, quarrying, and oil and gas extraction","Nonveteran, American Indian and Alaska Native",Business loan from a bank or financial institution,51,21028
"Mining, quarrying, and oil and gas extraction","Nonveteran, American Indian and Alaska Native",Business loan/investment from family/friends,16,S
"Mining, quarrying, and oil and gas extraction","Nonveteran, American Indian and Alaska Native",Investment by venture capitalist(s),0,0
"Mining, quarrying, and oil and gas extraction","Nonveteran, American Indian and Alaska Native",Grants,0,0
"Mining, quarrying, and oil and gas extraction","Nonveteran, American Indian and Alaska Native",Other source(s) of capital,21,S
"Mining, quarrying, and oil and gas extraction","Nonveteran, American Indian and Alaska Native",Don't know,10,S
"Mining, quarrying, and oil and gas extraction","Nonveteran, American Indian and Alaska Native",None needed,219,8840
"Mining, quarrying, and oil and gas extraction","Nonveteran, American Indian and Alaska Native",Total reporting,722,S
"Mining, quarrying, and oil and gas extraction","Nonveteran, American Indian and Alaska Native",Item not reported,2,S
"Mining, quarrying, and oil and gas extraction","Nonveteran, Asian",All firms,1043,746408
"Mining, quarrying, and oil and gas extraction","Nonveteran, Asian",Personal/family savings of owner(s),326,106752
"Mining, quarrying, and oil and gas extraction","Nonveteran, Asian",Personal/family assets other than savings of owner(s),35,S
"Mining, quarrying, and oil and gas extraction","Nonveteran, Asian",Personal/family home equity loan,26,S
"Mining, quarrying, and oil and gas extraction","Nonveteran, Asian",Personal credit card(s) carrying balances,18,S
"Mining, quarrying, and oil and gas extraction","Nonveteran, Asian",Business credit card(s) carrying balances,12,S
"Mining, quarrying, and oil and gas extraction","Nonveteran, Asian","Business loan from federal, state, or local government",0,0
"Mining, quarrying, and oil and gas extraction","Nonveteran, Asian",Government-guaranteed business loan from a bank or financial institution,0,0
"Mining, quarrying, and oil and gas extraction","Nonveteran, Asian",Business loan from a bank or financial institution,17,20424
"Mining, quarrying, and oil and gas extraction","Nonveteran, Asian",Business loan/investment from family/friends,2,S
"Mining, quarrying, and oil and gas extraction","Nonveteran, Asian",Investment by venture capitalist(s),0,0
"Mining, quarrying, and oil and gas extraction","Nonveteran, Asian",Grants,0,0
"Mining, quarrying, and oil and gas extraction","Nonveteran, Asian",Other source(s) of capital,4,S
"Mining, quarrying, and oil and gas extraction","Nonveteran, Asian",Don't know,60,S
"Mining, quarrying, and oil and gas extraction","Nonveteran, Asian",None needed,55,3697
"Mining, quarrying, and oil and gas extraction","Nonveteran, Asian",Total reporting,482,262179
"Mining, quarrying, and oil and gas extraction","Nonveteran, Asian",Item not reported,0,0
"Mining, quarrying, and oil and gas extraction","Nonveteran, Native Hawaiian and Other Pacific Islander",All firms,19,10793
"Mining, quarrying, and oil and gas extraction","Nonveteran, Native Hawaiian and Other Pacific Islander",Personal/family savings of owner(s),0,0
"Mining, quarrying, and oil and gas extraction","Nonveteran, Native Hawaiian and Other Pacific Islander",Personal/family assets other than savings of owner(s),0,0
"Mining, quarrying, and oil and gas extraction","Nonveteran, Native Hawaiian and Other Pacific Islander",Personal/family home equity loan,0,0
"Mining, quarrying, and oil and gas extraction","Nonveteran, Native Hawaiian and Other Pacific Islander",Personal credit card(s) carrying balances,0,0
"Mining, quarrying, and oil and gas extraction","Nonveteran, Native Hawaiian and Other Pacific Islander",Business credit card(s) carrying balances,0,0
"Mining, quarrying, and oil and gas extraction","Nonveteran, Native Hawaiian and Other Pacific Islander","Business loan from federal, state, or local government",0,0
"Mining, quarrying, and oil and gas extraction","Nonveteran, Native Hawaiian and Other Pacific Islander",Government-guaranteed business loan from a bank or financial institution,0,0
"Mining, quarrying, and oil and gas extraction","Nonveteran, Native Hawaiian and Other Pacific Islander",Business loan from a bank or financial institution,0,0
"Mining, quarrying, and oil and gas extraction","Nonveteran, Native Hawaiian and Other Pacific Islander",Business loan/investment from family/friends,0,0
"Mining, quarrying, and oil and gas extraction","Nonveteran, Native Hawaiian and Other Pacific Islander",Investment by venture capitalist(s),0,0
"Mining, quarrying, and oil and gas extraction","Nonveteran, Native Hawaiian and Other Pacific Islander",Grants,0,0
"Mining, quarrying, and oil and gas extraction","Nonveteran, Native Hawaiian and Other Pacific Islander",Other source(s) of capital,0,0
"Mining, quarrying, and oil and gas extraction","Nonveteran, Native Hawaiian and Other Pacific Islander",Don't know,2,S
"Mining, quarrying, and oil and gas extraction","Nonveteran, Native Hawaiian and Other Pacific Islander",None needed,0,0
"Mining, quarrying, and oil and gas extraction","Nonveteran, Native Hawaiian and Other Pacific Islander",Total reporting,2,S
"Mining, quarrying, and oil and gas extraction","Nonveteran, Native Hawaiian and Other Pacific Islander",Item not reported,0,0
"Mining, quarrying, and oil and gas extraction","Nonveteran, some other race",All firms,1266,737029
"Mining, quarrying, and oil and gas extraction","Nonveteran, some other race",Personal/family savings of owner(s),197,109739
"Mining, quarrying, and oil and gas extraction","Nonveteran, some other race",Personal/family assets other than savings of owner(s),60,S
"Mining, quarrying, and oil and gas extraction","Nonveteran, some other race",Personal/family home equity loan,40,S
"Mining, quarrying, and oil and gas extraction","Nonveteran, some other race",Personal credit card(s) carrying balances,22,S
"Mining, quarrying, and oil and gas extraction","Nonveteran, some other race",Business credit card(s) carrying balances,10,S
"Mining, quarrying, and oil and gas extraction","Nonveteran, some other race","Business loan from federal, state, or local government",0,0
"Mining, quarrying, and oil and gas extraction","Nonveteran, some other race",Government-guaranteed business loan from a bank or financial institution,0,0
"Mining, quarrying, and oil and gas extraction","Nonveteran, some other race",Business loan from a bank or financial institution,86,104613
"Mining, quarrying, and oil and gas extraction","Nonveteran, some other race",Business loan/investment from family/friends,8,S
"Mining, quarrying, and oil and gas extraction","Nonveteran, some other race",Investment by venture capitalist(s),0,0
"Mining, quarrying, and oil and gas extraction","Nonveteran, some other race",Grants,0,0
"Mining, quarrying, and oil and gas extraction","Nonveteran, some other race",Other source(s) of capital,16,S
"Mining, quarrying, and oil and gas extraction","Nonveteran, some other race",Don't know,148,S
"Mining, quarrying, and oil and gas extraction","Nonveteran, some other race",None needed,33,S
"Mining, quarrying, and oil and gas extraction","Nonveteran, some other race",Total reporting,525,295435
"Mining, quarrying, and oil and gas extraction","Nonveteran, some other race",Item not reported,6,S
"Mining, quarrying, and oil and gas extraction","Nonveteran, minority",All firms,7480,3586278
"Mining, quarrying, and oil and gas extraction","Nonveteran, minority",Personal/family savings of owner(s),1956,1105376
"Mining, quarrying, and oil and gas extraction","Nonveteran, minority",Personal/family assets other than savings of owner(s),330,166761
"Mining, quarrying, and oil and gas extraction","Nonveteran, minority",Personal/family home equity loan,94,S
"Mining, quarrying, and oil and gas extraction","Nonveteran, minority",Personal credit card(s) carrying balances,174,S
"Mining, quarrying, and oil and gas extraction","Nonveteran, minority",Business credit card(s) carrying balances,64,47727
"Mining, quarrying, and oil and gas extraction","Nonveteran, minority","Business loan from federal, state, or local government",12,S
"Mining, quarrying, and oil and gas extraction","Nonveteran, minority",Government-guaranteed business loan from a bank or financial institution,0,0
"Mining, quarrying, and oil and gas extraction","Nonveteran, minority",Business loan from a bank or financial institution,227,598998
"Mining, quarrying, and oil and gas extraction","Nonveteran, minority",Business loan/investment from family/friends,51,24347
"Mining, quarrying, and oil and gas extraction","Nonveteran, minority",Investment by venture capitalist(s),14,S
"Mining, quarrying, and oil and gas extraction","Nonveteran, minority",Grants,14,S
"Mining, quarrying, and oil and gas extraction","Nonveteran, minority",Other source(s) of capital,57,S
"Mining, quarrying, and oil and gas extraction","Nonveteran, minority",Don't know,328,387029
"Mining, quarrying, and oil and gas extraction","Nonveteran, minority",None needed,538,26169
"Mining, quarrying, and oil and gas extraction","Nonveteran, minority",Total reporting,3189(r),2127235(r)
"Mining, quarrying, and oil and gas extraction","Nonveteran, minority",Item not reported,135(r),S
"Mining, quarrying, and oil and gas extraction","Nonveteran, equally minority/nonminority",All firms,1202,810489
"Mining, quarrying, and oil and gas extraction","Nonveteran, equally minority/nonminority",Personal/family savings of owner(s),403,S
"Mining, quarrying, and oil and gas extraction","Nonveteran, equally minority/nonminority",Personal/family assets other than savings of owner(s),37,12310
"Mining, quarrying, and oil and gas extraction","Nonveteran, equally minority/nonminority",Personal/family home equity loan,18,S
"Mining, quarrying, and oil and gas extraction","Nonveteran, equally minority/nonminority",Personal credit card(s) carrying balances,63,9611
"Mining, quarrying, and oil and gas extraction","Nonveteran, equally minority/nonminority",Business credit card(s) carrying balances,8,S
"Mining, quarrying, and oil and gas extraction","Nonveteran, equally minority/nonminority","Business loan from federal, state, or local government",0,0
"Mining, quarrying, and oil and gas extraction","Nonveteran, equally minority/nonminority",Government-guaranteed business loan from a bank or financial institution,26,S
"Mining, quarrying, and oil and gas extraction","Nonveteran, equally minority/nonminority",Business loan from a bank or financial institution,233,S
"Mining, quarrying, and oil and gas extraction","Nonveteran, equally minority/nonminority",Business loan/investment from family/friends,7,S
"Mining, quarrying, and oil and gas extraction","Nonveteran, equally minority/nonminority",Investment by venture capitalist(s),0,0
"Mining, quarrying, and oil and gas extraction","Nonveteran, equally minority/nonminority",Grants,0,0
"Mining, quarrying, and oil and gas extraction","Nonveteran, equally minority/nonminority",Other source(s) of capital,50,S
"Mining, quarrying, and oil and gas extraction","Nonveteran, equally minority/nonminority",Don't know,14,S
"Mining, quarrying, and oil and gas extraction","Nonveteran, equally minority/nonminority",None needed,134,S
"Mining, quarrying, and oil and gas extraction","Nonveteran, equally minority/nonminority",Total reporting,777,S
"Mining, quarrying, and oil and gas extraction","Nonveteran, equally minority/nonminority",Item not reported,2,S
"Mining, quarrying, and oil and gas extraction","Nonveteran, nonminority",All firms,93758,87104755
"Mining, quarrying, and oil and gas extraction","Nonveteran, nonminority",Personal/family savings of owner(s),33277,27370181
"Mining, quarrying, and oil and gas extraction","Nonveteran, nonminority",Personal/family assets other than savings of owner(s),5083,9896169
"Mining, quarrying, and oil and gas extraction","Nonveteran, nonminority",Personal/family home equity loan,1351,718965
"Mining, quarrying, and oil and gas extraction","Nonveteran, nonminority",Personal credit card(s) carrying balances,1962,907339
"Mining, quarrying, and oil and gas extraction","Nonveteran, nonminority",Business credit card(s) carrying balances,749,467405
"Mining, quarrying, and oil and gas extraction","Nonveteran, nonminority","Business loan from federal, state, or local government",11,S
"Mining, quarrying, and oil and gas extraction","Nonveteran, nonminority",Government-guaranteed business loan from a bank or financial institution,135,308106
"Mining, quarrying, and oil and gas extraction","Nonveteran, nonminority",Business loan from a bank or financial institution,7041,15840368
"Mining, quarrying, and oil and gas extraction","Nonveteran, nonminority",Business loan/investment from family/friends,941,2010197
"Mining, quarrying, and oil and gas extraction","Nonveteran, nonminority",Investment by venture capitalist(s),408,708127
"Mining, quarrying, and oil and gas extraction","Nonveteran, nonminority",Grants,2,S
"Mining, quarrying, and oil and gas extraction","Nonveteran, nonminority",Other source(s) of capital,1642,3415884
"Mining, quarrying, and oil and gas extraction","Nonveteran, nonminority",Don't know,8351,18551468
"Mining, quarrying, and oil and gas extraction","Nonveteran, nonminority",None needed,11793,6013709
"Mining, quarrying, and oil and gas extraction","Nonveteran, nonminority",Total reporting,61702(r),66692731(r)
"Mining, quarrying, and oil and gas extraction","Nonveteran, nonminority",Item not reported,1740(r),239776(r)
"Mining, quarrying, and oil and gas extraction","All firms classifiable by gender, ethnicity, race, and veteran status",All firms,126134,112731481
"Mining, quarrying, and oil and gas extraction","All firms classifiable by gender, ethnicity, race, and veteran status",Personal/family savings of owner(s),45018,32589062
"Mining, quarrying, and oil and gas extraction","All firms classifiable by gender, ethnicity, race, and veteran status",Personal/family assets other than savings of owner(s),6834,16315372
"Mining, quarrying, and oil and gas extraction","All firms classifiable by gender, ethnicity, race, and veteran status",Personal/family home equity loan,1587,845734
"Mining, quarrying, and oil and gas extraction","All firms classifiable by gender, ethnicity, race, and veteran status",Personal credit card(s) carrying balances,2618,1383406
"Mining, quarrying, and oil and gas extraction","All firms classifiable by gender, ethnicity, race, and veteran status",Business credit card(s) carrying balances,958,540883
"Mining, quarrying, and oil and gas extraction","All firms classifiable by gender, ethnicity, race, and veteran status","Business loan from federal, state, or local government",22,S
"Mining, quarrying, and oil and gas extraction","All firms classifiable by gender, ethnicity, race, and veteran status",Government-guaranteed business loan from a bank or financial institution,201,782912
"Mining, quarrying, and oil and gas extraction","All firms classifiable by gender, ethnicity, race, and veteran status",Business loan from a bank or financial institution,8539,18211503
"Mining, quarrying, and oil and gas extraction","All firms classifiable by gender, ethnicity, race, and veteran status",Business loan/investment from family/friends,1197,2569292
"Mining, quarrying, and oil and gas extraction","All firms classifiable by gender, ethnicity, race, and veteran status",Investment by venture capitalist(s),528,910609
"Mining, quarrying, and oil and gas extraction","All firms classifiable by gender, ethnicity, race, and veteran status",Grants,16,S
"Mining, quarrying, and oil and gas extraction","All firms classifiable by gender, ethnicity, race, and veteran status",Other source(s) of capital,2086,4163322
"Mining, quarrying, and oil and gas extraction","All firms classifiable by gender, ethnicity, race, and veteran status",Don't know,9826,20437897
"Mining, quarrying, and oil and gas extraction","All firms classifiable by gender, ethnicity, race, and veteran status",None needed,14710,6402872
"Mining, quarrying, and oil and gas extraction","All firms classifiable by gender, ethnicity, race, and veteran status",Total reporting,80018(r),81081282(r)
"Mining, quarrying, and oil and gas extraction","All firms classifiable by gender, ethnicity, race, and veteran status",Item not reported,2696(r),381611(r)
"Mining, quarrying, and oil and gas extraction","Publicly held and other firms not classifiable by gender, ethnicity, race, and veteran status",All firms,4498,482447522
"Mining, quarrying, and oil and gas extraction","Publicly held and other firms not classifiable by gender, ethnicity, race, and veteran status",Personal/family savings of owner(s),108,S
"Mining, quarrying, and oil and gas extraction","Publicly held and other firms not classifiable by gender, ethnicity, race, and veteran status",Personal/family assets other than savings of owner(s),2,S
"Mining, quarrying, and oil and gas extraction","Publicly held and other firms not classifiable by gender, ethnicity, race, and veteran status",Personal/family home equity loan,0,0
"Mining, quarrying, and oil and gas extraction","Publicly held and other firms not classifiable by gender, ethnicity, race, and veteran status",Personal credit card(s) carrying balances,0,0
"Mining, quarrying, and oil and gas extraction","Publicly held and other firms not classifiable by gender, ethnicity, race, and veteran status",Business credit card(s) carrying balances,0,0
"Mining, quarrying, and oil and gas extraction","Publicly held and other firms not classifiable by gender, ethnicity, race, and veteran status","Business loan from federal, state, or local government",0,0
"Mining, quarrying, and oil and gas extraction","Publicly held and other firms not classifiable by gender, ethnicity, race, and veteran status",Government-guaranteed business loan from a bank or financial institution,0,0
"Mining, quarrying, and oil and gas extraction","Publicly held and other firms not classifiable by gender, ethnicity, race, and veteran status",Business loan from a bank or financial institution,11,S
"Mining, quarrying, and oil and gas extraction","Publicly held and other firms not classifiable by gender, ethnicity, race, and veteran status",Business loan/investment from family/friends,3,S
"Mining, quarrying, and oil and gas extraction","Publicly held and other firms not classifiable by gender, ethnicity, race, and veteran status",Investment by venture capitalist(s),100,S
"Mining, quarrying, and oil and gas extraction","Publicly held and other firms not classifiable by gender, ethnicity, race, and veteran status",Grants,0,0
"Mining, quarrying, and oil and gas extraction","Publicly held and other firms not classifiable by gender, ethnicity, race, and veteran status",Other source(s) of capital,69,S
"Mining, quarrying, and oil and gas extraction","Publicly held and other firms not classifiable by gender, ethnicity, race, and veteran status",Don't know,432,S
"Mining, quarrying, and oil and gas extraction","Publicly held and other firms not classifiable by gender, ethnicity, race, and veteran status",None needed,43,110369
"Mining, quarrying, and oil and gas extraction","Publicly held and other firms not classifiable by gender, ethnicity, race, and veteran status",Total reporting,768(r),S
"Mining, quarrying, and oil and gas extraction","Publicly held and other firms not classifiable by gender, ethnicity, race, and veteran status",Item not reported,4853(r),214683449(r)
Utilities,All firms,All firms,23643,528413744
Utilities,All firms,Personal/family savings of owner(s),5715,7008741
Utilities,All firms,Personal/family assets other than savings of owner(s),560,313684
Utilities,All firms,Personal/family home equity loan,271,96025
Utilities,All firms,Personal credit card(s) carrying balances,501,75687
Utilities,All firms,Business credit card(s) carrying balances,175,S
Utilities,All firms,"Business loan from federal, state, or local government",8,S
Utilities,All firms,Government-guaranteed business loan from a bank or financial institution,30,2863
Utilities,All firms,Business loan from a bank or financial institution,813,857523
Utilities,All firms,Business loan/investment from family/friends,108,S
Utilities,All firms,Investment by venture capitalist(s),80,S
Utilities,All firms,Grants,23,S
Utilities,All firms,Other source(s) of capital,191,149916
Utilities,All firms,Don't know,897,1330790
Utilities,All firms,None needed,2853,154176
Utilities,All firms,Total reporting,10783(r),9497606(r)
Utilities,All firms,Item not reported,1584(r),49545280(r)
Utilities,Female-owned,All firms,4111,1172906
Utilities,Female-owned,Personal/family savings of owner(s),866,S
Utilities,Female-owned,Personal/family assets other than savings of owner(s),30,35753
Utilities,Female-owned,Personal/family home equity loan,17,830
Utilities,Female-owned,Personal credit card(s) carrying balances,105,S
Utilities,Female-owned,Business credit card(s) carrying balances,21,S
Utilities,Female-owned,"Business loan from federal, state, or local government",6,S
Utilities,Female-owned,Government-guaranteed business loan from a bank or financial institution,2,S
Utilities,Female-owned,Business loan from a bank or financial institution,54,30273
Utilities,Female-owned,Business loan/investment from family/friends,4,S
Utilities,Female-owned,Investment by venture capitalist(s),0,0
Utilities,Female-owned,Grants,0,0
Utilities,Female-owned,Other source(s) of capital,19,S
Utilities,Female-owned,Don't know,107,2609
Utilities,Female-owned,None needed,508,39553
Utilities,Female-owned,Total reporting,1609(r),505078(r)
Utilities,Female-owned,Item not reported,131(r),2906(r)
Utilities,Male-owned,All firms,13270,23952893
Utilities,Male-owned,Personal/family savings of owner(s),3984,6437164
Utilities,Male-owned,Personal/family assets other than savings of owner(s),435,225408
Utilities,Male-owned,Personal/family home equity loan,67,92358
Utilities,Male-owned,Personal credit card(s) carrying balances,244,S
Utilities,Male-owned,Business credit card(s) carrying balances,147,S
Utilities,Male-owned,"Business loan from federal, state, or local government",2,S
Utilities,Male-owned,Government-guaranteed business loan from a bank or financial institution,13,2695
Utilities,Male-owned,Business loan from a bank or financial institution,609,821128
Utilities,Male-owned,Business loan/investment from family/friends,98,S
Utilities,Male-owned,Investment by venture capitalist(s),80,S
Utilities,Male-owned,Grants,19,S
Utilities,Male-owned,Other source(s) of capital,75,28240
Utilities,Male-owned,Don't know,726,1167604
Utilities,Male-owned,None needed,2203,105361
Utilities,Male-owned,Total reporting,7683(r),8498713(r)
Utilities,Male-owned,Item not reported,195(r),S
Utilities,Equally male-/female-owned,All firms,2018,664659
Utilities,Equally male-/female-owned,Personal/family savings of owner(s),857,203595
Utilities,Equally male-/female-owned,Personal/family assets other than savings of owner(s),92,11387
Utilities,Equally male-/female-owned,Personal/family home equity loan,188,2836
Utilities,Equally male-/female-owned,Personal credit card(s) carrying balances,142,S
Utilities,Equally male-/female-owned,Business credit card(s) carrying balances,0,0
Utilities,Equally male-/female-owned,"Business loan from federal, state, or local government",0,0
Utilities,Equally male-/female-owned,Government-guaranteed business loan from a bank or financial institution,15,S
Utilities,Equally male-/female-owned,Business loan from a bank or financial institution,142,5997
Utilities,Equally male-/female-owned,Business loan/investment from family/friends,4,S
Utilities,Equally male-/female-owned,Investment by venture capitalist(s),0,0
Utilities,Equally male-/female-owned,Grants,2,S
Utilities,Equally male-/female-owned,Other source(s) of capital,0,0
Utilities,Equally male-/female-owned,Don't know,21,S
Utilities,Equally male-/female-owned,None needed,130,4452
Utilities,Equally male-/female-owned,Total reporting,1322(r),285645(r)
Utilities,Equally male-/female-owned,Item not reported,118(r),S
Utilities,Hispanic,All firms,3188,305345
Utilities,Hispanic,Personal/family savings of owner(s),504,S
Utilities,Hispanic,Personal/family assets other than savings of owner(s),0,0
Utilities,Hispanic,Personal/family home equity loan,2,S
Utilities,Hispanic,Personal credit card(s) carrying balances,55,2967
Utilities,Hispanic,Business credit card(s) carrying balances,2,S
Utilities,Hispanic,"Business loan from federal, state, or local government",0,0
Utilities,Hispanic,Government-guaranteed business loan from a bank or financial institution,0,0
Utilities,Hispanic,Business loan from a bank or financial institution,0,0
Utilities,Hispanic,Business loan/investment from family/friends,0,0
Utilities,Hispanic,Investment by venture capitalist(s),0,0
Utilities,Hispanic,Grants,0,0
Utilities,Hispanic,Other source(s) of capital,30,S
Utilities,Hispanic,Don't know,122,S
Utilities,Hispanic,None needed,299,S
Utilities,Hispanic,Total reporting,1003,S
Utilities,Hispanic,Item not reported,190,3575
Utilities,"Hispanic, female-owned",All firms,1132,192530
Utilities,"Hispanic, female-owned",Personal/family savings of owner(s),111,S
Utilities,"Hispanic, female-owned",Personal/family assets other than savings of owner(s),0,0
Utilities,"Hispanic, female-owned",Personal/family home equity loan,0,0
Utilities,"Hispanic, female-owned",Personal credit card(s) carrying balances,0,0
Utilities,"Hispanic, female-owned",Business credit card(s) carrying balances,2,S
Utilities,"Hispanic, female-owned","Business loan from federal, state, or local government",0,0
Utilities,"Hispanic, female-owned",Government-guaranteed business loan from a bank or financial institution,0,0
Utilities,"Hispanic, female-owned",Business loan from a bank or financial institution,0,0
Utilities,"Hispanic, female-owned",Business loan/investment from family/friends,0,0
Utilities,"Hispanic, female-owned",Investment by venture capitalist(s),0,0
Utilities,"Hispanic, female-owned",Grants,0,0
Utilities,"Hispanic, female-owned",Other source(s) of capital,9,S
Utilities,"Hispanic, female-owned",Don't know,5,S
Utilities,"Hispanic, female-owned",None needed,65,S
Utilities,"Hispanic, female-owned",Total reporting,190,S
Utilities,"Hispanic, female-owned",Item not reported,95,S
Utilities,"Hispanic, male-owned",All firms,2004,112086
Utilities,"Hispanic, male-owned",Personal/family savings of owner(s),357,S
Utilities,"Hispanic, male-owned",Personal/family assets other than savings of owner(s),0,0
Utilities,"Hispanic, male-owned",Personal/family home equity loan,2,S
Utilities,"Hispanic, male-owned",Personal credit card(s) carrying balances,55,2967
Utilities,"Hispanic, male-owned",Business credit card(s) carrying balances,0,0
Utilities,"Hispanic, male-owned","Business loan from federal, state, or local government",0,0
Utilities,"Hispanic, male-owned",Government-guaranteed business loan from a bank or financial institution,0,0
Utilities,"Hispanic, male-owned",Business loan from a bank or financial institution,0,0
Utilities,"Hispanic, male-owned",Business loan/investment from family/friends,0,0
Utilities,"Hispanic, male-owned",Investment by venture capitalist(s),0,0
Utilities,"Hispanic, male-owned",Grants,0,0
Utilities,"Hispanic, male-owned",Other source(s) of capital,21,S
Utilities,"Hispanic, male-owned",Don't know,117,S
Utilities,"Hispanic, male-owned",None needed,235,S
Utilities,"Hispanic, male-owned",Total reporting,778,81742
Utilities,"Hispanic, male-owned",Item not reported,53,S
Utilities,"Hispanic, equally male-/female-owned",All firms,53,S
Utilities,"Hispanic, equally male-/female-owned",Personal/family savings of owner(s),35,S
Utilities,"Hispanic, equally male-/female-owned",Personal/family assets other than savings of owner(s),0,S
Utilities,"Hispanic, equally male-/female-owned",Personal/family home equity loan,0,S
Utilities,"Hispanic, equally male-/female-owned",Personal credit card(s) carrying balances,0,S
Utilities,"Hispanic, equally male-/female-owned",Business credit card(s) carrying balances,0,S
Utilities,"Hispanic, equally male-/female-owned","Business loan from federal, state, or local government",0,S
Utilities,"Hispanic, equally male-/female-owned",Government-guaranteed business loan from a bank or financial institution,0,S
Utilities,"Hispanic, equally male-/female-owned",Business loan from a bank or financial institution,0,S
Utilities,"Hispanic, equally male-/female-owned",Business loan/investment from family/friends,0,S
Utilities,"Hispanic, equally male-/female-owned",Investment by venture capitalist(s),0,S
Utilities,"Hispanic, equally male-/female-owned",Grants,0,S
Utilities,"Hispanic, equally male-/female-owned",Other source(s) of capital,0,S
Utilities,"Hispanic, equally male-/female-owned",Don't know,0,S
Utilities,"Hispanic, equally male-/female-owned",None needed,0,S
Utilities,"Hispanic, equally male-/female-owned",Total reporting,35,S
Utilities,"Hispanic, equally male-/female-owned",Item not reported,42,S
Utilities,Equally Hispanic/non-Hispanic,All firms,109,992295
Utilities,Equally Hispanic/non-Hispanic,Personal/family savings of owner(s),69,S
Utilities,Equally Hispanic/non-Hispanic,Personal/family assets other than savings of owner(s),0,0
Utilities,Equally Hispanic/non-Hispanic,Personal/family home equity loan,2,S
Utilities,Equally Hispanic/non-Hispanic,Personal credit card(s) carrying balances,0,0
Utilities,Equally Hispanic/non-Hispanic,Business credit card(s) carrying balances,0,0
Utilities,Equally Hispanic/non-Hispanic,"Business loan from federal, state, or local government",0,0
Utilities,Equally Hispanic/non-Hispanic,Government-guaranteed business loan from a bank or financial institution,0,0
Utilities,Equally Hispanic/non-Hispanic,Business loan from a bank or financial institution,52,S
Utilities,Equally Hispanic/non-Hispanic,Business loan/investment from family/friends,0,0
Utilities,Equally Hispanic/non-Hispanic,Investment by venture capitalist(s),0,0
Utilities,Equally Hispanic/non-Hispanic,Grants,0,0
Utilities,Equally Hispanic/non-Hispanic,Other source(s) of capital,0,0
Utilities,Equally Hispanic/non-Hispanic,Don't know,2,S
Utilities,Equally Hispanic/non-Hispanic,None needed,0,0
Utilities,Equally Hispanic/non-Hispanic,Total reporting,71,S
Utilities,Equally Hispanic/non-Hispanic,Item not reported,0,0
Utilities,"Equally Hispanic/non-Hispanic, female-owned",All firms,0,0
Utilities,"Equally Hispanic/non-Hispanic, female-owned",Personal/family savings of owner(s),0,0
Utilities,"Equally Hispanic/non-Hispanic, female-owned",Personal/family assets other than savings of owner(s),0,0
Utilities,"Equally Hispanic/non-Hispanic, female-owned",Personal/family home equity loan,0,0
Utilities,"Equally Hispanic/non-Hispanic, female-owned",Personal credit card(s) carrying balances,0,0
Utilities,"Equally Hispanic/non-Hispanic, female-owned",Business credit card(s) carrying balances,0,0
Utilities,"Equally Hispanic/non-Hispanic, female-owned","Business loan from federal, state, or local government",0,0
Utilities,"Equally Hispanic/non-Hispanic, female-owned",Government-guaranteed business loan from a bank or financial institution,0,0
Utilities,"Equally Hispanic/non-Hispanic, female-owned",Business loan from a bank or financial institution,0,0
Utilities,"Equally Hispanic/non-Hispanic, female-owned",Business loan/investment from family/friends,0,0
Utilities,"Equally Hispanic/non-Hispanic, female-owned",Investment by venture capitalist(s),0,0
Utilities,"Equally Hispanic/non-Hispanic, female-owned",Grants,0,0
Utilities,"Equally Hispanic/non-Hispanic, female-owned",Other source(s) of capital,0,0
Utilities,"Equally Hispanic/non-Hispanic, female-owned",Don't know,0,0
Utilities,"Equally Hispanic/non-Hispanic, female-owned",None needed,0,0
Utilities,"Equally Hispanic/non-Hispanic, female-owned",Total reporting,0,0
Utilities,"Equally Hispanic/non-Hispanic, female-owned",Item not reported,0,0
Utilities,"Equally Hispanic/non-Hispanic, male-owned",All firms,25,984612
Utilities,"Equally Hispanic/non-Hispanic, male-owned",Personal/family savings of owner(s),58,S
Utilities,"Equally Hispanic/non-Hispanic, male-owned",Personal/family assets other than savings of owner(s),0,0
Utilities,"Equally Hispanic/non-Hispanic, male-owned",Personal/family home equity loan,0,0
Utilities,"Equally Hispanic/non-Hispanic, male-owned",Personal credit card(s) carrying balances,0,0
Utilities,"Equally Hispanic/non-Hispanic, male-owned",Business credit card(s) carrying balances,0,0
Utilities,"Equally Hispanic/non-Hispanic, male-owned","Business loan from federal, state, or local government",0,0
Utilities,"Equally Hispanic/non-Hispanic, male-owned",Government-guaranteed business loan from a bank or financial institution,0,0
Utilities,"Equally Hispanic/non-Hispanic, male-owned",Business loan from a bank or financial institution,52,S
Utilities,"Equally Hispanic/non-Hispanic, male-owned",Business loan/investment from family/friends,0,0
Utilities,"Equally Hispanic/non-Hispanic, male-owned",Investment by venture capitalist(s),0,0
Utilities,"Equally Hispanic/non-Hispanic, male-owned",Grants,0,0
Utilities,"Equally Hispanic/non-Hispanic, male-owned",Other source(s) of capital,0,0
Utilities,"Equally Hispanic/non-Hispanic, male-owned",Don't know,2,S
Utilities,"Equally Hispanic/non-Hispanic, male-owned",None needed,0,0
Utilities,"Equally Hispanic/non-Hispanic, male-owned",Total reporting,61,S
Utilities,"Equally Hispanic/non-Hispanic, male-owned",Item not reported,0,0
Utilities,"Equally Hispanic/non-Hispanic, equally male-/female-owned",All firms,84,7684
Utilities,"Equally Hispanic/non-Hispanic, equally male-/female-owned",Personal/family savings of owner(s),11,S
Utilities,"Equally Hispanic/non-Hispanic, equally male-/female-owned",Personal/family assets other than savings of owner(s),0,0
Utilities,"Equally Hispanic/non-Hispanic, equally male-/female-owned",Personal/family home equity loan,2,S
Utilities,"Equally Hispanic/non-Hispanic, equally male-/female-owned",Personal credit card(s) carrying balances,0,0
Utilities,"Equally Hispanic/non-Hispanic, equally male-/female-owned",Business credit card(s) carrying balances,0,0
Utilities,"Equally Hispanic/non-Hispanic, equally male-/female-owned","Business loan from federal, state, or local government",0,0
Utilities,"Equally Hispanic/non-Hispanic, equally male-/female-owned",Government-guaranteed business loan from a bank or financial institution,0,0
Utilities,"Equally Hispanic/non-Hispanic, equally male-/female-owned",Business loan from a bank or financial institution,0,0
Utilities,"Equally Hispanic/non-Hispanic, equally male-/female-owned",Business loan/investment from family/friends,0,0
Utilities,"Equally Hispanic/non-Hispanic, equally male-/female-owned",Investment by venture capitalist(s),0,0
Utilities,"Equally Hispanic/non-Hispanic, equally male-/female-owned",Grants,0,0
Utilities,"Equally Hispanic/non-Hispanic, equally male-/female-owned",Other source(s) of capital,0,0
Utilities,"Equally Hispanic/non-Hispanic, equally male-/female-owned",Don't know,0,0
Utilities,"Equally Hispanic/non-Hispanic, equally male-/female-owned",None needed,0,0
Utilities,"Equally Hispanic/non-Hispanic, equally male-/female-owned",Total reporting,11,S
Utilities,"Equally Hispanic/non-Hispanic, equally male-/female-owned",Item not reported,0,0
Utilities,Non-Hispanic,All firms,16101,24492817
Utilities,Non-Hispanic,Personal/family savings of owner(s),5133,6636580
Utilities,Non-Hispanic,Personal/family assets other than savings of owner(s),557,272549
Utilities,Non-Hispanic,Personal/family home equity loan,267,95795
Utilities,Non-Hispanic,Personal credit card(s) carrying balances,436,S
Utilities,Non-Hispanic,Business credit card(s) carrying balances,165,S
Utilities,Non-Hispanic,"Business loan from federal, state, or local government",8,S
Utilities,Non-Hispanic,Government-guaranteed business loan from a bank or financial institution,30,2863
Utilities,Non-Hispanic,Business loan from a bank or financial institution,754,843451
Utilities,Non-Hispanic,Business loan/investment from family/friends,106,S
Utilities,Non-Hispanic,Investment by venture capitalist(s),80,S
Utilities,Non-Hispanic,Grants,21,S
Utilities,Non-Hispanic,Other source(s) of capital,64,S
Utilities,Non-Hispanic,Don't know,730,1220782
Utilities,Non-Hispanic,None needed,2541,140351
Utilities,Non-Hispanic,Total reporting,9540(r),8886125(r)
Utilities,Non-Hispanic,Item not reported,254(r),7683(r)
Utilities,"Non-Hispanic, female-owned",All firms,2979,980376
Utilities,"Non-Hispanic, female-owned",Personal/family savings of owner(s),754,71578
Utilities,"Non-Hispanic, female-owned",Personal/family assets other than savings of owner(s),30,35753
Utilities,"Non-Hispanic, female-owned",Personal/family home equity loan,17,830
Utilities,"Non-Hispanic, female-owned",Personal credit card(s) carrying balances,105,S
Utilities,"Non-Hispanic, female-owned",Business credit card(s) carrying balances,19,S
Utilities,"Non-Hispanic, female-owned","Business loan from federal, state, or local government",6,S
Utilities,"Non-Hispanic, female-owned",Government-guaranteed business loan from a bank or financial institution,2,S
Utilities,"Non-Hispanic, female-owned",Business loan from a bank or financial institution,54,30273
Utilities,"Non-Hispanic, female-owned",Business loan/investment from family/friends,4,S
Utilities,"Non-Hispanic, female-owned",Investment by venture capitalist(s),0,0
Utilities,"Non-Hispanic, female-owned",Grants,0,0
Utilities,"Non-Hispanic, female-owned",Other source(s) of capital,10,S
Utilities,"Non-Hispanic, female-owned",Don't know,102,S
Utilities,"Non-Hispanic, female-owned",None needed,443,39059
Utilities,"Non-Hispanic, female-owned",Total reporting,1419(r),209211(r)
Utilities,"Non-Hispanic, female-owned",Item not reported,36(r),S
Utilities,"Non-Hispanic, male-owned",All firms,11241,22856195
Utilities,"Non-Hispanic, male-owned",Personal/family savings of owner(s),3568,6364066
Utilities,"Non-Hispanic, male-owned",Personal/family assets other than savings of owner(s),435,225408
Utilities,"Non-Hispanic, male-owned",Personal/family home equity loan,65,92132
Utilities,"Non-Hispanic, male-owned",Personal credit card(s) carrying balances,189,S
Utilities,"Non-Hispanic, male-owned",Business credit card(s) carrying balances,147,S
Utilities,"Non-Hispanic, male-owned","Business loan from federal, state, or local government",2,S
Utilities,"Non-Hispanic, male-owned",Government-guaranteed business loan from a bank or financial institution,13,2695
Utilities,"Non-Hispanic, male-owned",Business loan from a bank or financial institution,558,807181
Utilities,"Non-Hispanic, male-owned",Business loan/investment from family/friends,98,S
Utilities,"Non-Hispanic, male-owned",Investment by venture capitalist(s),80,S
Utilities,"Non-Hispanic, male-owned",Grants,19,S
Utilities,"Non-Hispanic, male-owned",Other source(s) of capital,54,18244
Utilities,"Non-Hispanic, male-owned",Don't know,607,1155095
Utilities,"Non-Hispanic, male-owned",None needed,1968,96840
Utilities,"Non-Hispanic, male-owned",Total reporting,6844(r),8393927(r)
Utilities,"Non-Hispanic, male-owned",Item not reported,142(r),S
Utilities,"Non-Hispanic, equally male-/female-owned",All firms,1881,656246
Utilities,"Non-Hispanic, equally male-/female-owned",Personal/family savings of owner(s),811,200937
Utilities,"Non-Hispanic, equally male-/female-owned",Personal/family assets other than savings of owner(s),92,11387
Utilities,"Non-Hispanic, equally male-/female-owned",Personal/family home equity loan,186,2832
Utilities,"Non-Hispanic, equally male-/female-owned",Personal credit card(s) carrying balances,142,S
Utilities,"Non-Hispanic, equally male-/female-owned",Business credit card(s) carrying balances,0,0
Utilities,"Non-Hispanic, equally male-/female-owned","Business loan from federal, state, or local government",0,0
Utilities,"Non-Hispanic, equally male-/female-owned",Government-guaranteed business loan from a bank or financial institution,15,S
Utilities,"Non-Hispanic, equally male-/female-owned",Business loan from a bank or financial institution,142,5997
Utilities,"Non-Hispanic, equally male-/female-owned",Business loan/investment from family/friends,4,S
Utilities,"Non-Hispanic, equally male-/female-owned",Investment by venture capitalist(s),0,0
Utilities,"Non-Hispanic, equally male-/female-owned",Grants,2,S
Utilities,"Non-Hispanic, equally male-/female-owned",Other source(s) of capital,0,0
Utilities,"Non-Hispanic, equally male-/female-owned",Don't know,21,S
Utilities,"Non-Hispanic, equally male-/female-owned",None needed,130,4452
Utilities,"Non-Hispanic, equally male-/female-owned",Total reporting,1276(r),282988(r)
Utilities,"Non-Hispanic, equally male-/female-owned",Item not reported,76(r),S
Utilities,White,All firms,15997,24759578
Utilities,White,Personal/family savings of owner(s),4963,6963314
Utilities,White,Personal/family assets other than savings of owner(s),532,272061
Utilities,White,Personal/family home equity loan,250,94871
Utilities,White,Personal credit card(s) carrying balances,384,S
Utilities,White,Business credit card(s) carrying balances,134,S
Utilities,White,"Business loan from federal, state, or local government",8,S
Utilities,White,Government-guaranteed business loan from a bank or financial institution,26,2627
Utilities,White,Business loan from a bank or financial institution,804,857365
Utilities,White,Business loan/investment from family/friends,82,S
Utilities,White,Investment by venture capitalist(s),80,S
Utilities,White,Grants,10,S
Utilities,White,Other source(s) of capital,62,S
Utilities,White,Don't know,765,1191163
Utilities,White,None needed,2578,143600
Utilities,White,Total reporting,9417(r),9185520(r)
Utilities,White,Item not reported,341(r),9626(r)
Utilities,"White, female-owned",All firms,2767,981061
Utilities,"White, female-owned",Personal/family savings of owner(s),674,S
Utilities,"White, female-owned",Personal/family assets other than savings of owner(s),28,35374
Utilities,"White, female-owned",Personal/family home equity loan,17,830
Utilities,"White, female-owned",Personal credit card(s) carrying balances,90,S
Utilities,"White, female-owned",Business credit card(s) carrying balances,21,S
Utilities,"White, female-owned","Business loan from federal, state, or local government",6,S
Utilities,"White, female-owned",Government-guaranteed business loan from a bank or financial institution,2,S
Utilities,"White, female-owned",Business loan from a bank or financial institution,54,30273
Utilities,"White, female-owned",Business loan/investment from family/friends,2,S
Utilities,"White, female-owned",Investment by venture capitalist(s),0,0
Utilities,"White, female-owned",Grants,0,0
Utilities,"White, female-owned",Other source(s) of capital,10,S
Utilities,"White, female-owned",Don't know,87,S
Utilities,"White, female-owned",None needed,428,39185
Utilities,"White, female-owned",Total reporting,1289(r),496247(r)
Utilities,"White, female-owned",Item not reported,89(r),S
Utilities,"White, male-owned",All firms,11357,23145173
Utilities,"White, male-owned",Personal/family savings of owner(s),3521,6404785
Utilities,"White, male-owned",Personal/family assets other than savings of owner(s),412,225300
Utilities,"White, male-owned",Personal/family home equity loan,45,91204
Utilities,"White, male-owned",Personal credit card(s) carrying balances,152,S
Utilities,"White, male-owned",Business credit card(s) carrying balances,113,S
Utilities,"White, male-owned","Business loan from federal, state, or local government",2,S
Utilities,"White, male-owned",Government-guaranteed business loan from a bank or financial institution,9,2459
Utilities,"White, male-owned",Business loan from a bank or financial institution,607,821095
Utilities,"White, male-owned",Business loan/investment from family/friends,76,S
Utilities,"White, male-owned",Investment by venture capitalist(s),80,S
Utilities,"White, male-owned",Grants,8,S
Utilities,"White, male-owned",Other source(s) of capital,52,18155
Utilities,"White, male-owned",Don't know,659,1125582
Utilities,"White, male-owned",None needed,2023,99967
Utilities,"White, male-owned",Total reporting,6898(r),8407640(r)
Utilities,"White, male-owned",Item not reported,175(r),S
Utilities,"White, equally male-/female-owned",All firms,1873,633344
Utilities,"White, equally male-/female-owned",Personal/family savings of owner(s),768,199600
Utilities,"White, equally male-/female-owned",Personal/family assets other than savings of owner(s),92,11387
Utilities,"White, equally male-/female-owned",Personal/family home equity loan,188,2836
Utilities,"White, equally male-/female-owned",Personal credit card(s) carrying balances,142,S
Utilities,"White, equally male-/female-owned",Business credit card(s) carrying balances,0,0
Utilities,"White, equally male-/female-owned","Business loan from federal, state, or local government",0,0
Utilities,"White, equally male-/female-owned",Government-guaranteed business loan from a bank or financial institution,15,S
Utilities,"White, equally male-/female-owned",Business loan from a bank or financial institution,142,5997
Utilities,"White, equally male-/female-owned",Business loan/investment from family/friends,4,S
Utilities,"White, equally male-/female-owned",Investment by venture capitalist(s),0,0
Utilities,"White, equally male-/female-owned",Grants,2,S
Utilities,"White, equally male-/female-owned",Other source(s) of capital,0,0
Utilities,"White, equally male-/female-owned",Don't know,19,S
Utilities,"White, equally male-/female-owned",None needed,128,4448
Utilities,"White, equally male-/female-owned",Total reporting,1230(r),281633(r)
Utilities,"White, equally male-/female-owned",Item not reported,76(r),S
Utilities,Black or African American,All firms,1646,28592
Utilities,Black or African American,Personal/family savings of owner(s),324,8669
Utilities,Black or African American,Personal/family assets other than savings of owner(s),21,S
Utilities,Black or African American,Personal/family home equity loan,0,0
Utilities,Black or African American,Personal credit card(s) carrying balances,21,629
Utilities,Black or African American,Business credit card(s) carrying balances,14,S
Utilities,Black or African American,"Business loan from federal, state, or local government",0,0
Utilities,Black or African American,Government-guaranteed business loan from a bank or financial institution,2,S
Utilities,Black or African American,Business loan from a bank or financial institution,0,0
Utilities,Black or African American,Business loan/investment from family/friends,4,206
Utilities,Black or African American,Investment by venture capitalist(s),0,0
Utilities,Black or African American,Grants,0,0
Utilities,Black or African American,Other source(s) of capital,4,S
Utilities,Black or African American,Don't know,27,S
Utilities,Black or African American,None needed,93,285
Utilities,Black or African American,Total reporting,449(r),11101(r)
Utilities,Black or African American,Item not reported,11(r),S
Utilities,"Black or African American, female-owned",All firms,634,5716
Utilities,"Black or African American, female-owned",Personal/family savings of owner(s),84,S
Utilities,"Black or African American, female-owned",Personal/family assets other than savings of owner(s),0,0
Utilities,"Black or African American, female-owned",Personal/family home equity loan,0,0
Utilities,"Black or African American, female-owned",Personal credit card(s) carrying balances,0,0
Utilities,"Black or African American, female-owned",Business credit card(s) carrying balances,0,0
Utilities,"Black or African American, female-owned","Business loan from federal, state, or local government",0,0
Utilities,"Black or African American, female-owned",Government-guaranteed business loan from a bank or financial institution,0,0
Utilities,"Black or African American, female-owned",Business loan from a bank or financial institution,0,0
Utilities,"Black or African American, female-owned",Business loan/investment from family/friends,2,S
Utilities,"Black or African American, female-owned",Investment by venture capitalist(s),0,0
Utilities,"Black or African American, female-owned",Grants,0,0
Utilities,"Black or African American, female-owned",Other source(s) of capital,0,0
Utilities,"Black or African American, female-owned",Don't know,13,S
Utilities,"Black or African American, female-owned",None needed,38,S
Utilities,"Black or African American, female-owned",Total reporting,136,S
Utilities,"Black or African American, female-owned",Item not reported,0,0
Utilities,"Black or African American, male-owned",All firms,979,21998
Utilities,"Black or African American, male-owned",Personal/family savings of owner(s),215,6800
Utilities,"Black or African American, male-owned",Personal/family assets other than savings of owner(s),21,S
Utilities,"Black or African American, male-owned",Personal/family home equity loan,0,0
Utilities,"Black or African American, male-owned",Personal credit card(s) carrying balances,21,629
Utilities,"Black or African American, male-owned",Business credit card(s) carrying balances,14,S
Utilities,"Black or African American, male-owned","Business loan from federal, state, or local government",0,0
Utilities,"Black or African American, male-owned",Government-guaranteed business loan from a bank or financial institution,2,S
Utilities,"Black or African American, male-owned",Business loan from a bank or financial institution,0,0
Utilities,"Black or African American, male-owned",Business loan/investment from family/friends,2,S
Utilities,"Black or African American, male-owned",Investment by venture capitalist(s),0,0
Utilities,"Black or African American, male-owned",Grants,0,0
Utilities,"Black or African American, male-owned",Other source(s) of capital,4,S
Utilities,"Black or African American, male-owned",Don't know,13,S
Utilities,"Black or African American, male-owned",None needed,55,170
Utilities,"Black or African American, male-owned",Total reporting,288(r),8942(r)
Utilities,"Black or African American, male-owned",Item not reported,11(r),S
Utilities,"Black or African American, equally male-/female-owned",All firms,34,S
Utilities,"Black or African American, equally male-/female-owned",Personal/family savings of owner(s),25,S
Utilities,"Black or African American, equally male-/female-owned",Personal/family assets other than savings of owner(s),0,S
Utilities,"Black or African American, equally male-/female-owned",Personal/family home equity loan,0,S
Utilities,"Black or African American, equally male-/female-owned",Personal credit card(s) carrying balances,0,S
Utilities,"Black or African American, equally male-/female-owned",Business credit card(s) carrying balances,0,S
Utilities,"Black or African American, equally male-/female-owned","Business loan from federal, state, or local government",0,S
Utilities,"Black or African American, equally male-/female-owned",Government-guaranteed business loan from a bank or financial institution,0,S
Utilities,"Black or African American, equally male-/female-owned",Business loan from a bank or financial institution,0,S
Utilities,"Black or African American, equally male-/female-owned",Business loan/investment from family/friends,0,S
Utilities,"Black or African American, equally male-/female-owned",Investment by venture capitalist(s),0,S
Utilities,"Black or African American, equally male-/female-owned",Grants,0,S
Utilities,"Black or African American, equally male-/female-owned",Other source(s) of capital,0,S
Utilities,"Black or African American, equally male-/female-owned",Don't know,0,S
Utilities,"Black or African American, equally male-/female-owned",None needed,0,S
Utilities,"Black or African American, equally male-/female-owned",Total reporting,25,S
Utilities,"Black or African American, equally male-/female-owned",Item not reported,0,S
Utilities,American Indian and Alaska Native,All firms,296,194775
Utilities,American Indian and Alaska Native,Personal/family savings of owner(s),105,S
Utilities,American Indian and Alaska Native,Personal/family assets other than savings of owner(s),2,S
Utilities,American Indian and Alaska Native,Personal/family home equity loan,0,0
Utilities,American Indian and Alaska Native,Personal credit card(s) carrying balances,0,0
Utilities,American Indian and Alaska Native,Business credit card(s) carrying balances,2,S
Utilities,American Indian and Alaska Native,"Business loan from federal, state, or local government",0,0
Utilities,American Indian and Alaska Native,Government-guaranteed business loan from a bank or financial institution,0,0
Utilities,American Indian and Alaska Native,Business loan from a bank or financial institution,6,S
Utilities,American Indian and Alaska Native,Business loan/investment from family/friends,0,0
Utilities,American Indian and Alaska Native,Investment by venture capitalist(s),0,0
Utilities,American Indian and Alaska Native,Grants,11,S
Utilities,American Indian and Alaska Native,Other source(s) of capital,0,0
Utilities,American Indian and Alaska Native,Don't know,2,S
Utilities,American Indian and Alaska Native,None needed,33,878
Utilities,American Indian and Alaska Native,Total reporting,153,25125
Utilities,American Indian and Alaska Native,Item not reported,4,S
Utilities,"American Indian and Alaska Native, female-owned",All firms,48,179955
Utilities,"American Indian and Alaska Native, female-owned",Personal/family savings of owner(s),19,S
Utilities,"American Indian and Alaska Native, female-owned",Personal/family assets other than savings of owner(s),2,S
Utilities,"American Indian and Alaska Native, female-owned",Personal/family home equity loan,0,0
Utilities,"American Indian and Alaska Native, female-owned",Personal credit card(s) carrying balances,0,0
Utilities,"American Indian and Alaska Native, female-owned",Business credit card(s) carrying balances,0,0
Utilities,"American Indian and Alaska Native, female-owned","Business loan from federal, state, or local government",0,0
Utilities,"American Indian and Alaska Native, female-owned",Government-guaranteed business loan from a bank or financial institution,0,0
Utilities,"American Indian and Alaska Native, female-owned",Business loan from a bank or financial institution,6,S
Utilities,"American Indian and Alaska Native, female-owned",Business loan/investment from family/friends,0,0
Utilities,"American Indian and Alaska Native, female-owned",Investment by venture capitalist(s),0,0
Utilities,"American Indian and Alaska Native, female-owned",Grants,0,0
Utilities,"American Indian and Alaska Native, female-owned",Other source(s) of capital,0,0
Utilities,"American Indian and Alaska Native, female-owned",Don't know,2,S
Utilities,"American Indian and Alaska Native, female-owned",None needed,2,S
Utilities,"American Indian and Alaska Native, female-owned",Total reporting,25,S
Utilities,"American Indian and Alaska Native, female-owned",Item not reported,0,0
Utilities,"American Indian and Alaska Native, male-owned",All firms,247,13328
Utilities,"American Indian and Alaska Native, male-owned",Personal/family savings of owner(s),86,S
Utilities,"American Indian and Alaska Native, male-owned",Personal/family assets other than savings of owner(s),0,0
Utilities,"American Indian and Alaska Native, male-owned",Personal/family home equity loan,0,0
Utilities,"American Indian and Alaska Native, male-owned",Personal credit card(s) carrying balances,0,0
Utilities,"American Indian and Alaska Native, male-owned",Business credit card(s) carrying balances,2,S
Utilities,"American Indian and Alaska Native, male-owned","Business loan from federal, state, or local government",0,0
Utilities,"American Indian and Alaska Native, male-owned",Government-guaranteed business loan from a bank or financial institution,0,0
Utilities,"American Indian and Alaska Native, male-owned",Business loan from a bank or financial institution,0,0
Utilities,"American Indian and Alaska Native, male-owned",Business loan/investment from family/friends,0,0
Utilities,"American Indian and Alaska Native, male-owned",Investment by venture capitalist(s),0,0
Utilities,"American Indian and Alaska Native, male-owned",Grants,11,S
Utilities,"American Indian and Alaska Native, male-owned",Other source(s) of capital,0,0
Utilities,"American Indian and Alaska Native, male-owned",Don't know,0,0
Utilities,"American Indian and Alaska Native, male-owned",None needed,31,846
Utilities,"American Indian and Alaska Native, male-owned",Total reporting,128,S
Utilities,"American Indian and Alaska Native, male-owned",Item not reported,4,S
Utilities,"American Indian and Alaska Native, equally male-/female-owned",All firms,1,S
Utilities,"American Indian and Alaska Native, equally male-/female-owned",Personal/family savings of owner(s),0,S
Utilities,"American Indian and Alaska Native, equally male-/female-owned",Personal/family assets other than savings of owner(s),0,S
Utilities,"American Indian and Alaska Native, equally male-/female-owned",Personal/family home equity loan,0,S
Utilities,"American Indian and Alaska Native, equally male-/female-owned",Personal credit card(s) carrying balances,0,S
Utilities,"American Indian and Alaska Native, equally male-/female-owned",Business credit card(s) carrying balances,0,S
Utilities,"American Indian and Alaska Native, equally male-/female-owned","Business loan from federal, state, or local government",0,S
Utilities,"American Indian and Alaska Native, equally male-/female-owned",Government-guaranteed business loan from a bank or financial institution,0,S
Utilities,"American Indian and Alaska Native, equally male-/female-owned",Business loan from a bank or financial institution,0,S
Utilities,"American Indian and Alaska Native, equally male-/female-owned",Business loan/investment from family/friends,0,S
Utilities,"American Indian and Alaska Native, equally male-/female-owned",Investment by venture capitalist(s),0,S
Utilities,"American Indian and Alaska Native, equally male-/female-owned",Grants,0,S
Utilities,"American Indian and Alaska Native, equally male-/female-owned",Other source(s) of capital,0,S
Utilities,"American Indian and Alaska Native, equally male-/female-owned",Don't know,0,S
Utilities,"American Indian and Alaska Native, equally male-/female-owned",None needed,0,S
Utilities,"American Indian and Alaska Native, equally male-/female-owned",Total reporting,0,S
Utilities,"American Indian and Alaska Native, equally male-/female-owned",Item not reported,0,S
Utilities,Asian,All firms,525,755746
Utilities,Asian,Personal/family savings of owner(s),132,S
Utilities,Asian,Personal/family assets other than savings of owner(s),2,S
Utilities,Asian,Personal/family home equity loan,2,S
Utilities,Asian,Personal credit card(s) carrying balances,28,S
Utilities,Asian,Business credit card(s) carrying balances,2,S
Utilities,Asian,"Business loan from federal, state, or local government",0,0
Utilities,Asian,Government-guaranteed business loan from a bank or financial institution,2,S
Utilities,Asian,Business loan from a bank or financial institution,4,S
Utilities,Asian,Business loan/investment from family/friends,2,S
Utilities,Asian,Investment by venture capitalist(s),2,S
Utilities,Asian,Grants,0,0
Utilities,Asian,Other source(s) of capital,4,S
Utilities,Asian,Don't know,24,S
Utilities,Asian,None needed,61,S
Utilities,Asian,Total reporting,237,S
Utilities,Asian,Item not reported,7,S
Utilities,"Asian, female-owned",All firms,208,3882
Utilities,"Asian, female-owned",Personal/family savings of owner(s),66,S
Utilities,"Asian, female-owned",Personal/family assets other than savings of owner(s),0,0
Utilities,"Asian, female-owned",Personal/family home equity loan,0,0
Utilities,"Asian, female-owned",Personal credit card(s) carrying balances,16,S
Utilities,"Asian, female-owned",Business credit card(s) carrying balances,0,0
Utilities,"Asian, female-owned","Business loan from federal, state, or local government",0,0
Utilities,"Asian, female-owned",Government-guaranteed business loan from a bank or financial institution,0,0
Utilities,"Asian, female-owned",Business loan from a bank or financial institution,0,0
Utilities,"Asian, female-owned",Business loan/investment from family/friends,0,0
Utilities,"Asian, female-owned",Investment by venture capitalist(s),0,0
Utilities,"Asian, female-owned",Grants,0,0
Utilities,"Asian, female-owned",Other source(s) of capital,2,S
Utilities,"Asian, female-owned",Don't know,2,S
Utilities,"Asian, female-owned",None needed,21,S
Utilities,"Asian, female-owned",Total reporting,107,S
Utilities,"Asian, female-owned",Item not reported,0,0
Utilities,"Asian, male-owned",All firms,259,727704
Utilities,"Asian, male-owned",Personal/family savings of owner(s),45,1886
Utilities,"Asian, male-owned",Personal/family assets other than savings of owner(s),2,S
Utilities,"Asian, male-owned",Personal/family home equity loan,2,S
Utilities,"Asian, male-owned",Personal credit card(s) carrying balances,13,S
Utilities,"Asian, male-owned",Business credit card(s) carrying balances,2,S
Utilities,"Asian, male-owned","Business loan from federal, state, or local government",0,0
Utilities,"Asian, male-owned",Government-guaranteed business loan from a bank or financial institution,2,S
Utilities,"Asian, male-owned",Business loan from a bank or financial institution,4,S
Utilities,"Asian, male-owned",Business loan/investment from family/friends,2,S
Utilities,"Asian, male-owned",Investment by venture capitalist(s),2,S
Utilities,"Asian, male-owned",Grants,0,0
Utilities,"Asian, male-owned",Other source(s) of capital,2,S
Utilities,"Asian, male-owned",Don't know,20,S
Utilities,"Asian, male-owned",None needed,40,S
Utilities,"Asian, male-owned",Total reporting,107,S
Utilities,"Asian, male-owned",Item not reported,7,S
Utilities,"Asian, equally male-/female-owned",All firms,57,S
Utilities,"Asian, equally male-/female-owned",Personal/family savings of owner(s),22,S
Utilities,"Asian, equally male-/female-owned",Personal/family assets other than savings of owner(s),0,S
Utilities,"Asian, equally male-/female-owned",Personal/family home equity loan,0,S
Utilities,"Asian, equally male-/female-owned",Personal credit card(s) carrying balances,0,S
Utilities,"Asian, equally male-/female-owned",Business credit card(s) carrying balances,0,S
Utilities,"Asian, equally male-/female-owned","Business loan from federal, state, or local government",0,S
Utilities,"Asian, equally male-/female-owned",Government-guaranteed business loan from a bank or financial institution,0,S
Utilities,"Asian, equally male-/female-owned",Business loan from a bank or financial institution,0,S
Utilities,"Asian, equally male-/female-owned",Business loan/investment from family/friends,0,S
Utilities,"Asian, equally male-/female-owned",Investment by venture capitalist(s),0,S
Utilities,"Asian, equally male-/female-owned",Grants,0,S
Utilities,"Asian, equally male-/female-owned",Other source(s) of capital,0,S
Utilities,"Asian, equally male-/female-owned",Don't know,2,S
Utilities,"Asian, equally male-/female-owned",None needed,0,S
Utilities,"Asian, equally male-/female-owned",Total reporting,24,S
Utilities,"Asian, equally male-/female-owned",Item not reported,0,S
Utilities,Native Hawaiian and Other Pacific Islander,All firms,23,493
Utilities,Native Hawaiian and Other Pacific Islander,Personal/family savings of owner(s),10,50
Utilities,Native Hawaiian and Other Pacific Islander,Personal/family assets other than savings of owner(s),0,0
Utilities,Native Hawaiian and Other Pacific Islander,Personal/family home equity loan,0,0
Utilities,Native Hawaiian and Other Pacific Islander,Personal credit card(s) carrying balances,0,0
Utilities,Native Hawaiian and Other Pacific Islander,Business credit card(s) carrying balances,0,0
Utilities,Native Hawaiian and Other Pacific Islander,"Business loan from federal, state, or local government",0,0
Utilities,Native Hawaiian and Other Pacific Islander,Government-guaranteed business loan from a bank or financial institution,0,0
Utilities,Native Hawaiian and Other Pacific Islander,Business loan from a bank or financial institution,0,0
Utilities,Native Hawaiian and Other Pacific Islander,Business loan/investment from family/friends,0,0
Utilities,Native Hawaiian and Other Pacific Islander,Investment by venture capitalist(s),0,0
Utilities,Native Hawaiian and Other Pacific Islander,Grants,0,0
Utilities,Native Hawaiian and Other Pacific Islander,Other source(s) of capital,0,0
Utilities,Native Hawaiian and Other Pacific Islander,Don't know,0,0
Utilities,Native Hawaiian and Other Pacific Islander,None needed,0,0
Utilities,Native Hawaiian and Other Pacific Islander,Total reporting,10,50
Utilities,Native Hawaiian and Other Pacific Islander,Item not reported,0,0
Utilities,"Native Hawaiian and Other Pacific Islander, female-owned",All firms,5,38
Utilities,"Native Hawaiian and Other Pacific Islander, female-owned",Personal/family savings of owner(s),2,S
Utilities,"Native Hawaiian and Other Pacific Islander, female-owned",Personal/family assets other than savings of owner(s),0,0
Utilities,"Native Hawaiian and Other Pacific Islander, female-owned",Personal/family home equity loan,0,0
Utilities,"Native Hawaiian and Other Pacific Islander, female-owned",Personal credit card(s) carrying balances,0,0
Utilities,"Native Hawaiian and Other Pacific Islander, female-owned",Business credit card(s) carrying balances,0,0
Utilities,"Native Hawaiian and Other Pacific Islander, female-owned","Business loan from federal, state, or local government",0,0
Utilities,"Native Hawaiian and Other Pacific Islander, female-owned",Government-guaranteed business loan from a bank or financial institution,0,0
Utilities,"Native Hawaiian and Other Pacific Islander, female-owned",Business loan from a bank or financial institution,0,0
Utilities,"Native Hawaiian and Other Pacific Islander, female-owned",Business loan/investment from family/friends,0,0
Utilities,"Native Hawaiian and Other Pacific Islander, female-owned",Investment by venture capitalist(s),0,0
Utilities,"Native Hawaiian and Other Pacific Islander, female-owned",Grants,0,0
Utilities,"Native Hawaiian and Other Pacific Islander, female-owned",Other source(s) of capital,0,0
Utilities,"Native Hawaiian and Other Pacific Islander, female-owned",Don't know,0,0
Utilities,"Native Hawaiian and Other Pacific Islander, female-owned",None needed,0,0
Utilities,"Native Hawaiian and Other Pacific Islander, female-owned",Total reporting,2,S
Utilities,"Native Hawaiian and Other Pacific Islander, female-owned",Item not reported,0,0
Utilities,"Native Hawaiian and Other Pacific Islander, male-owned",All firms,17,312
Utilities,"Native Hawaiian and Other Pacific Islander, male-owned",Personal/family savings of owner(s),8,S
Utilities,"Native Hawaiian and Other Pacific Islander, male-owned",Personal/family assets other than savings of owner(s),0,0
Utilities,"Native Hawaiian and Other Pacific Islander, male-owned",Personal/family home equity loan,0,0
Utilities,"Native Hawaiian and Other Pacific Islander, male-owned",Personal credit card(s) carrying balances,0,0
Utilities,"Native Hawaiian and Other Pacific Islander, male-owned",Business credit card(s) carrying balances,0,0
Utilities,"Native Hawaiian and Other Pacific Islander, male-owned","Business loan from federal, state, or local government",0,0
Utilities,"Native Hawaiian and Other Pacific Islander, male-owned",Government-guaranteed business loan from a bank or financial institution,0,0
Utilities,"Native Hawaiian and Other Pacific Islander, male-owned",Business loan from a bank or financial institution,0,0
Utilities,"Native Hawaiian and Other Pacific Islander, male-owned",Business loan/investment from family/friends,0,0
Utilities,"Native Hawaiian and Other Pacific Islander, male-owned",Investment by venture capitalist(s),0,0
Utilities,"Native Hawaiian and Other Pacific Islander, male-owned",Grants,0,0
Utilities,"Native Hawaiian and Other Pacific Islander, male-owned",Other source(s) of capital,0,0
Utilities,"Native Hawaiian and Other Pacific Islander, male-owned",Don't know,0,0
Utilities,"Native Hawaiian and Other Pacific Islander, male-owned",None needed,0,0
Utilities,"Native Hawaiian and Other Pacific Islander, male-owned",Total reporting,8,S
Utilities,"Native Hawaiian and Other Pacific Islander, male-owned",Item not reported,0,0
Utilities,"Native Hawaiian and Other Pacific Islander, equally male-/female-owned",All firms,1,S
Utilities,"Native Hawaiian and Other Pacific Islander, equally male-/female-owned",Personal/family savings of owner(s),0,S
Utilities,"Native Hawaiian and Other Pacific Islander, equally male-/female-owned",Personal/family assets other than savings of owner(s),0,S
Utilities,"Native Hawaiian and Other Pacific Islander, equally male-/female-owned",Personal/family home equity loan,0,S
Utilities,"Native Hawaiian and Other Pacific Islander, equally male-/female-owned",Personal credit card(s) carrying balances,0,S
Utilities,"Native Hawaiian and Other Pacific Islander, equally male-/female-owned",Business credit card(s) carrying balances,0,S
Utilities,"Native Hawaiian and Other Pacific Islander, equally male-/female-owned","Business loan from federal, state, or local government",0,S
Utilities,"Native Hawaiian and Other Pacific Islander, equally male-/female-owned",Government-guaranteed business loan from a bank or financial institution,0,S
Utilities,"Native Hawaiian and Other Pacific Islander, equally male-/female-owned",Business loan from a bank or financial institution,0,S
Utilities,"Native Hawaiian and Other Pacific Islander, equally male-/female-owned",Business loan/investment from family/friends,0,S
Utilities,"Native Hawaiian and Other Pacific Islander, equally male-/female-owned",Investment by venture capitalist(s),0,S
Utilities,"Native Hawaiian and Other Pacific Islander, equally male-/female-owned",Grants,0,S
Utilities,"Native Hawaiian and Other Pacific Islander, equally male-/female-owned",Other source(s) of capital,0,S
Utilities,"Native Hawaiian and Other Pacific Islander, equally male-/female-owned",Don't know,0,S
Utilities,"Native Hawaiian and Other Pacific Islander, equally male-/female-owned",None needed,0,S
Utilities,"Native Hawaiian and Other Pacific Islander, equally male-/female-owned",Total reporting,0,S
Utilities,"Native Hawaiian and Other Pacific Islander, equally male-/female-owned",Item not reported,0,S
Utilities,Some other race,All firms,1232,50243
Utilities,Some other race,Personal/family savings of owner(s),224,S
Utilities,Some other race,Personal/family assets other than savings of owner(s),0,0
Utilities,Some other race,Personal/family home equity loan,2,S
Utilities,Some other race,Personal credit card(s) carrying balances,41,940
Utilities,Some other race,Business credit card(s) carrying balances,0,0
Utilities,Some other race,"Business loan from federal, state, or local government",0,0
Utilities,Some other race,Government-guaranteed business loan from a bank or financial institution,0,0
Utilities,Some other race,Business loan from a bank or financial institution,0,0
Utilities,Some other race,Business loan/investment from family/friends,0,0
Utilities,Some other race,Investment by venture capitalist(s),0,0
Utilities,Some other race,Grants,0,0
Utilities,Some other race,Other source(s) of capital,28,S
Utilities,Some other race,Don't know,34,S
Utilities,Some other race,None needed,92,S
Utilities,Some other race,Total reporting,415,S
Utilities,Some other race,Item not reported,83,S
Utilities,"Some other race, female-owned",All firms,527,7621
Utilities,"Some other race, female-owned",Personal/family savings of owner(s),46,S
Utilities,"Some other race, female-owned",Personal/family assets other than savings of owner(s),0,0
Utilities,"Some other race, female-owned",Personal/family home equity loan,0,0
Utilities,"Some other race, female-owned",Personal credit card(s) carrying balances,0,0
Utilities,"Some other race, female-owned",Business credit card(s) carrying balances,0,0
Utilities,"Some other race, female-owned","Business loan from federal, state, or local government",0,0
Utilities,"Some other race, female-owned",Government-guaranteed business loan from a bank or financial institution,0,0
Utilities,"Some other race, female-owned",Business loan from a bank or financial institution,0,0
Utilities,"Some other race, female-owned",Business loan/investment from family/friends,0,0
Utilities,"Some other race, female-owned",Investment by venture capitalist(s),0,0
Utilities,"Some other race, female-owned",Grants,0,0
Utilities,"Some other race, female-owned",Other source(s) of capital,7,S
Utilities,"Some other race, female-owned",Don't know,2,S
Utilities,"Some other race, female-owned",None needed,19,S
Utilities,"Some other race, female-owned",Total reporting,74,S
Utilities,"Some other race, female-owned",Item not reported,42,S
Utilities,"Some other race, male-owned",All firms,680,S
Utilities,"Some other race, male-owned",Personal/family savings of owner(s),178,S
Utilities,"Some other race, male-owned",Personal/family assets other than savings of owner(s),0,S
Utilities,"Some other race, male-owned",Personal/family home equity loan,2,S
Utilities,"Some other race, male-owned",Personal credit card(s) carrying balances,41,S
Utilities,"Some other race, male-owned",Business credit card(s) carrying balances,0,S
Utilities,"Some other race, male-owned","Business loan from federal, state, or local government",0,S
Utilities,"Some other race, male-owned",Government-guaranteed business loan from a bank or financial institution,0,S
Utilities,"Some other race, male-owned",Business loan from a bank or financial institution,0,S
Utilities,"Some other race, male-owned",Business loan/investment from family/friends,0,S
Utilities,"Some other race, male-owned",Investment by venture capitalist(s),0,S
Utilities,"Some other race, male-owned",Grants,0,S
Utilities,"Some other race, male-owned",Other source(s) of capital,21,S
Utilities,"Some other race, male-owned",Don't know,32,S
Utilities,"Some other race, male-owned",None needed,73,S
Utilities,"Some other race, male-owned",Total reporting,341,S
Utilities,"Some other race, male-owned",Item not reported,0,S
Utilities,"Some other race, equally male-/female-owned",All firms,25,S
Utilities,"Some other race, equally male-/female-owned",Personal/family savings of owner(s),0,S
Utilities,"Some other race, equally male-/female-owned",Personal/family assets other than savings of owner(s),0,S
Utilities,"Some other race, equally male-/female-owned",Personal/family home equity loan,0,S
Utilities,"Some other race, equally male-/female-owned",Personal credit card(s) carrying balances,0,S
Utilities,"Some other race, equally male-/female-owned",Business credit card(s) carrying balances,0,S
Utilities,"Some other race, equally male-/female-owned","Business loan from federal, state, or local government",0,S
Utilities,"Some other race, equally male-/female-owned",Government-guaranteed business loan from a bank or financial institution,0,S
Utilities,"Some other race, equally male-/female-owned",Business loan from a bank or financial institution,0,S
Utilities,"Some other race, equally male-/female-owned",Business loan/investment from family/friends,0,S
Utilities,"Some other race, equally male-/female-owned",Investment by venture capitalist(s),0,S
Utilities,"Some other race, equally male-/female-owned",Grants,0,S
Utilities,"Some other race, equally male-/female-owned",Other source(s) of capital,0,S
Utilities,"Some other race, equally male-/female-owned",Don't know,0,S
Utilities,"Some other race, equally male-/female-owned",None needed,0,S
Utilities,"Some other race, equally male-/female-owned",Total reporting,0,S
Utilities,"Some other race, equally male-/female-owned",Item not reported,42,S
Utilities,Minority,All firms,5461,1281238
Utilities,Minority,Personal/family savings of owner(s),1089,S
Utilities,Minority,Personal/family assets other than savings of owner(s),25,S
Utilities,Minority,Personal/family home equity loan,23,S
Utilities,Minority,Personal credit card(s) carrying balances,124,5231
Utilities,Minority,Business credit card(s) carrying balances,39,3112
Utilities,Minority,"Business loan from federal, state, or local government",0,0
Utilities,Minority,Government-guaranteed business loan from a bank or financial institution,4,S
Utilities,Minority,Business loan from a bank or financial institution,10,S
Utilities,Minority,Business loan/investment from family/friends,25,S
Utilities,Minority,Investment by venture capitalist(s),2,S
Utilities,Minority,Grants,11,S
Utilities,Minority,Other source(s) of capital,38,S
Utilities,Minority,Don't know,174,S
Utilities,Minority,None needed,487,S
Utilities,Minority,Total reporting,1866(r),455473(r)
Utilities,Minority,Item not reported,212(r),3965(r)
Utilities,"Minority, female-owned",All firms,1965,381515
Utilities,"Minority, female-owned",Personal/family savings of owner(s),267,S
Utilities,"Minority, female-owned",Personal/family assets other than savings of owner(s),2,S
Utilities,"Minority, female-owned",Personal/family home equity loan,0,0
Utilities,"Minority, female-owned",Personal credit card(s) carrying balances,16,S
Utilities,"Minority, female-owned",Business credit card(s) carrying balances,2,S
Utilities,"Minority, female-owned","Business loan from federal, state, or local government",0,0
Utilities,"Minority, female-owned",Government-guaranteed business loan from a bank or financial institution,0,0
Utilities,"Minority, female-owned",Business loan from a bank or financial institution,6,S
Utilities,"Minority, female-owned",Business loan/investment from family/friends,2,S
Utilities,"Minority, female-owned",Investment by venture capitalist(s),0,0
Utilities,"Minority, female-owned",Grants,0,0
Utilities,"Minority, female-owned",Other source(s) of capital,11,S
Utilities,"Minority, female-owned",Don't know,22,S
Utilities,"Minority, female-owned",None needed,127,784
Utilities,"Minority, female-owned",Total reporting,448,S
Utilities,"Minority, female-owned",Item not reported,95,S
Utilities,"Minority, male-owned",All firms,3349,872297
Utilities,"Minority, male-owned",Personal/family savings of owner(s),740,79960
Utilities,"Minority, male-owned",Personal/family assets other than savings of owner(s),23,S
Utilities,"Minority, male-owned",Personal/family home equity loan,23,S
Utilities,"Minority, male-owned",Personal credit card(s) carrying balances,108,5216
Utilities,"Minority, male-owned",Business credit card(s) carrying balances,37,S
Utilities,"Minority, male-owned","Business loan from federal, state, or local government",0,0
Utilities,"Minority, male-owned",Government-guaranteed business loan from a bank or financial institution,4,S
Utilities,"Minority, male-owned",Business loan from a bank or financial institution,4,S
Utilities,"Minority, male-owned",Business loan/investment from family/friends,23,S
Utilities,"Minority, male-owned",Investment by venture capitalist(s),2,S
Utilities,"Minority, male-owned",Grants,11,S
Utilities,"Minority, male-owned",Other source(s) of capital,27,S
Utilities,"Minority, male-owned",Don't know,150,S
Utilities,"Minority, male-owned",None needed,359,S
Utilities,"Minority, male-owned",Total reporting,1335(r),142342(r)
Utilities,"Minority, male-owned",Item not reported,75(r),S
Utilities,"Minority, equally male-/female-owned",All firms,147,S
Utilities,"Minority, equally male-/female-owned",Personal/family savings of owner(s),81,S
Utilities,"Minority, equally male-/female-owned",Personal/family assets other than savings of owner(s),0,S
Utilities,"Minority, equally male-/female-owned",Personal/family home equity loan,0,S
Utilities,"Minority, equally male-/female-owned",Personal credit card(s) carrying balances,0,S
Utilities,"Minority, equally male-/female-owned",Business credit card(s) carrying balances,0,S
Utilities,"Minority, equally male-/female-owned","Business loan from federal, state, or local government",0,S
Utilities,"Minority, equally male-/female-owned",Government-guaranteed business loan from a bank or financial institution,0,S
Utilities,"Minority, equally male-/female-owned",Business loan from a bank or financial institution,0,S
Utilities,"Minority, equally male-/female-owned",Business loan/investment from family/friends,0,S
Utilities,"Minority, equally male-/female-owned",Investment by venture capitalist(s),0,S
Utilities,"Minority, equally male-/female-owned",Grants,0,S
Utilities,"Minority, equally male-/female-owned",Other source(s) of capital,0,S
Utilities,"Minority, equally male-/female-owned",Don't know,2,S
Utilities,"Minority, equally male-/female-owned",None needed,0,S
Utilities,"Minority, equally male-/female-owned",Total reporting,83,S
Utilities,"Minority, equally male-/female-owned",Item not reported,42,S
Utilities,Equally minority/nonminority,All firms,195,997312
Utilities,Equally minority/nonminority,Personal/family savings of owner(s),124,S
Utilities,Equally minority/nonminority,Personal/family assets other than savings of owner(s),16,S
Utilities,Equally minority/nonminority,Personal/family home equity loan,18,S
Utilities,Equally minority/nonminority,Personal credit card(s) carrying balances,0,0
Utilities,Equally minority/nonminority,Business credit card(s) carrying balances,0,0
Utilities,Equally minority/nonminority,"Business loan from federal, state, or local government",0,0
Utilities,Equally minority/nonminority,Government-guaranteed business loan from a bank or financial institution,0,0
Utilities,Equally minority/nonminority,Business loan from a bank or financial institution,127,S
Utilities,Equally minority/nonminority,Business loan/investment from family/friends,0,0
Utilities,Equally minority/nonminority,Investment by venture capitalist(s),0,0
Utilities,Equally minority/nonminority,Grants,0,0
Utilities,Equally minority/nonminority,Other source(s) of capital,0,0
Utilities,Equally minority/nonminority,Don't know,2,S
Utilities,Equally minority/nonminority,None needed,2,S
Utilities,Equally minority/nonminority,Total reporting,182,S
Utilities,Equally minority/nonminority,Item not reported,0,0
Utilities,"Equally minority/nonminority, female-owned",All firms,0,0
Utilities,"Equally minority/nonminority, female-owned",Personal/family savings of owner(s),0,0
Utilities,"Equally minority/nonminority, female-owned",Personal/family assets other than savings of owner(s),0,0
Utilities,"Equally minority/nonminority, female-owned",Personal/family home equity loan,0,0
Utilities,"Equally minority/nonminority, female-owned",Personal credit card(s) carrying balances,0,0
Utilities,"Equally minority/nonminority, female-owned",Business credit card(s) carrying balances,0,0
Utilities,"Equally minority/nonminority, female-owned","Business loan from federal, state, or local government",0,0
Utilities,"Equally minority/nonminority, female-owned",Government-guaranteed business loan from a bank or financial institution,0,0
Utilities,"Equally minority/nonminority, female-owned",Business loan from a bank or financial institution,0,0
Utilities,"Equally minority/nonminority, female-owned",Business loan/investment from family/friends,0,0
Utilities,"Equally minority/nonminority, female-owned",Investment by venture capitalist(s),0,0
Utilities,"Equally minority/nonminority, female-owned",Grants,0,0
Utilities,"Equally minority/nonminority, female-owned",Other source(s) of capital,0,0
Utilities,"Equally minority/nonminority, female-owned",Don't know,0,0
Utilities,"Equally minority/nonminority, female-owned",None needed,0,0
Utilities,"Equally minority/nonminority, female-owned",Total reporting,0,0
Utilities,"Equally minority/nonminority, female-owned",Item not reported,0,0
Utilities,"Equally minority/nonminority, male-owned",All firms,29,986752
Utilities,"Equally minority/nonminority, male-owned",Personal/family savings of owner(s),58,S
Utilities,"Equally minority/nonminority, male-owned",Personal/family assets other than savings of owner(s),0,0
Utilities,"Equally minority/nonminority, male-owned",Personal/family home equity loan,0,0
Utilities,"Equally minority/nonminority, male-owned",Personal credit card(s) carrying balances,0,0
Utilities,"Equally minority/nonminority, male-owned",Business credit card(s) carrying balances,0,0
Utilities,"Equally minority/nonminority, male-owned","Business loan from federal, state, or local government",0,0
Utilities,"Equally minority/nonminority, male-owned",Government-guaranteed business loan from a bank or financial institution,0,0
Utilities,"Equally minority/nonminority, male-owned",Business loan from a bank or financial institution,52,S
Utilities,"Equally minority/nonminority, male-owned",Business loan/investment from family/friends,0,0
Utilities,"Equally minority/nonminority, male-owned",Investment by venture capitalist(s),0,0
Utilities,"Equally minority/nonminority, male-owned",Grants,0,0
Utilities,"Equally minority/nonminority, male-owned",Other source(s) of capital,0,0
Utilities,"Equally minority/nonminority, male-owned",Don't know,2,S
Utilities,"Equally minority/nonminority, male-owned",None needed,0,0
Utilities,"Equally minority/nonminority, male-owned",Total reporting,61,S
Utilities,"Equally minority/nonminority, male-owned",Item not reported,0,0
Utilities,"Equally minority/nonminority, equally male-/female-owned",All firms,166,10560
Utilities,"Equally minority/nonminority, equally male-/female-owned",Personal/family savings of owner(s),66,2791
Utilities,"Equally minority/nonminority, equally male-/female-owned",Personal/family assets other than savings of owner(s),16,S
Utilities,"Equally minority/nonminority, equally male-/female-owned",Personal/family home equity loan,18,S
Utilities,"Equally minority/nonminority, equally male-/female-owned",Personal credit card(s) carrying balances,0,0
Utilities,"Equally minority/nonminority, equally male-/female-owned",Business credit card(s) carrying balances,0,0
Utilities,"Equally minority/nonminority, equally male-/female-owned","Business loan from federal, state, or local government",0,0
Utilities,"Equally minority/nonminority, equally male-/female-owned",Government-guaranteed business loan from a bank or financial institution,0,0
Utilities,"Equally minority/nonminority, equally male-/female-owned",Business loan from a bank or financial institution,75,S
Utilities,"Equally minority/nonminority, equally male-/female-owned",Business loan/investment from family/friends,0,0
Utilities,"Equally minority/nonminority, equally male-/female-owned",Investment by venture capitalist(s),0,0
Utilities,"Equally minority/nonminority, equally male-/female-owned",Grants,0,0
Utilities,"Equally minority/nonminority, equally male-/female-owned",Other source(s) of capital,0,0
Utilities,"Equally minority/nonminority, equally male-/female-owned",Don't know,0,0
Utilities,"Equally minority/nonminority, equally male-/female-owned",None needed,2,S
Utilities,"Equally minority/nonminority, equally male-/female-owned",Total reporting,121,3115
Utilities,"Equally minority/nonminority, equally male-/female-owned",Item not reported,0,0
Utilities,Nonminority,All firms,13742,23511906
Utilities,Nonminority,Personal/family savings of owner(s),4493,6598828
Utilities,Nonminority,Personal/family assets other than savings of owner(s),516,271901
Utilities,Nonminority,Personal/family home equity loan,230,94239
Utilities,Nonminority,Personal credit card(s) carrying balances,367,S
Utilities,Nonminority,Business credit card(s) carrying balances,128,S
Utilities,Nonminority,"Business loan from federal, state, or local government",8,S
Utilities,Nonminority,Government-guaranteed business loan from a bank or financial institution,26,2627
Utilities,Nonminority,Business loan from a bank or financial institution,668,832852
Utilities,Nonminority,Business loan/investment from family/friends,80,S
Utilities,Nonminority,Investment by venture capitalist(s),78,S
Utilities,Nonminority,Grants,10,S
Utilities,Nonminority,Other source(s) of capital,56,S
Utilities,Nonminority,Don't know,677,1187471
Utilities,Nonminority,None needed,2351,134918
Utilities,Nonminority,Total reporting,8566(r),8807804(r)
Utilities,Nonminority,Item not reported,232(r),S
Utilities,"Nonminority, female-owned",All firms,2146,791391
Utilities,"Nonminority, female-owned",Personal/family savings of owner(s),598,57163
Utilities,"Nonminority, female-owned",Personal/family assets other than savings of owner(s),28,35374
Utilities,"Nonminority, female-owned",Personal/family home equity loan,17,830
Utilities,"Nonminority, female-owned",Personal credit card(s) carrying balances,90,S
Utilities,"Nonminority, female-owned",Business credit card(s) carrying balances,19,S
Utilities,"Nonminority, female-owned","Business loan from federal, state, or local government",6,S
Utilities,"Nonminority, female-owned",Government-guaranteed business loan from a bank or financial institution,2,S
Utilities,"Nonminority, female-owned",Business loan from a bank or financial institution,48,20673
Utilities,"Nonminority, female-owned",Business loan/investment from family/friends,2,S
Utilities,"Nonminority, female-owned",Investment by venture capitalist(s),0,0
Utilities,"Nonminority, female-owned",Grants,0,0
Utilities,"Nonminority, female-owned",Other source(s) of capital,8,S
Utilities,"Nonminority, female-owned",Don't know,85,S
Utilities,"Nonminority, female-owned",None needed,381,38769
Utilities,"Nonminority, female-owned",Total reporting,1161(r),193860(r)
Utilities,"Nonminority, female-owned",Item not reported,36(r),S
Utilities,"Nonminority, male-owned",All firms,9891,22093844
Utilities,"Nonminority, male-owned",Personal/family savings of owner(s),3185,6342760
Utilities,"Nonminority, male-owned",Personal/family assets other than savings of owner(s),412,225300
Utilities,"Nonminority, male-owned",Personal/family home equity loan,43,90737
Utilities,"Nonminority, male-owned",Personal credit card(s) carrying balances,136,S
Utilities,"Nonminority, male-owned",Business credit card(s) carrying balances,109,S
Utilities,"Nonminority, male-owned","Business loan from federal, state, or local government",2,S
Utilities,"Nonminority, male-owned",Government-guaranteed business loan from a bank or financial institution,9,2459
Utilities,"Nonminority, male-owned",Business loan from a bank or financial institution,554,806680
Utilities,"Nonminority, male-owned",Business loan/investment from family/friends,74,S
Utilities,"Nonminority, male-owned",Investment by venture capitalist(s),78,S
Utilities,"Nonminority, male-owned",Grants,8,S
Utilities,"Nonminority, male-owned",Other source(s) of capital,48,16597
Utilities,"Nonminority, male-owned",Don't know,574,1121928
Utilities,"Nonminority, male-owned",None needed,1843,91701
Utilities,"Nonminority, male-owned",Total reporting,6287(r),8333327(r)
Utilities,"Nonminority, male-owned",Item not reported,120(r),S
Utilities,"Nonminority, equally male-/female-owned",All firms,1705,626671
Utilities,"Nonminority, equally male-/female-owned",Personal/family savings of owner(s),709,198905
Utilities,"Nonminority, equally male-/female-owned",Personal/family assets other than savings of owner(s),76,S
Utilities,"Nonminority, equally male-/female-owned",Personal/family home equity loan,170,2672
Utilities,"Nonminority, equally male-/female-owned",Personal credit card(s) carrying balances,142,S
Utilities,"Nonminority, equally male-/female-owned",Business credit card(s) carrying balances,0,0
Utilities,"Nonminority, equally male-/female-owned","Business loan from federal, state, or local government",0,0
Utilities,"Nonminority, equally male-/female-owned",Government-guaranteed business loan from a bank or financial institution,15,S
Utilities,"Nonminority, equally male-/female-owned",Business loan from a bank or financial institution,67,5499
Utilities,"Nonminority, equally male-/female-owned",Business loan/investment from family/friends,4,S
Utilities,"Nonminority, equally male-/female-owned",Investment by venture capitalist(s),0,0
Utilities,"Nonminority, equally male-/female-owned",Grants,2,S
Utilities,"Nonminority, equally male-/female-owned",Other source(s) of capital,0,0
Utilities,"Nonminority, equally male-/female-owned",Don't know,19,S
Utilities,"Nonminority, equally male-/female-owned",None needed,128,4448
Utilities,"Nonminority, equally male-/female-owned",Total reporting,1117(r),280618(r)
Utilities,"Nonminority, equally male-/female-owned",Item not reported,76(r),S
Utilities,Veteran,All firms,2577,3830674
Utilities,Veteran,Personal/family savings of owner(s),788,420018
Utilities,Veteran,Personal/family assets other than savings of owner(s),28,S
Utilities,Veteran,Personal/family home equity loan,21,S
Utilities,Veteran,Personal credit card(s) carrying balances,35,3895
Utilities,Veteran,Business credit card(s) carrying balances,6,2457
Utilities,Veteran,"Business loan from federal, state, or local government",0,0
Utilities,Veteran,Government-guaranteed business loan from a bank or financial institution,2,S
Utilities,Veteran,Business loan from a bank or financial institution,48,33714
Utilities,Veteran,Business loan/investment from family/friends,15,S
Utilities,Veteran,Investment by venture capitalist(s),0,0
Utilities,Veteran,Grants,0,0
Utilities,Veteran,Other source(s) of capital,6,S
Utilities,Veteran,Don't know,113,S
Utilities,Veteran,None needed,415,11400
Utilities,Veteran,Total reporting,1353(r),991078(r)
Utilities,Veteran,Item not reported,8(r),S
Utilities,"Veteran, female-owned",All firms,252,3235
Utilities,"Veteran, female-owned",Personal/family savings of owner(s),9,S
Utilities,"Veteran, female-owned",Personal/family assets other than savings of owner(s),0,0
Utilities,"Veteran, female-owned",Personal/family home equity loan,0,0
Utilities,"Veteran, female-owned",Personal credit card(s) carrying balances,2,S
Utilities,"Veteran, female-owned",Business credit card(s) carrying balances,0,0
Utilities,"Veteran, female-owned","Business loan from federal, state, or local government",0,0
Utilities,"Veteran, female-owned",Government-guaranteed business loan from a bank or financial institution,0,0
Utilities,"Veteran, female-owned",Business loan from a bank or financial institution,0,0
Utilities,"Veteran, female-owned",Business loan/investment from family/friends,0,0
Utilities,"Veteran, female-owned",Investment by venture capitalist(s),0,0
Utilities,"Veteran, female-owned",Grants,0,0
Utilities,"Veteran, female-owned",Other source(s) of capital,0,0
Utilities,"Veteran, female-owned",Don't know,21,S
Utilities,"Veteran, female-owned",None needed,3,S
Utilities,"Veteran, female-owned",Total reporting,35,149
Utilities,"Veteran, female-owned",Item not reported,0,0
Utilities,"Veteran, male-owned",All firms,2322,3827422
Utilities,"Veteran, male-owned",Personal/family savings of owner(s),779,419951
Utilities,"Veteran, male-owned",Personal/family assets other than savings of owner(s),28,S
Utilities,"Veteran, male-owned",Personal/family home equity loan,21,S
Utilities,"Veteran, male-owned",Personal credit card(s) carrying balances,33,3883
Utilities,"Veteran, male-owned",Business credit card(s) carrying balances,6,2457
Utilities,"Veteran, male-owned","Business loan from federal, state, or local government",0,0
Utilities,"Veteran, male-owned",Government-guaranteed business loan from a bank or financial institution,2,S
Utilities,"Veteran, male-owned",Business loan from a bank or financial institution,48,33714
Utilities,"Veteran, male-owned",Business loan/investment from family/friends,15,S
Utilities,"Veteran, male-owned",Investment by venture capitalist(s),0,0
Utilities,"Veteran, male-owned",Grants,0,0
Utilities,"Veteran, male-owned",Other source(s) of capital,6,S
Utilities,"Veteran, male-owned",Don't know,92,S
Utilities,"Veteran, male-owned",None needed,412,11373
Utilities,"Veteran, male-owned",Total reporting,1317(r),990928(r)
Utilities,"Veteran, male-owned",Item not reported,8(r),S
Utilities,"Veteran, equally male-/female-owned",All firms,2,S
Utilities,"Veteran, equally male-/female-owned",Personal/family savings of owner(s),0,S
Utilities,"Veteran, equally male-/female-owned",Personal/family assets other than savings of owner(s),0,S
Utilities,"Veteran, equally male-/female-owned",Personal/family home equity loan,0,S
Utilities,"Veteran, equally male-/female-owned",Personal credit card(s) carrying balances,0,S
Utilities,"Veteran, equally male-/female-owned",Business credit card(s) carrying balances,0,S
Utilities,"Veteran, equally male-/female-owned","Business loan from federal, state, or local government",0,S
Utilities,"Veteran, equally male-/female-owned",Government-guaranteed business loan from a bank or financial institution,0,S
Utilities,"Veteran, equally male-/female-owned",Business loan from a bank or financial institution,0,S
Utilities,"Veteran, equally male-/female-owned",Business loan/investment from family/friends,0,S
Utilities,"Veteran, equally male-/female-owned",Investment by venture capitalist(s),0,S
Utilities,"Veteran, equally male-/female-owned",Grants,0,S
Utilities,"Veteran, equally male-/female-owned",Other source(s) of capital,0,S
Utilities,"Veteran, equally male-/female-owned",Don't know,0,S
Utilities,"Veteran, equally male-/female-owned",None needed,0,S
Utilities,"Veteran, equally male-/female-owned",Total reporting,0,S
Utilities,"Veteran, equally male-/female-owned",Item not reported,0,S
Utilities,"Veteran, Hispanic",All firms,280,3362
Utilities,"Veteran, Hispanic",Personal/family savings of owner(s),7,S
Utilities,"Veteran, Hispanic",Personal/family assets other than savings of owner(s),0,0
Utilities,"Veteran, Hispanic",Personal/family home equity loan,0,0
Utilities,"Veteran, Hispanic",Personal credit card(s) carrying balances,0,0
Utilities,"Veteran, Hispanic",Business credit card(s) carrying balances,0,0
Utilities,"Veteran, Hispanic","Business loan from federal, state, or local government",0,0
Utilities,"Veteran, Hispanic",Government-guaranteed business loan from a bank or financial institution,0,0
Utilities,"Veteran, Hispanic",Business loan from a bank or financial institution,0,0
Utilities,"Veteran, Hispanic",Business loan/investment from family/friends,0,0
Utilities,"Veteran, Hispanic",Investment by venture capitalist(s),0,0
Utilities,"Veteran, Hispanic",Grants,0,0
Utilities,"Veteran, Hispanic",Other source(s) of capital,0,0
Utilities,"Veteran, Hispanic",Don't know,0,0
Utilities,"Veteran, Hispanic",None needed,42,S
Utilities,"Veteran, Hispanic",Total reporting,49,S
Utilities,"Veteran, Hispanic",Item not reported,0,0
Utilities,"Veteran, equally Hispanic/non-Hispanic",All firms,2,S
Utilities,"Veteran, equally Hispanic/non-Hispanic",Personal/family savings of owner(s),0,S
Utilities,"Veteran, equally Hispanic/non-Hispanic",Personal/family assets other than savings of owner(s),0,S
Utilities,"Veteran, equally Hispanic/non-Hispanic",Personal/family home equity loan,0,S
Utilities,"Veteran, equally Hispanic/non-Hispanic",Personal credit card(s) carrying balances,0,S
Utilities,"Veteran, equally Hispanic/non-Hispanic",Business credit card(s) carrying balances,0,S
Utilities,"Veteran, equally Hispanic/non-Hispanic","Business loan from federal, state, or local government",0,S
Utilities,"Veteran, equally Hispanic/non-Hispanic",Government-guaranteed business loan from a bank or financial institution,0,S
Utilities,"Veteran, equally Hispanic/non-Hispanic",Business loan from a bank or financial institution,0,S
Utilities,"Veteran, equally Hispanic/non-Hispanic",Business loan/investment from family/friends,0,S
Utilities,"Veteran, equally Hispanic/non-Hispanic",Investment by venture capitalist(s),0,S
Utilities,"Veteran, equally Hispanic/non-Hispanic",Grants,0,S
Utilities,"Veteran, equally Hispanic/non-Hispanic",Other source(s) of capital,0,S
Utilities,"Veteran, equally Hispanic/non-Hispanic",Don't know,0,S
Utilities,"Veteran, equally Hispanic/non-Hispanic",None needed,0,S
Utilities,"Veteran, equally Hispanic/non-Hispanic",Total reporting,0,S
Utilities,"Veteran, equally Hispanic/non-Hispanic",Item not reported,0,S
Utilities,"Veteran, non-Hispanic",All firms,2295,3827295
Utilities,"Veteran, non-Hispanic",Personal/family savings of owner(s),781,420011
Utilities,"Veteran, non-Hispanic",Personal/family assets other than savings of owner(s),28,S
Utilities,"Veteran, non-Hispanic",Personal/family home equity loan,21,S
Utilities,"Veteran, non-Hispanic",Personal credit card(s) carrying balances,35,3895
Utilities,"Veteran, non-Hispanic",Business credit card(s) carrying balances,6,2457
Utilities,"Veteran, non-Hispanic","Business loan from federal, state, or local government",0,0
Utilities,"Veteran, non-Hispanic",Government-guaranteed business loan from a bank or financial institution,2,S
Utilities,"Veteran, non-Hispanic",Business loan from a bank or financial institution,48,33714
Utilities,"Veteran, non-Hispanic",Business loan/investment from family/friends,15,S
Utilities,"Veteran, non-Hispanic",Investment by venture capitalist(s),0,0
Utilities,"Veteran, non-Hispanic",Grants,0,0
Utilities,"Veteran, non-Hispanic",Other source(s) of capital,6,S
Utilities,"Veteran, non-Hispanic",Don't know,113,S
Utilities,"Veteran, non-Hispanic",None needed,374,11359
Utilities,"Veteran, non-Hispanic",Total reporting,1304(r),991029(r)
Utilities,"Veteran, non-Hispanic",Item not reported,8(r),S
Utilities,"Veteran, White",All firms,2217,3820716
Utilities,"Veteran, White",Personal/family savings of owner(s),720,419311
Utilities,"Veteran, White",Personal/family assets other than savings of owner(s),9,S
Utilities,"Veteran, White",Personal/family home equity loan,21,S
Utilities,"Veteran, White",Personal credit card(s) carrying balances,31,3605
Utilities,"Veteran, White",Business credit card(s) carrying balances,6,2457
Utilities,"Veteran, White","Business loan from federal, state, or local government",0,0
Utilities,"Veteran, White",Government-guaranteed business loan from a bank or financial institution,2,S
Utilities,"Veteran, White",Business loan from a bank or financial institution,48,33714
Utilities,"Veteran, White",Business loan/investment from family/friends,15,S
Utilities,"Veteran, White",Investment by venture capitalist(s),0,0
Utilities,"Veteran, White",Grants,0,0
Utilities,"Veteran, White",Other source(s) of capital,6,S
Utilities,"Veteran, White",Don't know,111,S
Utilities,"Veteran, White",None needed,394,11268
Utilities,"Veteran, White",Total reporting,1261(r),990159(r)
Utilities,"Veteran, White",Item not reported,8(r),S
Utilities,"Veteran, Black or African American",All firms,252,8208
Utilities,"Veteran, Black or African American",Personal/family savings of owner(s),71,680
Utilities,"Veteran, Black or African American",Personal/family assets other than savings of owner(s),19,S
Utilities,"Veteran, Black or African American",Personal/family home equity loan,0,0
Utilities,"Veteran, Black or African American",Personal credit card(s) carrying balances,2,S
Utilities,"Veteran, Black or African American",Business credit card(s) carrying balances,0,0
Utilities,"Veteran, Black or African American","Business loan from federal, state, or local government",0,0
Utilities,"Veteran, Black or African American",Government-guaranteed business loan from a bank or financial institution,0,0
Utilities,"Veteran, Black or African American",Business loan from a bank or financial institution,0,0
Utilities,"Veteran, Black or African American",Business loan/investment from family/friends,0,0
Utilities,"Veteran, Black or African American",Investment by venture capitalist(s),0,0
Utilities,"Veteran, Black or African American",Grants,0,0
Utilities,"Veteran, Black or African American",Other source(s) of capital,0,0
Utilities,"Veteran, Black or African American",Don't know,2,S
Utilities,"Veteran, Black or African American",None needed,7,S
Utilities,"Veteran, Black or African American",Total reporting,80,793
Utilities,"Veteran, Black or African American",Item not reported,0,0
Utilities,"Veteran, American Indian and Alaska Native",All firms,50,632
Utilities,"Veteran, American Indian and Alaska Native",Personal/family savings of owner(s),80,S
Utilities,"Veteran, American Indian and Alaska Native",Personal/family assets other than savings of owner(s),0,0
Utilities,"Veteran, American Indian and Alaska Native",Personal/family home equity loan,0,0
Utilities,"Veteran, American Indian and Alaska Native",Personal credit card(s) carrying balances,0,0
Utilities,"Veteran, American Indian and Alaska Native",Business credit card(s) carrying balances,2,S
Utilities,"Veteran, American Indian and Alaska Native","Business loan from federal, state, or local government",0,0
Utilities,"Veteran, American Indian and Alaska Native",Government-guaranteed business loan from a bank or financial institution,0,0
Utilities,"Veteran, American Indian and Alaska Native",Business loan from a bank or financial institution,0,0
Utilities,"Veteran, American Indian and Alaska Native",Business loan/investment from family/friends,0,0
Utilities,"Veteran, American Indian and Alaska Native",Investment by venture capitalist(s),0,0
Utilities,"Veteran, American Indian and Alaska Native",Grants,0,0
Utilities,"Veteran, American Indian and Alaska Native",Other source(s) of capital,0,0
Utilities,"Veteran, American Indian and Alaska Native",Don't know,0,0
Utilities,"Veteran, American Indian and Alaska Native",None needed,5,128
Utilities,"Veteran, American Indian and Alaska Native",Total reporting,85,S
Utilities,"Veteran, American Indian and Alaska Native",Item not reported,2,S
Utilities,"Veteran, Asian",All firms,49,1011
Utilities,"Veteran, Asian",Personal/family savings of owner(s),2,S
Utilities,"Veteran, Asian",Personal/family assets other than savings of owner(s),0,0
Utilities,"Veteran, Asian",Personal/family home equity loan,0,0
Utilities,"Veteran, Asian",Personal credit card(s) carrying balances,2,S
Utilities,"Veteran, Asian",Business credit card(s) carrying balances,0,0
Utilities,"Veteran, Asian","Business loan from federal, state, or local government",0,0
Utilities,"Veteran, Asian",Government-guaranteed business loan from a bank or financial institution,0,0
Utilities,"Veteran, Asian",Business loan from a bank or financial institution,0,0
Utilities,"Veteran, Asian",Business loan/investment from family/friends,0,0
Utilities,"Veteran, Asian",Investment by venture capitalist(s),0,0
Utilities,"Veteran, Asian",Grants,0,0
Utilities,"Veteran, Asian",Other source(s) of capital,0,0
Utilities,"Veteran, Asian",Don't know,0,0
Utilities,"Veteran, Asian",None needed,14,S
Utilities,"Veteran, Asian",Total reporting,16,S
Utilities,"Veteran, Asian",Item not reported,0,0
Utilities,"Veteran, Native Hawaiian and Other Pacific Islander",All firms,2,S
Utilities,"Veteran, Native Hawaiian and Other Pacific Islander",Personal/family savings of owner(s),0,S
Utilities,"Veteran, Native Hawaiian and Other Pacific Islander",Personal/family assets other than savings of owner(s),0,S
Utilities,"Veteran, Native Hawaiian and Other Pacific Islander",Personal/family home equity loan,0,S
Utilities,"Veteran, Native Hawaiian and Other Pacific Islander",Personal credit card(s) carrying balances,0,S
Utilities,"Veteran, Native Hawaiian and Other Pacific Islander",Business credit card(s) carrying balances,0,S
Utilities,"Veteran, Native Hawaiian and Other Pacific Islander","Business loan from federal, state, or local government",0,S
Utilities,"Veteran, Native Hawaiian and Other Pacific Islander",Government-guaranteed business loan from a bank or financial institution,0,S
Utilities,"Veteran, Native Hawaiian and Other Pacific Islander",Business loan from a bank or financial institution,0,S
Utilities,"Veteran, Native Hawaiian and Other Pacific Islander",Business loan/investment from family/friends,0,S
Utilities,"Veteran, Native Hawaiian and Other Pacific Islander",Investment by venture capitalist(s),0,S
Utilities,"Veteran, Native Hawaiian and Other Pacific Islander",Grants,0,S
Utilities,"Veteran, Native Hawaiian and Other Pacific Islander",Other source(s) of capital,0,S
Utilities,"Veteran, Native Hawaiian and Other Pacific Islander",Don't know,0,S
Utilities,"Veteran, Native Hawaiian and Other Pacific Islander",None needed,0,S
Utilities,"Veteran, Native Hawaiian and Other Pacific Islander",Total reporting,0,S
Utilities,"Veteran, Native Hawaiian and Other Pacific Islander",Item not reported,0,S
Utilities,"Veteran, some other race",All firms,65,913
Utilities,"Veteran, some other race",Personal/family savings of owner(s),0,0
Utilities,"Veteran, some other race",Personal/family assets other than savings of owner(s),0,0
Utilities,"Veteran, some other race",Personal/family home equity loan,0,0
Utilities,"Veteran, some other race",Personal credit card(s) carrying balances,0,0
Utilities,"Veteran, some other race",Business credit card(s) carrying balances,0,0
Utilities,"Veteran, some other race","Business loan from federal, state, or local government",0,0
Utilities,"Veteran, some other race",Government-guaranteed business loan from a bank or financial institution,0,0
Utilities,"Veteran, some other race",Business loan from a bank or financial institution,0,0
Utilities,"Veteran, some other race",Business loan/investment from family/friends,0,0
Utilities,"Veteran, some other race",Investment by venture capitalist(s),0,0
Utilities,"Veteran, some other race",Grants,0,0
Utilities,"Veteran, some other race",Other source(s) of capital,0,0
Utilities,"Veteran, some other race",Don't know,0,0
Utilities,"Veteran, some other race",None needed,0,0
Utilities,"Veteran, some other race",Total reporting,0,0
Utilities,"Veteran, some other race",Item not reported,0,0
Utilities,"Veteran, minority",All firms,616,13157
Utilities,"Veteran, minority",Personal/family savings of owner(s),152,1367
Utilities,"Veteran, minority",Personal/family assets other than savings of owner(s),19,S
Utilities,"Veteran, minority",Personal/family home equity loan,0,0
Utilities,"Veteran, minority",Personal credit card(s) carrying balances,4,S
Utilities,"Veteran, minority",Business credit card(s) carrying balances,2,S
Utilities,"Veteran, minority","Business loan from federal, state, or local government",0,0
Utilities,"Veteran, minority",Government-guaranteed business loan from a bank or financial institution,0,0
Utilities,"Veteran, minority",Business loan from a bank or financial institution,0,0
Utilities,"Veteran, minority",Business loan/investment from family/friends,0,0
Utilities,"Veteran, minority",Investment by venture capitalist(s),0,0
Utilities,"Veteran, minority",Grants,0,0
Utilities,"Veteran, minority",Other source(s) of capital,0,0
Utilities,"Veteran, minority",Don't know,2,S
Utilities,"Veteran, minority",None needed,67,231
Utilities,"Veteran, minority",Total reporting,222,1677
Utilities,"Veteran, minority",Item not reported,2,S
Utilities,"Veteran, equally minority/nonminority",All firms,2,S
Utilities,"Veteran, equally minority/nonminority",Personal/family savings of owner(s),0,S
Utilities,"Veteran, equally minority/nonminority",Personal/family assets other than savings of owner(s),0,S
Utilities,"Veteran, equally minority/nonminority",Personal/family home equity loan,0,S
Utilities,"Veteran, equally minority/nonminority",Personal credit card(s) carrying balances,0,S
Utilities,"Veteran, equally minority/nonminority",Business credit card(s) carrying balances,0,S
Utilities,"Veteran, equally minority/nonminority","Business loan from federal, state, or local government",0,S
Utilities,"Veteran, equally minority/nonminority",Government-guaranteed business loan from a bank or financial institution,0,S
Utilities,"Veteran, equally minority/nonminority",Business loan from a bank or financial institution,0,S
Utilities,"Veteran, equally minority/nonminority",Business loan/investment from family/friends,0,S
Utilities,"Veteran, equally minority/nonminority",Investment by venture capitalist(s),0,S
Utilities,"Veteran, equally minority/nonminority",Grants,0,S
Utilities,"Veteran, equally minority/nonminority",Other source(s) of capital,0,S
Utilities,"Veteran, equally minority/nonminority",Don't know,0,S
Utilities,"Veteran, equally minority/nonminority",None needed,0,S
Utilities,"Veteran, equally minority/nonminority",Total reporting,0,S
Utilities,"Veteran, equally minority/nonminority",Item not reported,0,S
Utilities,"Veteran, nonminority",All firms,1959,3817500
Utilities,"Veteran, nonminority",Personal/family savings of owner(s),635,418651
Utilities,"Veteran, nonminority",Personal/family assets other than savings of owner(s),9,S
Utilities,"Veteran, nonminority",Personal/family home equity loan,21,S
Utilities,"Veteran, nonminority",Personal credit card(s) carrying balances,31,3605
Utilities,"Veteran, nonminority",Business credit card(s) carrying balances,4,S
Utilities,"Veteran, nonminority","Business loan from federal, state, or local government",0,0
Utilities,"Veteran, nonminority",Government-guaranteed business loan from a bank or financial institution,2,S
Utilities,"Veteran, nonminority",Business loan from a bank or financial institution,48,33714
Utilities,"Veteran, nonminority",Business loan/investment from family/friends,15,S
Utilities,"Veteran, nonminority",Investment by venture capitalist(s),0,0
Utilities,"Veteran, nonminority",Grants,0,0
Utilities,"Veteran, nonminority",Other source(s) of capital,6,S
Utilities,"Veteran, nonminority",Don't know,111,S
Utilities,"Veteran, nonminority",None needed,348,11170
Utilities,"Veteran, nonminority",Total reporting,1131(r),989401(r)
Utilities,"Veteran, nonminority",Item not reported,6(r),S
Utilities,Equally veteran/nonveteran,All firms,645,174854
Utilities,Equally veteran/nonveteran,Personal/family savings of owner(s),489,27724
Utilities,Equally veteran/nonveteran,Personal/family assets other than savings of owner(s),15,S
Utilities,Equally veteran/nonveteran,Personal/family home equity loan,91,S
Utilities,Equally veteran/nonveteran,Personal credit card(s) carrying balances,120,S
Utilities,Equally veteran/nonveteran,Business credit card(s) carrying balances,0,0
Utilities,Equally veteran/nonveteran,"Business loan from federal, state, or local government",0,0
Utilities,Equally veteran/nonveteran,Government-guaranteed business loan from a bank or financial institution,0,0
Utilities,Equally veteran/nonveteran,Business loan from a bank or financial institution,14,8641
Utilities,Equally veteran/nonveteran,Business loan/investment from family/friends,0,0
Utilities,Equally veteran/nonveteran,Investment by venture capitalist(s),0,0
Utilities,Equally veteran/nonveteran,Grants,2,S
Utilities,Equally veteran/nonveteran,Other source(s) of capital,2,S
Utilities,Equally veteran/nonveteran,Don't know,2,S
Utilities,Equally veteran/nonveteran,None needed,23,S
Utilities,Equally veteran/nonveteran,Total reporting,609,39939
Utilities,Equally veteran/nonveteran,Item not reported,0,0
Utilities,"Equally veteran/nonveteran, female-owned",All firms,0,0
Utilities,"Equally veteran/nonveteran, female-owned",Personal/family savings of owner(s),0,0
Utilities,"Equally veteran/nonveteran, female-owned",Personal/family assets other than savings of owner(s),0,0
Utilities,"Equally veteran/nonveteran, female-owned",Personal/family home equity loan,0,0
Utilities,"Equally veteran/nonveteran, female-owned",Personal credit card(s) carrying balances,0,0
Utilities,"Equally veteran/nonveteran, female-owned",Business credit card(s) carrying balances,0,0
Utilities,"Equally veteran/nonveteran, female-owned","Business loan from federal, state, or local government",0,0
Utilities,"Equally veteran/nonveteran, female-owned",Government-guaranteed business loan from a bank or financial institution,0,0
Utilities,"Equally veteran/nonveteran, female-owned",Business loan from a bank or financial institution,0,0
Utilities,"Equally veteran/nonveteran, female-owned",Business loan/investment from family/friends,0,0
Utilities,"Equally veteran/nonveteran, female-owned",Investment by venture capitalist(s),0,0
Utilities,"Equally veteran/nonveteran, female-owned",Grants,0,0
Utilities,"Equally veteran/nonveteran, female-owned",Other source(s) of capital,0,0
Utilities,"Equally veteran/nonveteran, female-owned",Don't know,0,0
Utilities,"Equally veteran/nonveteran, female-owned",None needed,0,0
Utilities,"Equally veteran/nonveteran, female-owned",Total reporting,0,0
Utilities,"Equally veteran/nonveteran, female-owned",Item not reported,0,0
Utilities,"Equally veteran/nonveteran, male-owned",All firms,130,79684
Utilities,"Equally veteran/nonveteran, male-owned",Personal/family savings of owner(s),211,17059
Utilities,"Equally veteran/nonveteran, male-owned",Personal/family assets other than savings of owner(s),0,0
Utilities,"Equally veteran/nonveteran, male-owned",Personal/family home equity loan,0,0
Utilities,"Equally veteran/nonveteran, male-owned",Personal credit card(s) carrying balances,0,0
Utilities,"Equally veteran/nonveteran, male-owned",Business credit card(s) carrying balances,0,0
Utilities,"Equally veteran/nonveteran, male-owned","Business loan from federal, state, or local government",0,0
Utilities,"Equally veteran/nonveteran, male-owned",Government-guaranteed business loan from a bank or financial institution,0,0
Utilities,"Equally veteran/nonveteran, male-owned",Business loan from a bank or financial institution,8,6699
Utilities,"Equally veteran/nonveteran, male-owned",Business loan/investment from family/friends,0,0
Utilities,"Equally veteran/nonveteran, male-owned",Investment by venture capitalist(s),0,0
Utilities,"Equally veteran/nonveteran, male-owned",Grants,0,0
Utilities,"Equally veteran/nonveteran, male-owned",Other source(s) of capital,2,S
Utilities,"Equally veteran/nonveteran, male-owned",Don't know,0,0
Utilities,"Equally veteran/nonveteran, male-owned",None needed,4,S
Utilities,"Equally veteran/nonveteran, male-owned",Total reporting,220,24213
Utilities,"Equally veteran/nonveteran, male-owned",Item not reported,0,0
Utilities,"Equally veteran/nonveteran, equally male-/female-owned",All firms,515,95170
Utilities,"Equally veteran/nonveteran, equally male-/female-owned",Personal/family savings of owner(s),278,10664
Utilities,"Equally veteran/nonveteran, equally male-/female-owned",Personal/family assets other than savings of owner(s),15,S
Utilities,"Equally veteran/nonveteran, equally male-/female-owned",Personal/family home equity loan,91,S
Utilities,"Equally veteran/nonveteran, equally male-/female-owned",Personal credit card(s) carrying balances,120,S
Utilities,"Equally veteran/nonveteran, equally male-/female-owned",Business credit card(s) carrying balances,0,0
Utilities,"Equally veteran/nonveteran, equally male-/female-owned","Business loan from federal, state, or local government",0,0
Utilities,"Equally veteran/nonveteran, equally male-/female-owned",Government-guaranteed business loan from a bank or financial institution,0,0
Utilities,"Equally veteran/nonveteran, equally male-/female-owned",Business loan from a bank or financial institution,6,S
Utilities,"Equally veteran/nonveteran, equally male-/female-owned",Business loan/investment from family/friends,0,0
Utilities,"Equally veteran/nonveteran, equally male-/female-owned",Investment by venture capitalist(s),0,0
Utilities,"Equally veteran/nonveteran, equally male-/female-owned",Grants,2,S
Utilities,"Equally veteran/nonveteran, equally male-/female-owned",Other source(s) of capital,0,0
Utilities,"Equally veteran/nonveteran, equally male-/female-owned",Don't know,2,S
Utilities,"Equally veteran/nonveteran, equally male-/female-owned",None needed,19,S
Utilities,"Equally veteran/nonveteran, equally male-/female-owned",Total reporting,389,15726
Utilities,"Equally veteran/nonveteran, equally male-/female-owned",Item not reported,0,0
Utilities,"Equally veteran/nonveteran, Hispanic",All firms,0,0
Utilities,"Equally veteran/nonveteran, Hispanic",Personal/family savings of owner(s),0,0
Utilities,"Equally veteran/nonveteran, Hispanic",Personal/family assets other than savings of owner(s),0,0
Utilities,"Equally veteran/nonveteran, Hispanic",Personal/family home equity loan,0,0
Utilities,"Equally veteran/nonveteran, Hispanic",Personal credit card(s) carrying balances,0,0
Utilities,"Equally veteran/nonveteran, Hispanic",Business credit card(s) carrying balances,0,0
Utilities,"Equally veteran/nonveteran, Hispanic","Business loan from federal, state, or local government",0,0
Utilities,"Equally veteran/nonveteran, Hispanic",Government-guaranteed business loan from a bank or financial institution,0,0
Utilities,"Equally veteran/nonveteran, Hispanic",Business loan from a bank or financial institution,0,0
Utilities,"Equally veteran/nonveteran, Hispanic",Business loan/investment from family/friends,0,0
Utilities,"Equally veteran/nonveteran, Hispanic",Investment by venture capitalist(s),0,0
Utilities,"Equally veteran/nonveteran, Hispanic",Grants,0,0
Utilities,"Equally veteran/nonveteran, Hispanic",Other source(s) of capital,0,0
Utilities,"Equally veteran/nonveteran, Hispanic",Don't know,0,0
Utilities,"Equally veteran/nonveteran, Hispanic",None needed,0,0
Utilities,"Equally veteran/nonveteran, Hispanic",Total reporting,0,0
Utilities,"Equally veteran/nonveteran, Hispanic",Item not reported,0,0
Utilities,"Equally veteran/nonveteran, equally Hispanic/non-Hispanic",All firms,8,2321
Utilities,"Equally veteran/nonveteran, equally Hispanic/non-Hispanic",Personal/family savings of owner(s),2,S
Utilities,"Equally veteran/nonveteran, equally Hispanic/non-Hispanic",Personal/family assets other than savings of owner(s),0,0
Utilities,"Equally veteran/nonveteran, equally Hispanic/non-Hispanic",Personal/family home equity loan,2,S
Utilities,"Equally veteran/nonveteran, equally Hispanic/non-Hispanic",Personal credit card(s) carrying balances,0,0
Utilities,"Equally veteran/nonveteran, equally Hispanic/non-Hispanic",Business credit card(s) carrying balances,0,0
Utilities,"Equally veteran/nonveteran, equally Hispanic/non-Hispanic","Business loan from federal, state, or local government",0,0
Utilities,"Equally veteran/nonveteran, equally Hispanic/non-Hispanic",Government-guaranteed business loan from a bank or financial institution,0,0
Utilities,"Equally veteran/nonveteran, equally Hispanic/non-Hispanic",Business loan from a bank or financial institution,0,0
Utilities,"Equally veteran/nonveteran, equally Hispanic/non-Hispanic",Business loan/investment from family/friends,0,0
Utilities,"Equally veteran/nonveteran, equally Hispanic/non-Hispanic",Investment by venture capitalist(s),0,0
Utilities,"Equally veteran/nonveteran, equally Hispanic/non-Hispanic",Grants,0,0
Utilities,"Equally veteran/nonveteran, equally Hispanic/non-Hispanic",Other source(s) of capital,0,0
Utilities,"Equally veteran/nonveteran, equally Hispanic/non-Hispanic",Don't know,0,0
Utilities,"Equally veteran/nonveteran, equally Hispanic/non-Hispanic",None needed,0,0
Utilities,"Equally veteran/nonveteran, equally Hispanic/non-Hispanic",Total reporting,2,S
Utilities,"Equally veteran/nonveteran, equally Hispanic/non-Hispanic",Item not reported,0,0
Utilities,"Equally veteran/nonveteran, non-Hispanic",All firms,637,172534
Utilities,"Equally veteran/nonveteran, non-Hispanic",Personal/family savings of owner(s),487,27720
Utilities,"Equally veteran/nonveteran, non-Hispanic",Personal/family assets other than savings of owner(s),15,S
Utilities,"Equally veteran/nonveteran, non-Hispanic",Personal/family home equity loan,89,S
Utilities,"Equally veteran/nonveteran, non-Hispanic",Personal credit card(s) carrying balances,120,S
Utilities,"Equally veteran/nonveteran, non-Hispanic",Business credit card(s) carrying balances,0,0
Utilities,"Equally veteran/nonveteran, non-Hispanic","Business loan from federal, state, or local government",0,0
Utilities,"Equally veteran/nonveteran, non-Hispanic",Government-guaranteed business loan from a bank or financial institution,0,0
Utilities,"Equally veteran/nonveteran, non-Hispanic",Business loan from a bank or financial institution,14,8641
Utilities,"Equally veteran/nonveteran, non-Hispanic",Business loan/investment from family/friends,0,0
Utilities,"Equally veteran/nonveteran, non-Hispanic",Investment by venture capitalist(s),0,0
Utilities,"Equally veteran/nonveteran, non-Hispanic",Grants,2,S
Utilities,"Equally veteran/nonveteran, non-Hispanic",Other source(s) of capital,2,S
Utilities,"Equally veteran/nonveteran, non-Hispanic",Don't know,2,S
Utilities,"Equally veteran/nonveteran, non-Hispanic",None needed,23,S
Utilities,"Equally veteran/nonveteran, non-Hispanic",Total reporting,607,39935
Utilities,"Equally veteran/nonveteran, non-Hispanic",Item not reported,0,0
Utilities,"Equally veteran/nonveteran, White",All firms,636,174642
Utilities,"Equally veteran/nonveteran, White",Personal/family savings of owner(s),472,27657
Utilities,"Equally veteran/nonveteran, White",Personal/family assets other than savings of owner(s),15,S
Utilities,"Equally veteran/nonveteran, White",Personal/family home equity loan,91,S
Utilities,"Equally veteran/nonveteran, White",Personal credit card(s) carrying balances,120,S
Utilities,"Equally veteran/nonveteran, White",Business credit card(s) carrying balances,0,0
Utilities,"Equally veteran/nonveteran, White","Business loan from federal, state, or local government",0,0
Utilities,"Equally veteran/nonveteran, White",Government-guaranteed business loan from a bank or financial institution,0,0
Utilities,"Equally veteran/nonveteran, White",Business loan from a bank or financial institution,14,8641
Utilities,"Equally veteran/nonveteran, White",Business loan/investment from family/friends,0,0
Utilities,"Equally veteran/nonveteran, White",Investment by venture capitalist(s),0,0
Utilities,"Equally veteran/nonveteran, White",Grants,2,S
Utilities,"Equally veteran/nonveteran, White",Other source(s) of capital,2,S
Utilities,"Equally veteran/nonveteran, White",Don't know,2,S
Utilities,"Equally veteran/nonveteran, White",None needed,23,S
Utilities,"Equally veteran/nonveteran, White",Total reporting,592,39872
Utilities,"Equally veteran/nonveteran, White",Item not reported,0,0
Utilities,"Equally veteran/nonveteran, Black or African American",All firms,3,S
Utilities,"Equally veteran/nonveteran, Black or African American",Personal/family savings of owner(s),5,S
Utilities,"Equally veteran/nonveteran, Black or African American",Personal/family assets other than savings of owner(s),0,S
Utilities,"Equally veteran/nonveteran, Black or African American",Personal/family home equity loan,0,S
Utilities,"Equally veteran/nonveteran, Black or African American",Personal credit card(s) carrying balances,0,S
Utilities,"Equally veteran/nonveteran, Black or African American",Business credit card(s) carrying balances,0,S
Utilities,"Equally veteran/nonveteran, Black or African American","Business loan from federal, state, or local government",0,S
Utilities,"Equally veteran/nonveteran, Black or African American",Government-guaranteed business loan from a bank or financial institution,0,S
Utilities,"Equally veteran/nonveteran, Black or African American",Business loan from a bank or financial institution,0,S
Utilities,"Equally veteran/nonveteran, Black or African American",Business loan/investment from family/friends,0,S
Utilities,"Equally veteran/nonveteran, Black or African American",Investment by venture capitalist(s),0,S
Utilities,"Equally veteran/nonveteran, Black or African American",Grants,0,S
Utilities,"Equally veteran/nonveteran, Black or African American",Other source(s) of capital,0,S
Utilities,"Equally veteran/nonveteran, Black or African American",Don't know,0,S
Utilities,"Equally veteran/nonveteran, Black or African American",None needed,0,S
Utilities,"Equally veteran/nonveteran, Black or African American",Total reporting,5,S
Utilities,"Equally veteran/nonveteran, Black or African American",Item not reported,0,S
Utilities,"Equally veteran/nonveteran, American Indian and Alaska Native",All firms,0,0
Utilities,"Equally veteran/nonveteran, American Indian and Alaska Native",Personal/family savings of owner(s),0,0
Utilities,"Equally veteran/nonveteran, American Indian and Alaska Native",Personal/family assets other than savings of owner(s),0,0
Utilities,"Equally veteran/nonveteran, American Indian and Alaska Native",Personal/family home equity loan,0,0
Utilities,"Equally veteran/nonveteran, American Indian and Alaska Native",Personal credit card(s) carrying balances,0,0
Utilities,"Equally veteran/nonveteran, American Indian and Alaska Native",Business credit card(s) carrying balances,0,0
Utilities,"Equally veteran/nonveteran, American Indian and Alaska Native","Business loan from federal, state, or local government",0,0
Utilities,"Equally veteran/nonveteran, American Indian and Alaska Native",Government-guaranteed business loan from a bank or financial institution,0,0
Utilities,"Equally veteran/nonveteran, American Indian and Alaska Native",Business loan from a bank or financial institution,0,0
Utilities,"Equally veteran/nonveteran, American Indian and Alaska Native",Business loan/investment from family/friends,0,0
Utilities,"Equally veteran/nonveteran, American Indian and Alaska Native",Investment by venture capitalist(s),0,0
Utilities,"Equally veteran/nonveteran, American Indian and Alaska Native",Grants,0,0
Utilities,"Equally veteran/nonveteran, American Indian and Alaska Native",Other source(s) of capital,0,0
Utilities,"Equally veteran/nonveteran, American Indian and Alaska Native",Don't know,0,0
Utilities,"Equally veteran/nonveteran, American Indian and Alaska Native",None needed,0,0
Utilities,"Equally veteran/nonveteran, American Indian and Alaska Native",Total reporting,0,0
Utilities,"Equally veteran/nonveteran, American Indian and Alaska Native",Item not reported,0,0
Utilities,"Equally veteran/nonveteran, Asian",All firms,6,S
Utilities,"Equally veteran/nonveteran, Asian",Personal/family savings of owner(s),12,S
Utilities,"Equally veteran/nonveteran, Asian",Personal/family assets other than savings of owner(s),0,S
Utilities,"Equally veteran/nonveteran, Asian",Personal/family home equity loan,0,S
Utilities,"Equally veteran/nonveteran, Asian",Personal credit card(s) carrying balances,0,S
Utilities,"Equally veteran/nonveteran, Asian",Business credit card(s) carrying balances,0,S
Utilities,"Equally veteran/nonveteran, Asian","Business loan from federal, state, or local government",0,S
Utilities,"Equally veteran/nonveteran, Asian",Government-guaranteed business loan from a bank or financial institution,0,S
Utilities,"Equally veteran/nonveteran, Asian",Business loan from a bank or financial institution,0,S
Utilities,"Equally veteran/nonveteran, Asian",Business loan/investment from family/friends,0,S
Utilities,"Equally veteran/nonveteran, Asian",Investment by venture capitalist(s),0,S
Utilities,"Equally veteran/nonveteran, Asian",Grants,0,S
Utilities,"Equally veteran/nonveteran, Asian",Other source(s) of capital,0,S
Utilities,"Equally veteran/nonveteran, Asian",Don't know,0,S
Utilities,"Equally veteran/nonveteran, Asian",None needed,0,S
Utilities,"Equally veteran/nonveteran, Asian",Total reporting,12,S
Utilities,"Equally veteran/nonveteran, Asian",Item not reported,0,S
Utilities,"Equally veteran/nonveteran, Native Hawaiian and Other Pacific Islander",All firms,0,0
Utilities,"Equally veteran/nonveteran, Native Hawaiian and Other Pacific Islander",Personal/family savings of owner(s),0,0
Utilities,"Equally veteran/nonveteran, Native Hawaiian and Other Pacific Islander",Personal/family assets other than savings of owner(s),0,0
Utilities,"Equally veteran/nonveteran, Native Hawaiian and Other Pacific Islander",Personal/family home equity loan,0,0
Utilities,"Equally veteran/nonveteran, Native Hawaiian and Other Pacific Islander",Personal credit card(s) carrying balances,0,0
Utilities,"Equally veteran/nonveteran, Native Hawaiian and Other Pacific Islander",Business credit card(s) carrying balances,0,0
Utilities,"Equally veteran/nonveteran, Native Hawaiian and Other Pacific Islander","Business loan from federal, state, or local government",0,0
Utilities,"Equally veteran/nonveteran, Native Hawaiian and Other Pacific Islander",Government-guaranteed business loan from a bank or financial institution,0,0
Utilities,"Equally veteran/nonveteran, Native Hawaiian and Other Pacific Islander",Business loan from a bank or financial institution,0,0
Utilities,"Equally veteran/nonveteran, Native Hawaiian and Other Pacific Islander",Business loan/investment from family/friends,0,0
Utilities,"Equally veteran/nonveteran, Native Hawaiian and Other Pacific Islander",Investment by venture capitalist(s),0,0
Utilities,"Equally veteran/nonveteran, Native Hawaiian and Other Pacific Islander",Grants,0,0
Utilities,"Equally veteran/nonveteran, Native Hawaiian and Other Pacific Islander",Other source(s) of capital,0,0
Utilities,"Equally veteran/nonveteran, Native Hawaiian and Other Pacific Islander",Don't know,0,0
Utilities,"Equally veteran/nonveteran, Native Hawaiian and Other Pacific Islander",None needed,0,0
Utilities,"Equally veteran/nonveteran, Native Hawaiian and Other Pacific Islander",Total reporting,0,0
Utilities,"Equally veteran/nonveteran, Native Hawaiian and Other Pacific Islander",Item not reported,0,0
Utilities,"Equally veteran/nonveteran, some other race",All firms,0,0
Utilities,"Equally veteran/nonveteran, some other race",Personal/family savings of owner(s),0,0
Utilities,"Equally veteran/nonveteran, some other race",Personal/family assets other than savings of owner(s),0,0
Utilities,"Equally veteran/nonveteran, some other race",Personal/family home equity loan,0,0
Utilities,"Equally veteran/nonveteran, some other race",Personal credit card(s) carrying balances,0,0
Utilities,"Equally veteran/nonveteran, some other race",Business credit card(s) carrying balances,0,0
Utilities,"Equally veteran/nonveteran, some other race","Business loan from federal, state, or local government",0,0
Utilities,"Equally veteran/nonveteran, some other race",Government-guaranteed business loan from a bank or financial institution,0,0
Utilities,"Equally veteran/nonveteran, some other race",Business loan from a bank or financial institution,0,0
Utilities,"Equally veteran/nonveteran, some other race",Business loan/investment from family/friends,0,0
Utilities,"Equally veteran/nonveteran, some other race",Investment by venture capitalist(s),0,0
Utilities,"Equally veteran/nonveteran, some other race",Grants,0,0
Utilities,"Equally veteran/nonveteran, some other race",Other source(s) of capital,0,0
Utilities,"Equally veteran/nonveteran, some other race",Don't know,0,0
Utilities,"Equally veteran/nonveteran, some other race",None needed,0,0
Utilities,"Equally veteran/nonveteran, some other race",Total reporting,0,0
Utilities,"Equally veteran/nonveteran, some other race",Item not reported,0,0
Utilities,"Equally veteran/nonveteran, minority",All firms,8,S
Utilities,"Equally veteran/nonveteran, minority",Personal/family savings of owner(s),17,S
Utilities,"Equally veteran/nonveteran, minority",Personal/family assets other than savings of owner(s),0,S
Utilities,"Equally veteran/nonveteran, minority",Personal/family home equity loan,0,S
Utilities,"Equally veteran/nonveteran, minority",Personal credit card(s) carrying balances,0,S
Utilities,"Equally veteran/nonveteran, minority",Business credit card(s) carrying balances,0,S
Utilities,"Equally veteran/nonveteran, minority","Business loan from federal, state, or local government",0,S
Utilities,"Equally veteran/nonveteran, minority",Government-guaranteed business loan from a bank or financial institution,0,S
Utilities,"Equally veteran/nonveteran, minority",Business loan from a bank or financial institution,0,S
Utilities,"Equally veteran/nonveteran, minority",Business loan/investment from family/friends,0,S
Utilities,"Equally veteran/nonveteran, minority",Investment by venture capitalist(s),0,S
Utilities,"Equally veteran/nonveteran, minority",Grants,0,S
Utilities,"Equally veteran/nonveteran, minority",Other source(s) of capital,0,S
Utilities,"Equally veteran/nonveteran, minority",Don't know,0,S
Utilities,"Equally veteran/nonveteran, minority",None needed,0,S
Utilities,"Equally veteran/nonveteran, minority",Total reporting,17,S
Utilities,"Equally veteran/nonveteran, minority",Item not reported,0,S
Utilities,"Equally veteran/nonveteran, equally minority/nonminority",All firms,10,2519
Utilities,"Equally veteran/nonveteran, equally minority/nonminority",Personal/family savings of owner(s),4,44
Utilities,"Equally veteran/nonveteran, equally minority/nonminority",Personal/family assets other than savings of owner(s),0,0
Utilities,"Equally veteran/nonveteran, equally minority/nonminority",Personal/family home equity loan,2,S
Utilities,"Equally veteran/nonveteran, equally minority/nonminority",Personal credit card(s) carrying balances,0,0
Utilities,"Equally veteran/nonveteran, equally minority/nonminority",Business credit card(s) carrying balances,0,0
Utilities,"Equally veteran/nonveteran, equally minority/nonminority","Business loan from federal, state, or local government",0,0
Utilities,"Equally veteran/nonveteran, equally minority/nonminority",Government-guaranteed business loan from a bank or financial institution,0,0
Utilities,"Equally veteran/nonveteran, equally minority/nonminority",Business loan from a bank or financial institution,0,0
Utilities,"Equally veteran/nonveteran, equally minority/nonminority",Business loan/investment from family/friends,0,0
Utilities,"Equally veteran/nonveteran, equally minority/nonminority",Investment by venture capitalist(s),0,0
Utilities,"Equally veteran/nonveteran, equally minority/nonminority",Grants,0,0
Utilities,"Equally veteran/nonveteran, equally minority/nonminority",Other source(s) of capital,0,0
Utilities,"Equally veteran/nonveteran, equally minority/nonminority",Don't know,0,0
Utilities,"Equally veteran/nonveteran, equally minority/nonminority",None needed,0,0
Utilities,"Equally veteran/nonveteran, equally minority/nonminority",Total reporting,4,44
Utilities,"Equally veteran/nonveteran, equally minority/nonminority",Item not reported,0,0
Utilities,"Equally veteran/nonveteran, nonminority",All firms,627,172203
Utilities,"Equally veteran/nonveteran, nonminority",Personal/family savings of owner(s),468,27415
Utilities,"Equally veteran/nonveteran, nonminority",Personal/family assets other than savings of owner(s),15,S
Utilities,"Equally veteran/nonveteran, nonminority",Personal/family home equity loan,89,S
Utilities,"Equally veteran/nonveteran, nonminority",Personal credit card(s) carrying balances,120,S
Utilities,"Equally veteran/nonveteran, nonminority",Business credit card(s) carrying balances,0,0
Utilities,"Equally veteran/nonveteran, nonminority","Business loan from federal, state, or local government",0,0
Utilities,"Equally veteran/nonveteran, nonminority",Government-guaranteed business loan from a bank or financial institution,0,0
Utilities,"Equally veteran/nonveteran, nonminority",Business loan from a bank or financial institution,14,8641
Utilities,"Equally veteran/nonveteran, nonminority",Business loan/investment from family/friends,0,0
Utilities,"Equally veteran/nonveteran, nonminority",Investment by venture capitalist(s),0,0
Utilities,"Equally veteran/nonveteran, nonminority",Grants,2,S
Utilities,"Equally veteran/nonveteran, nonminority",Other source(s) of capital,2,S
Utilities,"Equally veteran/nonveteran, nonminority",Don't know,2,S
Utilities,"Equally veteran/nonveteran, nonminority",None needed,23,S
Utilities,"Equally veteran/nonveteran, nonminority",Total reporting,588,39630
Utilities,"Equally veteran/nonveteran, nonminority",Item not reported,0,0
Utilities,Nonveteran,All firms,16176,21784929
Utilities,Nonveteran,Personal/family savings of owner(s),4429,6558627
Utilities,Nonveteran,Personal/family assets other than savings of owner(s),514,240741
Utilities,Nonveteran,Personal/family home equity loan,160,80937
Utilities,Nonveteran,Personal credit card(s) carrying balances,336,S
Utilities,Nonveteran,Business credit card(s) carrying balances,161,S
Utilities,Nonveteran,"Business loan from federal, state, or local government",8,S
Utilities,Nonveteran,Government-guaranteed business loan from a bank or financial institution,28,1074
Utilities,Nonveteran,Business loan from a bank or financial institution,743,815043
Utilities,Nonveteran,Business loan/investment from family/friends,91,S
Utilities,Nonveteran,Investment by venture capitalist(s),80,S
Utilities,Nonveteran,Grants,19,S
Utilities,Nonveteran,Other source(s) of capital,86,86981
Utilities,Nonveteran,Don't know,739,698324
Utilities,Nonveteran,None needed,2402,134848
Utilities,Nonveteran,Total reporting,8652(r),8258420(r)
Utilities,Nonveteran,Item not reported,436(r),10434(r)
Utilities,"Nonveteran, female-owned",All firms,3858,1169670
Utilities,"Nonveteran, female-owned",Personal/family savings of owner(s),857,S
Utilities,"Nonveteran, female-owned",Personal/family assets other than savings of owner(s),30,35753
Utilities,"Nonveteran, female-owned",Personal/family home equity loan,17,830
Utilities,"Nonveteran, female-owned",Personal credit card(s) carrying balances,103,S
Utilities,"Nonveteran, female-owned",Business credit card(s) carrying balances,21,S
Utilities,"Nonveteran, female-owned","Business loan from federal, state, or local government",6,S
Utilities,"Nonveteran, female-owned",Government-guaranteed business loan from a bank or financial institution,2,S
Utilities,"Nonveteran, female-owned",Business loan from a bank or financial institution,54,30273
Utilities,"Nonveteran, female-owned",Business loan/investment from family/friends,4,S
Utilities,"Nonveteran, female-owned",Investment by venture capitalist(s),0,0
Utilities,"Nonveteran, female-owned",Grants,0,0
Utilities,"Nonveteran, female-owned",Other source(s) of capital,19,S
Utilities,"Nonveteran, female-owned",Don't know,85,2566
Utilities,"Nonveteran, female-owned",None needed,505,39526
Utilities,"Nonveteran, female-owned",Total reporting,1574(r),504929(r)
Utilities,"Nonveteran, female-owned",Item not reported,131(r),2906(r)
Utilities,"Nonveteran, male-owned",All firms,10817,20045787
Utilities,"Nonveteran, male-owned",Personal/family savings of owner(s),2994,6000154
Utilities,"Nonveteran, male-owned",Personal/family assets other than savings of owner(s),407,199018
Utilities,"Nonveteran, male-owned",Personal/family home equity loan,46,S
Utilities,"Nonveteran, male-owned",Personal credit card(s) carrying balances,211,S
Utilities,"Nonveteran, male-owned",Business credit card(s) carrying balances,140,S
Utilities,"Nonveteran, male-owned","Business loan from federal, state, or local government",2,S
Utilities,"Nonveteran, male-owned",Government-guaranteed business loan from a bank or financial institution,11,905
Utilities,"Nonveteran, male-owned",Business loan from a bank or financial institution,553,780715
Utilities,"Nonveteran, male-owned",Business loan/investment from family/friends,83,S
Utilities,"Nonveteran, male-owned",Investment by venture capitalist(s),80,S
Utilities,"Nonveteran, male-owned",Grants,19,S
Utilities,"Nonveteran, male-owned",Other source(s) of capital,67,27040
Utilities,"Nonveteran, male-owned",Don't know,634,631530
Utilities,"Nonveteran, male-owned",None needed,1786,91160
Utilities,"Nonveteran, male-owned",Total reporting,6146(r),7483572(r)
Utilities,"Nonveteran, male-owned",Item not reported,187(r),S
Utilities,"Nonveteran, equally male-/female-owned",All firms,1501,569472
Utilities,"Nonveteran, equally male-/female-owned",Personal/family savings of owner(s),579,192930
Utilities,"Nonveteran, equally male-/female-owned",Personal/family assets other than savings of owner(s),77,5970
Utilities,"Nonveteran, equally male-/female-owned",Personal/family home equity loan,97,S
Utilities,"Nonveteran, equally male-/female-owned",Personal credit card(s) carrying balances,22,S
Utilities,"Nonveteran, equally male-/female-owned",Business credit card(s) carrying balances,0,0
Utilities,"Nonveteran, equally male-/female-owned","Business loan from federal, state, or local government",0,0
Utilities,"Nonveteran, equally male-/female-owned",Government-guaranteed business loan from a bank or financial institution,15,S
Utilities,"Nonveteran, equally male-/female-owned",Business loan from a bank or financial institution,136,4055
Utilities,"Nonveteran, equally male-/female-owned",Business loan/investment from family/friends,4,S
Utilities,"Nonveteran, equally male-/female-owned",Investment by venture capitalist(s),0,0
Utilities,"Nonveteran, equally male-/female-owned",Grants,0,0
Utilities,"Nonveteran, equally male-/female-owned",Other source(s) of capital,0,0
Utilities,"Nonveteran, equally male-/female-owned",Don't know,19,S
Utilities,"Nonveteran, equally male-/female-owned",None needed,111,4162
Utilities,"Nonveteran, equally male-/female-owned",Total reporting,933(r),269919(r)
Utilities,"Nonveteran, equally male-/female-owned",Item not reported,118(r),S
Utilities,"Nonveteran, Hispanic",All firms,2908,301983
Utilities,"Nonveteran, Hispanic",Personal/family savings of owner(s),497,S
Utilities,"Nonveteran, Hispanic",Personal/family assets other than savings of owner(s),0,0
Utilities,"Nonveteran, Hispanic",Personal/family home equity loan,2,S
Utilities,"Nonveteran, Hispanic",Personal credit card(s) carrying balances,55,2967
Utilities,"Nonveteran, Hispanic",Business credit card(s) carrying balances,2,S
Utilities,"Nonveteran, Hispanic","Business loan from federal, state, or local government",0,0
Utilities,"Nonveteran, Hispanic",Government-guaranteed business loan from a bank or financial institution,0,0
Utilities,"Nonveteran, Hispanic",Business loan from a bank or financial institution,0,0
Utilities,"Nonveteran, Hispanic",Business loan/investment from family/friends,0,0
Utilities,"Nonveteran, Hispanic",Investment by venture capitalist(s),0,0
Utilities,"Nonveteran, Hispanic",Grants,0,0
Utilities,"Nonveteran, Hispanic",Other source(s) of capital,30,S
Utilities,"Nonveteran, Hispanic",Don't know,122,S
Utilities,"Nonveteran, Hispanic",None needed,258,S
Utilities,"Nonveteran, Hispanic",Total reporting,954,S
Utilities,"Nonveteran, Hispanic",Item not reported,190,3575
Utilities,"Nonveteran, equally Hispanic/non-Hispanic",All firms,99,989958
Utilities,"Nonveteran, equally Hispanic/non-Hispanic",Personal/family savings of owner(s),67,S
Utilities,"Nonveteran, equally Hispanic/non-Hispanic",Personal/family assets other than savings of owner(s),0,0
Utilities,"Nonveteran, equally Hispanic/non-Hispanic",Personal/family home equity loan,0,0
Utilities,"Nonveteran, equally Hispanic/non-Hispanic",Personal credit card(s) carrying balances,0,0
Utilities,"Nonveteran, equally Hispanic/non-Hispanic",Business credit card(s) carrying balances,0,0
Utilities,"Nonveteran, equally Hispanic/non-Hispanic","Business loan from federal, state, or local government",0,0
Utilities,"Nonveteran, equally Hispanic/non-Hispanic",Government-guaranteed business loan from a bank or financial institution,0,0
Utilities,"Nonveteran, equally Hispanic/non-Hispanic",Business loan from a bank or financial institution,52,S
Utilities,"Nonveteran, equally Hispanic/non-Hispanic",Business loan/investment from family/friends,0,0
Utilities,"Nonveteran, equally Hispanic/non-Hispanic",Investment by venture capitalist(s),0,0
Utilities,"Nonveteran, equally Hispanic/non-Hispanic",Grants,0,0
Utilities,"Nonveteran, equally Hispanic/non-Hispanic",Other source(s) of capital,0,0
Utilities,"Nonveteran, equally Hispanic/non-Hispanic",Don't know,2,S
Utilities,"Nonveteran, equally Hispanic/non-Hispanic",None needed,0,0
Utilities,"Nonveteran, equally Hispanic/non-Hispanic",Total reporting,69,S
Utilities,"Nonveteran, equally Hispanic/non-Hispanic",Item not reported,0,0
Utilities,"Nonveteran, non-Hispanic",All firms,13169,20492988
Utilities,"Nonveteran, non-Hispanic",Personal/family savings of owner(s),3865,6188849
Utilities,"Nonveteran, non-Hispanic",Personal/family assets other than savings of owner(s),514,240741
Utilities,"Nonveteran, non-Hispanic",Personal/family home equity loan,158,S
Utilities,"Nonveteran, non-Hispanic",Personal credit card(s) carrying balances,281,S
Utilities,"Nonveteran, non-Hispanic",Business credit card(s) carrying balances,159,S
Utilities,"Nonveteran, non-Hispanic","Business loan from federal, state, or local government",8,S
Utilities,"Nonveteran, non-Hispanic",Government-guaranteed business loan from a bank or financial institution,28,1074
Utilities,"Nonveteran, non-Hispanic",Business loan from a bank or financial institution,691,801097
Utilities,"Nonveteran, non-Hispanic",Business loan/investment from family/friends,91,S
Utilities,"Nonveteran, non-Hispanic",Investment by venture capitalist(s),80,S
Utilities,"Nonveteran, non-Hispanic",Grants,19,S
Utilities,"Nonveteran, non-Hispanic",Other source(s) of capital,56,S
Utilities,"Nonveteran, non-Hispanic",Don't know,615,684649
Utilities,"Nonveteran, non-Hispanic",None needed,2144,125875
Utilities,"Nonveteran, non-Hispanic",Total reporting,7629(r),7855161(r)
Utilities,"Nonveteran, non-Hispanic",Item not reported,246(r),S
Utilities,"Nonveteran, White",All firms,13143,20764220
Utilities,"Nonveteran, White",Personal/family savings of owner(s),3771,6516347
Utilities,"Nonveteran, White",Personal/family assets other than savings of owner(s),508,240272
Utilities,"Nonveteran, White",Personal/family home equity loan,138,S
Utilities,"Nonveteran, White",Personal credit card(s) carrying balances,233,S
Utilities,"Nonveteran, White",Business credit card(s) carrying balances,128,S
Utilities,"Nonveteran, White","Business loan from federal, state, or local government",8,S
Utilities,"Nonveteran, White",Government-guaranteed business loan from a bank or financial institution,24,838
Utilities,"Nonveteran, White",Business loan from a bank or financial institution,741,815010
Utilities,"Nonveteran, White",Business loan/investment from family/friends,68,S
Utilities,"Nonveteran, White",Investment by venture capitalist(s),80,S
Utilities,"Nonveteran, White",Grants,8,S
Utilities,"Nonveteran, White",Other source(s) of capital,54,S
Utilities,"Nonveteran, White",Don't know,652,655109
Utilities,"Nonveteran, White",None needed,2162,129214
Utilities,"Nonveteran, White",Total reporting,7564(r),8155488(r)
Utilities,"Nonveteran, White",Item not reported,333(r),S
Utilities,"Nonveteran, Black or African American",All firms,1392,20263
Utilities,"Nonveteran, Black or African American",Personal/family savings of owner(s),247,7747
Utilities,"Nonveteran, Black or African American",Personal/family assets other than savings of owner(s),2,S
Utilities,"Nonveteran, Black or African American",Personal/family home equity loan,0,0
Utilities,"Nonveteran, Black or African American",Personal credit card(s) carrying balances,19,S
Utilities,"Nonveteran, Black or African American",Business credit card(s) carrying balances,14,S
Utilities,"Nonveteran, Black or African American","Business loan from federal, state, or local government",0,0
Utilities,"Nonveteran, Black or African American",Government-guaranteed business loan from a bank or financial institution,2,S
Utilities,"Nonveteran, Black or African American",Business loan from a bank or financial institution,0,0
Utilities,"Nonveteran, Black or African American",Business loan/investment from family/friends,4,206
Utilities,"Nonveteran, Black or African American",Investment by venture capitalist(s),0,0
Utilities,"Nonveteran, Black or African American",Grants,0,0
Utilities,"Nonveteran, Black or African American",Other source(s) of capital,4,S
Utilities,"Nonveteran, Black or African American",Don't know,25,S
Utilities,"Nonveteran, Black or African American",None needed,86,252
Utilities,"Nonveteran, Black or African American",Total reporting,364(r),10066(r)
Utilities,"Nonveteran, Black or African American",Item not reported,11(r),S
Utilities,"Nonveteran, American Indian and Alaska Native",All firms,245,194143
Utilities,"Nonveteran, American Indian and Alaska Native",Personal/family savings of owner(s),25,S
Utilities,"Nonveteran, American Indian and Alaska Native",Personal/family assets other than savings of owner(s),2,S
Utilities,"Nonveteran, American Indian and Alaska Native",Personal/family home equity loan,0,0
Utilities,"Nonveteran, American Indian and Alaska Native",Personal credit card(s) carrying balances,0,0
Utilities,"Nonveteran, American Indian and Alaska Native",Business credit card(s) carrying balances,0,0
Utilities,"Nonveteran, American Indian and Alaska Native","Business loan from federal, state, or local government",0,0
Utilities,"Nonveteran, American Indian and Alaska Native",Government-guaranteed business loan from a bank or financial institution,0,0
Utilities,"Nonveteran, American Indian and Alaska Native",Business loan from a bank or financial institution,6,S
Utilities,"Nonveteran, American Indian and Alaska Native",Business loan/investment from family/friends,0,0
Utilities,"Nonveteran, American Indian and Alaska Native",Investment by venture capitalist(s),0,0
Utilities,"Nonveteran, American Indian and Alaska Native",Grants,11,S
Utilities,"Nonveteran, American Indian and Alaska Native",Other source(s) of capital,0,0
Utilities,"Nonveteran, American Indian and Alaska Native",Don't know,2,S
Utilities,"Nonveteran, American Indian and Alaska Native",None needed,28,749
Utilities,"Nonveteran, American Indian and Alaska Native",Total reporting,68,S
Utilities,"Nonveteran, American Indian and Alaska Native",Item not reported,2,S
Utilities,"Nonveteran, Asian",All firms,470,754724
Utilities,"Nonveteran, Asian",Personal/family savings of owner(s),118,S
Utilities,"Nonveteran, Asian",Personal/family assets other than savings of owner(s),2,S
Utilities,"Nonveteran, Asian",Personal/family home equity loan,2,S
Utilities,"Nonveteran, Asian",Personal credit card(s) carrying balances,26,S
Utilities,"Nonveteran, Asian",Business credit card(s) carrying balances,2,S
Utilities,"Nonveteran, Asian","Business loan from federal, state, or local government",0,0
Utilities,"Nonveteran, Asian",Government-guaranteed business loan from a bank or financial institution,2,S
Utilities,"Nonveteran, Asian",Business loan from a bank or financial institution,4,S
Utilities,"Nonveteran, Asian",Business loan/investment from family/friends,2,S
Utilities,"Nonveteran, Asian",Investment by venture capitalist(s),2,S
Utilities,"Nonveteran, Asian",Grants,0,0
Utilities,"Nonveteran, Asian",Other source(s) of capital,4,S
Utilities,"Nonveteran, Asian",Don't know,24,S
Utilities,"Nonveteran, Asian",None needed,47,S
Utilities,"Nonveteran, Asian",Total reporting,209,S
Utilities,"Nonveteran, Asian",Item not reported,7,S
Utilities,"Nonveteran, Native Hawaiian and Other Pacific Islander",All firms,21,390
Utilities,"Nonveteran, Native Hawaiian and Other Pacific Islander",Personal/family savings of owner(s),10,50
Utilities,"Nonveteran, Native Hawaiian and Other Pacific Islander",Personal/family assets other than savings of owner(s),0,0
Utilities,"Nonveteran, Native Hawaiian and Other Pacific Islander",Personal/family home equity loan,0,0
Utilities,"Nonveteran, Native Hawaiian and Other Pacific Islander",Personal credit card(s) carrying balances,0,0
Utilities,"Nonveteran, Native Hawaiian and Other Pacific Islander",Business credit card(s) carrying balances,0,0
Utilities,"Nonveteran, Native Hawaiian and Other Pacific Islander","Business loan from federal, state, or local government",0,0
Utilities,"Nonveteran, Native Hawaiian and Other Pacific Islander",Government-guaranteed business loan from a bank or financial institution,0,0
Utilities,"Nonveteran, Native Hawaiian and Other Pacific Islander",Business loan from a bank or financial institution,0,0
Utilities,"Nonveteran, Native Hawaiian and Other Pacific Islander",Business loan/investment from family/friends,0,0
Utilities,"Nonveteran, Native Hawaiian and Other Pacific Islander",Investment by venture capitalist(s),0,0
Utilities,"Nonveteran, Native Hawaiian and Other Pacific Islander",Grants,0,0
Utilities,"Nonveteran, Native Hawaiian and Other Pacific Islander",Other source(s) of capital,0,0
Utilities,"Nonveteran, Native Hawaiian and Other Pacific Islander",Don't know,0,0
Utilities,"Nonveteran, Native Hawaiian and Other Pacific Islander",None needed,0,0
Utilities,"Nonveteran, Native Hawaiian and Other Pacific Islander",Total reporting,10,50
Utilities,"Nonveteran, Native Hawaiian and Other Pacific Islander",Item not reported,0,0
Utilities,"Nonveteran, some other race",All firms,1167,49331
Utilities,"Nonveteran, some other race",Personal/family savings of owner(s),224,S
Utilities,"Nonveteran, some other race",Personal/family assets other than savings of owner(s),0,0
Utilities,"Nonveteran, some other race",Personal/family home equity loan,2,S
Utilities,"Nonveteran, some other race",Personal credit card(s) carrying balances,41,940
Utilities,"Nonveteran, some other race",Business credit card(s) carrying balances,0,0
Utilities,"Nonveteran, some other race","Business loan from federal, state, or local government",0,0
Utilities,"Nonveteran, some other race",Government-guaranteed business loan from a bank or financial institution,0,0
Utilities,"Nonveteran, some other race",Business loan from a bank or financial institution,0,0
Utilities,"Nonveteran, some other race",Business loan/investment from family/friends,0,0
Utilities,"Nonveteran, some other race",Investment by venture capitalist(s),0,0
Utilities,"Nonveteran, some other race",Grants,0,0
Utilities,"Nonveteran, some other race",Other source(s) of capital,28,S
Utilities,"Nonveteran, some other race",Don't know,34,S
Utilities,"Nonveteran, some other race",None needed,92,S
Utilities,"Nonveteran, some other race",Total reporting,415,S
Utilities,"Nonveteran, some other race",Item not reported,83,S
Utilities,"Nonveteran, minority",All firms,4836,1267949
Utilities,"Nonveteran, minority",Personal/family savings of owner(s),919,S
Utilities,"Nonveteran, minority",Personal/family assets other than savings of owner(s),6,S
Utilities,"Nonveteran, minority",Personal/family home equity loan,23,S
Utilities,"Nonveteran, minority",Personal credit card(s) carrying balances,120,4941
Utilities,"Nonveteran, minority",Business credit card(s) carrying balances,37,2980
Utilities,"Nonveteran, minority","Business loan from federal, state, or local government",0,0
Utilities,"Nonveteran, minority",Government-guaranteed business loan from a bank or financial institution,4,S
Utilities,"Nonveteran, minority",Business loan from a bank or financial institution,10,S
Utilities,"Nonveteran, minority",Business loan/investment from family/friends,25,S
Utilities,"Nonveteran, minority",Investment by venture capitalist(s),2,S
Utilities,"Nonveteran, minority",Grants,11,S
Utilities,"Nonveteran, minority",Other source(s) of capital,38,S
Utilities,"Nonveteran, minority",Don't know,172,S
Utilities,"Nonveteran, minority",None needed,420,S
Utilities,"Nonveteran, minority",Total reporting,1627(r),453531(r)
Utilities,"Nonveteran, minority",Item not reported,210(r),3878(r)
Utilities,"Nonveteran, equally minority/nonminority",All firms,183,994776
Utilities,"Nonveteran, equally minority/nonminority",Personal/family savings of owner(s),120,S
Utilities,"Nonveteran, equally minority/nonminority",Personal/family assets other than savings of owner(s),16,S
Utilities,"Nonveteran, equally minority/nonminority",Personal/family home equity loan,16,S
Utilities,"Nonveteran, equally minority/nonminority",Personal credit card(s) carrying balances,0,0
Utilities,"Nonveteran, equally minority/nonminority",Business credit card(s) carrying balances,0,0
Utilities,"Nonveteran, equally minority/nonminority","Business loan from federal, state, or local government",0,0
Utilities,"Nonveteran, equally minority/nonminority",Government-guaranteed business loan from a bank or financial institution,0,0
Utilities,"Nonveteran, equally minority/nonminority",Business loan from a bank or financial institution,127,S
Utilities,"Nonveteran, equally minority/nonminority",Business loan/investment from family/friends,0,0
Utilities,"Nonveteran, equally minority/nonminority",Investment by venture capitalist(s),0,0
Utilities,"Nonveteran, equally minority/nonminority",Grants,0,0
Utilities,"Nonveteran, equally minority/nonminority",Other source(s) of capital,0,0
Utilities,"Nonveteran, equally minority/nonminority",Don't know,2,S
Utilities,"Nonveteran, equally minority/nonminority",None needed,2,S
Utilities,"Nonveteran, equally minority/nonminority",Total reporting,178,S
Utilities,"Nonveteran, equally minority/nonminority",Item not reported,0,0
Utilities,"Nonveteran, nonminority",All firms,11157,19522204
Utilities,"Nonveteran, nonminority",Personal/family savings of owner(s),3389,6152763
Utilities,"Nonveteran, nonminority",Personal/family assets other than savings of owner(s),492,240112
Utilities,"Nonveteran, nonminority",Personal/family home equity loan,120,S
Utilities,"Nonveteran, nonminority",Personal credit card(s) carrying balances,216,S
Utilities,"Nonveteran, nonminority",Business credit card(s) carrying balances,124,S
Utilities,"Nonveteran, nonminority","Business loan from federal, state, or local government",8,S
Utilities,"Nonveteran, nonminority",Government-guaranteed business loan from a bank or financial institution,24,838
Utilities,"Nonveteran, nonminority",Business loan from a bank or financial institution,606,790497
Utilities,"Nonveteran, nonminority",Business loan/investment from family/friends,66,S
Utilities,"Nonveteran, nonminority",Investment by venture capitalist(s),78,S
Utilities,"Nonveteran, nonminority",Grants,8,S
Utilities,"Nonveteran, nonminority",Other source(s) of capital,48,S
Utilities,"Nonveteran, nonminority",Don't know,564,651418
Utilities,"Nonveteran, nonminority",None needed,1981,120631
Utilities,"Nonveteran, nonminority",Total reporting,6847(r),7778774(r)
Utilities,"Nonveteran, nonminority",Item not reported,226(r),S
Utilities,"All firms classifiable by gender, ethnicity, race, and veteran status",All firms,19398,25790457
Utilities,"All firms classifiable by gender, ethnicity, race, and veteran status",Personal/family savings of owner(s),5706,7006369
Utilities,"All firms classifiable by gender, ethnicity, race, and veteran status",Personal/family assets other than savings of owner(s),557,272549
Utilities,"All firms classifiable by gender, ethnicity, race, and veteran status",Personal/family home equity loan,271,96025
Utilities,"All firms classifiable by gender, ethnicity, race, and veteran status",Personal credit card(s) carrying balances,492,73315
Utilities,"All firms classifiable by gender, ethnicity, race, and veteran status",Business credit card(s) carrying balances,167,S
Utilities,"All firms classifiable by gender, ethnicity, race, and veteran status","Business loan from federal, state, or local government",8,S
Utilities,"All firms classifiable by gender, ethnicity, race, and veteran status",Government-guaranteed business loan from a bank or financial institution,30,2863
Utilities,"All firms classifiable by gender, ethnicity, race, and veteran status",Business loan from a bank or financial institution,806,857398
Utilities,"All firms classifiable by gender, ethnicity, race, and veteran status",Business loan/investment from family/friends,106,S
Utilities,"All firms classifiable by gender, ethnicity, race, and veteran status",Investment by venture capitalist(s),80,S
Utilities,"All firms classifiable by gender, ethnicity, race, and veteran status",Grants,21,S
Utilities,"All firms classifiable by gender, ethnicity, race, and veteran status",Other source(s) of capital,94,88181
Utilities,"All firms classifiable by gender, ethnicity, race, and veteran status",Don't know,854,1234457
Utilities,"All firms classifiable by gender, ethnicity, race, and veteran status",None needed,2840,149366
Utilities,"All firms classifiable by gender, ethnicity, race, and veteran status",Total reporting,10614(r),9289436(r)
Utilities,"All firms classifiable by gender, ethnicity, race, and veteran status",Item not reported,444(r),11258(r)
Utilities,"Publicly held and other firms not classifiable by gender, ethnicity, race, and veteran status",All firms,4245,502623287
Utilities,"Publicly held and other firms not classifiable by gender, ethnicity, race, and veteran status",Personal/family savings of owner(s),9,S
Utilities,"Publicly held and other firms not classifiable by gender, ethnicity, race, and veteran status",Personal/family assets other than savings of owner(s),2,S
Utilities,"Publicly held and other firms not classifiable by gender, ethnicity, race, and veteran status",Personal/family home equity loan,0,0
Utilities,"Publicly held and other firms not classifiable by gender, ethnicity, race, and veteran status",Personal credit card(s) carrying balances,9,S
Utilities,"Publicly held and other firms not classifiable by gender, ethnicity, race, and veteran status",Business credit card(s) carrying balances,7,S
Utilities,"Publicly held and other firms not classifiable by gender, ethnicity, race, and veteran status","Business loan from federal, state, or local government",0,0
Utilities,"Publicly held and other firms not classifiable by gender, ethnicity, race, and veteran status",Government-guaranteed business loan from a bank or financial institution,0,0
Utilities,"Publicly held and other firms not classifiable by gender, ethnicity, race, and veteran status",Business loan from a bank or financial institution,7,S
Utilities,"Publicly held and other firms not classifiable by gender, ethnicity, race, and veteran status",Business loan/investment from family/friends,2,S
Utilities,"Publicly held and other firms not classifiable by gender, ethnicity, race, and veteran status",Investment by venture capitalist(s),0,0
Utilities,"Publicly held and other firms not classifiable by gender, ethnicity, race, and veteran status",Grants,2,S
Utilities,"Publicly held and other firms not classifiable by gender, ethnicity, race, and veteran status",Other source(s) of capital,97,S
Utilities,"Publicly held and other firms not classifiable by gender, ethnicity, race, and veteran status",Don't know,44,S
Utilities,"Publicly held and other firms not classifiable by gender, ethnicity, race, and veteran status",None needed,13,S
Utilities,"Publicly held and other firms not classifiable by gender, ethnicity, race, and veteran status",Total reporting,169,208170
Utilities,"Publicly held and other firms not classifiable by gender, ethnicity, race, and veteran status",Item not reported,1140,49534023
Construction,All firms,All firms,2940190,1486862827
Construction,All firms,Personal/family savings of owner(s),1034380,494661319
Construction,All firms,Personal/family assets other than savings of owner(s),110014,85628574
Construction,All firms,Personal/family home equity loan,55612,44830649
Construction,All firms,Personal credit card(s) carrying balances,153055,46509964
Construction,All firms,Business credit card(s) carrying balances,60419,21006870
Construction,All firms,"Business loan from federal, state, or local government",1022,645579
Construction,All firms,Government-guaranteed business loan from a bank or financial institution,4743,8022394
Construction,All firms,Business loan from a bank or financial institution,94599,116067165
Construction,All firms,Business loan/investment from family/friends,25547,36646958
Construction,All firms,Investment by venture capitalist(s),2205,4635381
Construction,All firms,Grants,793,S
Construction,All firms,Other source(s) of capital,23775,31747879
Construction,All firms,Don't know,119538,223866944
Construction,All firms,None needed,369350,60761127
Construction,All firms,Total reporting,1680096(r),893060877(r)
Construction,All firms,Item not reported,68168(r),179433715(r)
Construction,Female-owned,All firms,265733,93002152
Construction,Female-owned,Personal/family savings of owner(s),67303,40827396
Construction,Female-owned,Personal/family assets other than savings of owner(s),7960,6319725
Construction,Female-owned,Personal/family home equity loan,4287,4235036
Construction,Female-owned,Personal credit card(s) carrying balances,9778,4477221
Construction,Female-owned,Business credit card(s) carrying balances,4296,2740060
Construction,Female-owned,"Business loan from federal, state, or local government",25,S
Construction,Female-owned,Government-guaranteed business loan from a bank or financial institution,770,972462
Construction,Female-owned,Business loan from a bank or financial institution,5662,6671879
Construction,Female-owned,Business loan/investment from family/friends,2540,3435067
Construction,Female-owned,Investment by venture capitalist(s),128,S
Construction,Female-owned,Grants,351,3364
Construction,Female-owned,Other source(s) of capital,1974,3606538
Construction,Female-owned,Don't know,9361,13725660
Construction,Female-owned,None needed,33605,4781491
Construction,Female-owned,Total reporting,121368(r),69466946(r)
Construction,Female-owned,Item not reported,3793(r),1089525(r)
Construction,Male-owned,All firms,2444294,1013314938
Construction,Male-owned,Personal/family savings of owner(s),859136,410759984
Construction,Male-owned,Personal/family assets other than savings of owner(s),85920,71277837
Construction,Male-owned,Personal/family home equity loan,40289,34175372
Construction,Male-owned,Personal credit card(s) carrying balances,124731,36266929
Construction,Male-owned,Business credit card(s) carrying balances,48250,15595834
Construction,Male-owned,"Business loan from federal, state, or local government",863,506172
Construction,Male-owned,Government-guaranteed business loan from a bank or financial institution,3132,5987345
Construction,Male-owned,Business loan from a bank or financial institution,72134,96142478
Construction,Male-owned,Business loan/investment from family/friends,18395,29700346
Construction,Male-owned,Investment by venture capitalist(s),1639,3558452
Construction,Male-owned,Grants,443,S
Construction,Male-owned,Other source(s) of capital,19347,25344309
Construction,Male-owned,Don't know,101385,199979074
Construction,Male-owned,None needed,315644,52506312
Construction,Male-owned,Total reporting,1399319(r),753850074(r)
Construction,Male-owned,Item not reported,51267(r),7627191(r)
Construction,Equally male-/female-owned,All firms,217988,94096567
Construction,Equally male-/female-owned,Personal/family savings of owner(s),106807,42428503
Construction,Equally male-/female-owned,Personal/family assets other than savings of owner(s),16035,7818097
Construction,Equally male-/female-owned,Personal/family home equity loan,11026,6416261
Construction,Equally male-/female-owned,Personal credit card(s) carrying balances,18420,5709566
Construction,Equally male-/female-owned,Business credit card(s) carrying balances,7773,2667776
Construction,Equally male-/female-owned,"Business loan from federal, state, or local government",134,S
Construction,Equally male-/female-owned,Government-guaranteed business loan from a bank or financial institution,841,1062587
Construction,Equally male-/female-owned,Business loan from a bank or financial institution,16700,11965700
Construction,Equally male-/female-owned,Business loan/investment from family/friends,4542,3508532
Construction,Equally male-/female-owned,Investment by venture capitalist(s),413,S
Construction,Equally male-/female-owned,Grants,0,0
Construction,Equally male-/female-owned,Other source(s) of capital,2327,1940718
Construction,Equally male-/female-owned,Don't know,7952,8459434
Construction,Equally male-/female-owned,None needed,19047,3216617
Construction,Equally male-/female-owned,Total reporting,155981(r),65089930(r)
Construction,Equally male-/female-owned,Item not reported,1515(r),563264(r)
Construction,Hispanic,All firms,475472,55830007
Construction,Hispanic,Personal/family savings of owner(s),88446,20148821
Construction,Hispanic,Personal/family assets other than savings of owner(s),7543,2278904
Construction,Hispanic,Personal/family home equity loan,3787,1879996
Construction,Hispanic,Personal credit card(s) carrying balances,12309,2789735
Construction,Hispanic,Business credit card(s) carrying balances,4220,1000691
Construction,Hispanic,"Business loan from federal, state, or local government",7,S
Construction,Hispanic,Government-guaranteed business loan from a bank or financial institution,356,S
Construction,Hispanic,Business loan from a bank or financial institution,2466,2491321
Construction,Hispanic,Business loan/investment from family/friends,1578,725732
Construction,Hispanic,Investment by venture capitalist(s),131,S
Construction,Hispanic,Grants,0,0
Construction,Hispanic,Other source(s) of capital,2301,S
Construction,Hispanic,Don't know,11340,3347906
Construction,Hispanic,None needed,37451,2299017
Construction,Hispanic,Total reporting,148680(r),29686422(r)
Construction,Hispanic,Item not reported,8940(r),893829(r)
Construction,"Hispanic, female-owned",All firms,53377,6516842
Construction,"Hispanic, female-owned",Personal/family savings of owner(s),6829,2571902
Construction,"Hispanic, female-owned",Personal/family assets other than savings of owner(s),1014,506296
Construction,"Hispanic, female-owned",Personal/family home equity loan,478,329161
Construction,"Hispanic, female-owned",Personal credit card(s) carrying balances,654,177241
Construction,"Hispanic, female-owned",Business credit card(s) carrying balances,477,104276
Construction,"Hispanic, female-owned","Business loan from federal, state, or local government",5,S
Construction,"Hispanic, female-owned",Government-guaranteed business loan from a bank or financial institution,18,17193
Construction,"Hispanic, female-owned",Business loan from a bank or financial institution,234,S
Construction,"Hispanic, female-owned",Business loan/investment from family/friends,276,S
Construction,"Hispanic, female-owned",Investment by venture capitalist(s),0,0
Construction,"Hispanic, female-owned",Grants,0,0
Construction,"Hispanic, female-owned",Other source(s) of capital,178,S
Construction,"Hispanic, female-owned",Don't know,565,216388
Construction,"Hispanic, female-owned",None needed,3505,103968
Construction,"Hispanic, female-owned",Total reporting,12155(r),4195720(r)
Construction,"Hispanic, female-owned",Item not reported,928(r),43534(r)
Construction,"Hispanic, male-owned",All firms,407452,46094504
Construction,"Hispanic, male-owned",Personal/family savings of owner(s),76274,16562149
Construction,"Hispanic, male-owned",Personal/family assets other than savings of owner(s),5943,1595339
Construction,"Hispanic, male-owned",Personal/family home equity loan,2849,1376506
Construction,"Hispanic, male-owned",Personal credit card(s) carrying balances,10833,2399480
Construction,"Hispanic, male-owned",Business credit card(s) carrying balances,3565,869287
Construction,"Hispanic, male-owned","Business loan from federal, state, or local government",2,S
Construction,"Hispanic, male-owned",Government-guaranteed business loan from a bank or financial institution,298,S
Construction,"Hispanic, male-owned",Business loan from a bank or financial institution,1904,1738146
Construction,"Hispanic, male-owned",Business loan/investment from family/friends,1243,266050
Construction,"Hispanic, male-owned",Investment by venture capitalist(s),131,S
Construction,"Hispanic, male-owned",Grants,0,0
Construction,"Hispanic, male-owned",Other source(s) of capital,2046,756172
Construction,"Hispanic, male-owned",Don't know,10445,3048382
Construction,"Hispanic, male-owned",None needed,33016,1848459
Construction,"Hispanic, male-owned",Total reporting,129175(r),23756701(r)
Construction,"Hispanic, male-owned",Item not reported,7806(r),833706(r)
Construction,"Hispanic, equally male-/female-owned",All firms,14642,3218661
Construction,"Hispanic, equally male-/female-owned",Personal/family savings of owner(s),5343,1014770
Construction,"Hispanic, equally male-/female-owned",Personal/family assets other than savings of owner(s),586,177269
Construction,"Hispanic, equally male-/female-owned",Personal/family home equity loan,460,174329
Construction,"Hispanic, equally male-/female-owned",Personal credit card(s) carrying balances,822,213015
Construction,"Hispanic, equally male-/female-owned",Business credit card(s) carrying balances,178,27128
Construction,"Hispanic, equally male-/female-owned","Business loan from federal, state, or local government",0,0
Construction,"Hispanic, equally male-/female-owned",Government-guaranteed business loan from a bank or financial institution,40,S
Construction,"Hispanic, equally male-/female-owned",Business loan from a bank or financial institution,327,118751
Construction,"Hispanic, equally male-/female-owned",Business loan/investment from family/friends,58,S
Construction,"Hispanic, equally male-/female-owned",Investment by venture capitalist(s),0,0
Construction,"Hispanic, equally male-/female-owned",Grants,0,0
Construction,"Hispanic, equally male-/female-owned",Other source(s) of capital,77,S
Construction,"Hispanic, equally male-/female-owned",Don't know,330,83137
Construction,"Hispanic, equally male-/female-owned",None needed,930,S
Construction,"Hispanic, equally male-/female-owned",Total reporting,7350(r),1734001(r)
Construction,"Hispanic, equally male-/female-owned",Item not reported,206(r),S
Construction,Equally Hispanic/non-Hispanic,All firms,11040,4893937
Construction,Equally Hispanic/non-Hispanic,Personal/family savings of owner(s),4821,2870848
Construction,Equally Hispanic/non-Hispanic,Personal/family assets other than savings of owner(s),615,379321
Construction,Equally Hispanic/non-Hispanic,Personal/family home equity loan,592,219986
Construction,Equally Hispanic/non-Hispanic,Personal credit card(s) carrying balances,818,306457
Construction,Equally Hispanic/non-Hispanic,Business credit card(s) carrying balances,504,S
Construction,Equally Hispanic/non-Hispanic,"Business loan from federal, state, or local government",8,S
Construction,Equally Hispanic/non-Hispanic,Government-guaranteed business loan from a bank or financial institution,18,S
Construction,Equally Hispanic/non-Hispanic,Business loan from a bank or financial institution,774,330912
Construction,Equally Hispanic/non-Hispanic,Business loan/investment from family/friends,57,S
Construction,Equally Hispanic/non-Hispanic,Investment by venture capitalist(s),0,0
Construction,Equally Hispanic/non-Hispanic,Grants,0,0
Construction,Equally Hispanic/non-Hispanic,Other source(s) of capital,176,S
Construction,Equally Hispanic/non-Hispanic,Don't know,353,S
Construction,Equally Hispanic/non-Hispanic,None needed,1195,313072
Construction,Equally Hispanic/non-Hispanic,Total reporting,7157(r),3842748(r)
Construction,Equally Hispanic/non-Hispanic,Item not reported,140(r),S
Construction,"Equally Hispanic/non-Hispanic, female-owned",All firms,18,30737
Construction,"Equally Hispanic/non-Hispanic, female-owned",Personal/family savings of owner(s),0,0
Construction,"Equally Hispanic/non-Hispanic, female-owned",Personal/family assets other than savings of owner(s),0,0
Construction,"Equally Hispanic/non-Hispanic, female-owned",Personal/family home equity loan,0,0
Construction,"Equally Hispanic/non-Hispanic, female-owned",Personal credit card(s) carrying balances,0,0
Construction,"Equally Hispanic/non-Hispanic, female-owned",Business credit card(s) carrying balances,0,0
Construction,"Equally Hispanic/non-Hispanic, female-owned","Business loan from federal, state, or local government",0,0
Construction,"Equally Hispanic/non-Hispanic, female-owned",Government-guaranteed business loan from a bank or financial institution,0,0
Construction,"Equally Hispanic/non-Hispanic, female-owned",Business loan from a bank or financial institution,0,0
Construction,"Equally Hispanic/non-Hispanic, female-owned",Business loan/investment from family/friends,0,0
Construction,"Equally Hispanic/non-Hispanic, female-owned",Investment by venture capitalist(s),0,0
Construction,"Equally Hispanic/non-Hispanic, female-owned",Grants,0,0
Construction,"Equally Hispanic/non-Hispanic, female-owned",Other source(s) of capital,0,0
Construction,"Equally Hispanic/non-Hispanic, female-owned",Don't know,0,0
Construction,"Equally Hispanic/non-Hispanic, female-owned",None needed,7,S
Construction,"Equally Hispanic/non-Hispanic, female-owned",Total reporting,7,S
Construction,"Equally Hispanic/non-Hispanic, female-owned",Item not reported,0,0
Construction,"Equally Hispanic/non-Hispanic, male-owned",All firms,1363,1586227
Construction,"Equally Hispanic/non-Hispanic, male-owned",Personal/family savings of owner(s),647,1195033
Construction,"Equally Hispanic/non-Hispanic, male-owned",Personal/family assets other than savings of owner(s),35,S
Construction,"Equally Hispanic/non-Hispanic, male-owned",Personal/family home equity loan,64,S
Construction,"Equally Hispanic/non-Hispanic, male-owned",Personal credit card(s) carrying balances,32,S
Construction,"Equally Hispanic/non-Hispanic, male-owned",Business credit card(s) carrying balances,9,S
Construction,"Equally Hispanic/non-Hispanic, male-owned","Business loan from federal, state, or local government",0,0
Construction,"Equally Hispanic/non-Hispanic, male-owned",Government-guaranteed business loan from a bank or financial institution,0,0
Construction,"Equally Hispanic/non-Hispanic, male-owned",Business loan from a bank or financial institution,192,155532
Construction,"Equally Hispanic/non-Hispanic, male-owned",Business loan/investment from family/friends,0,0
Construction,"Equally Hispanic/non-Hispanic, male-owned",Investment by venture capitalist(s),0,0
Construction,"Equally Hispanic/non-Hispanic, male-owned",Grants,0,0
Construction,"Equally Hispanic/non-Hispanic, male-owned",Other source(s) of capital,17,S
Construction,"Equally Hispanic/non-Hispanic, male-owned",Don't know,122,S
Construction,"Equally Hispanic/non-Hispanic, male-owned",None needed,348,S
Construction,"Equally Hispanic/non-Hispanic, male-owned",Total reporting,1182(r),1587691(r)
Construction,"Equally Hispanic/non-Hispanic, male-owned",Item not reported,123(r),S
Construction,"Equally Hispanic/non-Hispanic, equally male-/female-owned",All firms,9659,3276973
Construction,"Equally Hispanic/non-Hispanic, equally male-/female-owned",Personal/family savings of owner(s),4174,1675815
Construction,"Equally Hispanic/non-Hispanic, equally male-/female-owned",Personal/family assets other than savings of owner(s),580,S
Construction,"Equally Hispanic/non-Hispanic, equally male-/female-owned",Personal/family home equity loan,528,S
Construction,"Equally Hispanic/non-Hispanic, equally male-/female-owned",Personal credit card(s) carrying balances,786,220216
Construction,"Equally Hispanic/non-Hispanic, equally male-/female-owned",Business credit card(s) carrying balances,495,S
Construction,"Equally Hispanic/non-Hispanic, equally male-/female-owned","Business loan from federal, state, or local government",8,S
Construction,"Equally Hispanic/non-Hispanic, equally male-/female-owned",Government-guaranteed business loan from a bank or financial institution,18,S
Construction,"Equally Hispanic/non-Hispanic, equally male-/female-owned",Business loan from a bank or financial institution,581,175379
Construction,"Equally Hispanic/non-Hispanic, equally male-/female-owned",Business loan/investment from family/friends,57,S
Construction,"Equally Hispanic/non-Hispanic, equally male-/female-owned",Investment by venture capitalist(s),0,0
Construction,"Equally Hispanic/non-Hispanic, equally male-/female-owned",Grants,0,0
Construction,"Equally Hispanic/non-Hispanic, equally male-/female-owned",Other source(s) of capital,159,S
Construction,"Equally Hispanic/non-Hispanic, equally male-/female-owned",Don't know,232,74746
Construction,"Equally Hispanic/non-Hispanic, equally male-/female-owned",None needed,840,162965
Construction,"Equally Hispanic/non-Hispanic, equally male-/female-owned",Total reporting,5968(r),2254437(r)
Construction,"Equally Hispanic/non-Hispanic, equally male-/female-owned",Item not reported,17(r),S
Construction,Non-Hispanic,All firms,2441503,1139689713
Construction,Non-Hispanic,Personal/family savings of owner(s),939979,470996214
Construction,Non-Hispanic,Personal/family assets other than savings of owner(s),101756,82757434
Construction,Non-Hispanic,Personal/family home equity loan,51222,42726686
Construction,Non-Hispanic,Personal credit card(s) carrying balances,139801,43357523
Construction,Non-Hispanic,Business credit card(s) carrying balances,55596,19647422
Construction,Non-Hispanic,"Business loan from federal, state, or local government",1007,638134
Construction,Non-Hispanic,Government-guaranteed business loan from a bank or financial institution,4370,7630281
Construction,Non-Hispanic,Business loan from a bank or financial institution,91257,111957824
Construction,Non-Hispanic,Business loan/investment from family/friends,23842,35863386
Construction,Non-Hispanic,Investment by venture capitalist(s),2049,4412021
Construction,Non-Hispanic,Grants,793,S
Construction,Non-Hispanic,Other source(s) of capital,21171,29382894
Construction,Non-Hispanic,Don't know,107006,218544966
Construction,Non-Hispanic,None needed,329650,57892331
Construction,Non-Hispanic,Total reporting,1520832(r),854877780(r)
Construction,Non-Hispanic,Item not reported,47494(r),8343381(r)
Construction,"Non-Hispanic, female-owned",All firms,212337,86454574
Construction,"Non-Hispanic, female-owned",Personal/family savings of owner(s),60474,38255494
Construction,"Non-Hispanic, female-owned",Personal/family assets other than savings of owner(s),6946,5813429
Construction,"Non-Hispanic, female-owned",Personal/family home equity loan,3808,3905874
Construction,"Non-Hispanic, female-owned",Personal credit card(s) carrying balances,9123,4299981
Construction,"Non-Hispanic, female-owned",Business credit card(s) carrying balances,3820,2635784
Construction,"Non-Hispanic, female-owned","Business loan from federal, state, or local government",20,S
Construction,"Non-Hispanic, female-owned",Government-guaranteed business loan from a bank or financial institution,752,955269
Construction,"Non-Hispanic, female-owned",Business loan from a bank or financial institution,5428,6037454
Construction,"Non-Hispanic, female-owned",Business loan/investment from family/friends,2264,3017759
Construction,"Non-Hispanic, female-owned",Investment by venture capitalist(s),128,S
Construction,"Non-Hispanic, female-owned",Grants,351,3364
Construction,"Non-Hispanic, female-owned",Other source(s) of capital,1796,3009538
Construction,"Non-Hispanic, female-owned",Don't know,8796,13509272
Construction,"Non-Hispanic, female-owned",None needed,30094,4676903
Construction,"Non-Hispanic, female-owned",Total reporting,109207(r),65270607(r)
Construction,"Non-Hispanic, female-owned",Item not reported,2864(r),1045991(r)
Construction,"Non-Hispanic, male-owned",All firms,2035479,965634206
Construction,"Non-Hispanic, male-owned",Personal/family savings of owner(s),782215,393002802
Construction,"Non-Hispanic, male-owned",Personal/family assets other than savings of owner(s),79942,69605355
Construction,"Non-Hispanic, male-owned",Personal/family home equity loan,37376,32701577
Construction,"Non-Hispanic, male-owned",Personal credit card(s) carrying balances,113866,33781207
Construction,"Non-Hispanic, male-owned",Business credit card(s) carrying balances,44677,14708980
Construction,"Non-Hispanic, male-owned","Business loan from federal, state, or local government",861,505258
Construction,"Non-Hispanic, male-owned",Government-guaranteed business loan from a bank or financial institution,2834,5811927
Construction,"Non-Hispanic, male-owned",Business loan from a bank or financial institution,70038,94248800
Construction,"Non-Hispanic, male-owned",Business loan/investment from family/friends,17151,29434296
Construction,"Non-Hispanic, male-owned",Investment by venture capitalist(s),1508,3413550
Construction,"Non-Hispanic, male-owned",Grants,443,S
Construction,"Non-Hispanic, male-owned",Other source(s) of capital,17284,24584712
Construction,"Non-Hispanic, male-owned",Don't know,90819,196734143
Construction,"Non-Hispanic, male-owned",None needed,282280,50508366
Construction,"Non-Hispanic, male-owned",Total reporting,1268962(r),728505682(r)
Construction,"Non-Hispanic, male-owned",Item not reported,43338(r),6750732(r)
Construction,"Non-Hispanic, equally male-/female-owned",All firms,193687,87600933
Construction,"Non-Hispanic, equally male-/female-owned",Personal/family savings of owner(s),97290,39737918
Construction,"Non-Hispanic, equally male-/female-owned",Personal/family assets other than savings of owner(s),14868,7338650
Construction,"Non-Hispanic, equally male-/female-owned",Personal/family home equity loan,10038,6119235
Construction,"Non-Hispanic, equally male-/female-owned",Personal credit card(s) carrying balances,16812,5276336
Construction,"Non-Hispanic, equally male-/female-owned",Business credit card(s) carrying balances,7099,2302659
Construction,"Non-Hispanic, equally male-/female-owned","Business loan from federal, state, or local government",126,S
Construction,"Non-Hispanic, equally male-/female-owned",Government-guaranteed business loan from a bank or financial institution,784,863085
Construction,"Non-Hispanic, equally male-/female-owned",Business loan from a bank or financial institution,15791,11671570
Construction,"Non-Hispanic, equally male-/female-owned",Business loan/investment from family/friends,4427,3411331
Construction,"Non-Hispanic, equally male-/female-owned",Investment by venture capitalist(s),413,S
Construction,"Non-Hispanic, equally male-/female-owned",Grants,0,0
Construction,"Non-Hispanic, equally male-/female-owned",Other source(s) of capital,2090,1788643
Construction,"Non-Hispanic, equally male-/female-owned",Don't know,7391,8301552
Construction,"Non-Hispanic, equally male-/female-owned",None needed,17277,2707061
Construction,"Non-Hispanic, equally male-/female-owned",Total reporting,142663(r),61101491(r)
Construction,"Non-Hispanic, equally male-/female-owned",Item not reported,1292(r),546658(r)
Construction,White,All firms,2533513,1151597007
Construction,White,Personal/family savings of owner(s),952206,474412859
Construction,White,Personal/family assets other than savings of owner(s),103146,82950630
Construction,White,Personal/family home equity loan,51798,43051883
Construction,White,Personal credit card(s) carrying balances,141087,44124952
Construction,White,Business credit card(s) carrying balances,55884,19881865
Construction,White,"Business loan from federal, state, or local government",1004,639108
Construction,White,Government-guaranteed business loan from a bank or financial institution,4314,7488433
Construction,White,Business loan from a bank or financial institution,90739,112393111
Construction,White,Business loan/investment from family/friends,23492,36089730
Construction,White,Investment by venture capitalist(s),2087,4400657
Construction,White,Grants,775,S
Construction,White,Other source(s) of capital,21052,30041578
Construction,White,Don't know,106774,216669000
Construction,White,None needed,337010,58750931
Construction,White,Total reporting,1541247(r),858930641(r)
Construction,White,Item not reported,48764(r),8931143(r)
Construction,"White, female-owned",All firms,214069,86377906
Construction,"White, female-owned",Personal/family savings of owner(s),59249,37517397
Construction,"White, female-owned",Personal/family assets other than savings of owner(s),6915,5882286
Construction,"White, female-owned",Personal/family home equity loan,3824,3773828
Construction,"White, female-owned",Personal credit card(s) carrying balances,8867,4238447
Construction,"White, female-owned",Business credit card(s) carrying balances,3815,2575001
Construction,"White, female-owned","Business loan from federal, state, or local government",25,S
Construction,"White, female-owned",Government-guaranteed business loan from a bank or financial institution,675,741791
Construction,"White, female-owned",Business loan from a bank or financial institution,5201,6457563
Construction,"White, female-owned",Business loan/investment from family/friends,2107,3336299
Construction,"White, female-owned",Investment by venture capitalist(s),128,S
Construction,"White, female-owned",Grants,351,3364
Construction,"White, female-owned",Other source(s) of capital,1691,3563361
Construction,"White, female-owned",Don't know,8093,12930587
Construction,"White, female-owned",None needed,29516,4629406
Construction,"White, female-owned",Total reporting,106955(r),64919592(r)
Construction,"White, female-owned",Item not reported,2581(r),1053077(r)
Construction,"White, male-owned",All firms,2118172,974688040
Construction,"White, male-owned",Personal/family savings of owner(s),793816,396005010
Construction,"White, male-owned",Personal/family assets other than savings of owner(s),81223,69406168
Construction,"White, male-owned",Personal/family home equity loan,37777,33115317
Construction,"White, male-owned",Personal credit card(s) carrying balances,115220,34479036
Construction,"White, male-owned",Business credit card(s) carrying balances,44984,14792136
Construction,"White, male-owned","Business loan from federal, state, or local government",857,501219
Construction,"White, male-owned",Government-guaranteed business loan from a bank or financial institution,2869,5730795
Construction,"White, male-owned",Business loan from a bank or financial institution,69579,94249625
Construction,"White, male-owned",Business loan/investment from family/friends,16934,29252598
Construction,"White, male-owned",Investment by venture capitalist(s),1545,3402186
Construction,"White, male-owned",Grants,425,S
Construction,"White, male-owned",Other source(s) of capital,17297,24645843
Construction,"White, male-owned",Don't know,91115,195438354
Construction,"White, male-owned",None needed,289581,51016632
Construction,"White, male-owned",Total reporting,1288594(r),731042831(r)
Construction,"White, male-owned",Item not reported,44867(r),7319198(r)
Construction,"White, equally male-/female-owned",All firms,201272,90531061
Construction,"White, equally male-/female-owned",Personal/family savings of owner(s),99141,40890452
Construction,"White, equally male-/female-owned",Personal/family assets other than savings of owner(s),15008,7662177
Construction,"White, equally male-/female-owned",Personal/family home equity loan,10198,6162738
Construction,"White, equally male-/female-owned",Personal credit card(s) carrying balances,17000,5407469
Construction,"White, equally male-/female-owned",Business credit card(s) carrying balances,7085,2514727
Construction,"White, equally male-/female-owned","Business loan from federal, state, or local government",122,S
Construction,"White, equally male-/female-owned",Government-guaranteed business loan from a bank or financial institution,771,1015848
Construction,"White, equally male-/female-owned",Business loan from a bank or financial institution,15959,11685923
Construction,"White, equally male-/female-owned",Business loan/investment from family/friends,4451,3500834
Construction,"White, equally male-/female-owned",Investment by venture capitalist(s),413,S
Construction,"White, equally male-/female-owned",Grants,0,0
Construction,"White, equally male-/female-owned",Other source(s) of capital,2064,1832374
Construction,"White, equally male-/female-owned",Don't know,7566,8300059
Construction,"White, equally male-/female-owned",None needed,17913,3104893
Construction,"White, equally male-/female-owned",Total reporting,145699(r),62968218(r)
Construction,"White, equally male-/female-owned",Item not reported,1316(r),558868(r)
Construction,Black or African American,All firms,136729,11141919
Construction,Black or African American,Personal/family savings of owner(s),24318,5065663
Construction,Black or African American,Personal/family assets other than savings of owner(s),2050,574120
Construction,Black or African American,Personal/family home equity loan,896,355423
Construction,Black or African American,Personal credit card(s) carrying balances,4091,375429
Construction,Black or African American,Business credit card(s) carrying balances,930,175236
Construction,Black or African American,"Business loan from federal, state, or local government",0,0
Construction,Black or African American,Government-guaranteed business loan from a bank or financial institution,44,41180
Construction,Black or African American,Business loan from a bank or financial institution,1048,411319
Construction,Black or African American,Business loan/investment from family/friends,369,S
Construction,Black or African American,Investment by venture capitalist(s),6,S
Construction,Black or African American,Grants,11,S
Construction,Black or African American,Other source(s) of capital,1009,343335
Construction,Black or African American,Don't know,2290,955121
Construction,Black or African American,None needed,10722,483708
Construction,Black or African American,Total reporting,40565(r),7178894(r)
Construction,Black or African American,Item not reported,3222(r),158043(r)
Construction,"Black or African American, female-owned",All firms,18382,1401150
Construction,"Black or African American, female-owned",Personal/family savings of owner(s),2518,S
Construction,"Black or African American, female-owned",Personal/family assets other than savings of owner(s),238,22988
Construction,"Black or African American, female-owned",Personal/family home equity loan,72,12091
Construction,"Black or African American, female-owned",Personal credit card(s) carrying balances,377,41492
Construction,"Black or African American, female-owned",Business credit card(s) carrying balances,72,S
Construction,"Black or African American, female-owned","Business loan from federal, state, or local government",0,0
Construction,"Black or African American, female-owned",Government-guaranteed business loan from a bank or financial institution,0,0
Construction,"Black or African American, female-owned",Business loan from a bank or financial institution,123,1682
Construction,"Black or African American, female-owned",Business loan/investment from family/friends,26,S
Construction,"Black or African American, female-owned",Investment by venture capitalist(s),0,0
Construction,"Black or African American, female-owned",Grants,0,0
Construction,"Black or African American, female-owned",Other source(s) of capital,90,15051
Construction,"Black or African American, female-owned",Don't know,315,128580
Construction,"Black or African American, female-owned",None needed,1611,S
Construction,"Black or African American, female-owned",Total reporting,4607,S
Construction,"Black or African American, female-owned",Item not reported,464,22657
Construction,"Black or African American, male-owned",All firms,116336,9429007
Construction,"Black or African American, male-owned",Personal/family savings of owner(s),20605,3772668
Construction,"Black or African American, male-owned",Personal/family assets other than savings of owner(s),1649,527844
Construction,"Black or African American, male-owned",Personal/family home equity loan,794,297183
Construction,"Black or African American, male-owned",Personal credit card(s) carrying balances,3471,312771
Construction,"Black or African American, male-owned",Business credit card(s) carrying balances,763,146985
Construction,"Black or African American, male-owned","Business loan from federal, state, or local government",0,0
Construction,"Black or African American, male-owned",Government-guaranteed business loan from a bank or financial institution,27,40991
Construction,"Black or African American, male-owned",Business loan from a bank or financial institution,766,387991
Construction,"Black or African American, male-owned",Business loan/investment from family/friends,341,S
Construction,"Black or African American, male-owned",Investment by venture capitalist(s),6,S
Construction,"Black or African American, male-owned",Grants,11,S
Construction,"Black or African American, male-owned",Other source(s) of capital,910,325950
Construction,"Black or African American, male-owned",Don't know,1909,818687
Construction,"Black or African American, male-owned",None needed,8979,326927
Construction,"Black or African American, male-owned",Total reporting,34477(r),5554670(r)
Construction,"Black or African American, male-owned",Item not reported,2758(r),135386(r)
Construction,"Black or African American, equally male-/female-owned",All firms,2011,311762
Construction,"Black or African American, equally male-/female-owned",Personal/family savings of owner(s),1195,124384
Construction,"Black or African American, equally male-/female-owned",Personal/family assets other than savings of owner(s),163,23288
Construction,"Black or African American, equally male-/female-owned",Personal/family home equity loan,31,S
Construction,"Black or African American, equally male-/female-owned",Personal credit card(s) carrying balances,243,S
Construction,"Black or African American, equally male-/female-owned",Business credit card(s) carrying balances,95,S
Construction,"Black or African American, equally male-/female-owned","Business loan from federal, state, or local government",0,0
Construction,"Black or African American, equally male-/female-owned",Government-guaranteed business loan from a bank or financial institution,17,S
Construction,"Black or African American, equally male-/female-owned",Business loan from a bank or financial institution,159,21645
Construction,"Black or African American, equally male-/female-owned",Business loan/investment from family/friends,2,S
Construction,"Black or African American, equally male-/female-owned",Investment by venture capitalist(s),0,0
Construction,"Black or African American, equally male-/female-owned",Grants,0,0
Construction,"Black or African American, equally male-/female-owned",Other source(s) of capital,9,S
Construction,"Black or African American, equally male-/female-owned",Don't know,66,S
Construction,"Black or African American, equally male-/female-owned",None needed,132,S
Construction,"Black or African American, equally male-/female-owned",Total reporting,1481,161252
Construction,"Black or African American, equally male-/female-owned",Item not reported,0,0
Construction,American Indian and Alaska Native,All firms,35969,7401462
Construction,American Indian and Alaska Native,Personal/family savings of owner(s),10128,2863738
Construction,American Indian and Alaska Native,Personal/family assets other than savings of owner(s),1584,438082
Construction,American Indian and Alaska Native,Personal/family home equity loan,717,397222
Construction,American Indian and Alaska Native,Personal credit card(s) carrying balances,2154,435655
Construction,American Indian and Alaska Native,Business credit card(s) carrying balances,723,133698
Construction,American Indian and Alaska Native,"Business loan from federal, state, or local government",38,S
Construction,American Indian and Alaska Native,Government-guaranteed business loan from a bank or financial institution,115,S
Construction,American Indian and Alaska Native,Business loan from a bank or financial institution,1268,746341
Construction,American Indian and Alaska Native,Business loan/investment from family/friends,425,116959
Construction,American Indian and Alaska Native,Investment by venture capitalist(s),45,S
Construction,American Indian and Alaska Native,Grants,114,S
Construction,American Indian and Alaska Native,Other source(s) of capital,280,175238
Construction,American Indian and Alaska Native,Don't know,921,1145400
Construction,American Indian and Alaska Native,None needed,4093,332351
Construction,American Indian and Alaska Native,Total reporting,17603(r),5001760(r)
Construction,American Indian and Alaska Native,Item not reported,1119(r),50153(r)
Construction,"American Indian and Alaska Native, female-owned",All firms,5424,1847981
Construction,"American Indian and Alaska Native, female-owned",Personal/family savings of owner(s),1036,696569
Construction,"American Indian and Alaska Native, female-owned",Personal/family assets other than savings of owner(s),155,56011
Construction,"American Indian and Alaska Native, female-owned",Personal/family home equity loan,59,S
Construction,"American Indian and Alaska Native, female-owned",Personal credit card(s) carrying balances,90,S
Construction,"American Indian and Alaska Native, female-owned",Business credit card(s) carrying balances,17,S
Construction,"American Indian and Alaska Native, female-owned","Business loan from federal, state, or local government",0,0
Construction,"American Indian and Alaska Native, female-owned",Government-guaranteed business loan from a bank or financial institution,68,S
Construction,"American Indian and Alaska Native, female-owned",Business loan from a bank or financial institution,80,133353
Construction,"American Indian and Alaska Native, female-owned",Business loan/investment from family/friends,100,S
Construction,"American Indian and Alaska Native, female-owned",Investment by venture capitalist(s),0,0
Construction,"American Indian and Alaska Native, female-owned",Grants,9,S
Construction,"American Indian and Alaska Native, female-owned",Other source(s) of capital,10,S
Construction,"American Indian and Alaska Native, female-owned",Don't know,81,S
Construction,"American Indian and Alaska Native, female-owned",None needed,463,S
Construction,"American Indian and Alaska Native, female-owned",Total reporting,1822,1291347
Construction,"American Indian and Alaska Native, female-owned",Item not reported,100,9448
Construction,"American Indian and Alaska Native, male-owned",All firms,30013,5433661
Construction,"American Indian and Alaska Native, male-owned",Personal/family savings of owner(s),8732,2122055
Construction,"American Indian and Alaska Native, male-owned",Personal/family assets other than savings of owner(s),1405,381654
Construction,"American Indian and Alaska Native, male-owned",Personal/family home equity loan,603,219112
Construction,"American Indian and Alaska Native, male-owned",Personal credit card(s) carrying balances,2005,325347
Construction,"American Indian and Alaska Native, male-owned",Business credit card(s) carrying balances,672,113319
Construction,"American Indian and Alaska Native, male-owned","Business loan from federal, state, or local government",38,S
Construction,"American Indian and Alaska Native, male-owned",Government-guaranteed business loan from a bank or financial institution,47,37871
Construction,"American Indian and Alaska Native, male-owned",Business loan from a bank or financial institution,1137,602934
Construction,"American Indian and Alaska Native, male-owned",Business loan/investment from family/friends,325,56957
Construction,"American Indian and Alaska Native, male-owned",Investment by venture capitalist(s),45,S
Construction,"American Indian and Alaska Native, male-owned",Grants,105,S
Construction,"American Indian and Alaska Native, male-owned",Other source(s) of capital,270,155989
Construction,"American Indian and Alaska Native, male-owned",Don't know,779,745629
Construction,"American Indian and Alaska Native, male-owned",None needed,3613,298371
Construction,"American Indian and Alaska Native, male-owned",Total reporting,15295(r),3651450(r)
Construction,"American Indian and Alaska Native, male-owned",Item not reported,1019(r),40704(r)
Construction,"American Indian and Alaska Native, equally male-/female-owned",All firms,532,119819
Construction,"American Indian and Alaska Native, equally male-/female-owned",Personal/family savings of owner(s),360,45115
Construction,"American Indian and Alaska Native, equally male-/female-owned",Personal/family assets other than savings of owner(s),24,S
Construction,"American Indian and Alaska Native, equally male-/female-owned",Personal/family home equity loan,55,S
Construction,"American Indian and Alaska Native, equally male-/female-owned",Personal credit card(s) carrying balances,59,S
Construction,"American Indian and Alaska Native, equally male-/female-owned",Business credit card(s) carrying balances,34,S
Construction,"American Indian and Alaska Native, equally male-/female-owned","Business loan from federal, state, or local government",0,0
Construction,"American Indian and Alaska Native, equally male-/female-owned",Government-guaranteed business loan from a bank or financial institution,0,0
Construction,"American Indian and Alaska Native, equally male-/female-owned",Business loan from a bank or financial institution,51,S
Construction,"American Indian and Alaska Native, equally male-/female-owned",Business loan/investment from family/friends,0,0
Construction,"American Indian and Alaska Native, equally male-/female-owned",Investment by venture capitalist(s),0,0
Construction,"American Indian and Alaska Native, equally male-/female-owned",Grants,0,0
Construction,"American Indian and Alaska Native, equally male-/female-owned",Other source(s) of capital,0,0
Construction,"American Indian and Alaska Native, equally male-/female-owned",Don't know,61,S
Construction,"American Indian and Alaska Native, equally male-/female-owned",None needed,17,S
Construction,"American Indian and Alaska Native, equally male-/female-owned",Total reporting,487,58964
Construction,"American Indian and Alaska Native, equally male-/female-owned",Item not reported,0,0
Construction,Asian,All firms,76883,15362433
Construction,Asian,Personal/family savings of owner(s),24179,6506042
Construction,Asian,Personal/family assets other than savings of owner(s),1930,775441
Construction,Asian,Personal/family home equity loan,1573,730236
Construction,Asian,Personal credit card(s) carrying balances,3861,911010
Construction,Asian,Business credit card(s) carrying balances,1998,520683
Construction,Asian,"Business loan from federal, state, or local government",2,S
Construction,Asian,Government-guaranteed business loan from a bank or financial institution,82,92499
Construction,Asian,Business loan from a bank or financial institution,857,498841
Construction,Asian,Business loan/investment from family/friends,886,187755
Construction,Asian,Investment by venture capitalist(s),0,0
Construction,Asian,Grants,13,S
Construction,Asian,Other source(s) of capital,860,132922
Construction,Asian,Don't know,4509,2220638
Construction,Asian,None needed,7726,506159
Construction,Asian,Total reporting,39873(r),9904252(r)
Construction,Asian,Item not reported,1273(r),43291(r)
Construction,"Asian, female-owned",All firms,14263,2548062
Construction,"Asian, female-owned",Personal/family savings of owner(s),3296,1130569
Construction,"Asian, female-owned",Personal/family assets other than savings of owner(s),176,S
Construction,"Asian, female-owned",Personal/family home equity loan,206,212979
Construction,"Asian, female-owned",Personal credit card(s) carrying balances,377,S
Construction,"Asian, female-owned",Business credit card(s) carrying balances,119,32433
Construction,"Asian, female-owned","Business loan from federal, state, or local government",0,0
Construction,"Asian, female-owned",Government-guaranteed business loan from a bank or financial institution,14,S
Construction,"Asian, female-owned",Business loan from a bank or financial institution,144,25991
Construction,"Asian, female-owned",Business loan/investment from family/friends,341,S
Construction,"Asian, female-owned",Investment by venture capitalist(s),0,0
Construction,"Asian, female-owned",Grants,0,0
Construction,"Asian, female-owned",Other source(s) of capital,122,27098
Construction,"Asian, female-owned",Don't know,836,182723
Construction,"Asian, female-owned",None needed,1840,47315
Construction,"Asian, female-owned",Total reporting,6400,1483774
Construction,"Asian, female-owned",Item not reported,214,S
Construction,"Asian, male-owned",All firms,58850,12115672
Construction,"Asian, male-owned",Personal/family savings of owner(s),19259,5013540
Construction,"Asian, male-owned",Personal/family assets other than savings of owner(s),1500,548902
Construction,"Asian, male-owned",Personal/family home equity loan,1073,454230
Construction,"Asian, male-owned",Personal credit card(s) carrying balances,3142,627124
Construction,"Asian, male-owned",Business credit card(s) carrying balances,1675,458551
Construction,"Asian, male-owned","Business loan from federal, state, or local government",2,S
Construction,"Asian, male-owned",Government-guaranteed business loan from a bank or financial institution,68,S
Construction,"Asian, male-owned",Business loan from a bank or financial institution,449,422808
Construction,"Asian, male-owned",Business loan/investment from family/friends,482,148488
Construction,"Asian, male-owned",Investment by venture capitalist(s),0,0
Construction,"Asian, male-owned",Grants,13,S
Construction,"Asian, male-owned",Other source(s) of capital,548,88913
Construction,"Asian, male-owned",Don't know,3580,2004646
Construction,"Asian, male-owned",None needed,5587,453990
Construction,"Asian, male-owned",Total reporting,31126(r),8001483(r)
Construction,"Asian, male-owned",Item not reported,984(r),37733(r)
Construction,"Asian, equally male-/female-owned",All firms,3770,698699
Construction,"Asian, equally male-/female-owned",Personal/family savings of owner(s),1624,361933
Construction,"Asian, equally male-/female-owned",Personal/family assets other than savings of owner(s),255,39720
Construction,"Asian, equally male-/female-owned",Personal/family home equity loan,293,S
Construction,"Asian, equally male-/female-owned",Personal credit card(s) carrying balances,343,S
Construction,"Asian, equally male-/female-owned",Business credit card(s) carrying balances,204,29699
Construction,"Asian, equally male-/female-owned","Business loan from federal, state, or local government",0,0
Construction,"Asian, equally male-/female-owned",Government-guaranteed business loan from a bank or financial institution,0,0
Construction,"Asian, equally male-/female-owned",Business loan from a bank or financial institution,264,S
Construction,"Asian, equally male-/female-owned",Business loan/investment from family/friends,64,S
Construction,"Asian, equally male-/female-owned",Investment by venture capitalist(s),0,0
Construction,"Asian, equally male-/female-owned",Grants,0,0
Construction,"Asian, equally male-/female-owned",Other source(s) of capital,190,S
Construction,"Asian, equally male-/female-owned",Don't know,93,S
Construction,"Asian, equally male-/female-owned",None needed,299,S
Construction,"Asian, equally male-/female-owned",Total reporting,2347(r),418995(r)
Construction,"Asian, equally male-/female-owned",Item not reported,75(r),S
Construction,Native Hawaiian and Other Pacific Islander,All firms,5551,1507949
Construction,Native Hawaiian and Other Pacific Islander,Personal/family savings of owner(s),1624,498769
Construction,Native Hawaiian and Other Pacific Islander,Personal/family assets other than savings of owner(s),244,128721
Construction,Native Hawaiian and Other Pacific Islander,Personal/family home equity loan,132,S
Construction,Native Hawaiian and Other Pacific Islander,Personal credit card(s) carrying balances,342,S
Construction,Native Hawaiian and Other Pacific Islander,Business credit card(s) carrying balances,156,S
Construction,Native Hawaiian and Other Pacific Islander,"Business loan from federal, state, or local government",0,0
Construction,Native Hawaiian and Other Pacific Islander,Government-guaranteed business loan from a bank or financial institution,62,S
Construction,Native Hawaiian and Other Pacific Islander,Business loan from a bank or financial institution,4,S
Construction,Native Hawaiian and Other Pacific Islander,Business loan/investment from family/friends,17,S
Construction,Native Hawaiian and Other Pacific Islander,Investment by venture capitalist(s),0,0
Construction,Native Hawaiian and Other Pacific Islander,Grants,0,0
Construction,Native Hawaiian and Other Pacific Islander,Other source(s) of capital,22,S
Construction,Native Hawaiian and Other Pacific Islander,Don't know,187,52075
Construction,Native Hawaiian and Other Pacific Islander,None needed,653,S
Construction,Native Hawaiian and Other Pacific Islander,Total reporting,2536(r),679333(r)
Construction,Native Hawaiian and Other Pacific Islander,Item not reported,56(r),S
Construction,"Native Hawaiian and Other Pacific Islander, female-owned",All firms,623,439668
Construction,"Native Hawaiian and Other Pacific Islander, female-owned",Personal/family savings of owner(s),75,135027
Construction,"Native Hawaiian and Other Pacific Islander, female-owned",Personal/family assets other than savings of owner(s),2,S
Construction,"Native Hawaiian and Other Pacific Islander, female-owned",Personal/family home equity loan,2,S
Construction,"Native Hawaiian and Other Pacific Islander, female-owned",Personal credit card(s) carrying balances,13,S
Construction,"Native Hawaiian and Other Pacific Islander, female-owned",Business credit card(s) carrying balances,38,S
Construction,"Native Hawaiian and Other Pacific Islander, female-owned","Business loan from federal, state, or local government",0,0
Construction,"Native Hawaiian and Other Pacific Islander, female-owned",Government-guaranteed business loan from a bank or financial institution,0,0
Construction,"Native Hawaiian and Other Pacific Islander, female-owned",Business loan from a bank or financial institution,0,0
Construction,"Native Hawaiian and Other Pacific Islander, female-owned",Business loan/investment from family/friends,0,0
Construction,"Native Hawaiian and Other Pacific Islander, female-owned",Investment by venture capitalist(s),0,0
Construction,"Native Hawaiian and Other Pacific Islander, female-owned",Grants,0,0
Construction,"Native Hawaiian and Other Pacific Islander, female-owned",Other source(s) of capital,0,0
Construction,"Native Hawaiian and Other Pacific Islander, female-owned",Don't know,0,0
Construction,"Native Hawaiian and Other Pacific Islander, female-owned",None needed,4,S
Construction,"Native Hawaiian and Other Pacific Islander, female-owned",Total reporting,106(r),186591(r)
Construction,"Native Hawaiian and Other Pacific Islander, female-owned",Item not reported,15(r),S
Construction,"Native Hawaiian and Other Pacific Islander, male-owned",All firms,4887,1038065
Construction,"Native Hawaiian and Other Pacific Islander, male-owned",Personal/family savings of owner(s),1501,359710
Construction,"Native Hawaiian and Other Pacific Islander, male-owned",Personal/family assets other than savings of owner(s),233,S
Construction,"Native Hawaiian and Other Pacific Islander, male-owned",Personal/family home equity loan,130,S
Construction,"Native Hawaiian and Other Pacific Islander, male-owned",Personal credit card(s) carrying balances,310,S
Construction,"Native Hawaiian and Other Pacific Islander, male-owned",Business credit card(s) carrying balances,118,S
Construction,"Native Hawaiian and Other Pacific Islander, male-owned","Business loan from federal, state, or local government",0,0
Construction,"Native Hawaiian and Other Pacific Islander, male-owned",Government-guaranteed business loan from a bank or financial institution,62,S
Construction,"Native Hawaiian and Other Pacific Islander, male-owned",Business loan from a bank or financial institution,4,S
Construction,"Native Hawaiian and Other Pacific Islander, male-owned",Business loan/investment from family/friends,17,S
Construction,"Native Hawaiian and Other Pacific Islander, male-owned",Investment by venture capitalist(s),0,0
Construction,"Native Hawaiian and Other Pacific Islander, male-owned",Grants,0,0
Construction,"Native Hawaiian and Other Pacific Islander, male-owned",Other source(s) of capital,22,S
Construction,"Native Hawaiian and Other Pacific Islander, male-owned",Don't know,187,52075
Construction,"Native Hawaiian and Other Pacific Islander, male-owned",None needed,650,S
Construction,"Native Hawaiian and Other Pacific Islander, male-owned",Total reporting,2382,488710
Construction,"Native Hawaiian and Other Pacific Islander, male-owned",Item not reported,41,S
Construction,"Native Hawaiian and Other Pacific Islander, equally male-/female-owned",All firms,41,S
Construction,"Native Hawaiian and Other Pacific Islander, equally male-/female-owned",Personal/family savings of owner(s),47,S
Construction,"Native Hawaiian and Other Pacific Islander, equally male-/female-owned",Personal/family assets other than savings of owner(s),9,S
Construction,"Native Hawaiian and Other Pacific Islander, equally male-/female-owned",Personal/family home equity loan,0,S
Construction,"Native Hawaiian and Other Pacific Islander, equally male-/female-owned",Personal credit card(s) carrying balances,19,S
Construction,"Native Hawaiian and Other Pacific Islander, equally male-/female-owned",Business credit card(s) carrying balances,0,S
Construction,"Native Hawaiian and Other Pacific Islander, equally male-/female-owned","Business loan from federal, state, or local government",0,S
Construction,"Native Hawaiian and Other Pacific Islander, equally male-/female-owned",Government-guaranteed business loan from a bank or financial institution,0,S
Construction,"Native Hawaiian and Other Pacific Islander, equally male-/female-owned",Business loan from a bank or financial institution,0,S
Construction,"Native Hawaiian and Other Pacific Islander, equally male-/female-owned",Business loan/investment from family/friends,0,S
Construction,"Native Hawaiian and Other Pacific Islander, equally male-/female-owned",Investment by venture capitalist(s),0,S
Construction,"Native Hawaiian and Other Pacific Islander, equally male-/female-owned",Grants,0,S
Construction,"Native Hawaiian and Other Pacific Islander, equally male-/female-owned",Other source(s) of capital,0,S
Construction,"Native Hawaiian and Other Pacific Islander, equally male-/female-owned",Don't know,0,S
Construction,"Native Hawaiian and Other Pacific Islander, equally male-/female-owned",None needed,0,S
Construction,"Native Hawaiian and Other Pacific Islander, equally male-/female-owned",Total reporting,47,S
Construction,"Native Hawaiian and Other Pacific Islander, equally male-/female-owned",Item not reported,0,S
Construction,Some other race,All firms,180048,15519264
Construction,Some other race,Personal/family savings of owner(s),29743,5423916
Construction,Some other race,Personal/family assets other than savings of owner(s),2353,712713
Construction,Some other race,Personal/family home equity loan,942,341952
Construction,Some other race,Personal credit card(s) carrying balances,3460,908402
Construction,Some other race,Business credit card(s) carrying balances,1444,352468
Construction,Some other race,"Business loan from federal, state, or local government",2,S
Construction,Some other race,Government-guaranteed business loan from a bank or financial institution,141,S
Construction,Some other race,Business loan from a bank or financial institution,1029,653559
Construction,Some other race,Business loan/investment from family/friends,609,74069
Construction,Some other race,Investment by venture capitalist(s),83,S
Construction,Some other race,Grants,0,0
Construction,Some other race,Other source(s) of capital,789,310105
Construction,Some other race,Don't know,5076,1303529
Construction,Some other race,None needed,11821,565021
Construction,Some other race,Total reporting,50152(r),7919275(r)
Construction,Some other race,Item not reported,2944(r),138401(r)
Construction,"Some other race, female-owned",All firms,19322,1813351
Construction,"Some other race, female-owned",Personal/family savings of owner(s),1943,663545
Construction,"Some other race, female-owned",Personal/family assets other than savings of owner(s),508,154443
Construction,"Some other race, female-owned",Personal/family home equity loan,140,74548
Construction,"Some other race, female-owned",Personal credit card(s) carrying balances,221,26086
Construction,"Some other race, female-owned",Business credit card(s) carrying balances,291,46986
Construction,"Some other race, female-owned","Business loan from federal, state, or local government",0,0
Construction,"Some other race, female-owned",Government-guaranteed business loan from a bank or financial institution,13,S
Construction,"Some other race, female-owned",Business loan from a bank or financial institution,143,S
Construction,"Some other race, female-owned",Business loan/investment from family/friends,96,40426
Construction,"Some other race, female-owned",Investment by venture capitalist(s),0,0
Construction,"Some other race, female-owned",Grants,0,0
Construction,"Some other race, female-owned",Other source(s) of capital,64,S
Construction,"Some other race, female-owned",Don't know,122,132962
Construction,"Some other race, female-owned",None needed,821,16052
Construction,"Some other race, female-owned",Total reporting,3249,861882
Construction,"Some other race, female-owned",Item not reported,452,S
Construction,"Some other race, male-owned",All firms,156767,12978492
Construction,"Some other race, male-owned",Personal/family savings of owner(s),26218,4457918
Construction,"Some other race, male-owned",Personal/family assets other than savings of owner(s),1650,550983
Construction,"Some other race, male-owned",Personal/family home equity loan,630,209937
Construction,"Some other race, male-owned",Personal credit card(s) carrying balances,3108,819537
Construction,"Some other race, male-owned",Business credit card(s) carrying balances,1106,S
Construction,"Some other race, male-owned","Business loan from federal, state, or local government",2,S
Construction,"Some other race, male-owned",Government-guaranteed business loan from a bank or financial institution,128,S
Construction,"Some other race, male-owned",Business loan from a bank or financial institution,846,561508
Construction,"Some other race, male-owned",Business loan/investment from family/friends,513,33643
Construction,"Some other race, male-owned",Investment by venture capitalist(s),83,S
Construction,"Some other race, male-owned",Grants,0,0
Construction,"Some other race, male-owned",Other source(s) of capital,721,265036
Construction,"Some other race, male-owned",Don't know,4893,1130056
Construction,"Some other race, male-owned",None needed,10796,543386
Construction,"Some other race, male-owned",Total reporting,44922(r),6698072(r)
Construction,"Some other race, male-owned",Item not reported,2369(r),112019(r)
Construction,"Some other race, equally male-/female-owned",All firms,3959,727421
Construction,"Some other race, equally male-/female-owned",Personal/family savings of owner(s),1582,302452
Construction,"Some other race, equally male-/female-owned",Personal/family assets other than savings of owner(s),194,7288
Construction,"Some other race, equally male-/female-owned",Personal/family home equity loan,172,S
Construction,"Some other race, equally male-/female-owned",Personal credit card(s) carrying balances,131,62779
Construction,"Some other race, equally male-/female-owned",Business credit card(s) carrying balances,47,S
Construction,"Some other race, equally male-/female-owned","Business loan from federal, state, or local government",0,0
Construction,"Some other race, equally male-/female-owned",Government-guaranteed business loan from a bank or financial institution,0,0
Construction,"Some other race, equally male-/female-owned",Business loan from a bank or financial institution,40,S
Construction,"Some other race, equally male-/female-owned",Business loan/investment from family/friends,0,0
Construction,"Some other race, equally male-/female-owned",Investment by venture capitalist(s),0,0
Construction,"Some other race, equally male-/female-owned",Grants,0,0
Construction,"Some other race, equally male-/female-owned",Other source(s) of capital,5,S
Construction,"Some other race, equally male-/female-owned",Don't know,61,S
Construction,"Some other race, equally male-/female-owned",None needed,203,S
Construction,"Some other race, equally male-/female-owned",Total reporting,1981(r),359322(r)
Construction,"Some other race, equally male-/female-owned",Item not reported,123(r),S
Construction,Minority,All firms,712348,90341830
Construction,Minority,Personal/family savings of owner(s),146115,34839350
Construction,Minority,Personal/family assets other than savings of owner(s),12652,4205034
Construction,Minority,Personal/family home equity loan,6848,3426524
Construction,Minority,Personal credit card(s) carrying balances,21892,4590829
Construction,Minority,Business credit card(s) carrying balances,7879,1898305
Construction,Minority,"Business loan from federal, state, or local government",47,7449
Construction,Minority,Government-guaranteed business loan from a bank or financial institution,535,555447
Construction,Minority,Business loan from a bank or financial institution,5743,4094791
Construction,Minority,Business loan/investment from family/friends,3132,1145820
Construction,Minority,Investment by venture capitalist(s),182,S
Construction,Minority,Grants,127,5627
Construction,Minority,Other source(s) of capital,4443,2022170
Construction,Minority,Don't know,18950,7927298
Construction,Minority,None needed,58922,3700701
Construction,Minority,Total reporting,244026(r),52329114(r)
Construction,Minority,Item not reported,14108(r),1105809(r)
Construction,"Minority, female-owned",All firms,89560,12263580
Construction,"Minority, female-owned",Personal/family savings of owner(s),13601,5601534
Construction,"Minority, female-owned",Personal/family assets other than savings of owner(s),1603,877231
Construction,"Minority, female-owned",Personal/family home equity loan,815,794054
Construction,"Minority, female-owned",Personal credit card(s) carrying balances,1516,581718
Construction,"Minority, female-owned",Business credit card(s) carrying balances,730,275073
Construction,"Minority, female-owned","Business loan from federal, state, or local government",5,S
Construction,"Minority, female-owned",Government-guaranteed business loan from a bank or financial institution,100,S
Construction,"Minority, female-owned",Business loan from a bank or financial institution,663,S
Construction,"Minority, female-owned",Business loan/investment from family/friends,665,S
Construction,"Minority, female-owned",Investment by venture capitalist(s),0,0
Construction,"Minority, female-owned",Grants,9,S
Construction,"Minority, female-owned",Other source(s) of capital,401,S
Construction,"Minority, female-owned",Don't know,1808,927365
Construction,"Minority, female-owned",None needed,7366,338982
Construction,"Minority, female-owned",Total reporting,24760(r),8518290(r)
Construction,"Minority, female-owned",Item not reported,1769(r),59111(r)
Construction,"Minority, male-owned",All firms,601262,73665942
Construction,"Minority, male-owned",Personal/family savings of owner(s),123754,27666393
Construction,"Minority, male-owned",Personal/family assets other than savings of owner(s),9991,3084975
Construction,"Minority, male-owned",Personal/family home equity loan,5199,2349662
Construction,"Minority, male-owned",Personal credit card(s) carrying balances,18874,3673203
Construction,"Minority, male-owned",Business credit card(s) carrying balances,6536,1531333
Construction,"Minority, male-owned","Business loan from federal, state, or local government",42,S
Construction,"Minority, male-owned",Government-guaranteed business loan from a bank or financial institution,378,297655
Construction,"Minority, male-owned",Business loan from a bank or financial institution,4217,3057456
Construction,"Minority, male-owned",Business loan/investment from family/friends,2343,589884
Construction,"Minority, male-owned",Investment by venture capitalist(s),182,S
Construction,"Minority, male-owned",Grants,118,S
Construction,"Minority, male-owned",Other source(s) of capital,3764,1327059
Construction,"Minority, male-owned",Don't know,16576,6874482
Construction,"Minority, male-owned",None needed,50043,2983870
Construction,"Minority, male-owned",Total reporting,207184(r),41389128(r)
Construction,"Minority, male-owned",Item not reported,12058(r),1026267(r)
Construction,"Minority, equally male-/female-owned",All firms,21527,4412308
Construction,"Minority, equally male-/female-owned",Personal/family savings of owner(s),8761,1571423
Construction,"Minority, equally male-/female-owned",Personal/family assets other than savings of owner(s),1057,242828
Construction,"Minority, equally male-/female-owned",Personal/family home equity loan,834,282808
Construction,"Minority, equally male-/female-owned",Personal credit card(s) carrying balances,1502,335908
Construction,"Minority, equally male-/female-owned",Business credit card(s) carrying balances,613,91899
Construction,"Minority, equally male-/female-owned","Business loan from federal, state, or local government",0,0
Construction,"Minority, equally male-/female-owned",Government-guaranteed business loan from a bank or financial institution,57,S
Construction,"Minority, equally male-/female-owned",Business loan from a bank or financial institution,863,200652
Construction,"Minority, equally male-/female-owned",Business loan/investment from family/friends,124,S
Construction,"Minority, equally male-/female-owned",Investment by venture capitalist(s),0,0
Construction,"Minority, equally male-/female-owned",Grants,0,0
Construction,"Minority, equally male-/female-owned",Other source(s) of capital,278,36714
Construction,"Minority, equally male-/female-owned",Don't know,566,125451
Construction,"Minority, equally male-/female-owned",None needed,1513,S
Construction,"Minority, equally male-/female-owned",Total reporting,12081(r),2421695(r)
Construction,"Minority, equally male-/female-owned",Item not reported,281(r),S
Construction,Equally minority/nonminority,All firms,18991,8201960
Construction,Equally minority/nonminority,Personal/family savings of owner(s),8788,4439902
Construction,Equally minority/nonminority,Personal/family assets other than savings of owner(s),1379,498760
Construction,Equally minority/nonminority,Personal/family home equity loan,1162,377387
Construction,Equally minority/nonminority,Personal credit card(s) carrying balances,1946,550415
Construction,Equally minority/nonminority,Business credit card(s) carrying balances,918,S
Construction,Equally minority/nonminority,"Business loan from federal, state, or local government",20,S
Construction,Equally minority/nonminority,Government-guaranteed business loan from a bank or financial institution,85,S
Construction,Equally minority/nonminority,Business loan from a bank or financial institution,1092,663248
Construction,Equally minority/nonminority,Business loan/investment from family/friends,320,203900
Construction,Equally minority/nonminority,Investment by venture capitalist(s),5,S
Construction,Equally minority/nonminority,Grants,0,0
Construction,Equally minority/nonminority,Other source(s) of capital,336,239209
Construction,Equally minority/nonminority,Don't know,589,399609
Construction,Equally minority/nonminority,None needed,1506,370180
Construction,Equally minority/nonminority,Total reporting,12569(r),6005321(r)
Construction,Equally minority/nonminority,Item not reported,119(r),S
Construction,"Equally minority/nonminority, female-owned",All firms,147,S
Construction,"Equally minority/nonminority, female-owned",Personal/family savings of owner(s),155,S
Construction,"Equally minority/nonminority, female-owned",Personal/family assets other than savings of owner(s),0,S
Construction,"Equally minority/nonminority, female-owned",Personal/family home equity loan,58,S
Construction,"Equally minority/nonminority, female-owned",Personal credit card(s) carrying balances,58,S
Construction,"Equally minority/nonminority, female-owned",Business credit card(s) carrying balances,58,S
Construction,"Equally minority/nonminority, female-owned","Business loan from federal, state, or local government",0,S
Construction,"Equally minority/nonminority, female-owned",Government-guaranteed business loan from a bank or financial institution,0,S
Construction,"Equally minority/nonminority, female-owned",Business loan from a bank or financial institution,0,S
Construction,"Equally minority/nonminority, female-owned",Business loan/investment from family/friends,0,S
Construction,"Equally minority/nonminority, female-owned",Investment by venture capitalist(s),0,S
Construction,"Equally minority/nonminority, female-owned",Grants,0,S
Construction,"Equally minority/nonminority, female-owned",Other source(s) of capital,5,S
Construction,"Equally minority/nonminority, female-owned",Don't know,0,S
Construction,"Equally minority/nonminority, female-owned",None needed,7,S
Construction,"Equally minority/nonminority, female-owned",Total reporting,166,S
Construction,"Equally minority/nonminority, female-owned",Item not reported,0,S
Construction,"Equally minority/nonminority, male-owned",All firms,2815,3138067
Construction,"Equally minority/nonminority, male-owned",Personal/family savings of owner(s),1186,1965775
Construction,"Equally minority/nonminority, male-owned",Personal/family assets other than savings of owner(s),290,122173
Construction,"Equally minority/nonminority, male-owned",Personal/family home equity loan,107,S
Construction,"Equally minority/nonminority, male-owned",Personal credit card(s) carrying balances,114,S
Construction,"Equally minority/nonminority, male-owned",Business credit card(s) carrying balances,51,S
Construction,"Equally minority/nonminority, male-owned","Business loan from federal, state, or local government",0,0
Construction,"Equally minority/nonminority, male-owned",Government-guaranteed business loan from a bank or financial institution,4,S
Construction,"Equally minority/nonminority, male-owned",Business loan from a bank or financial institution,325,250298
Construction,"Equally minority/nonminority, male-owned",Business loan/investment from family/friends,25,S
Construction,"Equally minority/nonminority, male-owned",Investment by venture capitalist(s),5,S
Construction,"Equally minority/nonminority, male-owned",Grants,0,0
Construction,"Equally minority/nonminority, male-owned",Other source(s) of capital,42,S
Construction,"Equally minority/nonminority, male-owned",Don't know,195,S
Construction,"Equally minority/nonminority, male-owned",None needed,419,S
Construction,"Equally minority/nonminority, male-owned",Total reporting,2146,2473838
Construction,"Equally minority/nonminority, male-owned",Item not reported,102,S
Construction,"Equally minority/nonminority, equally male-/female-owned",All firms,16029,4889313
Construction,"Equally minority/nonminority, equally male-/female-owned",Personal/family savings of owner(s),7447,2413680
Construction,"Equally minority/nonminority, equally male-/female-owned",Personal/family assets other than savings of owner(s),1089,376587
Construction,"Equally minority/nonminority, equally male-/female-owned",Personal/family home equity loan,997,237321
Construction,"Equally minority/nonminority, equally male-/female-owned",Personal credit card(s) carrying balances,1775,436904
Construction,"Equally minority/nonminority, equally male-/female-owned",Business credit card(s) carrying balances,809,S
Construction,"Equally minority/nonminority, equally male-/female-owned","Business loan from federal, state, or local government",20,S
Construction,"Equally minority/nonminority, equally male-/female-owned",Government-guaranteed business loan from a bank or financial institution,81,S
Construction,"Equally minority/nonminority, equally male-/female-owned",Business loan from a bank or financial institution,767,412949
Construction,"Equally minority/nonminority, equally male-/female-owned",Business loan/investment from family/friends,295,S
Construction,"Equally minority/nonminority, equally male-/female-owned",Investment by venture capitalist(s),0,0
Construction,"Equally minority/nonminority, equally male-/female-owned",Grants,0,0
Construction,"Equally minority/nonminority, equally male-/female-owned",Other source(s) of capital,289,222424
Construction,"Equally minority/nonminority, equally male-/female-owned",Don't know,394,163097
Construction,"Equally minority/nonminority, equally male-/female-owned",None needed,1080,221876
Construction,"Equally minority/nonminority, equally male-/female-owned",Total reporting,10257(r),3467896(r)
Construction,"Equally minority/nonminority, equally male-/female-owned",Item not reported,17(r),S
Construction,Nonminority,All firms,2196676,1101869867
Construction,Nonminority,Personal/family savings of owner(s),878343,454736631
Construction,Nonminority,Personal/family assets other than savings of owner(s),95883,80711865
Construction,Nonminority,Personal/family home equity loan,47592,41022758
Construction,Nonminority,Personal credit card(s) carrying balances,129091,41312472
Construction,Nonminority,Business credit card(s) carrying balances,51523,18663580
Construction,Nonminority,"Business loan from federal, state, or local government",955,632540
Construction,Nonminority,Government-guaranteed business loan from a bank or financial institution,4124,7230265
Construction,Nonminority,Business loan from a bank or financial institution,87661,110022018
Construction,Nonminority,Business loan/investment from family/friends,22025,35294225
Construction,Nonminority,Investment by venture capitalist(s),1994,4393033
Construction,Nonminority,Grants,666,S
Construction,Nonminority,Other source(s) of capital,18869,28630185
Construction,Nonminority,Don't know,99160,213837261
Construction,Nonminority,None needed,307868,56433539
Construction,Nonminority,Total reporting,1420073(r),830072515(r)
Construction,Nonminority,Item not reported,42348(r),8131764(r)
Construction,"Nonminority, female-owned",All firms,176026,80563992
Construction,"Nonminority, female-owned",Personal/family savings of owner(s),53547,35165416
Construction,"Nonminority, female-owned",Personal/family assets other than savings of owner(s),6356,5442494
Construction,"Nonminority, female-owned",Personal/family home equity loan,3414,3440577
Construction,"Nonminority, female-owned",Personal credit card(s) carrying balances,8205,3895099
Construction,"Nonminority, female-owned",Business credit card(s) carrying balances,3509,2464583
Construction,"Nonminority, female-owned","Business loan from federal, state, or local government",20,S
Construction,"Nonminority, female-owned",Government-guaranteed business loan from a bank or financial institution,670,739559
Construction,"Nonminority, female-owned",Business loan from a bank or financial institution,4999,5835195
Construction,"Nonminority, female-owned",Business loan/investment from family/friends,1875,2923414
Construction,"Nonminority, female-owned",Investment by venture capitalist(s),128,S
Construction,"Nonminority, female-owned",Grants,341,S
Construction,"Nonminority, female-owned",Other source(s) of capital,1568,2945619
Construction,"Nonminority, female-owned",Don't know,7553,12798294
Construction,"Nonminority, female-owned",None needed,26233,4441889
Construction,"Nonminority, female-owned",Total reporting,96442(r),60885068(r)
Construction,"Nonminority, female-owned",Item not reported,2024(r),S
Construction,"Nonminority, male-owned",All firms,1840218,936510929
Construction,"Nonminority, male-owned",Personal/family savings of owner(s),734196,381127815
Construction,"Nonminority, male-owned",Personal/family assets other than savings of owner(s),75639,68070689
Construction,"Nonminority, male-owned",Personal/family home equity loan,34984,31686049
Construction,"Nonminority, male-owned",Personal credit card(s) carrying balances,105744,32480619
Construction,"Nonminority, male-owned",Business credit card(s) carrying balances,41663,14033626
Construction,"Nonminority, male-owned","Business loan from federal, state, or local government",820,501182
Construction,"Nonminority, male-owned",Government-guaranteed business loan from a bank or financial institution,2750,5685263
Construction,"Nonminority, male-owned",Business loan from a bank or financial institution,67592,92834725
Construction,"Nonminority, male-owned",Business loan/investment from family/friends,16027,29006886
Construction,"Nonminority, male-owned",Investment by venture capitalist(s),1453,3394562
Construction,"Nonminority, male-owned",Grants,325,S
Construction,"Nonminority, male-owned",Other source(s) of capital,15540,24002987
Construction,"Nonminority, male-owned",Don't know,84614,192868080
Construction,"Nonminority, male-owned",None needed,265181,49374758
Construction,"Nonminority, male-owned",Total reporting,1189989(r),709987108(r)
Construction,"Nonminority, male-owned",Item not reported,39108(r),6558534(r)
Construction,"Nonminority, equally male-/female-owned",All firms,180432,84794946
Construction,"Nonminority, equally male-/female-owned",Personal/family savings of owner(s),90600,38443400
Construction,"Nonminority, equally male-/female-owned",Personal/family assets other than savings of owner(s),13888,7198682
Construction,"Nonminority, equally male-/female-owned",Personal/family home equity loan,9194,5896132
Construction,"Nonminority, equally male-/female-owned",Personal credit card(s) carrying balances,15143,4936753
Construction,"Nonminority, equally male-/female-owned",Business credit card(s) carrying balances,6351,2165371
Construction,"Nonminority, equally male-/female-owned","Business loan from federal, state, or local government",114,S
Construction,"Nonminority, equally male-/female-owned",Government-guaranteed business loan from a bank or financial institution,704,805444
Construction,"Nonminority, equally male-/female-owned",Business loan from a bank or financial institution,15070,11352098
Construction,"Nonminority, equally male-/female-owned",Business loan/investment from family/friends,4124,3363925
Construction,"Nonminority, equally male-/female-owned",Investment by venture capitalist(s),413,S
Construction,"Nonminority, equally male-/female-owned",Grants,0,0
Construction,"Nonminority, equally male-/female-owned",Other source(s) of capital,1760,1681580
Construction,"Nonminority, equally male-/female-owned",Don't know,6992,8170886
Construction,"Nonminority, equally male-/female-owned",None needed,16454,2616891
Construction,"Nonminority, equally male-/female-owned",Total reporting,133642(r),59200339(r)
Construction,"Nonminority, equally male-/female-owned",Item not reported,1217(r),542816(r)
Construction,Veteran,All firms,334035,115102694
Construction,Veteran,Personal/family savings of owner(s),122633,45220234
Construction,Veteran,Personal/family assets other than savings of owner(s),13514,8268592
Construction,Veteran,Personal/family home equity loan,6367,3351882
Construction,Veteran,Personal credit card(s) carrying balances,17364,3755357
Construction,Veteran,Business credit card(s) carrying balances,6772,1839591
Construction,Veteran,"Business loan from federal, state, or local government",200,S
Construction,Veteran,Government-guaranteed business loan from a bank or financial institution,878,1376785
Construction,Veteran,Business loan from a bank or financial institution,11761,11029331
Construction,Veteran,Business loan/investment from family/friends,2572,4168123
Construction,Veteran,Investment by venture capitalist(s),191,586302
Construction,Veteran,Grants,0,0
Construction,Veteran,Other source(s) of capital,2853,2145113
Construction,Veteran,Don't know,9769,16096431
Construction,Veteran,None needed,42167,6331070
Construction,Veteran,Total reporting,194780(r),78313070(r)
Construction,Veteran,Item not reported,9484(r),650224(r)
Construction,"Veteran, female-owned",All firms,10202,1039893
Construction,"Veteran, female-owned",Personal/family savings of owner(s),1076,599212
Construction,"Veteran, female-owned",Personal/family assets other than savings of owner(s),95,74312
Construction,"Veteran, female-owned",Personal/family home equity loan,29,S
Construction,"Veteran, female-owned",Personal credit card(s) carrying balances,319,S
Construction,"Veteran, female-owned",Business credit card(s) carrying balances,60,S
Construction,"Veteran, female-owned","Business loan from federal, state, or local government",0,0
Construction,"Veteran, female-owned",Government-guaranteed business loan from a bank or financial institution,45,S
Construction,"Veteran, female-owned",Business loan from a bank or financial institution,167,S
Construction,"Veteran, female-owned",Business loan/investment from family/friends,142,S
Construction,"Veteran, female-owned",Investment by venture capitalist(s),14,S
Construction,"Veteran, female-owned",Grants,0,0
Construction,"Veteran, female-owned",Other source(s) of capital,40,S
Construction,"Veteran, female-owned",Don't know,8,S
Construction,"Veteran, female-owned",None needed,342,S
Construction,"Veteran, female-owned",Total reporting,1612,735301
Construction,"Veteran, female-owned",Item not reported,25,S
Construction,"Veteran, male-owned",All firms,323285,113932652
Construction,"Veteran, male-owned",Personal/family savings of owner(s),121225,44518024
Construction,"Veteran, male-owned",Personal/family assets other than savings of owner(s),13273,8174795
Construction,"Veteran, male-owned",Personal/family home equity loan,6288,3302470
Construction,"Veteran, male-owned",Personal credit card(s) carrying balances,16885,3533074
Construction,"Veteran, male-owned",Business credit card(s) carrying balances,6703,1726223
Construction,"Veteran, male-owned","Business loan from federal, state, or local government",200,S
Construction,"Veteran, male-owned",Government-guaranteed business loan from a bank or financial institution,833,1238649
Construction,"Veteran, male-owned",Business loan from a bank or financial institution,11496,10758403
Construction,"Veteran, male-owned",Business loan/investment from family/friends,2428,3983527
Construction,"Veteran, male-owned",Investment by venture capitalist(s),177,358574
Construction,"Veteran, male-owned",Grants,0,0
Construction,"Veteran, male-owned",Other source(s) of capital,2813,2126521
Construction,"Veteran, male-owned",Don't know,9759,16073271
Construction,"Veteran, male-owned",None needed,41825,6286841
Construction,"Veteran, male-owned",Total reporting,192668(r),77449745(r)
Construction,"Veteran, male-owned",Item not reported,9449(r),648534(r)
Construction,"Veteran, equally male-/female-owned",All firms,549,130149
Construction,"Veteran, equally male-/female-owned",Personal/family savings of owner(s),332,102998
Construction,"Veteran, equally male-/female-owned",Personal/family assets other than savings of owner(s),146,S
Construction,"Veteran, equally male-/female-owned",Personal/family home equity loan,50,S
Construction,"Veteran, equally male-/female-owned",Personal credit card(s) carrying balances,161,S
Construction,"Veteran, equally male-/female-owned",Business credit card(s) carrying balances,9,S
Construction,"Veteran, equally male-/female-owned","Business loan from federal, state, or local government",0,0
Construction,"Veteran, equally male-/female-owned",Government-guaranteed business loan from a bank or financial institution,0,0
Construction,"Veteran, equally male-/female-owned",Business loan from a bank or financial institution,98,S
Construction,"Veteran, equally male-/female-owned",Business loan/investment from family/friends,2,S
Construction,"Veteran, equally male-/female-owned",Investment by venture capitalist(s),0,0
Construction,"Veteran, equally male-/female-owned",Grants,0,0
Construction,"Veteran, equally male-/female-owned",Other source(s) of capital,0,0
Construction,"Veteran, equally male-/female-owned",Don't know,2,S
Construction,"Veteran, equally male-/female-owned",None needed,0,0
Construction,"Veteran, equally male-/female-owned",Total reporting,500,128024
Construction,"Veteran, equally male-/female-owned",Item not reported,10,S
Construction,"Veteran, Hispanic",All firms,25965,3733627
Construction,"Veteran, Hispanic",Personal/family savings of owner(s),3996,1122230
Construction,"Veteran, Hispanic",Personal/family assets other than savings of owner(s),352,35985
Construction,"Veteran, Hispanic",Personal/family home equity loan,184,S
Construction,"Veteran, Hispanic",Personal credit card(s) carrying balances,750,S
Construction,"Veteran, Hispanic",Business credit card(s) carrying balances,536,45910
Construction,"Veteran, Hispanic","Business loan from federal, state, or local government",0,0
Construction,"Veteran, Hispanic",Government-guaranteed business loan from a bank or financial institution,163,S
Construction,"Veteran, Hispanic",Business loan from a bank or financial institution,99,S
Construction,"Veteran, Hispanic",Business loan/investment from family/friends,65,12118
Construction,"Veteran, Hispanic",Investment by venture capitalist(s),0,0
Construction,"Veteran, Hispanic",Grants,0,0
Construction,"Veteran, Hispanic",Other source(s) of capital,74,S
Construction,"Veteran, Hispanic",Don't know,304,402601
Construction,"Veteran, Hispanic",None needed,1606,S
Construction,"Veteran, Hispanic",Total reporting,6515(r),2051910(r)
Construction,"Veteran, Hispanic",Item not reported,738(r),S
Construction,"Veteran, equally Hispanic/non-Hispanic",All firms,54,S
Construction,"Veteran, equally Hispanic/non-Hispanic",Personal/family savings of owner(s),6,S
Construction,"Veteran, equally Hispanic/non-Hispanic",Personal/family assets other than savings of owner(s),0,S
Construction,"Veteran, equally Hispanic/non-Hispanic",Personal/family home equity loan,0,S
Construction,"Veteran, equally Hispanic/non-Hispanic",Personal credit card(s) carrying balances,40,S
Construction,"Veteran, equally Hispanic/non-Hispanic",Business credit card(s) carrying balances,0,S
Construction,"Veteran, equally Hispanic/non-Hispanic","Business loan from federal, state, or local government",0,S
Construction,"Veteran, equally Hispanic/non-Hispanic",Government-guaranteed business loan from a bank or financial institution,0,S
Construction,"Veteran, equally Hispanic/non-Hispanic",Business loan from a bank or financial institution,0,S
Construction,"Veteran, equally Hispanic/non-Hispanic",Business loan/investment from family/friends,0,S
Construction,"Veteran, equally Hispanic/non-Hispanic",Investment by venture capitalist(s),0,S
Construction,"Veteran, equally Hispanic/non-Hispanic",Grants,0,S
Construction,"Veteran, equally Hispanic/non-Hispanic",Other source(s) of capital,0,S
Construction,"Veteran, equally Hispanic/non-Hispanic",Don't know,0,S
Construction,"Veteran, equally Hispanic/non-Hispanic",None needed,0,S
Construction,"Veteran, equally Hispanic/non-Hispanic",Total reporting,46,S
Construction,"Veteran, equally Hispanic/non-Hispanic",Item not reported,0,S
Construction,"Veteran, non-Hispanic",All firms,308016,111341592
Construction,"Veteran, non-Hispanic",Personal/family savings of owner(s),118632,44084687
Construction,"Veteran, non-Hispanic",Personal/family assets other than savings of owner(s),13161,8232607
Construction,"Veteran, non-Hispanic",Personal/family home equity loan,6183,3117128
Construction,"Veteran, non-Hispanic",Personal credit card(s) carrying balances,16575,3572483
Construction,"Veteran, non-Hispanic",Business credit card(s) carrying balances,6237,1793681
Construction,"Veteran, non-Hispanic","Business loan from federal, state, or local government",200,S
Construction,"Veteran, non-Hispanic",Government-guaranteed business loan from a bank or financial institution,715,1373131
Construction,"Veteran, non-Hispanic",Business loan from a bank or financial institution,11661,10734608
Construction,"Veteran, non-Hispanic",Business loan/investment from family/friends,2507,4156005
Construction,"Veteran, non-Hispanic",Investment by venture capitalist(s),191,586302
Construction,"Veteran, non-Hispanic",Grants,0,0
Construction,"Veteran, non-Hispanic",Other source(s) of capital,2779,2132251
Construction,"Veteran, non-Hispanic",Don't know,9465,15693830
Construction,"Veteran, non-Hispanic",None needed,40562,6171029
Construction,"Veteran, non-Hispanic",Total reporting,188219(r),76238848(r)
Construction,"Veteran, non-Hispanic",Item not reported,8746(r),531301(r)
Construction,"Veteran, White",All firms,300500,111222056
Construction,"Veteran, White",Personal/family savings of owner(s),115467,43493466
Construction,"Veteran, White",Personal/family assets other than savings of owner(s),12718,7885791
Construction,"Veteran, White",Personal/family home equity loan,6065,3272358
Construction,"Veteran, White",Personal credit card(s) carrying balances,15974,3585758
Construction,"Veteran, White",Business credit card(s) carrying balances,6256,1756503
Construction,"Veteran, White","Business loan from federal, state, or local government",200,S
Construction,"Veteran, White",Government-guaranteed business loan from a bank or financial institution,805,1326865
Construction,"Veteran, White",Business loan from a bank or financial institution,11467,10802939
Construction,"Veteran, White",Business loan/investment from family/friends,2192,4110949
Construction,"Veteran, White",Investment by venture capitalist(s),191,586302
Construction,"Veteran, White",Grants,0,0
Construction,"Veteran, White",Other source(s) of capital,2498,2126122
Construction,"Veteran, White",Don't know,9289,15819665
Construction,"Veteran, White",None needed,40261,6234874
Construction,"Veteran, White",Total reporting,184058(r),76023802(r)
Construction,"Veteran, White",Item not reported,8736(r),612659(r)
Construction,"Veteran, Black or African American",All firms,19871,1783063
Construction,"Veteran, Black or African American",Personal/family savings of owner(s),4540,841567
Construction,"Veteran, Black or African American",Personal/family assets other than savings of owner(s),554,S
Construction,"Veteran, Black or African American",Personal/family home equity loan,191,25714
Construction,"Veteran, Black or African American",Personal credit card(s) carrying balances,937,42118
Construction,"Veteran, Black or African American",Business credit card(s) carrying balances,218,6442
Construction,"Veteran, Black or African American","Business loan from federal, state, or local government",0,0
Construction,"Veteran, Black or African American",Government-guaranteed business loan from a bank or financial institution,6,S
Construction,"Veteran, Black or African American",Business loan from a bank or financial institution,134,47822
Construction,"Veteran, Black or African American",Business loan/investment from family/friends,197,S
Construction,"Veteran, Black or African American",Investment by venture capitalist(s),0,0
Construction,"Veteran, Black or African American",Grants,0,0
Construction,"Veteran, Black or African American",Other source(s) of capital,319,7409
Construction,"Veteran, Black or African American",Don't know,332,99909
Construction,"Veteran, Black or African American",None needed,1279,85037
Construction,"Veteran, Black or African American",Total reporting,6940(r),1103366(r)
Construction,"Veteran, Black or African American",Item not reported,566(r),S
Construction,"Veteran, American Indian and Alaska Native",All firms,5217,844815
Construction,"Veteran, American Indian and Alaska Native",Personal/family savings of owner(s),1451,395924
Construction,"Veteran, American Indian and Alaska Native",Personal/family assets other than savings of owner(s),183,87335
Construction,"Veteran, American Indian and Alaska Native",Personal/family home equity loan,165,13938
Construction,"Veteran, American Indian and Alaska Native",Personal credit card(s) carrying balances,357,31281
Construction,"Veteran, American Indian and Alaska Native",Business credit card(s) carrying balances,158,S
Construction,"Veteran, American Indian and Alaska Native","Business loan from federal, state, or local government",36,S
Construction,"Veteran, American Indian and Alaska Native",Government-guaranteed business loan from a bank or financial institution,10,11401
Construction,"Veteran, American Indian and Alaska Native",Business loan from a bank or financial institution,344,S
Construction,"Veteran, American Indian and Alaska Native",Business loan/investment from family/friends,101,S
Construction,"Veteran, American Indian and Alaska Native",Investment by venture capitalist(s),0,0
Construction,"Veteran, American Indian and Alaska Native",Grants,0,0
Construction,"Veteran, American Indian and Alaska Native",Other source(s) of capital,69,S
Construction,"Veteran, American Indian and Alaska Native",Don't know,49,S
Construction,"Veteran, American Indian and Alaska Native",None needed,732,50129
Construction,"Veteran, American Indian and Alaska Native",Total reporting,2820,569505
Construction,"Veteran, American Indian and Alaska Native",Item not reported,134,13074
Construction,"Veteran, Asian",All firms,4121,863711
Construction,"Veteran, Asian",Personal/family savings of owner(s),1458,495444
Construction,"Veteran, Asian",Personal/family assets other than savings of owner(s),320,16513
Construction,"Veteran, Asian",Personal/family home equity loan,93,45423
Construction,"Veteran, Asian",Personal credit card(s) carrying balances,400,S
Construction,"Veteran, Asian",Business credit card(s) carrying balances,182,S
Construction,"Veteran, Asian","Business loan from federal, state, or local government",0,0
Construction,"Veteran, Asian",Government-guaranteed business loan from a bank or financial institution,66,S
Construction,"Veteran, Asian",Business loan from a bank or financial institution,8,S
Construction,"Veteran, Asian",Business loan/investment from family/friends,67,S
Construction,"Veteran, Asian",Investment by venture capitalist(s),0,0
Construction,"Veteran, Asian",Grants,0,0
Construction,"Veteran, Asian",Other source(s) of capital,83,S
Construction,"Veteran, Asian",Don't know,81,S
Construction,"Veteran, Asian",None needed,226,S
Construction,"Veteran, Asian",Total reporting,2173(r),585023(r)
Construction,"Veteran, Asian",Item not reported,63(r),S
Construction,"Veteran, Native Hawaiian and Other Pacific Islander",All firms,869,184415
Construction,"Veteran, Native Hawaiian and Other Pacific Islander",Personal/family savings of owner(s),370,122997
Construction,"Veteran, Native Hawaiian and Other Pacific Islander",Personal/family assets other than savings of owner(s),64,S
Construction,"Veteran, Native Hawaiian and Other Pacific Islander",Personal/family home equity loan,66,S
Construction,"Veteran, Native Hawaiian and Other Pacific Islander",Personal credit card(s) carrying balances,106,S
Construction,"Veteran, Native Hawaiian and Other Pacific Islander",Business credit card(s) carrying balances,102,S
Construction,"Veteran, Native Hawaiian and Other Pacific Islander","Business loan from federal, state, or local government",0,0
Construction,"Veteran, Native Hawaiian and Other Pacific Islander",Government-guaranteed business loan from a bank or financial institution,62,S
Construction,"Veteran, Native Hawaiian and Other Pacific Islander",Business loan from a bank or financial institution,0,0
Construction,"Veteran, Native Hawaiian and Other Pacific Islander",Business loan/investment from family/friends,0,0
Construction,"Veteran, Native Hawaiian and Other Pacific Islander",Investment by venture capitalist(s),0,0
Construction,"Veteran, Native Hawaiian and Other Pacific Islander",Grants,0,0
Construction,"Veteran, Native Hawaiian and Other Pacific Islander",Other source(s) of capital,3,S
Construction,"Veteran, Native Hawaiian and Other Pacific Islander",Don't know,42,S
Construction,"Veteran, Native Hawaiian and Other Pacific Islander",None needed,19,S
Construction,"Veteran, Native Hawaiian and Other Pacific Islander",Total reporting,434,140985
Construction,"Veteran, Native Hawaiian and Other Pacific Islander",Item not reported,0,0
Construction,"Veteran, some other race",All firms,8878,780793
Construction,"Veteran, some other race",Personal/family savings of owner(s),1007,341403
Construction,"Veteran, some other race",Personal/family assets other than savings of owner(s),86,S
Construction,"Veteran, some other race",Personal/family home equity loan,0,0
Construction,"Veteran, some other race",Personal credit card(s) carrying balances,172,S
Construction,"Veteran, some other race",Business credit card(s) carrying balances,155,S
Construction,"Veteran, some other race","Business loan from federal, state, or local government",0,0
Construction,"Veteran, some other race",Government-guaranteed business loan from a bank or financial institution,0,0
Construction,"Veteran, some other race",Business loan from a bank or financial institution,27,S
Construction,"Veteran, some other race",Business loan/investment from family/friends,23,S
Construction,"Veteran, some other race",Investment by venture capitalist(s),0,0
Construction,"Veteran, some other race",Grants,0,0
Construction,"Veteran, some other race",Other source(s) of capital,7,S
Construction,"Veteran, some other race",Don't know,67,125637
Construction,"Veteran, some other race",None needed,316,9966
Construction,"Veteran, some other race",Total reporting,1467,487802
Construction,"Veteran, some other race",Item not reported,71,S
Construction,"Veteran, minority",All firms,53921,7190217
Construction,"Veteran, minority",Personal/family savings of owner(s),11325,2892000
Construction,"Veteran, minority",Personal/family assets other than savings of owner(s),1278,442471
Construction,"Veteran, minority",Personal/family home equity loan,574,329893
Construction,"Veteran, minority",Personal credit card(s) carrying balances,2218,337123
Construction,"Veteran, minority",Business credit card(s) carrying balances,961,135181
Construction,"Veteran, minority","Business loan from federal, state, or local government",36,S
Construction,"Veteran, minority",Government-guaranteed business loan from a bank or financial institution,183,58668
Construction,"Veteran, minority",Business loan from a bank or financial institution,583,483465
Construction,"Veteran, minority",Business loan/investment from family/friends,430,68376
Construction,"Veteran, minority",Investment by venture capitalist(s),0,0
Construction,"Veteran, minority",Grants,0,0
Construction,"Veteran, minority",Other source(s) of capital,547,57554
Construction,"Veteran, minority",Don't know,822,604066
Construction,"Veteran, minority",None needed,3580,290227
Construction,"Veteran, minority",Total reporting,17992(r),4353294(r)
Construction,"Veteran, minority",Item not reported,1416(r),153139(r)
Construction,"Veteran, equally minority/nonminority",All firms,130,34974
Construction,"Veteran, equally minority/nonminority",Personal/family savings of owner(s),39,S
Construction,"Veteran, equally minority/nonminority",Personal/family assets other than savings of owner(s),0,0
Construction,"Veteran, equally minority/nonminority",Personal/family home equity loan,0,0
Construction,"Veteran, equally minority/nonminority",Personal credit card(s) carrying balances,40,S
Construction,"Veteran, equally minority/nonminority",Business credit card(s) carrying balances,0,0
Construction,"Veteran, equally minority/nonminority","Business loan from federal, state, or local government",0,0
Construction,"Veteran, equally minority/nonminority",Government-guaranteed business loan from a bank or financial institution,0,0
Construction,"Veteran, equally minority/nonminority",Business loan from a bank or financial institution,0,0
Construction,"Veteran, equally minority/nonminority",Business loan/investment from family/friends,0,0
Construction,"Veteran, equally minority/nonminority",Investment by venture capitalist(s),0,0
Construction,"Veteran, equally minority/nonminority",Grants,0,0
Construction,"Veteran, equally minority/nonminority",Other source(s) of capital,4,S
Construction,"Veteran, equally minority/nonminority",Don't know,0,0
Construction,"Veteran, equally minority/nonminority",None needed,0,0
Construction,"Veteran, equally minority/nonminority",Total reporting,83,S
Construction,"Veteran, equally minority/nonminority",Item not reported,0,0
Construction,"Veteran, nonminority",All firms,279984,107877503
Construction,"Veteran, nonminority",Personal/family savings of owner(s),111269,42305228
Construction,"Veteran, nonminority",Personal/family assets other than savings of owner(s),12235,7826121
Construction,"Veteran, nonminority",Personal/family home equity loan,5793,3021989
Construction,"Veteran, nonminority",Personal credit card(s) carrying balances,15106,3409239
Construction,"Veteran, nonminority",Business credit card(s) carrying balances,5811,1704410
Construction,"Veteran, nonminority","Business loan from federal, state, or local government",164,S
Construction,"Veteran, nonminority",Government-guaranteed business loan from a bank or financial institution,695,1318116
Construction,"Veteran, nonminority",Business loan from a bank or financial institution,11178,10545867
Construction,"Veteran, nonminority",Business loan/investment from family/friends,2142,4099747
Construction,"Veteran, nonminority",Investment by venture capitalist(s),191,586302
Construction,"Veteran, nonminority",Grants,0,0
Construction,"Veteran, nonminority",Other source(s) of capital,2301,2084747
Construction,"Veteran, nonminority",Don't know,8947,15492365
Construction,"Veteran, nonminority",None needed,38587,6040842
Construction,"Veteran, nonminority",Total reporting,176705(r),73924963(r)
Construction,"Veteran, nonminority",Item not reported,8068(r),497085(r)
Construction,Equally veteran/nonveteran,All firms,48297,29849240
Construction,Equally veteran/nonveteran,Personal/family savings of owner(s),25188,16064287
Construction,Equally veteran/nonveteran,Personal/family assets other than savings of owner(s),3560,2146157
Construction,Equally veteran/nonveteran,Personal/family home equity loan,2050,1362371
Construction,Equally veteran/nonveteran,Personal credit card(s) carrying balances,3929,1696372
Construction,Equally veteran/nonveteran,Business credit card(s) carrying balances,2025,770440
Construction,Equally veteran/nonveteran,"Business loan from federal, state, or local government",2,S
Construction,Equally veteran/nonveteran,Government-guaranteed business loan from a bank or financial institution,110,S
Construction,Equally veteran/nonveteran,Business loan from a bank or financial institution,4074,2780623
Construction,Equally veteran/nonveteran,Business loan/investment from family/friends,874,908642
Construction,Equally veteran/nonveteran,Investment by venture capitalist(s),190,S
Construction,Equally veteran/nonveteran,Grants,0,0
Construction,Equally veteran/nonveteran,Other source(s) of capital,376,S
Construction,Equally veteran/nonveteran,Don't know,2314,3098212
Construction,Equally veteran/nonveteran,None needed,4794,1123949
Construction,Equally veteran/nonveteran,Total reporting,37197(r),24027265(r)
Construction,Equally veteran/nonveteran,Item not reported,392(r),S
Construction,"Equally veteran/nonveteran, female-owned",All firms,159,64870
Construction,"Equally veteran/nonveteran, female-owned",Personal/family savings of owner(s),107,S
Construction,"Equally veteran/nonveteran, female-owned",Personal/family assets other than savings of owner(s),0,0
Construction,"Equally veteran/nonveteran, female-owned",Personal/family home equity loan,0,0
Construction,"Equally veteran/nonveteran, female-owned",Personal credit card(s) carrying balances,0,0
Construction,"Equally veteran/nonveteran, female-owned",Business credit card(s) carrying balances,0,0
Construction,"Equally veteran/nonveteran, female-owned","Business loan from federal, state, or local government",0,0
Construction,"Equally veteran/nonveteran, female-owned",Government-guaranteed business loan from a bank or financial institution,0,0
Construction,"Equally veteran/nonveteran, female-owned",Business loan from a bank or financial institution,0,0
Construction,"Equally veteran/nonveteran, female-owned",Business loan/investment from family/friends,0,0
Construction,"Equally veteran/nonveteran, female-owned",Investment by venture capitalist(s),0,0
Construction,"Equally veteran/nonveteran, female-owned",Grants,0,0
Construction,"Equally veteran/nonveteran, female-owned",Other source(s) of capital,0,0
Construction,"Equally veteran/nonveteran, female-owned",Don't know,2,S
Construction,"Equally veteran/nonveteran, female-owned",None needed,0,0
Construction,"Equally veteran/nonveteran, female-owned",Total reporting,109,S
Construction,"Equally veteran/nonveteran, female-owned",Item not reported,0,0
Construction,"Equally veteran/nonveteran, male-owned",All firms,13224,16836446
Construction,"Equally veteran/nonveteran, male-owned",Personal/family savings of owner(s),7361,10755001
Construction,"Equally veteran/nonveteran, male-owned",Personal/family assets other than savings of owner(s),1099,1549565
Construction,"Equally veteran/nonveteran, male-owned",Personal/family home equity loan,472,689701
Construction,"Equally veteran/nonveteran, male-owned",Personal credit card(s) carrying balances,1225,S
Construction,"Equally veteran/nonveteran, male-owned",Business credit card(s) carrying balances,817,284217
Construction,"Equally veteran/nonveteran, male-owned","Business loan from federal, state, or local government",2,S
Construction,"Equally veteran/nonveteran, male-owned",Government-guaranteed business loan from a bank or financial institution,6,S
Construction,"Equally veteran/nonveteran, male-owned",Business loan from a bank or financial institution,1554,1751665
Construction,"Equally veteran/nonveteran, male-owned",Business loan/investment from family/friends,358,589717
Construction,"Equally veteran/nonveteran, male-owned",Investment by venture capitalist(s),98,S
Construction,"Equally veteran/nonveteran, male-owned",Grants,0,0
Construction,"Equally veteran/nonveteran, male-owned",Other source(s) of capital,60,S
Construction,"Equally veteran/nonveteran, male-owned",Don't know,1308,2366112
Construction,"Equally veteran/nonveteran, male-owned",None needed,938,613860
Construction,"Equally veteran/nonveteran, male-owned",Total reporting,11409(r),16317218(r)
Construction,"Equally veteran/nonveteran, male-owned",Item not reported,117(r),S
Construction,"Equally veteran/nonveteran, equally male-/female-owned",All firms,34914,12947925
Construction,"Equally veteran/nonveteran, equally male-/female-owned",Personal/family savings of owner(s),17720,5266003
Construction,"Equally veteran/nonveteran, equally male-/female-owned",Personal/family assets other than savings of owner(s),2461,596592
Construction,"Equally veteran/nonveteran, equally male-/female-owned",Personal/family home equity loan,1578,672670
Construction,"Equally veteran/nonveteran, equally male-/female-owned",Personal credit card(s) carrying balances,2704,666573
Construction,"Equally veteran/nonveteran, equally male-/female-owned",Business credit card(s) carrying balances,1208,486223
Construction,"Equally veteran/nonveteran, equally male-/female-owned","Business loan from federal, state, or local government",0,0
Construction,"Equally veteran/nonveteran, equally male-/female-owned",Government-guaranteed business loan from a bank or financial institution,103,S
Construction,"Equally veteran/nonveteran, equally male-/female-owned",Business loan from a bank or financial institution,2519,1028958
Construction,"Equally veteran/nonveteran, equally male-/female-owned",Business loan/investment from family/friends,516,318925
Construction,"Equally veteran/nonveteran, equally male-/female-owned",Investment by venture capitalist(s),92,S
Construction,"Equally veteran/nonveteran, equally male-/female-owned",Grants,0,0
Construction,"Equally veteran/nonveteran, equally male-/female-owned",Other source(s) of capital,316,S
Construction,"Equally veteran/nonveteran, equally male-/female-owned",Don't know,1004,675740
Construction,"Equally veteran/nonveteran, equally male-/female-owned",None needed,3856,510089
Construction,"Equally veteran/nonveteran, equally male-/female-owned",Total reporting,25679(r),7610406(r)
Construction,"Equally veteran/nonveteran, equally male-/female-owned",Item not reported,275(r),S
Construction,"Equally veteran/nonveteran, Hispanic",All firms,856,515724
Construction,"Equally veteran/nonveteran, Hispanic",Personal/family savings of owner(s),287,85806
Construction,"Equally veteran/nonveteran, Hispanic",Personal/family assets other than savings of owner(s),40,S
Construction,"Equally veteran/nonveteran, Hispanic",Personal/family home equity loan,0,0
Construction,"Equally veteran/nonveteran, Hispanic",Personal credit card(s) carrying balances,45,S
Construction,"Equally veteran/nonveteran, Hispanic",Business credit card(s) carrying balances,0,0
Construction,"Equally veteran/nonveteran, Hispanic","Business loan from federal, state, or local government",0,0
Construction,"Equally veteran/nonveteran, Hispanic",Government-guaranteed business loan from a bank or financial institution,0,0
Construction,"Equally veteran/nonveteran, Hispanic",Business loan from a bank or financial institution,70,S
Construction,"Equally veteran/nonveteran, Hispanic",Business loan/investment from family/friends,5,S
Construction,"Equally veteran/nonveteran, Hispanic",Investment by venture capitalist(s),0,0
Construction,"Equally veteran/nonveteran, Hispanic",Grants,0,0
Construction,"Equally veteran/nonveteran, Hispanic",Other source(s) of capital,0,0
Construction,"Equally veteran/nonveteran, Hispanic",Don't know,0,0
Construction,"Equally veteran/nonveteran, Hispanic",None needed,76,S
Construction,"Equally veteran/nonveteran, Hispanic",Total reporting,403,104271
Construction,"Equally veteran/nonveteran, Hispanic",Item not reported,0,0
Construction,"Equally veteran/nonveteran, equally Hispanic/non-Hispanic",All firms,1434,409337
Construction,"Equally veteran/nonveteran, equally Hispanic/non-Hispanic",Personal/family savings of owner(s),772,267370
Construction,"Equally veteran/nonveteran, equally Hispanic/non-Hispanic",Personal/family assets other than savings of owner(s),84,S
Construction,"Equally veteran/nonveteran, equally Hispanic/non-Hispanic",Personal/family home equity loan,16,S
Construction,"Equally veteran/nonveteran, equally Hispanic/non-Hispanic",Personal credit card(s) carrying balances,94,S
Construction,"Equally veteran/nonveteran, equally Hispanic/non-Hispanic",Business credit card(s) carrying balances,0,0
Construction,"Equally veteran/nonveteran, equally Hispanic/non-Hispanic","Business loan from federal, state, or local government",0,0
Construction,"Equally veteran/nonveteran, equally Hispanic/non-Hispanic",Government-guaranteed business loan from a bank or financial institution,0,0
Construction,"Equally veteran/nonveteran, equally Hispanic/non-Hispanic",Business loan from a bank or financial institution,69,S
Construction,"Equally veteran/nonveteran, equally Hispanic/non-Hispanic",Business loan/investment from family/friends,0,0
Construction,"Equally veteran/nonveteran, equally Hispanic/non-Hispanic",Investment by venture capitalist(s),0,0
Construction,"Equally veteran/nonveteran, equally Hispanic/non-Hispanic",Grants,0,0
Construction,"Equally veteran/nonveteran, equally Hispanic/non-Hispanic",Other source(s) of capital,21,S
Construction,"Equally veteran/nonveteran, equally Hispanic/non-Hispanic",Don't know,12,S
Construction,"Equally veteran/nonveteran, equally Hispanic/non-Hispanic",None needed,11,S
Construction,"Equally veteran/nonveteran, equally Hispanic/non-Hispanic",Total reporting,868,272107
Construction,"Equally veteran/nonveteran, equally Hispanic/non-Hispanic",Item not reported,0,0
Construction,"Equally veteran/nonveteran, non-Hispanic",All firms,46007,28924179
Construction,"Equally veteran/nonveteran, non-Hispanic",Personal/family savings of owner(s),24129,15711111
Construction,"Equally veteran/nonveteran, non-Hispanic",Personal/family assets other than savings of owner(s),3436,2074562
Construction,"Equally veteran/nonveteran, non-Hispanic",Personal/family home equity loan,2034,1323981
Construction,"Equally veteran/nonveteran, non-Hispanic",Personal credit card(s) carrying balances,3789,1636929
Construction,"Equally veteran/nonveteran, non-Hispanic",Business credit card(s) carrying balances,2025,770440
Construction,"Equally veteran/nonveteran, non-Hispanic","Business loan from federal, state, or local government",2,S
Construction,"Equally veteran/nonveteran, non-Hispanic",Government-guaranteed business loan from a bank or financial institution,110,S
Construction,"Equally veteran/nonveteran, non-Hispanic",Business loan from a bank or financial institution,3934,2685764
Construction,"Equally veteran/nonveteran, non-Hispanic",Business loan/investment from family/friends,868,908329
Construction,"Equally veteran/nonveteran, non-Hispanic",Investment by venture capitalist(s),190,S
Construction,"Equally veteran/nonveteran, non-Hispanic",Grants,0,0
Construction,"Equally veteran/nonveteran, non-Hispanic",Other source(s) of capital,355,S
Construction,"Equally veteran/nonveteran, non-Hispanic",Don't know,2303,3094791
Construction,"Equally veteran/nonveteran, non-Hispanic",None needed,4707,1120833
Construction,"Equally veteran/nonveteran, non-Hispanic",Total reporting,35926(r),23650888(r)
Construction,"Equally veteran/nonveteran, non-Hispanic",Item not reported,392(r),S
Construction,"Equally veteran/nonveteran, White",All firms,45819,29155041
Construction,"Equally veteran/nonveteran, White",Personal/family savings of owner(s),23983,15836295
Construction,"Equally veteran/nonveteran, White",Personal/family assets other than savings of owner(s),3334,2087860
Construction,"Equally veteran/nonveteran, White",Personal/family home equity loan,1937,1319556
Construction,"Equally veteran/nonveteran, White",Personal credit card(s) carrying balances,3804,1652034
Construction,"Equally veteran/nonveteran, White",Business credit card(s) carrying balances,1987,769877
Construction,"Equally veteran/nonveteran, White","Business loan from federal, state, or local government",2,S
Construction,"Equally veteran/nonveteran, White",Government-guaranteed business loan from a bank or financial institution,103,S
Construction,"Equally veteran/nonveteran, White",Business loan from a bank or financial institution,4026,2693668
Construction,"Equally veteran/nonveteran, White",Business loan/investment from family/friends,856,906087
Construction,"Equally veteran/nonveteran, White",Investment by venture capitalist(s),190,S
Construction,"Equally veteran/nonveteran, White",Grants,0,0
Construction,"Equally veteran/nonveteran, White",Other source(s) of capital,376,S
Construction,"Equally veteran/nonveteran, White",Don't know,2307,3074095
Construction,"Equally veteran/nonveteran, White",None needed,4694,1118029
Construction,"Equally veteran/nonveteran, White",Total reporting,35722(r),23731074(r)
Construction,"Equally veteran/nonveteran, White",Item not reported,379(r),S
Construction,"Equally veteran/nonveteran, Black or African American",All firms,535,110905
Construction,"Equally veteran/nonveteran, Black or African American",Personal/family savings of owner(s),321,10505
Construction,"Equally veteran/nonveteran, Black or African American",Personal/family assets other than savings of owner(s),19,S
Construction,"Equally veteran/nonveteran, Black or African American",Personal/family home equity loan,0,0
Construction,"Equally veteran/nonveteran, Black or African American",Personal credit card(s) carrying balances,75,S
Construction,"Equally veteran/nonveteran, Black or African American",Business credit card(s) carrying balances,0,0
Construction,"Equally veteran/nonveteran, Black or African American","Business loan from federal, state, or local government",0,0
Construction,"Equally veteran/nonveteran, Black or African American",Government-guaranteed business loan from a bank or financial institution,2,S
Construction,"Equally veteran/nonveteran, Black or African American",Business loan from a bank or financial institution,5,S
Construction,"Equally veteran/nonveteran, Black or African American",Business loan/investment from family/friends,0,0
Construction,"Equally veteran/nonveteran, Black or African American",Investment by venture capitalist(s),0,0
Construction,"Equally veteran/nonveteran, Black or African American",Grants,0,0
Construction,"Equally veteran/nonveteran, Black or African American",Other source(s) of capital,0,0
Construction,"Equally veteran/nonveteran, Black or African American",Don't know,5,S
Construction,"Equally veteran/nonveteran, Black or African American",None needed,0,0
Construction,"Equally veteran/nonveteran, Black or African American",Total reporting,330,11525
Construction,"Equally veteran/nonveteran, Black or African American",Item not reported,0,0
Construction,"Equally veteran/nonveteran, American Indian and Alaska Native",All firms,72,36014
Construction,"Equally veteran/nonveteran, American Indian and Alaska Native",Personal/family savings of owner(s),28,S
Construction,"Equally veteran/nonveteran, American Indian and Alaska Native",Personal/family assets other than savings of owner(s),14,S
Construction,"Equally veteran/nonveteran, American Indian and Alaska Native",Personal/family home equity loan,0,0
Construction,"Equally veteran/nonveteran, American Indian and Alaska Native",Personal credit card(s) carrying balances,14,S
Construction,"Equally veteran/nonveteran, American Indian and Alaska Native",Business credit card(s) carrying balances,0,0
Construction,"Equally veteran/nonveteran, American Indian and Alaska Native","Business loan from federal, state, or local government",0,0
Construction,"Equally veteran/nonveteran, American Indian and Alaska Native",Government-guaranteed business loan from a bank or financial institution,0,0
Construction,"Equally veteran/nonveteran, American Indian and Alaska Native",Business loan from a bank or financial institution,8,S
Construction,"Equally veteran/nonveteran, American Indian and Alaska Native",Business loan/investment from family/friends,0,0
Construction,"Equally veteran/nonveteran, American Indian and Alaska Native",Investment by venture capitalist(s),0,0
Construction,"Equally veteran/nonveteran, American Indian and Alaska Native",Grants,0,0
Construction,"Equally veteran/nonveteran, American Indian and Alaska Native",Other source(s) of capital,0,0
Construction,"Equally veteran/nonveteran, American Indian and Alaska Native",Don't know,0,0
Construction,"Equally veteran/nonveteran, American Indian and Alaska Native",None needed,0,0
Construction,"Equally veteran/nonveteran, American Indian and Alaska Native",Total reporting,36,S
Construction,"Equally veteran/nonveteran, American Indian and Alaska Native",Item not reported,0,0
Construction,"Equally veteran/nonveteran, Asian",All firms,165,73475
Construction,"Equally veteran/nonveteran, Asian",Personal/family savings of owner(s),93,S
Construction,"Equally veteran/nonveteran, Asian",Personal/family assets other than savings of owner(s),64,S
Construction,"Equally veteran/nonveteran, Asian",Personal/family home equity loan,75,S
Construction,"Equally veteran/nonveteran, Asian",Personal credit card(s) carrying balances,0,0
Construction,"Equally veteran/nonveteran, Asian",Business credit card(s) carrying balances,0,0
Construction,"Equally veteran/nonveteran, Asian","Business loan from federal, state, or local government",0,0
Construction,"Equally veteran/nonveteran, Asian",Government-guaranteed business loan from a bank or financial institution,0,0
Construction,"Equally veteran/nonveteran, Asian",Business loan from a bank or financial institution,2,S
Construction,"Equally veteran/nonveteran, Asian",Business loan/investment from family/friends,0,0
Construction,"Equally veteran/nonveteran, Asian",Investment by venture capitalist(s),0,0
Construction,"Equally veteran/nonveteran, Asian",Grants,0,0
Construction,"Equally veteran/nonveteran, Asian",Other source(s) of capital,0,0
Construction,"Equally veteran/nonveteran, Asian",Don't know,2,S
Construction,"Equally veteran/nonveteran, Asian",None needed,0,0
Construction,"Equally veteran/nonveteran, Asian",Total reporting,110(r),S
Construction,"Equally veteran/nonveteran, Asian",Item not reported,14(r),S
Construction,"Equally veteran/nonveteran, Native Hawaiian and Other Pacific Islander",All firms,16,S
Construction,"Equally veteran/nonveteran, Native Hawaiian and Other Pacific Islander",Personal/family savings of owner(s),0,S
Construction,"Equally veteran/nonveteran, Native Hawaiian and Other Pacific Islander",Personal/family assets other than savings of owner(s),0,S
Construction,"Equally veteran/nonveteran, Native Hawaiian and Other Pacific Islander",Personal/family home equity loan,0,S
Construction,"Equally veteran/nonveteran, Native Hawaiian and Other Pacific Islander",Personal credit card(s) carrying balances,0,S
Construction,"Equally veteran/nonveteran, Native Hawaiian and Other Pacific Islander",Business credit card(s) carrying balances,0,S
Construction,"Equally veteran/nonveteran, Native Hawaiian and Other Pacific Islander","Business loan from federal, state, or local government",0,S
Construction,"Equally veteran/nonveteran, Native Hawaiian and Other Pacific Islander",Government-guaranteed business loan from a bank or financial institution,0,S
Construction,"Equally veteran/nonveteran, Native Hawaiian and Other Pacific Islander",Business loan from a bank or financial institution,0,S
Construction,"Equally veteran/nonveteran, Native Hawaiian and Other Pacific Islander",Business loan/investment from family/friends,0,S
Construction,"Equally veteran/nonveteran, Native Hawaiian and Other Pacific Islander",Investment by venture capitalist(s),0,S
Construction,"Equally veteran/nonveteran, Native Hawaiian and Other Pacific Islander",Grants,0,S
Construction,"Equally veteran/nonveteran, Native Hawaiian and Other Pacific Islander",Other source(s) of capital,0,S
Construction,"Equally veteran/nonveteran, Native Hawaiian and Other Pacific Islander",Don't know,0,S
Construction,"Equally veteran/nonveteran, Native Hawaiian and Other Pacific Islander",None needed,0,S
Construction,"Equally veteran/nonveteran, Native Hawaiian and Other Pacific Islander",Total reporting,0,S
Construction,"Equally veteran/nonveteran, Native Hawaiian and Other Pacific Islander",Item not reported,0,S
Construction,"Equally veteran/nonveteran, some other race",All firms,110,S
Construction,"Equally veteran/nonveteran, some other race",Personal/family savings of owner(s),2,S
Construction,"Equally veteran/nonveteran, some other race",Personal/family assets other than savings of owner(s),0,S
Construction,"Equally veteran/nonveteran, some other race",Personal/family home equity loan,0,S
Construction,"Equally veteran/nonveteran, some other race",Personal credit card(s) carrying balances,0,S
Construction,"Equally veteran/nonveteran, some other race",Business credit card(s) carrying balances,0,S
Construction,"Equally veteran/nonveteran, some other race","Business loan from federal, state, or local government",0,S
Construction,"Equally veteran/nonveteran, some other race",Government-guaranteed business loan from a bank or financial institution,0,S
Construction,"Equally veteran/nonveteran, some other race",Business loan from a bank or financial institution,0,S
Construction,"Equally veteran/nonveteran, some other race",Business loan/investment from family/friends,0,S
Construction,"Equally veteran/nonveteran, some other race",Investment by venture capitalist(s),0,S
Construction,"Equally veteran/nonveteran, some other race",Grants,0,S
Construction,"Equally veteran/nonveteran, some other race",Other source(s) of capital,0,S
Construction,"Equally veteran/nonveteran, some other race",Don't know,0,S
Construction,"Equally veteran/nonveteran, some other race",None needed,0,S
Construction,"Equally veteran/nonveteran, some other race",Total reporting,2,S
Construction,"Equally veteran/nonveteran, some other race",Item not reported,0,S
Construction,"Equally veteran/nonveteran, minority",All firms,1704,756067
Construction,"Equally veteran/nonveteran, minority",Personal/family savings of owner(s),777,144246
Construction,"Equally veteran/nonveteran, minority",Personal/family assets other than savings of owner(s),123,S
Construction,"Equally veteran/nonveteran, minority",Personal/family home equity loan,75,S
Construction,"Equally veteran/nonveteran, minority",Personal credit card(s) carrying balances,121,S
Construction,"Equally veteran/nonveteran, minority",Business credit card(s) carrying balances,0,0
Construction,"Equally veteran/nonveteran, minority","Business loan from federal, state, or local government",0,0
Construction,"Equally veteran/nonveteran, minority",Government-guaranteed business loan from a bank or financial institution,2,S
Construction,"Equally veteran/nonveteran, minority",Business loan from a bank or financial institution,87,31185
Construction,"Equally veteran/nonveteran, minority",Business loan/investment from family/friends,5,S
Construction,"Equally veteran/nonveteran, minority",Investment by venture capitalist(s),0,0
Construction,"Equally veteran/nonveteran, minority",Grants,0,0
Construction,"Equally veteran/nonveteran, minority",Other source(s) of capital,0,0
Construction,"Equally veteran/nonveteran, minority",Don't know,7,S
Construction,"Equally veteran/nonveteran, minority",None needed,76,S
Construction,"Equally veteran/nonveteran, minority",Total reporting,929(r),198041(r)
Construction,"Equally veteran/nonveteran, minority",Item not reported,14(r),S
Construction,"Equally veteran/nonveteran, equally minority/nonminority",All firms,2884,855467
Construction,"Equally veteran/nonveteran, equally minority/nonminority",Personal/family savings of owner(s),1484,347125
Construction,"Equally veteran/nonveteran, equally minority/nonminority",Personal/family assets other than savings of owner(s),278,S
Construction,"Equally veteran/nonveteran, equally minority/nonminority",Personal/family home equity loan,61,S
Construction,"Equally veteran/nonveteran, equally minority/nonminority",Personal credit card(s) carrying balances,162,S
Construction,"Equally veteran/nonveteran, equally minority/nonminority",Business credit card(s) carrying balances,40,S
Construction,"Equally veteran/nonveteran, equally minority/nonminority","Business loan from federal, state, or local government",0,0
Construction,"Equally veteran/nonveteran, equally minority/nonminority",Government-guaranteed business loan from a bank or financial institution,12,S
Construction,"Equally veteran/nonveteran, equally minority/nonminority",Business loan from a bank or financial institution,102,121230
Construction,"Equally veteran/nonveteran, equally minority/nonminority",Business loan/investment from family/friends,18,S
Construction,"Equally veteran/nonveteran, equally minority/nonminority",Investment by venture capitalist(s),0,0
Construction,"Equally veteran/nonveteran, equally minority/nonminority",Grants,0,0
Construction,"Equally veteran/nonveteran, equally minority/nonminority",Other source(s) of capital,31,S
Construction,"Equally veteran/nonveteran, equally minority/nonminority",Don't know,57,S
Construction,"Equally veteran/nonveteran, equally minority/nonminority",None needed,123,S
Construction,"Equally veteran/nonveteran, equally minority/nonminority",Total reporting,1911,428915
Construction,"Equally veteran/nonveteran, equally minority/nonminority",Item not reported,0,0
Construction,"Equally veteran/nonveteran, nonminority",All firms,43708,28237706
Construction,"Equally veteran/nonveteran, nonminority",Personal/family savings of owner(s),22926,15572917
Construction,"Equally veteran/nonveteran, nonminority",Personal/family assets other than savings of owner(s),3159,2052981
Construction,"Equally veteran/nonveteran, nonminority",Personal/family home equity loan,1914,1319241
Construction,"Equally veteran/nonveteran, nonminority",Personal credit card(s) carrying balances,3646,1629918
Construction,"Equally veteran/nonveteran, nonminority",Business credit card(s) carrying balances,1985,768005
Construction,"Equally veteran/nonveteran, nonminority","Business loan from federal, state, or local government",2,S
Construction,"Equally veteran/nonveteran, nonminority",Government-guaranteed business loan from a bank or financial institution,96,S
Construction,"Equally veteran/nonveteran, nonminority",Business loan from a bank or financial institution,3884,2628208
Construction,"Equally veteran/nonveteran, nonminority",Business loan/investment from family/friends,850,905775
Construction,"Equally veteran/nonveteran, nonminority",Investment by venture capitalist(s),190,S
Construction,"Equally veteran/nonveteran, nonminority",Grants,0,0
Construction,"Equally veteran/nonveteran, nonminority",Other source(s) of capital,345,S
Construction,"Equally veteran/nonveteran, nonminority",Don't know,2250,3059208
Construction,"Equally veteran/nonveteran, nonminority",None needed,4595,1111698
Construction,"Equally veteran/nonveteran, nonminority",Total reporting,34357(r),23400308(r)
Construction,"Equally veteran/nonveteran, nonminority",Item not reported,379(r),S
Construction,Nonveteran,All firms,2545683,1055461724
Construction,Nonveteran,Personal/family savings of owner(s),885425,432731362
Construction,Nonveteran,Personal/family assets other than savings of owner(s),92841,75000910
Construction,Nonveteran,Personal/family home equity loan,47185,40112416
Construction,Nonveteran,Personal credit card(s) carrying balances,131636,41001986
Construction,Nonveteran,Business credit card(s) carrying balances,51522,18393640
Construction,Nonveteran,"Business loan from federal, state, or local government",819,362516
Construction,Nonveteran,Government-guaranteed business loan from a bank or financial institution,3756,6495184
Construction,Nonveteran,Business loan from a bank or financial institution,78662,100970103
Construction,Nonveteran,Business loan/investment from family/friends,22032,31567179
Construction,Nonveteran,Investment by venture capitalist(s),1799,3600430
Construction,Nonveteran,Grants,793,S
Construction,Nonveteran,Other source(s) of capital,20419,28031653
Construction,Nonveteran,Don't know,106615,202969525
Construction,Nonveteran,None needed,321335,53049401
Construction,Nonveteran,Total reporting,1444692(r),786066615(r)
Construction,Nonveteran,Item not reported,46698(r),8574648(r)
Construction,"Nonveteran, female-owned",All firms,255372,91897389
Construction,"Nonveteran, female-owned",Personal/family savings of owner(s),66120,40184901
Construction,"Nonveteran, female-owned",Personal/family assets other than savings of owner(s),7865,6245413
Construction,"Nonveteran, female-owned",Personal/family home equity loan,4258,4190238
Construction,"Nonveteran, female-owned",Personal credit card(s) carrying balances,9459,4273484
Construction,"Nonveteran, female-owned",Business credit card(s) carrying balances,4236,2641748
Construction,"Nonveteran, female-owned","Business loan from federal, state, or local government",25,S
Construction,"Nonveteran, female-owned",Government-guaranteed business loan from a bank or financial institution,725,834326
Construction,"Nonveteran, female-owned",Business loan from a bank or financial institution,5495,6459588
Construction,"Nonveteran, female-owned",Business loan/investment from family/friends,2399,3257809
Construction,"Nonveteran, female-owned",Investment by venture capitalist(s),115,S
Construction,"Nonveteran, female-owned",Grants,351,3364
Construction,"Nonveteran, female-owned",Other source(s) of capital,1934,3587946
Construction,"Nonveteran, female-owned",Don't know,9351,13648974
Construction,"Nonveteran, female-owned",None needed,33263,4737262
Construction,"Nonveteran, female-owned",Total reporting,119647(r),68632004(r)
Construction,"Nonveteran, female-owned",Item not reported,3768(r),1088040(r)
Construction,"Nonveteran, male-owned",All firms,2107786,882545840
Construction,"Nonveteran, male-owned",Personal/family savings of owner(s),730549,355486959
Construction,"Nonveteran, male-owned",Personal/family assets other than savings of owner(s),71548,61553477
Construction,"Nonveteran, male-owned",Personal/family home equity loan,33529,30183201
Construction,"Nonveteran, male-owned",Personal credit card(s) carrying balances,106621,31704055
Construction,"Nonveteran, male-owned",Business credit card(s) carrying balances,40730,13585395
Construction,"Nonveteran, male-owned","Business loan from federal, state, or local government",660,223108
Construction,"Nonveteran, male-owned",Government-guaranteed business loan from a bank or financial institution,2293,4724665
Construction,"Nonveteran, male-owned",Business loan from a bank or financial institution,59084,83632411
Construction,"Nonveteran, male-owned",Business loan/investment from family/friends,15609,25127101
Construction,"Nonveteran, male-owned",Investment by venture capitalist(s),1364,2850697
Construction,"Nonveteran, male-owned",Grants,443,S
Construction,"Nonveteran, male-owned",Other source(s) of capital,16474,22771089
Construction,"Nonveteran, male-owned",Don't know,90318,181539691
Construction,"Nonveteran, male-owned",None needed,272880,45605611
Construction,"Nonveteran, male-owned",Total reporting,1195243(r),660083111(r)
Construction,"Nonveteran, male-owned",Item not reported,41701(r),6956061(r)
Construction,"Nonveteran, equally male-/female-owned",All firms,182525,81018494
Construction,"Nonveteran, equally male-/female-owned",Personal/family savings of owner(s),88755,37059502
Construction,"Nonveteran, equally male-/female-owned",Personal/family assets other than savings of owner(s),13428,7202020
Construction,"Nonveteran, equally male-/female-owned",Personal/family home equity loan,9398,5738977
Construction,"Nonveteran, equally male-/female-owned",Personal credit card(s) carrying balances,15555,5024447
Construction,"Nonveteran, equally male-/female-owned",Business credit card(s) carrying balances,6556,2166497
Construction,"Nonveteran, equally male-/female-owned","Business loan from federal, state, or local government",134,S
Construction,"Nonveteran, equally male-/female-owned",Government-guaranteed business loan from a bank or financial institution,738,936193
Construction,"Nonveteran, equally male-/female-owned",Business loan from a bank or financial institution,14083,10878104
Construction,"Nonveteran, equally male-/female-owned",Business loan/investment from family/friends,4024,3182269
Construction,"Nonveteran, equally male-/female-owned",Investment by venture capitalist(s),321,S
Construction,"Nonveteran, equally male-/female-owned",Grants,0,0
Construction,"Nonveteran, equally male-/female-owned",Other source(s) of capital,2011,1672618
Construction,"Nonveteran, equally male-/female-owned",Don't know,6947,7780860
Construction,"Nonveteran, equally male-/female-owned",None needed,15191,2706528
Construction,"Nonveteran, equally male-/female-owned",Total reporting,129802(r),57351500(r)
Construction,"Nonveteran, equally male-/female-owned",Item not reported,1230(r),530547(r)
Construction,"Nonveteran, Hispanic",All firms,448650,51580656
Construction,"Nonveteran, Hispanic",Personal/family savings of owner(s),84163,18940785
Construction,"Nonveteran, Hispanic",Personal/family assets other than savings of owner(s),7150,2216021
Construction,"Nonveteran, Hispanic",Personal/family home equity loan,3603,1645242
Construction,"Nonveteran, Hispanic",Personal credit card(s) carrying balances,11514,2600150
Construction,"Nonveteran, Hispanic",Business credit card(s) carrying balances,3684,954781
Construction,"Nonveteran, Hispanic","Business loan from federal, state, or local government",7,S
Construction,"Nonveteran, Hispanic",Government-guaranteed business loan from a bank or financial institution,193,S
Construction,"Nonveteran, Hispanic",Business loan from a bank or financial institution,2296,2186427
Construction,"Nonveteran, Hispanic",Business loan/investment from family/friends,1507,713301
Construction,"Nonveteran, Hispanic",Investment by venture capitalist(s),131,S
Construction,"Nonveteran, Hispanic",Grants,0,0
Construction,"Nonveteran, Hispanic",Other source(s) of capital,2228,S
Construction,"Nonveteran, Hispanic",Don't know,11035,2945305
Construction,"Nonveteran, Hispanic",None needed,35769,2135905
Construction,"Nonveteran, Hispanic",Total reporting,141762(r),27530241(r)
Construction,"Nonveteran, Hispanic",Item not reported,8202(r),774907(r)
Construction,"Nonveteran, equally Hispanic/non-Hispanic",All firms,9552,4457125
Construction,"Nonveteran, equally Hispanic/non-Hispanic",Personal/family savings of owner(s),4043,2590162
Construction,"Nonveteran, equally Hispanic/non-Hispanic",Personal/family assets other than savings of owner(s),531,S
Construction,"Nonveteran, equally Hispanic/non-Hispanic",Personal/family home equity loan,576,181596
Construction,"Nonveteran, equally Hispanic/non-Hispanic",Personal credit card(s) carrying balances,684,253725
Construction,"Nonveteran, equally Hispanic/non-Hispanic",Business credit card(s) carrying balances,504,S
Construction,"Nonveteran, equally Hispanic/non-Hispanic","Business loan from federal, state, or local government",8,S
Construction,"Nonveteran, equally Hispanic/non-Hispanic",Government-guaranteed business loan from a bank or financial institution,18,S
Construction,"Nonveteran, equally Hispanic/non-Hispanic",Business loan from a bank or financial institution,705,246225
Construction,"Nonveteran, equally Hispanic/non-Hispanic",Business loan/investment from family/friends,57,S
Construction,"Nonveteran, equally Hispanic/non-Hispanic",Investment by venture capitalist(s),0,0
Construction,"Nonveteran, equally Hispanic/non-Hispanic",Grants,0,0
Construction,"Nonveteran, equally Hispanic/non-Hispanic",Other source(s) of capital,155,64935
Construction,"Nonveteran, equally Hispanic/non-Hispanic",Don't know,342,S
Construction,"Nonveteran, equally Hispanic/non-Hispanic",None needed,1184,313027
Construction,"Nonveteran, equally Hispanic/non-Hispanic",Total reporting,6243(r),3548330(r)
Construction,"Nonveteran, equally Hispanic/non-Hispanic",Item not reported,140(r),S
Construction,"Nonveteran, non-Hispanic",All firms,2087481,999423942
Construction,"Nonveteran, non-Hispanic",Personal/family savings of owner(s),797219,411200415
Construction,"Nonveteran, non-Hispanic",Personal/family assets other than savings of owner(s),85159,72450265
Construction,"Nonveteran, non-Hispanic",Personal/family home equity loan,43006,38285577
Construction,"Nonveteran, non-Hispanic",Personal credit card(s) carrying balances,119437,38148111
Construction,"Nonveteran, non-Hispanic",Business credit card(s) carrying balances,47334,17083301
Construction,"Nonveteran, non-Hispanic","Business loan from federal, state, or local government",805,355071
Construction,"Nonveteran, non-Hispanic",Government-guaranteed business loan from a bank or financial institution,3546,6106725
Construction,"Nonveteran, non-Hispanic",Business loan from a bank or financial institution,75661,98537452
Construction,"Nonveteran, non-Hispanic",Business loan/investment from family/friends,20467,30799051
Construction,"Nonveteran, non-Hispanic",Investment by venture capitalist(s),1668,3455528
Construction,"Nonveteran, non-Hispanic",Grants,793,S
Construction,"Nonveteran, non-Hispanic",Other source(s) of capital,18037,26610445
Construction,"Nonveteran, non-Hispanic",Don't know,95238,199756346
Construction,"Nonveteran, non-Hispanic",None needed,284382,50600469
Construction,"Nonveteran, non-Hispanic",Total reporting,1296687(r),754988044(r)
Construction,"Nonveteran, non-Hispanic",Item not reported,38356(r),7756971(r)
Construction,"Nonveteran, White",All firms,2187193,1011219909
Construction,"Nonveteran, White",Personal/family savings of owner(s),812756,415083098
Construction,"Nonveteran, White",Personal/family assets other than savings of owner(s),87095,72976979
Construction,"Nonveteran, White",Personal/family home equity loan,43797,38459969
Construction,"Nonveteran, White",Personal credit card(s) carrying balances,121309,38887160
Construction,"Nonveteran, White",Business credit card(s) carrying balances,47640,17355485
Construction,"Nonveteran, White","Business loan from federal, state, or local government",801,356044
Construction,"Nonveteran, White",Government-guaranteed business loan from a bank or financial institution,3406,6015729
Construction,"Nonveteran, White",Business loan from a bank or financial institution,75246,98896504
Construction,"Nonveteran, White",Business loan/investment from family/friends,20445,31072695
Construction,"Nonveteran, White",Investment by venture capitalist(s),1705,3444164
Construction,"Nonveteran, White",Grants,775,S
Construction,"Nonveteran, White",Other source(s) of capital,18178,27200657
Construction,"Nonveteran, White",Don't know,95178,197775240
Construction,"Nonveteran, White",None needed,292055,51398028
Construction,"Nonveteran, White",Total reporting,1321467(r),759175765(r)
Construction,"Nonveteran, White",Item not reported,39650(r),8265131(r)
Construction,"Nonveteran, Black or African American",All firms,116323,9247951
Construction,"Nonveteran, Black or African American",Personal/family savings of owner(s),19457,4213591
Construction,"Nonveteran, Black or African American",Personal/family assets other than savings of owner(s),1477,273030
Construction,"Nonveteran, Black or African American",Personal/family home equity loan,705,329709
Construction,"Nonveteran, Black or African American",Personal credit card(s) carrying balances,3079,332794
Construction,"Nonveteran, Black or African American",Business credit card(s) carrying balances,713,168793
Construction,"Nonveteran, Black or African American","Business loan from federal, state, or local government",0,0
Construction,"Nonveteran, Black or African American",Government-guaranteed business loan from a bank or financial institution,36,40518
Construction,"Nonveteran, Black or African American",Business loan from a bank or financial institution,909,362614
Construction,"Nonveteran, Black or African American",Business loan/investment from family/friends,172,S
Construction,"Nonveteran, Black or African American",Investment by venture capitalist(s),6,S
Construction,"Nonveteran, Black or African American",Grants,11,S
Construction,"Nonveteran, Black or African American",Other source(s) of capital,690,335926
Construction,"Nonveteran, Black or African American",Don't know,1953,855075
Construction,"Nonveteran, Black or African American",None needed,9443,398670
Construction,"Nonveteran, Black or African American",Total reporting,33294(r),6064003(r)
Construction,"Nonveteran, Black or African American",Item not reported,2656(r),138501(r)
Construction,"Nonveteran, American Indian and Alaska Native",All firms,30680,6520632
Construction,"Nonveteran, American Indian and Alaska Native",Personal/family savings of owner(s),8649,2459559
Construction,"Nonveteran, American Indian and Alaska Native",Personal/family assets other than savings of owner(s),1387,350718
Construction,"Nonveteran, American Indian and Alaska Native",Personal/family home equity loan,553,383284
Construction,"Nonveteran, American Indian and Alaska Native",Personal credit card(s) carrying balances,1783,404345
Construction,"Nonveteran, American Indian and Alaska Native",Business credit card(s) carrying balances,565,116813
Construction,"Nonveteran, American Indian and Alaska Native","Business loan from federal, state, or local government",2,S
Construction,"Nonveteran, American Indian and Alaska Native",Government-guaranteed business loan from a bank or financial institution,105,S
Construction,"Nonveteran, American Indian and Alaska Native",Business loan from a bank or financial institution,916,596854
Construction,"Nonveteran, American Indian and Alaska Native",Business loan/investment from family/friends,324,98556
Construction,"Nonveteran, American Indian and Alaska Native",Investment by venture capitalist(s),45,S
Construction,"Nonveteran, American Indian and Alaska Native",Grants,114,S
Construction,"Nonveteran, American Indian and Alaska Native",Other source(s) of capital,211,S
Construction,"Nonveteran, American Indian and Alaska Native",Don't know,872,1131518
Construction,"Nonveteran, American Indian and Alaska Native",None needed,3361,282223
Construction,"Nonveteran, American Indian and Alaska Native",Total reporting,14746(r),4415320(r)
Construction,"Nonveteran, American Indian and Alaska Native",Item not reported,985(r),37079(r)
Construction,"Nonveteran, Asian",All firms,72597,14425247
Construction,"Nonveteran, Asian",Personal/family savings of owner(s),22628,5991229
Construction,"Nonveteran, Asian",Personal/family assets other than savings of owner(s),1546,755769
Construction,"Nonveteran, Asian",Personal/family home equity loan,1405,681769
Construction,"Nonveteran, Asian",Personal credit card(s) carrying balances,3462,821706
Construction,"Nonveteran, Asian",Business credit card(s) carrying balances,1816,452336
Construction,"Nonveteran, Asian","Business loan from federal, state, or local government",2,S
Construction,"Nonveteran, Asian",Government-guaranteed business loan from a bank or financial institution,16,S
Construction,"Nonveteran, Asian",Business loan from a bank or financial institution,847,457785
Construction,"Nonveteran, Asian",Business loan/investment from family/friends,819,185799
Construction,"Nonveteran, Asian",Investment by venture capitalist(s),0,0
Construction,"Nonveteran, Asian",Grants,13,S
Construction,"Nonveteran, Asian",Other source(s) of capital,778,129417
Construction,"Nonveteran, Asian",Don't know,4426,2145145
Construction,"Nonveteran, Asian",None needed,7500,489359
Construction,"Nonveteran, Asian",Total reporting,37590(r),9274229(r)
Construction,"Nonveteran, Asian",Item not reported,1195(r),35375(r)
Construction,"Nonveteran, Native Hawaiian and Other Pacific Islander",All firms,4666,1318235
Construction,"Nonveteran, Native Hawaiian and Other Pacific Islander",Personal/family savings of owner(s),1254,375771
Construction,"Nonveteran, Native Hawaiian and Other Pacific Islander",Personal/family assets other than savings of owner(s),180,S
Construction,"Nonveteran, Native Hawaiian and Other Pacific Islander",Personal/family home equity loan,67,S
Construction,"Nonveteran, Native Hawaiian and Other Pacific Islander",Personal credit card(s) carrying balances,236,147740
Construction,"Nonveteran, Native Hawaiian and Other Pacific Islander",Business credit card(s) carrying balances,55,S
Construction,"Nonveteran, Native Hawaiian and Other Pacific Islander","Business loan from federal, state, or local government",0,0
Construction,"Nonveteran, Native Hawaiian and Other Pacific Islander",Government-guaranteed business loan from a bank or financial institution,0,0
Construction,"Nonveteran, Native Hawaiian and Other Pacific Islander",Business loan from a bank or financial institution,4,S
Construction,"Nonveteran, Native Hawaiian and Other Pacific Islander",Business loan/investment from family/friends,17,S
Construction,"Nonveteran, Native Hawaiian and Other Pacific Islander",Investment by venture capitalist(s),0,0
Construction,"Nonveteran, Native Hawaiian and Other Pacific Islander",Grants,0,0
Construction,"Nonveteran, Native Hawaiian and Other Pacific Islander",Other source(s) of capital,19,S
Construction,"Nonveteran, Native Hawaiian and Other Pacific Islander",Don't know,145,34241
Construction,"Nonveteran, Native Hawaiian and Other Pacific Islander",None needed,635,S
Construction,"Nonveteran, Native Hawaiian and Other Pacific Islander",Total reporting,2102(r),538348(r)
Construction,"Nonveteran, Native Hawaiian and Other Pacific Islander",Item not reported,56(r),S
Construction,"Nonveteran, some other race",All firms,171060,14650702
Construction,"Nonveteran, some other race",Personal/family savings of owner(s),28735,5064705
Construction,"Nonveteran, some other race",Personal/family assets other than savings of owner(s),2266,705483
Construction,"Nonveteran, some other race",Personal/family home equity loan,942,341952
Construction,"Nonveteran, some other race",Personal credit card(s) carrying balances,3288,775861
Construction,"Nonveteran, some other race",Business credit card(s) carrying balances,1289,342437
Construction,"Nonveteran, some other race","Business loan from federal, state, or local government",2,S
Construction,"Nonveteran, some other race",Government-guaranteed business loan from a bank or financial institution,141,S
Construction,"Nonveteran, some other race",Business loan from a bank or financial institution,1002,608053
Construction,"Nonveteran, some other race",Business loan/investment from family/friends,586,72207
Construction,"Nonveteran, some other race",Investment by venture capitalist(s),83,S
Construction,"Nonveteran, some other race",Grants,0,0
Construction,"Nonveteran, some other race",Other source(s) of capital,782,306705
Construction,"Nonveteran, some other race",Don't know,5009,1177892
Construction,"Nonveteran, some other race",None needed,11505,555056
Construction,"Nonveteran, some other race",Total reporting,48683(r),7413665(r)
Construction,"Nonveteran, some other race",Item not reported,2873(r),135050(r)
Construction,"Nonveteran, minority",All firms,656724,82395546
Construction,"Nonveteran, minority",Personal/family savings of owner(s),134013,31803104
Construction,"Nonveteran, minority",Personal/family assets other than savings of owner(s),11251,3731596
Construction,"Nonveteran, minority",Personal/family home equity loan,6199,3093587
Construction,"Nonveteran, minority",Personal credit card(s) carrying balances,19553,4237483
Construction,"Nonveteran, minority",Business credit card(s) carrying balances,6918,1763124
Construction,"Nonveteran, minority","Business loan from federal, state, or local government",11,7412
Construction,"Nonveteran, minority",Government-guaranteed business loan from a bank or financial institution,350,496620
Construction,"Nonveteran, minority",Business loan from a bank or financial institution,5073,3580142
Construction,"Nonveteran, minority",Business loan/investment from family/friends,2697,1077131
Construction,"Nonveteran, minority",Investment by venture capitalist(s),182,S
Construction,"Nonveteran, minority",Grants,127,5627
Construction,"Nonveteran, minority",Other source(s) of capital,3896,1964616
Construction,"Nonveteran, minority",Don't know,18121,7299115
Construction,"Nonveteran, minority",None needed,55266,3407403
Construction,"Nonveteran, minority",Total reporting,225105(r),47777779(r)
Construction,"Nonveteran, minority",Item not reported,12679(r),950914(r)
Construction,"Nonveteran, equally minority/nonminority",All firms,15976,7311519
Construction,"Nonveteran, equally minority/nonminority",Personal/family savings of owner(s),7264,4069771
Construction,"Nonveteran, equally minority/nonminority",Personal/family assets other than savings of owner(s),1101,436552
Construction,"Nonveteran, equally minority/nonminority",Personal/family home equity loan,1101,337300
Construction,"Nonveteran, equally minority/nonminority",Personal credit card(s) carrying balances,1745,491188
Construction,"Nonveteran, equally minority/nonminority",Business credit card(s) carrying balances,878,S
Construction,"Nonveteran, equally minority/nonminority","Business loan from federal, state, or local government",20,S
Construction,"Nonveteran, equally minority/nonminority",Government-guaranteed business loan from a bank or financial institution,74,S
Construction,"Nonveteran, equally minority/nonminority",Business loan from a bank or financial institution,990,542018
Construction,"Nonveteran, equally minority/nonminority",Business loan/investment from family/friends,302,201345
Construction,"Nonveteran, equally minority/nonminority",Investment by venture capitalist(s),5,S
Construction,"Nonveteran, equally minority/nonminority",Grants,0,0
Construction,"Nonveteran, equally minority/nonminority",Other source(s) of capital,300,161517
Construction,"Nonveteran, equally minority/nonminority",Don't know,532,384722
Construction,"Nonveteran, equally minority/nonminority",None needed,1383,361000
Construction,"Nonveteran, equally minority/nonminority",Total reporting,10575(r),5541593(r)
Construction,"Nonveteran, equally minority/nonminority",Item not reported,119(r),S
Construction,"Nonveteran, nonminority",All firms,1872983,965754659
Construction,"Nonveteran, nonminority",Personal/family savings of owner(s),744148,396858486
Construction,"Nonveteran, nonminority",Personal/family assets other than savings of owner(s),80489,70832762
Construction,"Nonveteran, nonminority",Personal/family home equity loan,39884,36681529
Construction,"Nonveteran, nonminority",Personal credit card(s) carrying balances,110338,36273315
Construction,"Nonveteran, nonminority",Business credit card(s) carrying balances,43727,16191166
Construction,"Nonveteran, nonminority","Business loan from federal, state, or local government",789,349513
Construction,"Nonveteran, nonminority",Government-guaranteed business loan from a bank or financial institution,3333,5776696
Construction,"Nonveteran, nonminority",Business loan from a bank or financial institution,72599,96847943
Construction,"Nonveteran, nonminority",Business loan/investment from family/friends,19033,30288703
Construction,"Nonveteran, nonminority",Investment by venture capitalist(s),1613,3436541
Construction,"Nonveteran, nonminority",Grants,666,S
Construction,"Nonveteran, nonminority",Other source(s) of capital,16223,25905520
Construction,"Nonveteran, nonminority",Don't know,87962,195285688
Construction,"Nonveteran, nonminority",None needed,264686,49280998
Construction,"Nonveteran, nonminority",Total reporting,1209011(r),732747244(r)
Construction,"Nonveteran, nonminority",Item not reported,33901(r),7581326(r)
Construction,"All firms classifiable by gender, ethnicity, race, and veteran status",All firms,2928015,1200413658
Construction,"All firms classifiable by gender, ethnicity, race, and veteran status",Personal/family savings of owner(s),1033246,494015883
Construction,"All firms classifiable by gender, ethnicity, race, and veteran status",Personal/family assets other than savings of owner(s),109914,85415659
Construction,"All firms classifiable by gender, ethnicity, race, and veteran status",Personal/family home equity loan,55602,44826669
Construction,"All firms classifiable by gender, ethnicity, race, and veteran status",Personal credit card(s) carrying balances,152929,46453716
Construction,"All firms classifiable by gender, ethnicity, race, and veteran status",Business credit card(s) carrying balances,60319,21003671
Construction,"All firms classifiable by gender, ethnicity, race, and veteran status","Business loan from federal, state, or local government",1022,645579
Construction,"All firms classifiable by gender, ethnicity, race, and veteran status",Government-guaranteed business loan from a bank or financial institution,4743,8022394
Construction,"All firms classifiable by gender, ethnicity, race, and veteran status",Business loan from a bank or financial institution,94496,114780057
Construction,"All firms classifiable by gender, ethnicity, race, and veteran status",Business loan/investment from family/friends,25477,36643944
Construction,"All firms classifiable by gender, ethnicity, race, and veteran status",Investment by venture capitalist(s),2180,4556923
Construction,"All firms classifiable by gender, ethnicity, race, and veteran status",Grants,793,S
Construction,"All firms classifiable by gender, ethnicity, race, and veteran status",Other source(s) of capital,23648,30891565
Construction,"All firms classifiable by gender, ethnicity, race, and veteran status",Don't know,118699,222164168
Construction,"All firms classifiable by gender, ethnicity, race, and veteran status",None needed,368296,60504420
Construction,"All firms classifiable by gender, ethnicity, race, and veteran status",Total reporting,1676668(r),888406950(r)
Construction,"All firms classifiable by gender, ethnicity, race, and veteran status",Item not reported,56575(r),9279981(r)
Construction,"Publicly held and other firms not classifiable by gender, ethnicity, race, and veteran status",All firms,12175,286449169
Construction,"Publicly held and other firms not classifiable by gender, ethnicity, race, and veteran status",Personal/family savings of owner(s),1134,645436
Construction,"Publicly held and other firms not classifiable by gender, ethnicity, race, and veteran status",Personal/family assets other than savings of owner(s),100,212914
Construction,"Publicly held and other firms not classifiable by gender, ethnicity, race, and veteran status",Personal/family home equity loan,11,S
Construction,"Publicly held and other firms not classifiable by gender, ethnicity, race, and veteran status",Personal credit card(s) carrying balances,126,S
Construction,"Publicly held and other firms not classifiable by gender, ethnicity, race, and veteran status",Business credit card(s) carrying balances,100,S
Construction,"Publicly held and other firms not classifiable by gender, ethnicity, race, and veteran status","Business loan from federal, state, or local government",0,0
Construction,"Publicly held and other firms not classifiable by gender, ethnicity, race, and veteran status",Government-guaranteed business loan from a bank or financial institution,0,0
Construction,"Publicly held and other firms not classifiable by gender, ethnicity, race, and veteran status",Business loan from a bank or financial institution,102,1287108
Construction,"Publicly held and other firms not classifiable by gender, ethnicity, race, and veteran status",Business loan/investment from family/friends,69,S
Construction,"Publicly held and other firms not classifiable by gender, ethnicity, race, and veteran status",Investment by venture capitalist(s),25,S
Construction,"Publicly held and other firms not classifiable by gender, ethnicity, race, and veteran status",Grants,0,0
Construction,"Publicly held and other firms not classifiable by gender, ethnicity, race, and veteran status",Other source(s) of capital,127,S
Construction,"Publicly held and other firms not classifiable by gender, ethnicity, race, and veteran status",Don't know,840,1702776
Construction,"Publicly held and other firms not classifiable by gender, ethnicity, race, and veteran status",None needed,1055,S
Construction,"Publicly held and other firms not classifiable by gender, ethnicity, race, and veteran status",Total reporting,3428(r),4653927(r)
Construction,"Publicly held and other firms not classifiable by gender, ethnicity, race, and veteran status",Item not reported,11593(r),170153734(r)
Manufacturing,All firms,All firms,588991,5876677247
Manufacturing,All firms,Personal/family savings of owner(s),248909,431193028
Manufacturing,All firms,Personal/family assets other than savings of owner(s),34430,91746909
Manufacturing,All firms,Personal/family home equity loan,22395,40073251
Manufacturing,All firms,Personal credit card(s) carrying balances,36956,24322366
Manufacturing,All firms,Business credit card(s) carrying balances,13186,9562151
Manufacturing,All firms,"Business loan from federal, state, or local government",1743,8884019
Manufacturing,All firms,Government-guaranteed business loan from a bank or financial institution,5980,18511299
Manufacturing,All firms,Business loan from a bank or financial institution,44420,205321964
Manufacturing,All firms,Business loan/investment from family/friends,14406,44930541
Manufacturing,All firms,Investment by venture capitalist(s),2239,21499002
Manufacturing,All firms,Grants,1191,2999486
Manufacturing,All firms,Other source(s) of capital,10647,46762862
Manufacturing,All firms,Don't know,34604,298135812
Manufacturing,All firms,None needed,48588,60617540
Manufacturing,All firms,Total reporting,385412(r),942681273(r)
Manufacturing,All firms,Item not reported,17836(r),1843914567(r)
Manufacturing,Female-owned,All firms,139442,123983984
Manufacturing,Female-owned,Personal/family savings of owner(s),56548,42579042
Manufacturing,Female-owned,Personal/family assets other than savings of owner(s),6922,8877293
Manufacturing,Female-owned,Personal/family home equity loan,4309,6027684
Manufacturing,Female-owned,Personal credit card(s) carrying balances,9036,3149147
Manufacturing,Female-owned,Business credit card(s) carrying balances,3439,1106734
Manufacturing,Female-owned,"Business loan from federal, state, or local government",323,641943
Manufacturing,Female-owned,Government-guaranteed business loan from a bank or financial institution,907,1566150
Manufacturing,Female-owned,Business loan from a bank or financial institution,6572,14876489
Manufacturing,Female-owned,Business loan/investment from family/friends,2127,4349653
Manufacturing,Female-owned,Investment by venture capitalist(s),142,442216
Manufacturing,Female-owned,Grants,288,73706
Manufacturing,Female-owned,Other source(s) of capital,1858,1972613
Manufacturing,Female-owned,Don't know,5172,30990035
Manufacturing,Female-owned,None needed,14826,11461536
Manufacturing,Female-owned,Total reporting,86741(r),96205450(r)
Manufacturing,Female-owned,Item not reported,1710(r),830322(r)
Manufacturing,Male-owned,All firms,358497,1116037617
Manufacturing,Male-owned,Personal/family savings of owner(s),149654,346517626
Manufacturing,Male-owned,Personal/family assets other than savings of owner(s),20896,70476648
Manufacturing,Male-owned,Personal/family home equity loan,12455,29225260
Manufacturing,Male-owned,Personal credit card(s) carrying balances,21914,17720788
Manufacturing,Male-owned,Business credit card(s) carrying balances,7376,7250168
Manufacturing,Male-owned,"Business loan from federal, state, or local government",1114,7659129
Manufacturing,Male-owned,Government-guaranteed business loan from a bank or financial institution,3901,14541416
Manufacturing,Male-owned,Business loan from a bank or financial institution,29489,167579383
Manufacturing,Male-owned,Business loan/investment from family/friends,9078,36683432
Manufacturing,Male-owned,Investment by venture capitalist(s),1794,16409255
Manufacturing,Male-owned,Grants,716,2579132
Manufacturing,Male-owned,Other source(s) of capital,6964,38852603
Manufacturing,Male-owned,Don't know,25917,229225044
Manufacturing,Male-owned,None needed,29585,37352621
Manufacturing,Male-owned,Total reporting,237891(r),735894251(r)
Manufacturing,Male-owned,Item not reported,4508(r),9032183(r)
Manufacturing,Equally male-/female-owned,All firms,75378,91167120
Manufacturing,Equally male-/female-owned,Personal/family savings of owner(s),42357,36393776
Manufacturing,Equally male-/female-owned,Personal/family assets other than savings of owner(s),6532,11337527
Manufacturing,Equally male-/female-owned,Personal/family home equity loan,5604,4585561
Manufacturing,Equally male-/female-owned,Personal credit card(s) carrying balances,5986,3404067
Manufacturing,Equally male-/female-owned,Business credit card(s) carrying balances,2368,1190066
Manufacturing,Equally male-/female-owned,"Business loan from federal, state, or local government",306,582947
Manufacturing,Equally male-/female-owned,Government-guaranteed business loan from a bank or financial institution,1141,2343688
Manufacturing,Equally male-/female-owned,Business loan from a bank or financial institution,8270,16778980
Manufacturing,Equally male-/female-owned,Business loan/investment from family/friends,3178,3430980
Manufacturing,Equally male-/female-owned,Investment by venture capitalist(s),255,168226
Manufacturing,Equally male-/female-owned,Grants,179,S
Manufacturing,Equally male-/female-owned,Other source(s) of capital,1703,2539350
Manufacturing,Equally male-/female-owned,Don't know,2949,11101339
Manufacturing,Equally male-/female-owned,None needed,3962,4649413
Manufacturing,Equally male-/female-owned,Total reporting,59346(r),61816819(r)
Manufacturing,Equally male-/female-owned,Item not reported,270(r),S
Manufacturing,Hispanic,All firms,51380,25268995
Manufacturing,Hispanic,Personal/family savings of owner(s),14016,8842366
Manufacturing,Hispanic,Personal/family assets other than savings of owner(s),1315,1828595
Manufacturing,Hispanic,Personal/family home equity loan,1174,787293
Manufacturing,Hispanic,Personal credit card(s) carrying balances,2365,998385
Manufacturing,Hispanic,Business credit card(s) carrying balances,499,301430
Manufacturing,Hispanic,"Business loan from federal, state, or local government",16,S
Manufacturing,Hispanic,Government-guaranteed business loan from a bank or financial institution,144,191582
Manufacturing,Hispanic,Business loan from a bank or financial institution,1097,2153449
Manufacturing,Hispanic,Business loan/investment from family/friends,597,517039
Manufacturing,Hispanic,Investment by venture capitalist(s),12,497046
Manufacturing,Hispanic,Grants,90,S
Manufacturing,Hispanic,Other source(s) of capital,501,345741
Manufacturing,Hispanic,Don't know,1634,3944835
Manufacturing,Hispanic,None needed,3131,399474
Manufacturing,Hispanic,Total reporting,21113(r),15023667(r)
Manufacturing,Hispanic,Item not reported,721(r),257235(r)
Manufacturing,"Hispanic, female-owned",All firms,16984,5193723
Manufacturing,"Hispanic, female-owned",Personal/family savings of owner(s),3537,1788674
Manufacturing,"Hispanic, female-owned",Personal/family assets other than savings of owner(s),391,S
Manufacturing,"Hispanic, female-owned",Personal/family home equity loan,295,168313
Manufacturing,"Hispanic, female-owned",Personal credit card(s) carrying balances,426,97214
Manufacturing,"Hispanic, female-owned",Business credit card(s) carrying balances,141,38262
Manufacturing,"Hispanic, female-owned","Business loan from federal, state, or local government",0,0
Manufacturing,"Hispanic, female-owned",Government-guaranteed business loan from a bank or financial institution,48,S
Manufacturing,"Hispanic, female-owned",Business loan from a bank or financial institution,247,299707
Manufacturing,"Hispanic, female-owned",Business loan/investment from family/friends,222,58966
Manufacturing,"Hispanic, female-owned",Investment by venture capitalist(s),2,S
Manufacturing,"Hispanic, female-owned",Grants,78,S
Manufacturing,"Hispanic, female-owned",Other source(s) of capital,89,37035
Manufacturing,"Hispanic, female-owned",Don't know,387,S
Manufacturing,"Hispanic, female-owned",None needed,950,85211
Manufacturing,"Hispanic, female-owned",Total reporting,5584(r),2912378(r)
Manufacturing,"Hispanic, female-owned",Item not reported,160(r),S
Manufacturing,"Hispanic, male-owned",All firms,31080,18055136
Manufacturing,"Hispanic, male-owned",Personal/family savings of owner(s),8852,6273530
Manufacturing,"Hispanic, male-owned",Personal/family assets other than savings of owner(s),771,1128162
Manufacturing,"Hispanic, male-owned",Personal/family home equity loan,631,404900
Manufacturing,"Hispanic, male-owned",Personal credit card(s) carrying balances,1727,765743
Manufacturing,"Hispanic, male-owned",Business credit card(s) carrying balances,331,224602
Manufacturing,"Hispanic, male-owned","Business loan from federal, state, or local government",7,S
Manufacturing,"Hispanic, male-owned",Government-guaranteed business loan from a bank or financial institution,83,128689
Manufacturing,"Hispanic, male-owned",Business loan from a bank or financial institution,673,1571565
Manufacturing,"Hispanic, male-owned",Business loan/investment from family/friends,306,401591
Manufacturing,"Hispanic, male-owned",Investment by venture capitalist(s),8,416458
Manufacturing,"Hispanic, male-owned",Grants,10,S
Manufacturing,"Hispanic, male-owned",Other source(s) of capital,340,278196
Manufacturing,"Hispanic, male-owned",Don't know,1093,2513033
Manufacturing,"Hispanic, male-owned",None needed,2106,261240
Manufacturing,"Hispanic, male-owned",Total reporting,13425(r),10552495(r)
Manufacturing,"Hispanic, male-owned",Item not reported,543(r),249468(r)
Manufacturing,"Hispanic, equally male-/female-owned",All firms,3316,2020136
Manufacturing,"Hispanic, equally male-/female-owned",Personal/family savings of owner(s),1627,780162
Manufacturing,"Hispanic, equally male-/female-owned",Personal/family assets other than savings of owner(s),153,149453
Manufacturing,"Hispanic, equally male-/female-owned",Personal/family home equity loan,248,214079
Manufacturing,"Hispanic, equally male-/female-owned",Personal credit card(s) carrying balances,211,135428
Manufacturing,"Hispanic, equally male-/female-owned",Business credit card(s) carrying balances,27,S
Manufacturing,"Hispanic, equally male-/female-owned","Business loan from federal, state, or local government",10,S
Manufacturing,"Hispanic, equally male-/female-owned",Government-guaranteed business loan from a bank or financial institution,13,S
Manufacturing,"Hispanic, equally male-/female-owned",Business loan from a bank or financial institution,177,282177
Manufacturing,"Hispanic, equally male-/female-owned",Business loan/investment from family/friends,70,56481
Manufacturing,"Hispanic, equally male-/female-owned",Investment by venture capitalist(s),2,S
Manufacturing,"Hispanic, equally male-/female-owned",Grants,2,S
Manufacturing,"Hispanic, equally male-/female-owned",Other source(s) of capital,71,S
Manufacturing,"Hispanic, equally male-/female-owned",Don't know,154,S
Manufacturing,"Hispanic, equally male-/female-owned",None needed,74,S
Manufacturing,"Hispanic, equally male-/female-owned",Total reporting,2104(r),1558794(r)
Manufacturing,"Hispanic, equally male-/female-owned",Item not reported,18(r),S
Manufacturing,Equally Hispanic/non-Hispanic,All firms,3958,3186497
Manufacturing,Equally Hispanic/non-Hispanic,Personal/family savings of owner(s),1863,1636472
Manufacturing,Equally Hispanic/non-Hispanic,Personal/family assets other than savings of owner(s),366,331344
Manufacturing,Equally Hispanic/non-Hispanic,Personal/family home equity loan,294,303488
Manufacturing,Equally Hispanic/non-Hispanic,Personal credit card(s) carrying balances,430,168528
Manufacturing,Equally Hispanic/non-Hispanic,Business credit card(s) carrying balances,115,34857
Manufacturing,Equally Hispanic/non-Hispanic,"Business loan from federal, state, or local government",11,S
Manufacturing,Equally Hispanic/non-Hispanic,Government-guaranteed business loan from a bank or financial institution,90,S
Manufacturing,Equally Hispanic/non-Hispanic,Business loan from a bank or financial institution,492,660175
Manufacturing,Equally Hispanic/non-Hispanic,Business loan/investment from family/friends,75,32444
Manufacturing,Equally Hispanic/non-Hispanic,Investment by venture capitalist(s),6,2027
Manufacturing,Equally Hispanic/non-Hispanic,Grants,10,S
Manufacturing,Equally Hispanic/non-Hispanic,Other source(s) of capital,134,S
Manufacturing,Equally Hispanic/non-Hispanic,Don't know,185,384804
Manufacturing,Equally Hispanic/non-Hispanic,None needed,123,S
Manufacturing,Equally Hispanic/non-Hispanic,Total reporting,2743,2467884
Manufacturing,Equally Hispanic/non-Hispanic,Item not reported,22,S
Manufacturing,"Equally Hispanic/non-Hispanic, female-owned",All firms,407,123161
Manufacturing,"Equally Hispanic/non-Hispanic, female-owned",Personal/family savings of owner(s),102,S
Manufacturing,"Equally Hispanic/non-Hispanic, female-owned",Personal/family assets other than savings of owner(s),14,S
Manufacturing,"Equally Hispanic/non-Hispanic, female-owned",Personal/family home equity loan,0,0
Manufacturing,"Equally Hispanic/non-Hispanic, female-owned",Personal credit card(s) carrying balances,24,S
Manufacturing,"Equally Hispanic/non-Hispanic, female-owned",Business credit card(s) carrying balances,31,S
Manufacturing,"Equally Hispanic/non-Hispanic, female-owned","Business loan from federal, state, or local government",0,0
Manufacturing,"Equally Hispanic/non-Hispanic, female-owned",Government-guaranteed business loan from a bank or financial institution,15,S
Manufacturing,"Equally Hispanic/non-Hispanic, female-owned",Business loan from a bank or financial institution,31,S
Manufacturing,"Equally Hispanic/non-Hispanic, female-owned",Business loan/investment from family/friends,12,S
Manufacturing,"Equally Hispanic/non-Hispanic, female-owned",Investment by venture capitalist(s),0,0
Manufacturing,"Equally Hispanic/non-Hispanic, female-owned",Grants,0,0
Manufacturing,"Equally Hispanic/non-Hispanic, female-owned",Other source(s) of capital,59,S
Manufacturing,"Equally Hispanic/non-Hispanic, female-owned",Don't know,2,S
Manufacturing,"Equally Hispanic/non-Hispanic, female-owned",None needed,0,0
Manufacturing,"Equally Hispanic/non-Hispanic, female-owned",Total reporting,163,S
Manufacturing,"Equally Hispanic/non-Hispanic, female-owned",Item not reported,0,0
Manufacturing,"Equally Hispanic/non-Hispanic, male-owned",All firms,814,1547689
Manufacturing,"Equally Hispanic/non-Hispanic, male-owned",Personal/family savings of owner(s),442,851808
Manufacturing,"Equally Hispanic/non-Hispanic, male-owned",Personal/family assets other than savings of owner(s),119,150220
Manufacturing,"Equally Hispanic/non-Hispanic, male-owned",Personal/family home equity loan,15,105373
Manufacturing,"Equally Hispanic/non-Hispanic, male-owned",Personal credit card(s) carrying balances,68,94081
Manufacturing,"Equally Hispanic/non-Hispanic, male-owned",Business credit card(s) carrying balances,29,22726
Manufacturing,"Equally Hispanic/non-Hispanic, male-owned","Business loan from federal, state, or local government",0,0
Manufacturing,"Equally Hispanic/non-Hispanic, male-owned",Government-guaranteed business loan from a bank or financial institution,5,S
Manufacturing,"Equally Hispanic/non-Hispanic, male-owned",Business loan from a bank or financial institution,119,77905
Manufacturing,"Equally Hispanic/non-Hispanic, male-owned",Business loan/investment from family/friends,23,S
Manufacturing,"Equally Hispanic/non-Hispanic, male-owned",Investment by venture capitalist(s),0,0
Manufacturing,"Equally Hispanic/non-Hispanic, male-owned",Grants,0,0
Manufacturing,"Equally Hispanic/non-Hispanic, male-owned",Other source(s) of capital,38,S
Manufacturing,"Equally Hispanic/non-Hispanic, male-owned",Don't know,56,S
Manufacturing,"Equally Hispanic/non-Hispanic, male-owned",None needed,6,S
Manufacturing,"Equally Hispanic/non-Hispanic, male-owned",Total reporting,561,1272175
Manufacturing,"Equally Hispanic/non-Hispanic, male-owned",Item not reported,8,S
Manufacturing,"Equally Hispanic/non-Hispanic, equally male-/female-owned",All firms,2738,1515648
Manufacturing,"Equally Hispanic/non-Hispanic, equally male-/female-owned",Personal/family savings of owner(s),1319,696434
Manufacturing,"Equally Hispanic/non-Hispanic, equally male-/female-owned",Personal/family assets other than savings of owner(s),233,97251
Manufacturing,"Equally Hispanic/non-Hispanic, equally male-/female-owned",Personal/family home equity loan,279,S
Manufacturing,"Equally Hispanic/non-Hispanic, equally male-/female-owned",Personal credit card(s) carrying balances,338,71416
Manufacturing,"Equally Hispanic/non-Hispanic, equally male-/female-owned",Business credit card(s) carrying balances,56,7880
Manufacturing,"Equally Hispanic/non-Hispanic, equally male-/female-owned","Business loan from federal, state, or local government",11,S
Manufacturing,"Equally Hispanic/non-Hispanic, equally male-/female-owned",Government-guaranteed business loan from a bank or financial institution,69,S
Manufacturing,"Equally Hispanic/non-Hispanic, equally male-/female-owned",Business loan from a bank or financial institution,342,578020
Manufacturing,"Equally Hispanic/non-Hispanic, equally male-/female-owned",Business loan/investment from family/friends,40,22457
Manufacturing,"Equally Hispanic/non-Hispanic, equally male-/female-owned",Investment by venture capitalist(s),6,2027
Manufacturing,"Equally Hispanic/non-Hispanic, equally male-/female-owned",Grants,10,S
Manufacturing,"Equally Hispanic/non-Hispanic, equally male-/female-owned",Other source(s) of capital,37,S
Manufacturing,"Equally Hispanic/non-Hispanic, equally male-/female-owned",Don't know,127,19504
Manufacturing,"Equally Hispanic/non-Hispanic, equally male-/female-owned",None needed,117,S
Manufacturing,"Equally Hispanic/non-Hispanic, equally male-/female-owned",Total reporting,2019,1094534
Manufacturing,"Equally Hispanic/non-Hispanic, equally male-/female-owned",Item not reported,14,S
Manufacturing,Non-Hispanic,All firms,517979,1302733228
Manufacturing,Non-Hispanic,Personal/family savings of owner(s),232681,415011607
Manufacturing,Non-Hispanic,Personal/family assets other than savings of owner(s),32669,88531530
Manufacturing,Non-Hispanic,Personal/family home equity loan,20900,38747725
Manufacturing,Non-Hispanic,Personal credit card(s) carrying balances,34141,23107090
Manufacturing,Non-Hispanic,Business credit card(s) carrying balances,12569,9210680
Manufacturing,Non-Hispanic,"Business loan from federal, state, or local government",1715,8779820
Manufacturing,Non-Hispanic,Government-guaranteed business loan from a bank or financial institution,5715,18192494
Manufacturing,Non-Hispanic,Business loan from a bank or financial institution,42742,196421228
Manufacturing,Non-Hispanic,Business loan/investment from family/friends,13710,43914582
Manufacturing,Non-Hispanic,Investment by venture capitalist(s),2172,16520623
Manufacturing,Non-Hispanic,Grants,1083,2759659
Manufacturing,Non-Hispanic,Other source(s) of capital,9890,42795594
Manufacturing,Non-Hispanic,Don't know,32219,266986780
Manufacturing,Non-Hispanic,None needed,45119,52921301
Manufacturing,Non-Hispanic,Total reporting,360121(r),876424969(r)
Manufacturing,Non-Hispanic,Item not reported,5744(r),9687892(r)
Manufacturing,"Non-Hispanic, female-owned",All firms,122052,118667100
Manufacturing,"Non-Hispanic, female-owned",Personal/family savings of owner(s),52909,40702138
Manufacturing,"Non-Hispanic, female-owned",Personal/family assets other than savings of owner(s),6516,8242441
Manufacturing,"Non-Hispanic, female-owned",Personal/family home equity loan,4014,5859371
Manufacturing,"Non-Hispanic, female-owned",Personal credit card(s) carrying balances,8585,3048903
Manufacturing,"Non-Hispanic, female-owned",Business credit card(s) carrying balances,3267,1064221
Manufacturing,"Non-Hispanic, female-owned","Business loan from federal, state, or local government",323,641943
Manufacturing,"Non-Hispanic, female-owned",Government-guaranteed business loan from a bank or financial institution,843,1510405
Manufacturing,"Non-Hispanic, female-owned",Business loan from a bank or financial institution,6293,14572531
Manufacturing,"Non-Hispanic, female-owned",Business loan/investment from family/friends,1893,4287668
Manufacturing,"Non-Hispanic, female-owned",Investment by venture capitalist(s),140,362205
Manufacturing,"Non-Hispanic, female-owned",Grants,210,71382
Manufacturing,"Non-Hispanic, female-owned",Other source(s) of capital,1710,1935403
Manufacturing,"Non-Hispanic, female-owned",Don't know,4784,30068289
Manufacturing,"Non-Hispanic, female-owned",None needed,13876,11376325
Manufacturing,"Non-Hispanic, female-owned",Total reporting,80994(r),93191897(r)
Manufacturing,"Non-Hispanic, female-owned",Item not reported,1550(r),823632(r)
Manufacturing,"Non-Hispanic, male-owned",All firms,326603,1096434792
Manufacturing,"Non-Hispanic, male-owned",Personal/family savings of owner(s),140361,339392288
Manufacturing,"Non-Hispanic, male-owned",Personal/family assets other than savings of owner(s),20007,69198266
Manufacturing,"Non-Hispanic, male-owned",Personal/family home equity loan,11809,28714987
Manufacturing,"Non-Hispanic, male-owned",Personal credit card(s) carrying balances,20118,16860965
Manufacturing,"Non-Hispanic, male-owned",Business credit card(s) carrying balances,7016,7002840
Manufacturing,"Non-Hispanic, male-owned","Business loan from federal, state, or local government",1107,7654449
Manufacturing,"Non-Hispanic, male-owned",Government-guaranteed business loan from a bank or financial institution,3813,14410854
Manufacturing,"Non-Hispanic, male-owned",Business loan from a bank or financial institution,28697,165929913
Manufacturing,"Non-Hispanic, male-owned",Business loan/investment from family/friends,8749,36274872
Manufacturing,"Non-Hispanic, male-owned",Investment by venture capitalist(s),1786,15992797
Manufacturing,"Non-Hispanic, male-owned",Grants,706,2565967
Manufacturing,"Non-Hispanic, male-owned",Other source(s) of capital,6586,38374271
Manufacturing,"Non-Hispanic, male-owned",Don't know,24767,226359480
Manufacturing,"Non-Hispanic, male-owned",None needed,27473,37090221
Manufacturing,"Non-Hispanic, male-owned",Total reporting,223905(r),724069581(r)
Manufacturing,"Non-Hispanic, male-owned",Item not reported,3956(r),8781304(r)
Manufacturing,"Non-Hispanic, equally male-/female-owned",All firms,69324,87631336
Manufacturing,"Non-Hispanic, equally male-/female-owned",Personal/family savings of owner(s),39411,34917181
Manufacturing,"Non-Hispanic, equally male-/female-owned",Personal/family assets other than savings of owner(s),6146,11090823
Manufacturing,"Non-Hispanic, equally male-/female-owned",Personal/family home equity loan,5076,4173367
Manufacturing,"Non-Hispanic, equally male-/female-owned",Personal credit card(s) carrying balances,5438,3197223
Manufacturing,"Non-Hispanic, equally male-/female-owned",Business credit card(s) carrying balances,2285,1143620
Manufacturing,"Non-Hispanic, equally male-/female-owned","Business loan from federal, state, or local government",285,483429
Manufacturing,"Non-Hispanic, equally male-/female-owned",Government-guaranteed business loan from a bank or financial institution,1059,2271235
Manufacturing,"Non-Hispanic, equally male-/female-owned",Business loan from a bank or financial institution,7751,15918784
Manufacturing,"Non-Hispanic, equally male-/female-owned",Business loan/investment from family/friends,3068,3352042
Manufacturing,"Non-Hispanic, equally male-/female-owned",Investment by venture capitalist(s),247,165621
Manufacturing,"Non-Hispanic, equally male-/female-owned",Grants,166,S
Manufacturing,"Non-Hispanic, equally male-/female-owned",Other source(s) of capital,1595,2485921
Manufacturing,"Non-Hispanic, equally male-/female-owned",Don't know,2668,10559011
Manufacturing,"Non-Hispanic, equally male-/female-owned",None needed,3770,4454755
Manufacturing,"Non-Hispanic, equally male-/female-owned",Total reporting,55223(r),59163492(r)
Manufacturing,"Non-Hispanic, equally male-/female-owned",Item not reported,238(r),S
Manufacturing,White,All firms,502932,1271112392
Manufacturing,White,Personal/family savings of owner(s),226405,400077908
Manufacturing,White,Personal/family assets other than savings of owner(s),31817,87748785
Manufacturing,White,Personal/family home equity loan,20766,37409217
Manufacturing,White,Personal credit card(s) carrying balances,33530,22922028
Manufacturing,White,Business credit card(s) carrying balances,12131,9176227
Manufacturing,White,"Business loan from federal, state, or local government",1574,8425880
Manufacturing,White,Government-guaranteed business loan from a bank or financial institution,5541,17670585
Manufacturing,White,Business loan from a bank or financial institution,42248,189454397
Manufacturing,White,Business loan/investment from family/friends,13542,43161603
Manufacturing,White,Investment by venture capitalist(s),2025,16723502
Manufacturing,White,Grants,1084,2694984
Manufacturing,White,Other source(s) of capital,9586,42307109
Manufacturing,White,Don't know,31228,260756542
Manufacturing,White,None needed,44441,52452416
Manufacturing,White,Total reporting,351950(r),852757223(r)
Manufacturing,White,Item not reported,5673(r),9739292(r)
Manufacturing,"White, female-owned",All firms,113004,117621227
Manufacturing,"White, female-owned",Personal/family savings of owner(s),50106,40406557
Manufacturing,"White, female-owned",Personal/family assets other than savings of owner(s),6377,8275606
Manufacturing,"White, female-owned",Personal/family home equity loan,3996,5888001
Manufacturing,"White, female-owned",Personal credit card(s) carrying balances,8121,3017075
Manufacturing,"White, female-owned",Business credit card(s) carrying balances,3098,1047499
Manufacturing,"White, female-owned","Business loan from federal, state, or local government",293,628025
Manufacturing,"White, female-owned",Government-guaranteed business loan from a bank or financial institution,855,1513026
Manufacturing,"White, female-owned",Business loan from a bank or financial institution,6267,14407848
Manufacturing,"White, female-owned",Business loan/investment from family/friends,1981,4216080
Manufacturing,"White, female-owned",Investment by venture capitalist(s),138,441188
Manufacturing,"White, female-owned",Grants,275,47796
Manufacturing,"White, female-owned",Other source(s) of capital,1635,1912777
Manufacturing,"White, female-owned",Don't know,4430,30205908
Manufacturing,"White, female-owned",None needed,13029,11365208
Manufacturing,"White, female-owned",Total reporting,77018(r),92919679(r)
Manufacturing,"White, female-owned",Item not reported,1337(r),811011(r)
Manufacturing,"White, male-owned",All firms,321494,1068091315
Manufacturing,"White, male-owned",Personal/family savings of owner(s),137623,325908022
Manufacturing,"White, male-owned",Personal/family assets other than savings of owner(s),19475,68327935
Manufacturing,"White, male-owned",Personal/family home equity loan,11576,27443097
Manufacturing,"White, male-owned",Personal credit card(s) carrying balances,20113,16720774
Manufacturing,"White, male-owned",Business credit card(s) carrying balances,6828,7024384
Manufacturing,"White, male-owned","Business loan from federal, state, or local government",1008,7282377
Manufacturing,"White, male-owned",Government-guaranteed business loan from a bank or financial institution,3636,13907203
Manufacturing,"White, male-owned",Business loan from a bank or financial institution,28286,158850825
Manufacturing,"White, male-owned",Business loan/investment from family/friends,8605,35689123
Manufacturing,"White, male-owned",Investment by venture capitalist(s),1698,16116936
Manufacturing,"White, male-owned",Grants,652,2530170
Manufacturing,"White, male-owned",Other source(s) of capital,6424,37883554
Manufacturing,"White, male-owned",Don't know,24107,220176688
Manufacturing,"White, male-owned",None needed,27621,36490875
Manufacturing,"White, male-owned",Total reporting,220435(r),701861732(r)
Manufacturing,"White, male-owned",Item not reported,4125(r),8862795(r)
Manufacturing,"White, equally male-/female-owned",All firms,68434,85399850
Manufacturing,"White, equally male-/female-owned",Personal/family savings of owner(s),38675,33763328
Manufacturing,"White, equally male-/female-owned",Personal/family assets other than savings of owner(s),5966,11145244
Manufacturing,"White, equally male-/female-owned",Personal/family home equity loan,5194,4078119
Manufacturing,"White, equally male-/female-owned",Personal credit card(s) carrying balances,5296,3184179
Manufacturing,"White, equally male-/female-owned",Business credit card(s) carrying balances,2205,1104345
Manufacturing,"White, equally male-/female-owned","Business loan from federal, state, or local government",273,515479
Manufacturing,"White, equally male-/female-owned",Government-guaranteed business loan from a bank or financial institution,1050,2250356
Manufacturing,"White, equally male-/female-owned",Business loan from a bank or financial institution,7695,16195724
Manufacturing,"White, equally male-/female-owned",Business loan/investment from family/friends,2957,3256400
Manufacturing,"White, equally male-/female-owned",Investment by venture capitalist(s),189,165378
Manufacturing,"White, equally male-/female-owned",Grants,156,S
Manufacturing,"White, equally male-/female-owned",Other source(s) of capital,1528,2510778
Manufacturing,"White, equally male-/female-owned",Don't know,2691,10373946
Manufacturing,"White, equally male-/female-owned",None needed,3791,4596332
Manufacturing,"White, equally male-/female-owned",Total reporting,54497(r),57975812(r)
Manufacturing,"White, equally male-/female-owned",Item not reported,211(r),S
Manufacturing,Black or African American,All firms,22649,8217087
Manufacturing,Black or African American,Personal/family savings of owner(s),5147,5058238
Manufacturing,Black or African American,Personal/family assets other than savings of owner(s),610,170991
Manufacturing,Black or African American,Personal/family home equity loan,278,36293
Manufacturing,Black or African American,Personal credit card(s) carrying balances,972,112790
Manufacturing,Black or African American,Business credit card(s) carrying balances,262,S
Manufacturing,Black or African American,"Business loan from federal, state, or local government",2,S
Manufacturing,Black or African American,Government-guaranteed business loan from a bank or financial institution,68,45199
Manufacturing,Black or African American,Business loan from a bank or financial institution,451,4453495
Manufacturing,Black or African American,Business loan/investment from family/friends,84,39151
Manufacturing,Black or African American,Investment by venture capitalist(s),24,S
Manufacturing,Black or African American,Grants,31,S
Manufacturing,Black or African American,Other source(s) of capital,297,S
Manufacturing,Black or African American,Don't know,575,1202399
Manufacturing,Black or African American,None needed,1409,44243
Manufacturing,Black or African American,Total reporting,7849(r),6691892(r)
Manufacturing,Black or African American,Item not reported,361(r),S
Manufacturing,"Black or African American, female-owned",All firms,11637,605126
Manufacturing,"Black or African American, female-owned",Personal/family savings of owner(s),2398,76462
Manufacturing,"Black or African American, female-owned",Personal/family assets other than savings of owner(s),147,9917
Manufacturing,"Black or African American, female-owned",Personal/family home equity loan,108,10306
Manufacturing,"Black or African American, female-owned",Personal credit card(s) carrying balances,462,16525
Manufacturing,"Black or African American, female-owned",Business credit card(s) carrying balances,115,3817
Manufacturing,"Black or African American, female-owned","Business loan from federal, state, or local government",0,0
Manufacturing,"Black or African American, female-owned",Government-guaranteed business loan from a bank or financial institution,6,S
Manufacturing,"Black or African American, female-owned",Business loan from a bank or financial institution,65,S
Manufacturing,"Black or African American, female-owned",Business loan/investment from family/friends,22,S
Manufacturing,"Black or African American, female-owned",Investment by venture capitalist(s),0,0
Manufacturing,"Black or African American, female-owned",Grants,14,S
Manufacturing,"Black or African American, female-owned",Other source(s) of capital,155,5029
Manufacturing,"Black or African American, female-owned",Don't know,185,S
Manufacturing,"Black or African American, female-owned",None needed,749,9566
Manufacturing,"Black or African American, female-owned",Total reporting,3559(r),S
Manufacturing,"Black or African American, female-owned",Item not reported,189(r),1143(r)
Manufacturing,"Black or African American, male-owned",All firms,10312,7353382
Manufacturing,"Black or African American, male-owned",Personal/family savings of owner(s),2174,4878953
Manufacturing,"Black or African American, male-owned",Personal/family assets other than savings of owner(s),335,132010
Manufacturing,"Black or African American, male-owned",Personal/family home equity loan,128,10869
Manufacturing,"Black or African American, male-owned",Personal credit card(s) carrying balances,404,83624
Manufacturing,"Black or African American, male-owned",Business credit card(s) carrying balances,138,S
Manufacturing,"Black or African American, male-owned","Business loan from federal, state, or local government",2,S
Manufacturing,"Black or African American, male-owned",Government-guaranteed business loan from a bank or financial institution,57,30180
Manufacturing,"Black or African American, male-owned",Business loan from a bank or financial institution,219,4391595
Manufacturing,"Black or African American, male-owned",Business loan/investment from family/friends,63,35432
Manufacturing,"Black or African American, male-owned",Investment by venture capitalist(s),20,S
Manufacturing,"Black or African American, male-owned",Grants,17,S
Manufacturing,"Black or African American, male-owned",Other source(s) of capital,122,S
Manufacturing,"Black or African American, male-owned",Don't know,324,801315
Manufacturing,"Black or African American, male-owned",None needed,639,S
Manufacturing,"Black or African American, male-owned",Total reporting,3499(r),6078975(r)
Manufacturing,"Black or African American, male-owned",Item not reported,159(r),S
Manufacturing,"Black or African American, equally male-/female-owned",All firms,700,S
Manufacturing,"Black or African American, equally male-/female-owned",Personal/family savings of owner(s),575,S
Manufacturing,"Black or African American, equally male-/female-owned",Personal/family assets other than savings of owner(s),128,S
Manufacturing,"Black or African American, equally male-/female-owned",Personal/family home equity loan,42,S
Manufacturing,"Black or African American, equally male-/female-owned",Personal credit card(s) carrying balances,107,S
Manufacturing,"Black or African American, equally male-/female-owned",Business credit card(s) carrying balances,9,S
Manufacturing,"Black or African American, equally male-/female-owned","Business loan from federal, state, or local government",0,S
Manufacturing,"Black or African American, equally male-/female-owned",Government-guaranteed business loan from a bank or financial institution,5,S
Manufacturing,"Black or African American, equally male-/female-owned",Business loan from a bank or financial institution,167,S
Manufacturing,"Black or African American, equally male-/female-owned",Business loan/investment from family/friends,0,S
Manufacturing,"Black or African American, equally male-/female-owned",Investment by venture capitalist(s),5,S
Manufacturing,"Black or African American, equally male-/female-owned",Grants,0,S
Manufacturing,"Black or African American, equally male-/female-owned",Other source(s) of capital,20,S
Manufacturing,"Black or African American, equally male-/female-owned",Don't know,67,S
Manufacturing,"Black or African American, equally male-/female-owned",None needed,21,S
Manufacturing,"Black or African American, equally male-/female-owned",Total reporting,791,S
Manufacturing,"Black or African American, equally male-/female-owned",Item not reported,13,S
Manufacturing,American Indian and Alaska Native,All firms,5991,2513368
Manufacturing,American Indian and Alaska Native,Personal/family savings of owner(s),2362,827218
Manufacturing,American Indian and Alaska Native,Personal/family assets other than savings of owner(s),477,304503
Manufacturing,American Indian and Alaska Native,Personal/family home equity loan,117,68909
Manufacturing,American Indian and Alaska Native,Personal credit card(s) carrying balances,407,104339
Manufacturing,American Indian and Alaska Native,Business credit card(s) carrying balances,119,S
Manufacturing,American Indian and Alaska Native,"Business loan from federal, state, or local government",62,S
Manufacturing,American Indian and Alaska Native,Government-guaranteed business loan from a bank or financial institution,38,93089
Manufacturing,American Indian and Alaska Native,Business loan from a bank or financial institution,168,261317
Manufacturing,American Indian and Alaska Native,Business loan/investment from family/friends,150,156415
Manufacturing,American Indian and Alaska Native,Investment by venture capitalist(s),16,S
Manufacturing,American Indian and Alaska Native,Grants,29,S
Manufacturing,American Indian and Alaska Native,Other source(s) of capital,103,86944
Manufacturing,American Indian and Alaska Native,Don't know,118,257768
Manufacturing,American Indian and Alaska Native,None needed,366,40223
Manufacturing,American Indian and Alaska Native,Total reporting,3161(r),1336874(r)
Manufacturing,American Indian and Alaska Native,Item not reported,111(r),4434(r)
Manufacturing,"American Indian and Alaska Native, female-owned",All firms,2756,559631
Manufacturing,"American Indian and Alaska Native, female-owned",Personal/family savings of owner(s),712,93703
Manufacturing,"American Indian and Alaska Native, female-owned",Personal/family assets other than savings of owner(s),118,S
Manufacturing,"American Indian and Alaska Native, female-owned",Personal/family home equity loan,42,30845
Manufacturing,"American Indian and Alaska Native, female-owned",Personal credit card(s) carrying balances,180,26712
Manufacturing,"American Indian and Alaska Native, female-owned",Business credit card(s) carrying balances,85,S
Manufacturing,"American Indian and Alaska Native, female-owned","Business loan from federal, state, or local government",8,S
Manufacturing,"American Indian and Alaska Native, female-owned",Government-guaranteed business loan from a bank or financial institution,8,S
Manufacturing,"American Indian and Alaska Native, female-owned",Business loan from a bank or financial institution,51,61771
Manufacturing,"American Indian and Alaska Native, female-owned",Business loan/investment from family/friends,42,S
Manufacturing,"American Indian and Alaska Native, female-owned",Investment by venture capitalist(s),14,S
Manufacturing,"American Indian and Alaska Native, female-owned",Grants,2,S
Manufacturing,"American Indian and Alaska Native, female-owned",Other source(s) of capital,25,S
Manufacturing,"American Indian and Alaska Native, female-owned",Don't know,54,S
Manufacturing,"American Indian and Alaska Native, female-owned",None needed,155,S
Manufacturing,"American Indian and Alaska Native, female-owned",Total reporting,1038(r),231328(r)
Manufacturing,"American Indian and Alaska Native, female-owned",Item not reported,44(r),831(r)
Manufacturing,"American Indian and Alaska Native, male-owned",All firms,3074,1907098
Manufacturing,"American Indian and Alaska Native, male-owned",Personal/family savings of owner(s),1571,727380
Manufacturing,"American Indian and Alaska Native, male-owned",Personal/family assets other than savings of owner(s),351,275480
Manufacturing,"American Indian and Alaska Native, male-owned",Personal/family home equity loan,70,37997
Manufacturing,"American Indian and Alaska Native, male-owned",Personal credit card(s) carrying balances,202,S
Manufacturing,"American Indian and Alaska Native, male-owned",Business credit card(s) carrying balances,34,2621
Manufacturing,"American Indian and Alaska Native, male-owned","Business loan from federal, state, or local government",54,S
Manufacturing,"American Indian and Alaska Native, male-owned",Government-guaranteed business loan from a bank or financial institution,30,S
Manufacturing,"American Indian and Alaska Native, male-owned",Business loan from a bank or financial institution,104,184209
Manufacturing,"American Indian and Alaska Native, male-owned",Business loan/investment from family/friends,102,101042
Manufacturing,"American Indian and Alaska Native, male-owned",Investment by venture capitalist(s),2,S
Manufacturing,"American Indian and Alaska Native, male-owned",Grants,27,S
Manufacturing,"American Indian and Alaska Native, male-owned",Other source(s) of capital,76,84164
Manufacturing,"American Indian and Alaska Native, male-owned",Don't know,64,214771
Manufacturing,"American Indian and Alaska Native, male-owned",None needed,209,36776
Manufacturing,"American Indian and Alaska Native, male-owned",Total reporting,2028(r),1084905(r)
Manufacturing,"American Indian and Alaska Native, male-owned",Item not reported,45(r),3493(r)
Manufacturing,"American Indian and Alaska Native, equally male-/female-owned",All firms,161,46640
Manufacturing,"American Indian and Alaska Native, equally male-/female-owned",Personal/family savings of owner(s),79,6135
Manufacturing,"American Indian and Alaska Native, equally male-/female-owned",Personal/family assets other than savings of owner(s),8,S
Manufacturing,"American Indian and Alaska Native, equally male-/female-owned",Personal/family home equity loan,4,68
Manufacturing,"American Indian and Alaska Native, equally male-/female-owned",Personal credit card(s) carrying balances,25,S
Manufacturing,"American Indian and Alaska Native, equally male-/female-owned",Business credit card(s) carrying balances,0,0
Manufacturing,"American Indian and Alaska Native, equally male-/female-owned","Business loan from federal, state, or local government",0,0
Manufacturing,"American Indian and Alaska Native, equally male-/female-owned",Government-guaranteed business loan from a bank or financial institution,0,0
Manufacturing,"American Indian and Alaska Native, equally male-/female-owned",Business loan from a bank or financial institution,14,S
Manufacturing,"American Indian and Alaska Native, equally male-/female-owned",Business loan/investment from family/friends,6,S
Manufacturing,"American Indian and Alaska Native, equally male-/female-owned",Investment by venture capitalist(s),0,0
Manufacturing,"American Indian and Alaska Native, equally male-/female-owned",Grants,0,0
Manufacturing,"American Indian and Alaska Native, equally male-/female-owned",Other source(s) of capital,2,S
Manufacturing,"American Indian and Alaska Native, equally male-/female-owned",Don't know,0,0
Manufacturing,"American Indian and Alaska Native, equally male-/female-owned",None needed,2,S
Manufacturing,"American Indian and Alaska Native, equally male-/female-owned",Total reporting,95,S
Manufacturing,"American Indian and Alaska Native, equally male-/female-owned",Item not reported,22,S
Manufacturing,Asian,All firms,27590,42595873
Manufacturing,Asian,Personal/family savings of owner(s),11464,17331157
Manufacturing,Asian,Personal/family assets other than savings of owner(s),1288,1966865
Manufacturing,Asian,Personal/family home equity loan,816,2137473
Manufacturing,Asian,Personal credit card(s) carrying balances,1584,953485
Manufacturing,Asian,Business credit card(s) carrying balances,644,292587
Manufacturing,Asian,"Business loan from federal, state, or local government",149,416231
Manufacturing,Asian,Government-guaranteed business loan from a bank or financial institution,297,648161
Manufacturing,Asian,Business loan from a bank or financial institution,1161,4823544
Manufacturing,Asian,Business loan/investment from family/friends,575,1093675
Manufacturing,Asian,Investment by venture capitalist(s),78,S
Manufacturing,Asian,Grants,76,61799
Manufacturing,Asian,Other source(s) of capital,517,847553
Manufacturing,Asian,Don't know,1580,7790404
Manufacturing,Asian,None needed,1755,843802
Manufacturing,Asian,Total reporting,16320(r),29326916(r)
Manufacturing,Asian,Item not reported,240(r),158678(r)
Manufacturing,"Asian, female-owned",All firms,8822,4200042
Manufacturing,"Asian, female-owned",Personal/family savings of owner(s),3391,1517636
Manufacturing,"Asian, female-owned",Personal/family assets other than savings of owner(s),326,218453
Manufacturing,"Asian, female-owned",Personal/family home equity loan,157,162474
Manufacturing,"Asian, female-owned",Personal credit card(s) carrying balances,503,124233
Manufacturing,"Asian, female-owned",Business credit card(s) carrying balances,167,51318
Manufacturing,"Asian, female-owned","Business loan from federal, state, or local government",31,S
Manufacturing,"Asian, female-owned",Government-guaranteed business loan from a bank or financial institution,37,94951
Manufacturing,"Asian, female-owned",Business loan from a bank or financial institution,188,540312
Manufacturing,"Asian, female-owned",Business loan/investment from family/friends,63,61912
Manufacturing,"Asian, female-owned",Investment by venture capitalist(s),0,0
Manufacturing,"Asian, female-owned",Grants,7,S
Manufacturing,"Asian, female-owned",Other source(s) of capital,75,49330
Manufacturing,"Asian, female-owned",Don't know,434,269392
Manufacturing,"Asian, female-owned",None needed,911,79268
Manufacturing,"Asian, female-owned",Total reporting,5106(r),2016000(r)
Manufacturing,"Asian, female-owned",Item not reported,119(r),2084(r)
Manufacturing,"Asian, male-owned",All firms,16140,34510657
Manufacturing,"Asian, male-owned",Personal/family savings of owner(s),6645,13995205
Manufacturing,"Asian, male-owned",Personal/family assets other than savings of owner(s),755,1631940
Manufacturing,"Asian, male-owned",Personal/family home equity loan,509,1535469
Manufacturing,"Asian, male-owned",Personal credit card(s) carrying balances,864,729106
Manufacturing,"Asian, male-owned",Business credit card(s) carrying balances,415,166083
Manufacturing,"Asian, male-owned","Business loan from federal, state, or local government",104,S
Manufacturing,"Asian, male-owned",Government-guaranteed business loan from a bank or financial institution,233,506036
Manufacturing,"Asian, male-owned",Business loan from a bank or financial institution,763,3950468
Manufacturing,"Asian, male-owned",Business loan/investment from family/friends,386,869123
Manufacturing,"Asian, male-owned",Investment by venture capitalist(s),78,S
Manufacturing,"Asian, male-owned",Grants,50,31071
Manufacturing,"Asian, male-owned",Other source(s) of capital,373,791895
Manufacturing,"Asian, male-owned",Don't know,1061,7300357
Manufacturing,"Asian, male-owned",None needed,792,761809
Manufacturing,"Asian, male-owned",Total reporting,9480(r),25014696(r)
Manufacturing,"Asian, male-owned",Item not reported,114(r),140210(r)
Manufacturing,"Asian, equally male-/female-owned",All firms,2629,3885174
Manufacturing,"Asian, equally male-/female-owned",Personal/family savings of owner(s),1428,1818316
Manufacturing,"Asian, equally male-/female-owned",Personal/family assets other than savings of owner(s),207,116472
Manufacturing,"Asian, equally male-/female-owned",Personal/family home equity loan,150,S
Manufacturing,"Asian, equally male-/female-owned",Personal credit card(s) carrying balances,217,S
Manufacturing,"Asian, equally male-/female-owned",Business credit card(s) carrying balances,62,S
Manufacturing,"Asian, equally male-/female-owned","Business loan from federal, state, or local government",14,S
Manufacturing,"Asian, equally male-/female-owned",Government-guaranteed business loan from a bank or financial institution,27,S
Manufacturing,"Asian, equally male-/female-owned",Business loan from a bank or financial institution,210,332764
Manufacturing,"Asian, equally male-/female-owned",Business loan/investment from family/friends,126,S
Manufacturing,"Asian, equally male-/female-owned",Investment by venture capitalist(s),0,0
Manufacturing,"Asian, equally male-/female-owned",Grants,19,S
Manufacturing,"Asian, equally male-/female-owned",Other source(s) of capital,69,6329
Manufacturing,"Asian, equally male-/female-owned",Don't know,86,220655
Manufacturing,"Asian, equally male-/female-owned",None needed,52,2726
Manufacturing,"Asian, equally male-/female-owned",Total reporting,1734,2296220
Manufacturing,"Asian, equally male-/female-owned",Item not reported,8,S
Manufacturing,Native Hawaiian and Other Pacific Islander,All firms,962,535431
Manufacturing,Native Hawaiian and Other Pacific Islander,Personal/family savings of owner(s),362,164339
Manufacturing,Native Hawaiian and Other Pacific Islander,Personal/family assets other than savings of owner(s),55,28616
Manufacturing,Native Hawaiian and Other Pacific Islander,Personal/family home equity loan,15,S
Manufacturing,Native Hawaiian and Other Pacific Islander,Personal credit card(s) carrying balances,66,S
Manufacturing,Native Hawaiian and Other Pacific Islander,Business credit card(s) carrying balances,16,889
Manufacturing,Native Hawaiian and Other Pacific Islander,"Business loan from federal, state, or local government",4,S
Manufacturing,Native Hawaiian and Other Pacific Islander,Government-guaranteed business loan from a bank or financial institution,4,S
Manufacturing,Native Hawaiian and Other Pacific Islander,Business loan from a bank or financial institution,8,765
Manufacturing,Native Hawaiian and Other Pacific Islander,Business loan/investment from family/friends,7,S
Manufacturing,Native Hawaiian and Other Pacific Islander,Investment by venture capitalist(s),2,S
Manufacturing,Native Hawaiian and Other Pacific Islander,Grants,0,0
Manufacturing,Native Hawaiian and Other Pacific Islander,Other source(s) of capital,6,S
Manufacturing,Native Hawaiian and Other Pacific Islander,Don't know,12,S
Manufacturing,Native Hawaiian and Other Pacific Islander,None needed,53,1208
Manufacturing,Native Hawaiian and Other Pacific Islander,Total reporting,476(r),295070(r)
Manufacturing,Native Hawaiian and Other Pacific Islander,Item not reported,6(r),S
Manufacturing,"Native Hawaiian and Other Pacific Islander, female-owned",All firms,292,43845
Manufacturing,"Native Hawaiian and Other Pacific Islander, female-owned",Personal/family savings of owner(s),103,S
Manufacturing,"Native Hawaiian and Other Pacific Islander, female-owned",Personal/family assets other than savings of owner(s),19,S
Manufacturing,"Native Hawaiian and Other Pacific Islander, female-owned",Personal/family home equity loan,0,0
Manufacturing,"Native Hawaiian and Other Pacific Islander, female-owned",Personal credit card(s) carrying balances,32,S
Manufacturing,"Native Hawaiian and Other Pacific Islander, female-owned",Business credit card(s) carrying balances,2,S
Manufacturing,"Native Hawaiian and Other Pacific Islander, female-owned","Business loan from federal, state, or local government",4,S
Manufacturing,"Native Hawaiian and Other Pacific Islander, female-owned",Government-guaranteed business loan from a bank or financial institution,0,0
Manufacturing,"Native Hawaiian and Other Pacific Islander, female-owned",Business loan from a bank or financial institution,2,S
Manufacturing,"Native Hawaiian and Other Pacific Islander, female-owned",Business loan/investment from family/friends,0,0
Manufacturing,"Native Hawaiian and Other Pacific Islander, female-owned",Investment by venture capitalist(s),2,S
Manufacturing,"Native Hawaiian and Other Pacific Islander, female-owned",Grants,0,0
Manufacturing,"Native Hawaiian and Other Pacific Islander, female-owned",Other source(s) of capital,2,S
Manufacturing,"Native Hawaiian and Other Pacific Islander, female-owned",Don't know,2,S
Manufacturing,"Native Hawaiian and Other Pacific Islander, female-owned",None needed,19,S
Manufacturing,"Native Hawaiian and Other Pacific Islander, female-owned",Total reporting,150,S
Manufacturing,"Native Hawaiian and Other Pacific Islander, female-owned",Item not reported,2,S
Manufacturing,"Native Hawaiian and Other Pacific Islander, male-owned",All firms,622,489040
Manufacturing,"Native Hawaiian and Other Pacific Islander, male-owned",Personal/family savings of owner(s),219,127937
Manufacturing,"Native Hawaiian and Other Pacific Islander, male-owned",Personal/family assets other than savings of owner(s),35,27563
Manufacturing,"Native Hawaiian and Other Pacific Islander, male-owned",Personal/family home equity loan,13,S
Manufacturing,"Native Hawaiian and Other Pacific Islander, male-owned",Personal credit card(s) carrying balances,32,S
Manufacturing,"Native Hawaiian and Other Pacific Islander, male-owned",Business credit card(s) carrying balances,14,883
Manufacturing,"Native Hawaiian and Other Pacific Islander, male-owned","Business loan from federal, state, or local government",0,0
Manufacturing,"Native Hawaiian and Other Pacific Islander, male-owned",Government-guaranteed business loan from a bank or financial institution,4,S
Manufacturing,"Native Hawaiian and Other Pacific Islander, male-owned",Business loan from a bank or financial institution,4,S
Manufacturing,"Native Hawaiian and Other Pacific Islander, male-owned",Business loan/investment from family/friends,7,S
Manufacturing,"Native Hawaiian and Other Pacific Islander, male-owned",Investment by venture capitalist(s),0,0
Manufacturing,"Native Hawaiian and Other Pacific Islander, male-owned",Grants,0,0
Manufacturing,"Native Hawaiian and Other Pacific Islander, male-owned",Other source(s) of capital,4,S
Manufacturing,"Native Hawaiian and Other Pacific Islander, male-owned",Don't know,10,S
Manufacturing,"Native Hawaiian and Other Pacific Islander, male-owned",None needed,33,815
Manufacturing,"Native Hawaiian and Other Pacific Islander, male-owned",Total reporting,284(r),245780(r)
Manufacturing,"Native Hawaiian and Other Pacific Islander, male-owned",Item not reported,4(r),S
Manufacturing,"Native Hawaiian and Other Pacific Islander, equally male-/female-owned",All firms,48,2546
Manufacturing,"Native Hawaiian and Other Pacific Islander, equally male-/female-owned",Personal/family savings of owner(s),40,2118
Manufacturing,"Native Hawaiian and Other Pacific Islander, equally male-/female-owned",Personal/family assets other than savings of owner(s),0,0
Manufacturing,"Native Hawaiian and Other Pacific Islander, equally male-/female-owned",Personal/family home equity loan,2,S
Manufacturing,"Native Hawaiian and Other Pacific Islander, equally male-/female-owned",Personal credit card(s) carrying balances,2,S
Manufacturing,"Native Hawaiian and Other Pacific Islander, equally male-/female-owned",Business credit card(s) carrying balances,0,0
Manufacturing,"Native Hawaiian and Other Pacific Islander, equally male-/female-owned","Business loan from federal, state, or local government",0,0
Manufacturing,"Native Hawaiian and Other Pacific Islander, equally male-/female-owned",Government-guaranteed business loan from a bank or financial institution,0,0
Manufacturing,"Native Hawaiian and Other Pacific Islander, equally male-/female-owned",Business loan from a bank or financial institution,2,S
Manufacturing,"Native Hawaiian and Other Pacific Islander, equally male-/female-owned",Business loan/investment from family/friends,0,0
Manufacturing,"Native Hawaiian and Other Pacific Islander, equally male-/female-owned",Investment by venture capitalist(s),0,0
Manufacturing,"Native Hawaiian and Other Pacific Islander, equally male-/female-owned",Grants,0,0
Manufacturing,"Native Hawaiian and Other Pacific Islander, equally male-/female-owned",Other source(s) of capital,0,0
Manufacturing,"Native Hawaiian and Other Pacific Islander, equally male-/female-owned",Don't know,0,0
Manufacturing,"Native Hawaiian and Other Pacific Islander, equally male-/female-owned",None needed,0,0
Manufacturing,"Native Hawaiian and Other Pacific Islander, equally male-/female-owned",Total reporting,42,2348
Manufacturing,"Native Hawaiian and Other Pacific Islander, equally male-/female-owned",Item not reported,0,0
Manufacturing,Some other race,All firms,17156,6190405
Manufacturing,Some other race,Personal/family savings of owner(s),4229,2040594
Manufacturing,Some other race,Personal/family assets other than savings of owner(s),430,S
Manufacturing,Some other race,Personal/family home equity loan,244,167751
Manufacturing,Some other race,Personal credit card(s) carrying balances,718,193185
Manufacturing,Some other race,Business credit card(s) carrying balances,86,32325
Manufacturing,Some other race,"Business loan from federal, state, or local government",8,S
Manufacturing,Some other race,Government-guaranteed business loan from a bank or financial institution,15,65916
Manufacturing,Some other race,Business loan from a bank or financial institution,297,325991
Manufacturing,Some other race,Business loan/investment from family/friends,85,S
Manufacturing,Some other race,Investment by venture capitalist(s),22,S
Manufacturing,Some other race,Grants,2,S
Manufacturing,Some other race,Other source(s) of capital,111,50277
Manufacturing,Some other race,Don't know,473,1320836
Manufacturing,Some other race,None needed,841,109365
Manufacturing,Some other race,Total reporting,6091(r),3665342(r)
Manufacturing,Some other race,Item not reported,153(r),38257(r)
Manufacturing,"Some other race, female-owned",All firms,5419,1474432
Manufacturing,"Some other race, female-owned",Personal/family savings of owner(s),921,753417
Manufacturing,"Some other race, female-owned",Personal/family assets other than savings of owner(s),121,S
Manufacturing,"Some other race, female-owned",Personal/family home equity loan,51,24107
Manufacturing,"Some other race, female-owned",Personal credit card(s) carrying balances,71,S
Manufacturing,"Some other race, female-owned",Business credit card(s) carrying balances,16,S
Manufacturing,"Some other race, female-owned","Business loan from federal, state, or local government",0,0
Manufacturing,"Some other race, female-owned",Government-guaranteed business loan from a bank or financial institution,5,S
Manufacturing,"Some other race, female-owned",Business loan from a bank or financial institution,40,34985
Manufacturing,"Some other race, female-owned",Business loan/investment from family/friends,27,S
Manufacturing,"Some other race, female-owned",Investment by venture capitalist(s),0,0
Manufacturing,"Some other race, female-owned",Grants,0,0
Manufacturing,"Some other race, female-owned",Other source(s) of capital,8,S
Manufacturing,"Some other race, female-owned",Don't know,97,101972
Manufacturing,"Some other race, female-owned",None needed,249,6691
Manufacturing,"Some other race, female-owned",Total reporting,1376(r),874136(r)
Manufacturing,"Some other race, female-owned",Item not reported,58(r),S
Manufacturing,"Some other race, male-owned",All firms,10715,4077966
Manufacturing,"Some other race, male-owned",Personal/family savings of owner(s),2916,994556
Manufacturing,"Some other race, male-owned",Personal/family assets other than savings of owner(s),268,182718
Manufacturing,"Some other race, male-owned",Personal/family home equity loan,155,98164
Manufacturing,"Some other race, male-owned",Personal credit card(s) carrying balances,591,129850
Manufacturing,"Some other race, male-owned",Business credit card(s) carrying balances,56,S
Manufacturing,"Some other race, male-owned","Business loan from federal, state, or local government",0,0
Manufacturing,"Some other race, male-owned",Government-guaranteed business loan from a bank or financial institution,10,61484
Manufacturing,"Some other race, male-owned",Business loan from a bank or financial institution,198,171816
Manufacturing,"Some other race, male-owned",Business loan/investment from family/friends,28,S
Manufacturing,"Some other race, male-owned",Investment by venture capitalist(s),16,S
Manufacturing,"Some other race, male-owned",Grants,2,S
Manufacturing,"Some other race, male-owned",Other source(s) of capital,78,34666
Manufacturing,"Some other race, male-owned",Don't know,360,750523
Manufacturing,"Some other race, male-owned",None needed,574,57892
Manufacturing,"Some other race, male-owned",Total reporting,4203,1958967
Manufacturing,"Some other race, male-owned",Item not reported,92,21757
Manufacturing,"Some other race, equally male-/female-owned",All firms,1023,638007
Manufacturing,"Some other race, equally male-/female-owned",Personal/family savings of owner(s),392,292620
Manufacturing,"Some other race, equally male-/female-owned",Personal/family assets other than savings of owner(s),41,S
Manufacturing,"Some other race, equally male-/female-owned",Personal/family home equity loan,38,S
Manufacturing,"Some other race, equally male-/female-owned",Personal credit card(s) carrying balances,57,52661
Manufacturing,"Some other race, equally male-/female-owned",Business credit card(s) carrying balances,14,S
Manufacturing,"Some other race, equally male-/female-owned","Business loan from federal, state, or local government",8,S
Manufacturing,"Some other race, equally male-/female-owned",Government-guaranteed business loan from a bank or financial institution,0,0
Manufacturing,"Some other race, equally male-/female-owned",Business loan from a bank or financial institution,60,119190
Manufacturing,"Some other race, equally male-/female-owned",Business loan/investment from family/friends,30,S
Manufacturing,"Some other race, equally male-/female-owned",Investment by venture capitalist(s),7,S
Manufacturing,"Some other race, equally male-/female-owned",Grants,0,0
Manufacturing,"Some other race, equally male-/female-owned",Other source(s) of capital,25,8129
Manufacturing,"Some other race, equally male-/female-owned",Don't know,17,S
Manufacturing,"Some other race, equally male-/female-owned",None needed,18,S
Manufacturing,"Some other race, equally male-/female-owned",Total reporting,513(r),832239(r)
Manufacturing,"Some other race, equally male-/female-owned",Item not reported,2(r),S
Manufacturing,Minority,All firms,106357,80011119
Manufacturing,Minority,Personal/family savings of owner(s),33062,32553048
Manufacturing,Minority,Personal/family assets other than savings of owner(s),3556,4274721
Manufacturing,Minority,Personal/family home equity loan,2374,3094524
Manufacturing,Minority,Personal credit card(s) carrying balances,5186,2245443
Manufacturing,Minority,Business credit card(s) carrying balances,1545,638730
Manufacturing,Minority,"Business loan from federal, state, or local government",229,593762
Manufacturing,Minority,Government-guaranteed business loan from a bank or financial institution,550,987799
Manufacturing,Minority,Business loan from a bank or financial institution,2931,11847034
Manufacturing,Minority,Business loan/investment from family/friends,1408,1814607
Manufacturing,Minority,Investment by venture capitalist(s),131,806368
Manufacturing,Minority,Grants,218,104048
Manufacturing,Minority,Other source(s) of capital,1323,1430456
Manufacturing,Minority,Don't know,3976,13669995
Manufacturing,Minority,None needed,6524,1327728
Manufacturing,Minority,Total reporting,48393(r),53368713(r)
Manufacturing,Minority,Item not reported,1413(r),461249(r)
Manufacturing,"Minority, female-owned",All firms,39494,10657043
Manufacturing,"Minority, female-owned",Personal/family savings of owner(s),9905,3613288
Manufacturing,"Minority, female-owned",Personal/family assets other than savings of owner(s),927,804794
Manufacturing,"Minority, female-owned",Personal/family home equity loan,587,364348
Manufacturing,"Minority, female-owned",Personal credit card(s) carrying balances,1472,285694
Manufacturing,"Minority, female-owned",Business credit card(s) carrying balances,492,102209
Manufacturing,"Minority, female-owned","Business loan from federal, state, or local government",39,S
Manufacturing,"Minority, female-owned",Government-guaranteed business loan from a bank or financial institution,99,184797
Manufacturing,"Minority, female-owned",Business loan from a bank or financial institution,555,913568
Manufacturing,"Minority, female-owned",Business loan/investment from family/friends,348,180557
Manufacturing,"Minority, female-owned",Investment by venture capitalist(s),18,S
Manufacturing,"Minority, female-owned",Grants,101,S
Manufacturing,"Minority, female-owned",Other source(s) of capital,344,93785
Manufacturing,"Minority, female-owned",Don't know,1079,1622168
Manufacturing,"Minority, female-owned",None needed,2681,177807
Manufacturing,"Minority, female-owned",Total reporting,15108(r),5803930(r)
Manufacturing,"Minority, female-owned",Item not reported,507(r),S
Manufacturing,"Minority, male-owned",All firms,59726,63075533
Manufacturing,"Minority, male-owned",Personal/family savings of owner(s),19310,26166745
Manufacturing,"Minority, male-owned",Personal/family assets other than savings of owner(s),2132,3174641
Manufacturing,"Minority, male-owned",Personal/family home equity loan,1319,2023195
Manufacturing,"Minority, male-owned",Personal credit card(s) carrying balances,3129,1671714
Manufacturing,"Minority, male-owned",Business credit card(s) carrying balances,927,419622
Manufacturing,"Minority, male-owned","Business loan from federal, state, or local government",167,423720
Manufacturing,"Minority, male-owned",Government-guaranteed business loan from a bank or financial institution,409,745579
Manufacturing,"Minority, male-owned",Business loan from a bank or financial institution,1782,10257749
Manufacturing,"Minority, male-owned",Business loan/investment from family/friends,853,1408685
Manufacturing,"Minority, male-owned",Investment by venture capitalist(s),106,723851
Manufacturing,"Minority, male-owned",Grants,96,70492
Manufacturing,"Minority, male-owned",Other source(s) of capital,809,1299506
Manufacturing,"Minority, male-owned",Don't know,2521,11270483
Manufacturing,"Minority, male-owned",None needed,3681,1093661
Manufacturing,"Minority, male-owned",Total reporting,28310(r),43482300(r)
Manufacturing,"Minority, male-owned",Item not reported,845(r),416574(r)
Manufacturing,"Minority, equally male-/female-owned",All firms,7137,6278543
Manufacturing,"Minority, equally male-/female-owned",Personal/family savings of owner(s),3847,2773016
Manufacturing,"Minority, equally male-/female-owned",Personal/family assets other than savings of owner(s),497,295287
Manufacturing,"Minority, equally male-/female-owned",Personal/family home equity loan,468,S
Manufacturing,"Minority, equally male-/female-owned",Personal credit card(s) carrying balances,586,288035
Manufacturing,"Minority, equally male-/female-owned",Business credit card(s) carrying balances,126,S
Manufacturing,"Minority, equally male-/female-owned","Business loan from federal, state, or local government",23,S
Manufacturing,"Minority, equally male-/female-owned",Government-guaranteed business loan from a bank or financial institution,42,S
Manufacturing,"Minority, equally male-/female-owned",Business loan from a bank or financial institution,594,675717
Manufacturing,"Minority, equally male-/female-owned",Business loan/investment from family/friends,207,225366
Manufacturing,"Minority, equally male-/female-owned",Investment by venture capitalist(s),7,S
Manufacturing,"Minority, equally male-/female-owned",Grants,21,S
Manufacturing,"Minority, equally male-/female-owned",Other source(s) of capital,170,37165
Manufacturing,"Minority, equally male-/female-owned",Don't know,376,777344
Manufacturing,"Minority, equally male-/female-owned",None needed,162,S
Manufacturing,"Minority, equally male-/female-owned",Total reporting,4976(r),4082483(r)
Manufacturing,"Minority, equally male-/female-owned",Item not reported,60(r),S
Manufacturing,Equally minority/nonminority,All firms,6409,4823934
Manufacturing,Equally minority/nonminority,Personal/family savings of owner(s),3593,2298516
Manufacturing,Equally minority/nonminority,Personal/family assets other than savings of owner(s),624,451697
Manufacturing,Equally minority/nonminority,Personal/family home equity loan,413,348092
Manufacturing,Equally minority/nonminority,Personal credit card(s) carrying balances,807,210540
Manufacturing,Equally minority/nonminority,Business credit card(s) carrying balances,227,53570
Manufacturing,Equally minority/nonminority,"Business loan from federal, state, or local government",11,S
Manufacturing,Equally minority/nonminority,Government-guaranteed business loan from a bank or financial institution,148,102389
Manufacturing,Equally minority/nonminority,Business loan from a bank or financial institution,584,724724
Manufacturing,Equally minority/nonminority,Business loan/investment from family/friends,182,63437
Manufacturing,Equally minority/nonminority,Investment by venture capitalist(s),65,4176
Manufacturing,Equally minority/nonminority,Grants,12,1339
Manufacturing,Equally minority/nonminority,Other source(s) of capital,225,S
Manufacturing,Equally minority/nonminority,Don't know,181,172227
Manufacturing,Equally minority/nonminority,None needed,240,S
Manufacturing,Equally minority/nonminority,Total reporting,4863,3048920
Manufacturing,Equally minority/nonminority,Item not reported,24,S
Manufacturing,"Equally minority/nonminority, female-owned",All firms,329,98047
Manufacturing,"Equally minority/nonminority, female-owned",Personal/family savings of owner(s),127,S
Manufacturing,"Equally minority/nonminority, female-owned",Personal/family assets other than savings of owner(s),14,S
Manufacturing,"Equally minority/nonminority, female-owned",Personal/family home equity loan,2,S
Manufacturing,"Equally minority/nonminority, female-owned",Personal credit card(s) carrying balances,24,S
Manufacturing,"Equally minority/nonminority, female-owned",Business credit card(s) carrying balances,14,S
Manufacturing,"Equally minority/nonminority, female-owned","Business loan from federal, state, or local government",0,0
Manufacturing,"Equally minority/nonminority, female-owned",Government-guaranteed business loan from a bank or financial institution,15,S
Manufacturing,"Equally minority/nonminority, female-owned",Business loan from a bank or financial institution,21,S
Manufacturing,"Equally minority/nonminority, female-owned",Business loan/investment from family/friends,12,S
Manufacturing,"Equally minority/nonminority, female-owned",Investment by venture capitalist(s),0,0
Manufacturing,"Equally minority/nonminority, female-owned",Grants,2,S
Manufacturing,"Equally minority/nonminority, female-owned",Other source(s) of capital,59,S
Manufacturing,"Equally minority/nonminority, female-owned",Don't know,4,S
Manufacturing,"Equally minority/nonminority, female-owned",None needed,0,0
Manufacturing,"Equally minority/nonminority, female-owned",Total reporting,197,S
Manufacturing,"Equally minority/nonminority, female-owned",Item not reported,2,S
Manufacturing,"Equally minority/nonminority, male-owned",All firms,1227,2374484
Manufacturing,"Equally minority/nonminority, male-owned",Personal/family savings of owner(s),736,1164846
Manufacturing,"Equally minority/nonminority, male-owned",Personal/family assets other than savings of owner(s),147,205655
Manufacturing,"Equally minority/nonminority, male-owned",Personal/family home equity loan,62,117240
Manufacturing,"Equally minority/nonminority, male-owned",Personal credit card(s) carrying balances,92,96481
Manufacturing,"Equally minority/nonminority, male-owned",Business credit card(s) carrying balances,35,24362
Manufacturing,"Equally minority/nonminority, male-owned","Business loan from federal, state, or local government",0,0
Manufacturing,"Equally minority/nonminority, male-owned",Government-guaranteed business loan from a bank or financial institution,7,S
Manufacturing,"Equally minority/nonminority, male-owned",Business loan from a bank or financial institution,171,150939
Manufacturing,"Equally minority/nonminority, male-owned",Business loan/investment from family/friends,31,10549
Manufacturing,"Equally minority/nonminority, male-owned",Investment by venture capitalist(s),0,0
Manufacturing,"Equally minority/nonminority, male-owned",Grants,0,0
Manufacturing,"Equally minority/nonminority, male-owned",Other source(s) of capital,61,S
Manufacturing,"Equally minority/nonminority, male-owned",Don't know,80,109465
Manufacturing,"Equally minority/nonminority, male-owned",None needed,27,4943
Manufacturing,"Equally minority/nonminority, male-owned",Total reporting,938,1374808
Manufacturing,"Equally minority/nonminority, male-owned",Item not reported,8,S
Manufacturing,"Equally minority/nonminority, equally male-/female-owned",All firms,4853,2351403
Manufacturing,"Equally minority/nonminority, equally male-/female-owned",Personal/family savings of owner(s),2730,1034987
Manufacturing,"Equally minority/nonminority, equally male-/female-owned",Personal/family assets other than savings of owner(s),463,162170
Manufacturing,"Equally minority/nonminority, equally male-/female-owned",Personal/family home equity loan,349,S
Manufacturing,"Equally minority/nonminority, equally male-/female-owned",Personal credit card(s) carrying balances,690,111029
Manufacturing,"Equally minority/nonminority, equally male-/female-owned",Business credit card(s) carrying balances,178,25952
Manufacturing,"Equally minority/nonminority, equally male-/female-owned","Business loan from federal, state, or local government",11,S
Manufacturing,"Equally minority/nonminority, equally male-/female-owned",Government-guaranteed business loan from a bank or financial institution,126,88310
Manufacturing,"Equally minority/nonminority, equally male-/female-owned",Business loan from a bank or financial institution,392,568530
Manufacturing,"Equally minority/nonminority, equally male-/female-owned",Business loan/investment from family/friends,139,S
Manufacturing,"Equally minority/nonminority, equally male-/female-owned",Investment by venture capitalist(s),65,4176
Manufacturing,"Equally minority/nonminority, equally male-/female-owned",Grants,10,S
Manufacturing,"Equally minority/nonminority, equally male-/female-owned",Other source(s) of capital,105,47720
Manufacturing,"Equally minority/nonminority, equally male-/female-owned",Don't know,97,49987
Manufacturing,"Equally minority/nonminority, equally male-/female-owned",None needed,213,S
Manufacturing,"Equally minority/nonminority, equally male-/female-owned",Total reporting,3729,1560479
Manufacturing,"Equally minority/nonminority, equally male-/female-owned",Item not reported,14,S
Manufacturing,Nonminority,All firms,460552,1246353667
Manufacturing,Nonminority,Personal/family savings of owner(s),211904,390638880
Manufacturing,Nonminority,Personal/family assets other than savings of owner(s),30170,85965050
Manufacturing,Nonminority,Personal/family home equity loan,19581,36395889
Manufacturing,Nonminority,Personal credit card(s) carrying balances,30943,21818018
Manufacturing,Nonminority,Business credit card(s) carrying balances,11411,8854668
Manufacturing,Nonminority,"Business loan from federal, state, or local government",1502,8264421
Manufacturing,Nonminority,Government-guaranteed business loan from a bank or financial institution,5250,17361066
Manufacturing,Nonminority,Business loan from a bank or financial institution,40816,186663094
Manufacturing,Nonminority,Business loan/investment from family/friends,12792,42586020
Manufacturing,Nonminority,Investment by venture capitalist(s),1994,16209153
Manufacturing,Nonminority,Grants,952,2670414
Manufacturing,Nonminority,Other source(s) of capital,8977,41679268
Manufacturing,Nonminority,Don't know,29880,257474196
Manufacturing,Nonminority,None needed,41609,51979442
Manufacturing,Nonminority,Total reporting,330721(r),837498888(r)
Manufacturing,Nonminority,Item not reported,5051(r),9483865(r)
Manufacturing,"Nonminority, female-owned",All firms,99619,113228894
Manufacturing,"Nonminority, female-owned",Personal/family savings of owner(s),46517,38867071
Manufacturing,"Nonminority, female-owned",Personal/family assets other than savings of owner(s),5980,7988626
Manufacturing,"Nonminority, female-owned",Personal/family home equity loan,3721,5662310
Manufacturing,"Nonminority, female-owned",Personal credit card(s) carrying balances,7540,2860422
Manufacturing,"Nonminority, female-owned",Business credit card(s) carrying balances,2933,1001268
Manufacturing,"Nonminority, female-owned","Business loan from federal, state, or local government",284,S
Manufacturing,"Nonminority, female-owned",Government-guaranteed business loan from a bank or financial institution,792,1379856
Manufacturing,"Nonminority, female-owned",Business loan from a bank or financial institution,5996,13957666
Manufacturing,"Nonminority, female-owned",Business loan/investment from family/friends,1767,4166077
Manufacturing,"Nonminority, female-owned",Investment by venture capitalist(s),124,360398
Manufacturing,"Nonminority, female-owned",Grants,185,45316
Manufacturing,"Nonminority, female-owned",Other source(s) of capital,1455,1878653
Manufacturing,"Nonminority, female-owned",Don't know,4089,29355093
Manufacturing,"Nonminority, female-owned",None needed,12145,11283729
Manufacturing,"Nonminority, female-owned",Total reporting,71436(r),90287887(r)
Manufacturing,"Nonminority, female-owned",Item not reported,1201(r),804452(r)
Manufacturing,"Nonminority, male-owned",All firms,297544,1050587600
Manufacturing,"Nonminority, male-owned",Personal/family savings of owner(s),129608,319186035
Manufacturing,"Nonminority, male-owned",Personal/family assets other than savings of owner(s),18618,67096353
Manufacturing,"Nonminority, male-owned",Personal/family home equity loan,11074,27084825
Manufacturing,"Nonminority, male-owned",Personal credit card(s) carrying balances,18693,15952594
Manufacturing,"Nonminority, male-owned",Business credit card(s) carrying balances,6415,6806185
Manufacturing,"Nonminority, male-owned","Business loan from federal, state, or local government",947,7235410
Manufacturing,"Nonminority, male-owned",Government-guaranteed business loan from a bank or financial institution,3485,13783255
Manufacturing,"Nonminority, male-owned",Business loan from a bank or financial institution,27536,157170695
Manufacturing,"Nonminority, male-owned",Business loan/investment from family/friends,8194,35264198
Manufacturing,"Nonminority, male-owned",Investment by venture capitalist(s),1688,15685404
Manufacturing,"Nonminority, male-owned",Grants,620,2508640
Manufacturing,"Nonminority, male-owned",Other source(s) of capital,6094,37346150
Manufacturing,"Nonminority, male-owned",Don't know,23316,217845096
Manufacturing,"Nonminority, male-owned",None needed,25877,36254017
Manufacturing,"Nonminority, male-owned",Total reporting,208643(r),691037143(r)
Manufacturing,"Nonminority, male-owned",Item not reported,3654(r),8614198(r)
Manufacturing,"Nonminority, equally male-/female-owned",All firms,63388,82537173
Manufacturing,"Nonminority, equally male-/female-owned",Personal/family savings of owner(s),35779,32585774
Manufacturing,"Nonminority, equally male-/female-owned",Personal/family assets other than savings of owner(s),5572,10880071
Manufacturing,"Nonminority, equally male-/female-owned",Personal/family home equity loan,4786,3648754
Manufacturing,"Nonminority, equally male-/female-owned",Personal credit card(s) carrying balances,4710,3005003
Manufacturing,"Nonminority, equally male-/female-owned",Business credit card(s) carrying balances,2064,1047215
Manufacturing,"Nonminority, equally male-/female-owned","Business loan from federal, state, or local government",271,442912
Manufacturing,"Nonminority, equally male-/female-owned",Government-guaranteed business loan from a bank or financial institution,974,2197955
Manufacturing,"Nonminority, equally male-/female-owned",Business loan from a bank or financial institution,7284,15534733
Manufacturing,"Nonminority, equally male-/female-owned",Business loan/investment from family/friends,2832,3155745
Manufacturing,"Nonminority, equally male-/female-owned",Investment by venture capitalist(s),183,163351
Manufacturing,"Nonminority, equally male-/female-owned",Grants,147,S
Manufacturing,"Nonminority, equally male-/female-owned",Other source(s) of capital,1428,2454465
Manufacturing,"Nonminority, equally male-/female-owned",Don't know,2475,10274007
Manufacturing,"Nonminority, equally male-/female-owned",None needed,3587,4441696
Manufacturing,"Nonminority, equally male-/female-owned",Total reporting,50642(r),56173857(r)
Manufacturing,"Nonminority, equally male-/female-owned",Item not reported,195(r),S
Manufacturing,Veteran,All firms,60026,140716703
Manufacturing,Veteran,Personal/family savings of owner(s),26230,51329280
Manufacturing,Veteran,Personal/family assets other than savings of owner(s),4093,13336913
Manufacturing,Veteran,Personal/family home equity loan,2068,3842960
Manufacturing,Veteran,Personal credit card(s) carrying balances,4409,1873201
Manufacturing,Veteran,Business credit card(s) carrying balances,1419,683023
Manufacturing,Veteran,"Business loan from federal, state, or local government",139,324177
Manufacturing,Veteran,Government-guaranteed business loan from a bank or financial institution,749,1080027
Manufacturing,Veteran,Business loan from a bank or financial institution,4809,20383478
Manufacturing,Veteran,Business loan/investment from family/friends,1408,5397241
Manufacturing,Veteran,Investment by venture capitalist(s),103,531652
Manufacturing,Veteran,Grants,125,S
Manufacturing,Veteran,Other source(s) of capital,1247,4578865
Manufacturing,Veteran,Don't know,3623,30830870
Manufacturing,Veteran,None needed,4616,3812563
Manufacturing,Veteran,Total reporting,40142(r),98479093(r)
Manufacturing,Veteran,Item not reported,1080(r),1406359(r)
Manufacturing,"Veteran, female-owned",All firms,4968,546298
Manufacturing,"Veteran, female-owned",Personal/family savings of owner(s),716,150750
Manufacturing,"Veteran, female-owned",Personal/family assets other than savings of owner(s),211,S
Manufacturing,"Veteran, female-owned",Personal/family home equity loan,16,13848
Manufacturing,"Veteran, female-owned",Personal credit card(s) carrying balances,216,11111
Manufacturing,"Veteran, female-owned",Business credit card(s) carrying balances,96,S
Manufacturing,"Veteran, female-owned","Business loan from federal, state, or local government",0,0
Manufacturing,"Veteran, female-owned",Government-guaranteed business loan from a bank or financial institution,20,S
Manufacturing,"Veteran, female-owned",Business loan from a bank or financial institution,230,22796
Manufacturing,"Veteran, female-owned",Business loan/investment from family/friends,47,S
Manufacturing,"Veteran, female-owned",Investment by venture capitalist(s),0,0
Manufacturing,"Veteran, female-owned",Grants,2,S
Manufacturing,"Veteran, female-owned",Other source(s) of capital,29,S
Manufacturing,"Veteran, female-owned",Don't know,3,S
Manufacturing,"Veteran, female-owned",None needed,204,S
Manufacturing,"Veteran, female-owned",Total reporting,1094(r),179351(r)
Manufacturing,"Veteran, female-owned",Item not reported,37(r),S
Manufacturing,"Veteran, male-owned",All firms,54798,140091455
Manufacturing,"Veteran, male-owned",Personal/family savings of owner(s),25360,51156827
Manufacturing,"Veteran, male-owned",Personal/family assets other than savings of owner(s),3844,13279507
Manufacturing,"Veteran, male-owned",Personal/family home equity loan,2006,3820148
Manufacturing,"Veteran, male-owned",Personal credit card(s) carrying balances,4168,1855711
Manufacturing,"Veteran, male-owned",Business credit card(s) carrying balances,1310,651471
Manufacturing,"Veteran, male-owned","Business loan from federal, state, or local government",139,324177
Manufacturing,"Veteran, male-owned",Government-guaranteed business loan from a bank or financial institution,729,1079807
Manufacturing,"Veteran, male-owned",Business loan from a bank or financial institution,4568,20357771
Manufacturing,"Veteran, male-owned",Business loan/investment from family/friends,1356,5358845
Manufacturing,"Veteran, male-owned",Investment by venture capitalist(s),103,531652
Manufacturing,"Veteran, male-owned",Grants,123,S
Manufacturing,"Veteran, male-owned",Other source(s) of capital,1218,4545211
Manufacturing,"Veteran, male-owned",Don't know,3620,30830860
Manufacturing,"Veteran, male-owned",None needed,4412,3793002
Manufacturing,"Veteran, male-owned",Total reporting,38879(r),98277493(r)
Manufacturing,"Veteran, male-owned",Item not reported,1043(r),1389054(r)
Manufacturing,"Veteran, equally male-/female-owned",All firms,260,78950
Manufacturing,"Veteran, equally male-/female-owned",Personal/family savings of owner(s),155,21702
Manufacturing,"Veteran, equally male-/female-owned",Personal/family assets other than savings of owner(s),38,S
Manufacturing,"Veteran, equally male-/female-owned",Personal/family home equity loan,46,S
Manufacturing,"Veteran, equally male-/female-owned",Personal credit card(s) carrying balances,25,S
Manufacturing,"Veteran, equally male-/female-owned",Business credit card(s) carrying balances,13,S
Manufacturing,"Veteran, equally male-/female-owned","Business loan from federal, state, or local government",0,0
Manufacturing,"Veteran, equally male-/female-owned",Government-guaranteed business loan from a bank or financial institution,0,0
Manufacturing,"Veteran, equally male-/female-owned",Business loan from a bank or financial institution,12,S
Manufacturing,"Veteran, equally male-/female-owned",Business loan/investment from family/friends,6,S
Manufacturing,"Veteran, equally male-/female-owned",Investment by venture capitalist(s),0,0
Manufacturing,"Veteran, equally male-/female-owned",Grants,0,0
Manufacturing,"Veteran, equally male-/female-owned",Other source(s) of capital,0,0
Manufacturing,"Veteran, equally male-/female-owned",Don't know,0,0
Manufacturing,"Veteran, equally male-/female-owned",None needed,0,0
Manufacturing,"Veteran, equally male-/female-owned",Total reporting,169,22250
Manufacturing,"Veteran, equally male-/female-owned",Item not reported,0,0
Manufacturing,"Veteran, Hispanic",All firms,3283,1512366
Manufacturing,"Veteran, Hispanic",Personal/family savings of owner(s),593,568334
Manufacturing,"Veteran, Hispanic",Personal/family assets other than savings of owner(s),88,65495
Manufacturing,"Veteran, Hispanic",Personal/family home equity loan,69,87882
Manufacturing,"Veteran, Hispanic",Personal credit card(s) carrying balances,180,131330
Manufacturing,"Veteran, Hispanic",Business credit card(s) carrying balances,44,S
Manufacturing,"Veteran, Hispanic","Business loan from federal, state, or local government",0,0
Manufacturing,"Veteran, Hispanic",Government-guaranteed business loan from a bank or financial institution,17,S
Manufacturing,"Veteran, Hispanic",Business loan from a bank or financial institution,23,63157
Manufacturing,"Veteran, Hispanic",Business loan/investment from family/friends,62,11517
Manufacturing,"Veteran, Hispanic",Investment by venture capitalist(s),0,0
Manufacturing,"Veteran, Hispanic",Grants,0,0
Manufacturing,"Veteran, Hispanic",Other source(s) of capital,34,S
Manufacturing,"Veteran, Hispanic",Don't know,44,209446
Manufacturing,"Veteran, Hispanic",None needed,282,S
Manufacturing,"Veteran, Hispanic",Total reporting,1049,865686
Manufacturing,"Veteran, Hispanic",Item not reported,64,S
Manufacturing,"Veteran, equally Hispanic/non-Hispanic",All firms,51,78956
Manufacturing,"Veteran, equally Hispanic/non-Hispanic",Personal/family savings of owner(s),18,S
Manufacturing,"Veteran, equally Hispanic/non-Hispanic",Personal/family assets other than savings of owner(s),0,0
Manufacturing,"Veteran, equally Hispanic/non-Hispanic",Personal/family home equity loan,0,0
Manufacturing,"Veteran, equally Hispanic/non-Hispanic",Personal credit card(s) carrying balances,0,0
Manufacturing,"Veteran, equally Hispanic/non-Hispanic",Business credit card(s) carrying balances,4,S
Manufacturing,"Veteran, equally Hispanic/non-Hispanic","Business loan from federal, state, or local government",0,0
Manufacturing,"Veteran, equally Hispanic/non-Hispanic",Government-guaranteed business loan from a bank or financial institution,0,0
Manufacturing,"Veteran, equally Hispanic/non-Hispanic",Business loan from a bank or financial institution,0,0
Manufacturing,"Veteran, equally Hispanic/non-Hispanic",Business loan/investment from family/friends,0,0
Manufacturing,"Veteran, equally Hispanic/non-Hispanic",Investment by venture capitalist(s),0,0
Manufacturing,"Veteran, equally Hispanic/non-Hispanic",Grants,0,0
Manufacturing,"Veteran, equally Hispanic/non-Hispanic",Other source(s) of capital,0,0
Manufacturing,"Veteran, equally Hispanic/non-Hispanic",Don't know,0,0
Manufacturing,"Veteran, equally Hispanic/non-Hispanic",None needed,0,0
Manufacturing,"Veteran, equally Hispanic/non-Hispanic",Total reporting,18,S
Manufacturing,"Veteran, equally Hispanic/non-Hispanic",Item not reported,0,0
Manufacturing,"Veteran, non-Hispanic",All firms,56691,139125381
Manufacturing,"Veteran, non-Hispanic",Personal/family savings of owner(s),25620,50757524
Manufacturing,"Veteran, non-Hispanic",Personal/family assets other than savings of owner(s),4004,13271418
Manufacturing,"Veteran, non-Hispanic",Personal/family home equity loan,1999,3755078
Manufacturing,"Veteran, non-Hispanic",Personal credit card(s) carrying balances,4229,1741871
Manufacturing,"Veteran, non-Hispanic",Business credit card(s) carrying balances,1371,669072
Manufacturing,"Veteran, non-Hispanic","Business loan from federal, state, or local government",139,324177
Manufacturing,"Veteran, non-Hispanic",Government-guaranteed business loan from a bank or financial institution,732,1055937
Manufacturing,"Veteran, non-Hispanic",Business loan from a bank or financial institution,4786,20320322
Manufacturing,"Veteran, non-Hispanic",Business loan/investment from family/friends,1347,5385724
Manufacturing,"Veteran, non-Hispanic",Investment by venture capitalist(s),103,531652
Manufacturing,"Veteran, non-Hispanic",Grants,125,S
Manufacturing,"Veteran, non-Hispanic",Other source(s) of capital,1213,4575632
Manufacturing,"Veteran, non-Hispanic",Don't know,3579,30621424
Manufacturing,"Veteran, non-Hispanic",None needed,4333,3792179
Manufacturing,"Veteran, non-Hispanic",Total reporting,39075(r),97609985(r)
Manufacturing,"Veteran, non-Hispanic",Item not reported,1016(r),1396795(r)
Manufacturing,"Veteran, White",All firms,55123,138082176
Manufacturing,"Veteran, White",Personal/family savings of owner(s),25098,50673653
Manufacturing,"Veteran, White",Personal/family assets other than savings of owner(s),3912,13229925
Manufacturing,"Veteran, White",Personal/family home equity loan,1970,3769975
Manufacturing,"Veteran, White",Personal credit card(s) carrying balances,4181,1796502
Manufacturing,"Veteran, White",Business credit card(s) carrying balances,1339,673633
Manufacturing,"Veteran, White","Business loan from federal, state, or local government",137,267646
Manufacturing,"Veteran, White",Government-guaranteed business loan from a bank or financial institution,728,1073552
Manufacturing,"Veteran, White",Business loan from a bank or financial institution,4699,20131118
Manufacturing,"Veteran, White",Business loan/investment from family/friends,1360,5393939
Manufacturing,"Veteran, White",Investment by venture capitalist(s),86,531499
Manufacturing,"Veteran, White",Grants,116,S
Manufacturing,"Veteran, White",Other source(s) of capital,1220,4510339
Manufacturing,"Veteran, White",Don't know,3574,30614797
Manufacturing,"Veteran, White",None needed,4382,3779873
Manufacturing,"Veteran, White",Total reporting,38604(r),97458660(r)
Manufacturing,"Veteran, White",Item not reported,1032(r),1387415(r)
Manufacturing,"Veteran, Black or African American",All firms,2776,1625892
Manufacturing,"Veteran, Black or African American",Personal/family savings of owner(s),564,152957
Manufacturing,"Veteran, Black or African American",Personal/family assets other than savings of owner(s),31,S
Manufacturing,"Veteran, Black or African American",Personal/family home equity loan,20,S
Manufacturing,"Veteran, Black or African American",Personal credit card(s) carrying balances,128,S
Manufacturing,"Veteran, Black or African American",Business credit card(s) carrying balances,48,3627
Manufacturing,"Veteran, Black or African American","Business loan from federal, state, or local government",0,0
Manufacturing,"Veteran, Black or African American",Government-guaranteed business loan from a bank or financial institution,6,2823
Manufacturing,"Veteran, Black or African American",Business loan from a bank or financial institution,62,S
Manufacturing,"Veteran, Black or African American",Business loan/investment from family/friends,2,S
Manufacturing,"Veteran, Black or African American",Investment by venture capitalist(s),17,S
Manufacturing,"Veteran, Black or African American",Grants,4,S
Manufacturing,"Veteran, Black or African American",Other source(s) of capital,19,S
Manufacturing,"Veteran, Black or African American",Don't know,20,S
Manufacturing,"Veteran, Black or African American",None needed,134,S
Manufacturing,"Veteran, Black or African American",Total reporting,770,248084
Manufacturing,"Veteran, Black or African American",Item not reported,7,S
Manufacturing,"Veteran, American Indian and Alaska Native",All firms,788,269383
Manufacturing,"Veteran, American Indian and Alaska Native",Personal/family savings of owner(s),345,87278
Manufacturing,"Veteran, American Indian and Alaska Native",Personal/family assets other than savings of owner(s),34,9777
Manufacturing,"Veteran, American Indian and Alaska Native",Personal/family home equity loan,15,9567
Manufacturing,"Veteran, American Indian and Alaska Native",Personal credit card(s) carrying balances,31,5136
Manufacturing,"Veteran, American Indian and Alaska Native",Business credit card(s) carrying balances,0,0
Manufacturing,"Veteran, American Indian and Alaska Native","Business loan from federal, state, or local government",0,0
Manufacturing,"Veteran, American Indian and Alaska Native",Government-guaranteed business loan from a bank or financial institution,6,S
Manufacturing,"Veteran, American Indian and Alaska Native",Business loan from a bank or financial institution,37,10591
Manufacturing,"Veteran, American Indian and Alaska Native",Business loan/investment from family/friends,21,7216
Manufacturing,"Veteran, American Indian and Alaska Native",Investment by venture capitalist(s),0,0
Manufacturing,"Veteran, American Indian and Alaska Native",Grants,4,S
Manufacturing,"Veteran, American Indian and Alaska Native",Other source(s) of capital,15,S
Manufacturing,"Veteran, American Indian and Alaska Native",Don't know,8,S
Manufacturing,"Veteran, American Indian and Alaska Native",None needed,59,5000
Manufacturing,"Veteran, American Indian and Alaska Native",Total reporting,441(r),146793(r)
Manufacturing,"Veteran, American Indian and Alaska Native",Item not reported,4(r),S
Manufacturing,"Veteran, Asian",All firms,848,615435
Manufacturing,"Veteran, Asian",Personal/family savings of owner(s),341,381023
Manufacturing,"Veteran, Asian",Personal/family assets other than savings of owner(s),85,S
Manufacturing,"Veteran, Asian",Personal/family home equity loan,60,S
Manufacturing,"Veteran, Asian",Personal credit card(s) carrying balances,54,S
Manufacturing,"Veteran, Asian",Business credit card(s) carrying balances,29,S
Manufacturing,"Veteran, Asian","Business loan from federal, state, or local government",2,S
Manufacturing,"Veteran, Asian",Government-guaranteed business loan from a bank or financial institution,11,S
Manufacturing,"Veteran, Asian",Business loan from a bank or financial institution,29,114582
Manufacturing,"Veteran, Asian",Business loan/investment from family/friends,42,S
Manufacturing,"Veteran, Asian",Investment by venture capitalist(s),17,S
Manufacturing,"Veteran, Asian",Grants,0,0
Manufacturing,"Veteran, Asian",Other source(s) of capital,0,0
Manufacturing,"Veteran, Asian",Don't know,11,S
Manufacturing,"Veteran, Asian",None needed,34,S
Manufacturing,"Veteran, Asian",Total reporting,403,439643
Manufacturing,"Veteran, Asian",Item not reported,17,S
Manufacturing,"Veteran, Native Hawaiian and Other Pacific Islander",All firms,70,67549
Manufacturing,"Veteran, Native Hawaiian and Other Pacific Islander",Personal/family savings of owner(s),22,S
Manufacturing,"Veteran, Native Hawaiian and Other Pacific Islander",Personal/family assets other than savings of owner(s),2,S
Manufacturing,"Veteran, Native Hawaiian and Other Pacific Islander",Personal/family home equity loan,2,S
Manufacturing,"Veteran, Native Hawaiian and Other Pacific Islander",Personal credit card(s) carrying balances,8,S
Manufacturing,"Veteran, Native Hawaiian and Other Pacific Islander",Business credit card(s) carrying balances,8,S
Manufacturing,"Veteran, Native Hawaiian and Other Pacific Islander","Business loan from federal, state, or local government",0,0
Manufacturing,"Veteran, Native Hawaiian and Other Pacific Islander",Government-guaranteed business loan from a bank or financial institution,0,0
Manufacturing,"Veteran, Native Hawaiian and Other Pacific Islander",Business loan from a bank or financial institution,0,0
Manufacturing,"Veteran, Native Hawaiian and Other Pacific Islander",Business loan/investment from family/friends,0,0
Manufacturing,"Veteran, Native Hawaiian and Other Pacific Islander",Investment by venture capitalist(s),0,0
Manufacturing,"Veteran, Native Hawaiian and Other Pacific Islander",Grants,0,0
Manufacturing,"Veteran, Native Hawaiian and Other Pacific Islander",Other source(s) of capital,0,0
Manufacturing,"Veteran, Native Hawaiian and Other Pacific Islander",Don't know,0,0
Manufacturing,"Veteran, Native Hawaiian and Other Pacific Islander",None needed,23,S
Manufacturing,"Veteran, Native Hawaiian and Other Pacific Islander",Total reporting,49,S
Manufacturing,"Veteran, Native Hawaiian and Other Pacific Islander",Item not reported,0,0
Manufacturing,"Veteran, some other race",All firms,1062,191018
Manufacturing,"Veteran, some other race",Personal/family savings of owner(s),105,80144
Manufacturing,"Veteran, some other race",Personal/family assets other than savings of owner(s),49,60161
Manufacturing,"Veteran, some other race",Personal/family home equity loan,7,S
Manufacturing,"Veteran, some other race",Personal credit card(s) carrying balances,32,S
Manufacturing,"Veteran, some other race",Business credit card(s) carrying balances,9,S
Manufacturing,"Veteran, some other race","Business loan from federal, state, or local government",0,0
Manufacturing,"Veteran, some other race",Government-guaranteed business loan from a bank or financial institution,0,0
Manufacturing,"Veteran, some other race",Business loan from a bank or financial institution,9,S
Manufacturing,"Veteran, some other race",Business loan/investment from family/friends,0,0
Manufacturing,"Veteran, some other race",Investment by venture capitalist(s),0,0
Manufacturing,"Veteran, some other race",Grants,0,0
Manufacturing,"Veteran, some other race",Other source(s) of capital,0,0
Manufacturing,"Veteran, some other race",Don't know,14,S
Manufacturing,"Veteran, some other race",None needed,20,S
Manufacturing,"Veteran, some other race",Total reporting,173,239697
Manufacturing,"Veteran, some other race",Item not reported,24,S
Manufacturing,"Veteran, minority",All firms,7489,4055111
Manufacturing,"Veteran, minority",Personal/family savings of owner(s),1849,1314513
Manufacturing,"Veteran, minority",Personal/family assets other than savings of owner(s),250,123254
Manufacturing,"Veteran, minority",Personal/family home equity loan,167,114347
Manufacturing,"Veteran, minority",Personal credit card(s) carrying balances,373,197894
Manufacturing,"Veteran, minority",Business credit card(s) carrying balances,123,20359
Manufacturing,"Veteran, minority","Business loan from federal, state, or local government",2,S
Manufacturing,"Veteran, minority",Government-guaranteed business loan from a bank or financial institution,41,35405
Manufacturing,"Veteran, minority",Business loan from a bank or financial institution,162,378384
Manufacturing,"Veteran, minority",Business loan/investment from family/friends,127,21580
Manufacturing,"Veteran, minority",Investment by venture capitalist(s),17,S
Manufacturing,"Veteran, minority",Grants,8,S
Manufacturing,"Veteran, minority",Other source(s) of capital,68,S
Manufacturing,"Veteran, minority",Don't know,79,271421
Manufacturing,"Veteran, minority",None needed,446,51064
Manufacturing,"Veteran, minority",Total reporting,2611(r),1823732(r)
Manufacturing,"Veteran, minority",Item not reported,103(r),S
Manufacturing,"Veteran, equally minority/nonminority",All firms,64,79843
Manufacturing,"Veteran, equally minority/nonminority",Personal/family savings of owner(s),33,S
Manufacturing,"Veteran, equally minority/nonminority",Personal/family assets other than savings of owner(s),2,S
Manufacturing,"Veteran, equally minority/nonminority",Personal/family home equity loan,2,S
Manufacturing,"Veteran, equally minority/nonminority",Personal credit card(s) carrying balances,14,S
Manufacturing,"Veteran, equally minority/nonminority",Business credit card(s) carrying balances,4,S
Manufacturing,"Veteran, equally minority/nonminority","Business loan from federal, state, or local government",0,0
Manufacturing,"Veteran, equally minority/nonminority",Government-guaranteed business loan from a bank or financial institution,0,0
Manufacturing,"Veteran, equally minority/nonminority",Business loan from a bank or financial institution,0,0
Manufacturing,"Veteran, equally minority/nonminority",Business loan/investment from family/friends,0,0
Manufacturing,"Veteran, equally minority/nonminority",Investment by venture capitalist(s),0,0
Manufacturing,"Veteran, equally minority/nonminority",Grants,0,0
Manufacturing,"Veteran, equally minority/nonminority",Other source(s) of capital,0,0
Manufacturing,"Veteran, equally minority/nonminority",Don't know,0,0
Manufacturing,"Veteran, equally minority/nonminority",None needed,0,0
Manufacturing,"Veteran, equally minority/nonminority",Total reporting,33,S
Manufacturing,"Veteran, equally minority/nonminority",Item not reported,0,0
Manufacturing,"Veteran, nonminority",All firms,52473,136581750
Manufacturing,"Veteran, nonminority",Personal/family savings of owner(s),24348,50010514
Manufacturing,"Veteran, nonminority",Personal/family assets other than savings of owner(s),3841,13213050
Manufacturing,"Veteran, nonminority",Personal/family home equity loan,1899,3728004
Manufacturing,"Veteran, nonminority",Personal credit card(s) carrying balances,4023,1674501
Manufacturing,"Veteran, nonminority",Business credit card(s) carrying balances,1292,659550
Manufacturing,"Veteran, nonminority","Business loan from federal, state, or local government",137,267646
Manufacturing,"Veteran, nonminority",Government-guaranteed business loan from a bank or financial institution,709,1044621
Manufacturing,"Veteran, nonminority",Business loan from a bank or financial institution,4647,20005094
Manufacturing,"Veteran, nonminority",Business loan/investment from family/friends,1282,5375660
Manufacturing,"Veteran, nonminority",Investment by venture capitalist(s),86,531499
Manufacturing,"Veteran, nonminority",Grants,116,S
Manufacturing,"Veteran, nonminority",Other source(s) of capital,1179,4503748
Manufacturing,"Veteran, nonminority",Don't know,3544,30559448
Manufacturing,"Veteran, nonminority",None needed,4170,3761499
Manufacturing,"Veteran, nonminority",Total reporting,37498(r),96651109(r)
Manufacturing,"Veteran, nonminority",Item not reported,977(r),1377907(r)
Manufacturing,Equally veteran/nonveteran,All firms,20306,30206344
Manufacturing,Equally veteran/nonveteran,Personal/family savings of owner(s),12497,13223141
Manufacturing,Equally veteran/nonveteran,Personal/family assets other than savings of owner(s),1964,3162125
Manufacturing,Equally veteran/nonveteran,Personal/family home equity loan,1634,1816228
Manufacturing,Equally veteran/nonveteran,Personal credit card(s) carrying balances,1261,563084
Manufacturing,Equally veteran/nonveteran,Business credit card(s) carrying balances,483,303568
Manufacturing,Equally veteran/nonveteran,"Business loan from federal, state, or local government",37,S
Manufacturing,Equally veteran/nonveteran,Government-guaranteed business loan from a bank or financial institution,242,410207
Manufacturing,Equally veteran/nonveteran,Business loan from a bank or financial institution,2814,7670005
Manufacturing,Equally veteran/nonveteran,Business loan/investment from family/friends,582,2072470
Manufacturing,Equally veteran/nonveteran,Investment by venture capitalist(s),86,85717
Manufacturing,Equally veteran/nonveteran,Grants,70,24404
Manufacturing,Equally veteran/nonveteran,Other source(s) of capital,569,S
Manufacturing,Equally veteran/nonveteran,Don't know,870,3006433
Manufacturing,Equally veteran/nonveteran,None needed,1150,558712
Manufacturing,Equally veteran/nonveteran,Total reporting,17493,21508019
Manufacturing,Equally veteran/nonveteran,Item not reported,60,S
Manufacturing,"Equally veteran/nonveteran, female-owned",All firms,53,65501
Manufacturing,"Equally veteran/nonveteran, female-owned",Personal/family savings of owner(s),55,S
Manufacturing,"Equally veteran/nonveteran, female-owned",Personal/family assets other than savings of owner(s),8,S
Manufacturing,"Equally veteran/nonveteran, female-owned",Personal/family home equity loan,6,S
Manufacturing,"Equally veteran/nonveteran, female-owned",Personal credit card(s) carrying balances,39,S
Manufacturing,"Equally veteran/nonveteran, female-owned",Business credit card(s) carrying balances,0,0
Manufacturing,"Equally veteran/nonveteran, female-owned","Business loan from federal, state, or local government",0,0
Manufacturing,"Equally veteran/nonveteran, female-owned",Government-guaranteed business loan from a bank or financial institution,0,0
Manufacturing,"Equally veteran/nonveteran, female-owned",Business loan from a bank or financial institution,0,0
Manufacturing,"Equally veteran/nonveteran, female-owned",Business loan/investment from family/friends,0,0
Manufacturing,"Equally veteran/nonveteran, female-owned",Investment by venture capitalist(s),0,0
Manufacturing,"Equally veteran/nonveteran, female-owned",Grants,0,0
Manufacturing,"Equally veteran/nonveteran, female-owned",Other source(s) of capital,0,0
Manufacturing,"Equally veteran/nonveteran, female-owned",Don't know,0,0
Manufacturing,"Equally veteran/nonveteran, female-owned",None needed,2,S
Manufacturing,"Equally veteran/nonveteran, female-owned",Total reporting,63,S
Manufacturing,"Equally veteran/nonveteran, female-owned",Item not reported,2,S
Manufacturing,"Equally veteran/nonveteran, male-owned",All firms,5140,17379485
Manufacturing,"Equally veteran/nonveteran, male-owned",Personal/family savings of owner(s),2527,7969476
Manufacturing,"Equally veteran/nonveteran, male-owned",Personal/family assets other than savings of owner(s),602,2022022
Manufacturing,"Equally veteran/nonveteran, male-owned",Personal/family home equity loan,386,808727
Manufacturing,"Equally veteran/nonveteran, male-owned",Personal credit card(s) carrying balances,316,320617
Manufacturing,"Equally veteran/nonveteran, male-owned",Business credit card(s) carrying balances,182,186501
Manufacturing,"Equally veteran/nonveteran, male-owned","Business loan from federal, state, or local government",32,S
Manufacturing,"Equally veteran/nonveteran, male-owned",Government-guaranteed business loan from a bank or financial institution,58,175469
Manufacturing,"Equally veteran/nonveteran, male-owned",Business loan from a bank or financial institution,1123,5098272
Manufacturing,"Equally veteran/nonveteran, male-owned",Business loan/investment from family/friends,224,S
Manufacturing,"Equally veteran/nonveteran, male-owned",Investment by venture capitalist(s),16,66544
Manufacturing,"Equally veteran/nonveteran, male-owned",Grants,5,17549
Manufacturing,"Equally veteran/nonveteran, male-owned",Other source(s) of capital,159,S
Manufacturing,"Equally veteran/nonveteran, male-owned",Don't know,372,2284120
Manufacturing,"Equally veteran/nonveteran, male-owned",None needed,265,388726
Manufacturing,"Equally veteran/nonveteran, male-owned",Total reporting,4053,13741574
Manufacturing,"Equally veteran/nonveteran, male-owned",Item not reported,25,S
Manufacturing,"Equally veteran/nonveteran, equally male-/female-owned",All firms,15113,12761358
Manufacturing,"Equally veteran/nonveteran, equally male-/female-owned",Personal/family savings of owner(s),9915,5252558
Manufacturing,"Equally veteran/nonveteran, equally male-/female-owned",Personal/family assets other than savings of owner(s),1354,1140071
Manufacturing,"Equally veteran/nonveteran, equally male-/female-owned",Personal/family home equity loan,1243,1005560
Manufacturing,"Equally veteran/nonveteran, equally male-/female-owned",Personal credit card(s) carrying balances,906,242343
Manufacturing,"Equally veteran/nonveteran, equally male-/female-owned",Business credit card(s) carrying balances,301,117067
Manufacturing,"Equally veteran/nonveteran, equally male-/female-owned","Business loan from federal, state, or local government",5,S
Manufacturing,"Equally veteran/nonveteran, equally male-/female-owned",Government-guaranteed business loan from a bank or financial institution,183,234737
Manufacturing,"Equally veteran/nonveteran, equally male-/female-owned",Business loan from a bank or financial institution,1691,2571733
Manufacturing,"Equally veteran/nonveteran, equally male-/female-owned",Business loan/investment from family/friends,358,325951
Manufacturing,"Equally veteran/nonveteran, equally male-/female-owned",Investment by venture capitalist(s),70,S
Manufacturing,"Equally veteran/nonveteran, equally male-/female-owned",Grants,66,S
Manufacturing,"Equally veteran/nonveteran, equally male-/female-owned",Other source(s) of capital,410,S
Manufacturing,"Equally veteran/nonveteran, equally male-/female-owned",Don't know,498,722313
Manufacturing,"Equally veteran/nonveteran, equally male-/female-owned",None needed,883,169551
Manufacturing,"Equally veteran/nonveteran, equally male-/female-owned",Total reporting,13376,7762962
Manufacturing,"Equally veteran/nonveteran, equally male-/female-owned",Item not reported,33,2802
Manufacturing,"Equally veteran/nonveteran, Hispanic",All firms,228,250734
Manufacturing,"Equally veteran/nonveteran, Hispanic",Personal/family savings of owner(s),93,S
Manufacturing,"Equally veteran/nonveteran, Hispanic",Personal/family assets other than savings of owner(s),12,S
Manufacturing,"Equally veteran/nonveteran, Hispanic",Personal/family home equity loan,35,S
Manufacturing,"Equally veteran/nonveteran, Hispanic",Personal credit card(s) carrying balances,17,S
Manufacturing,"Equally veteran/nonveteran, Hispanic",Business credit card(s) carrying balances,6,S
Manufacturing,"Equally veteran/nonveteran, Hispanic","Business loan from federal, state, or local government",0,0
Manufacturing,"Equally veteran/nonveteran, Hispanic",Government-guaranteed business loan from a bank or financial institution,2,S
Manufacturing,"Equally veteran/nonveteran, Hispanic",Business loan from a bank or financial institution,39,S
Manufacturing,"Equally veteran/nonveteran, Hispanic",Business loan/investment from family/friends,10,S
Manufacturing,"Equally veteran/nonveteran, Hispanic",Investment by venture capitalist(s),0,0
Manufacturing,"Equally veteran/nonveteran, Hispanic",Grants,0,0
Manufacturing,"Equally veteran/nonveteran, Hispanic",Other source(s) of capital,6,S
Manufacturing,"Equally veteran/nonveteran, Hispanic",Don't know,2,S
Manufacturing,"Equally veteran/nonveteran, Hispanic",None needed,2,S
Manufacturing,"Equally veteran/nonveteran, Hispanic",Total reporting,131,192333
Manufacturing,"Equally veteran/nonveteran, Hispanic",Item not reported,0,0
Manufacturing,"Equally veteran/nonveteran, equally Hispanic/non-Hispanic",All firms,467,610186
Manufacturing,"Equally veteran/nonveteran, equally Hispanic/non-Hispanic",Personal/family savings of owner(s),204,S
Manufacturing,"Equally veteran/nonveteran, equally Hispanic/non-Hispanic",Personal/family assets other than savings of owner(s),16,3153
Manufacturing,"Equally veteran/nonveteran, equally Hispanic/non-Hispanic",Personal/family home equity loan,51,S
Manufacturing,"Equally veteran/nonveteran, equally Hispanic/non-Hispanic",Personal credit card(s) carrying balances,25,6720
Manufacturing,"Equally veteran/nonveteran, equally Hispanic/non-Hispanic",Business credit card(s) carrying balances,26,S
Manufacturing,"Equally veteran/nonveteran, equally Hispanic/non-Hispanic","Business loan from federal, state, or local government",0,0
Manufacturing,"Equally veteran/nonveteran, equally Hispanic/non-Hispanic",Government-guaranteed business loan from a bank or financial institution,0,0
Manufacturing,"Equally veteran/nonveteran, equally Hispanic/non-Hispanic",Business loan from a bank or financial institution,49,S
Manufacturing,"Equally veteran/nonveteran, equally Hispanic/non-Hispanic",Business loan/investment from family/friends,8,S
Manufacturing,"Equally veteran/nonveteran, equally Hispanic/non-Hispanic",Investment by venture capitalist(s),0,0
Manufacturing,"Equally veteran/nonveteran, equally Hispanic/non-Hispanic",Grants,0,0
Manufacturing,"Equally veteran/nonveteran, equally Hispanic/non-Hispanic",Other source(s) of capital,10,S
Manufacturing,"Equally veteran/nonveteran, equally Hispanic/non-Hispanic",Don't know,0,0
Manufacturing,"Equally veteran/nonveteran, equally Hispanic/non-Hispanic",None needed,6,S
Manufacturing,"Equally veteran/nonveteran, equally Hispanic/non-Hispanic",Total reporting,263,293559
Manufacturing,"Equally veteran/nonveteran, equally Hispanic/non-Hispanic",Item not reported,0,0
Manufacturing,"Equally veteran/nonveteran, non-Hispanic",All firms,19612,29345423
Manufacturing,"Equally veteran/nonveteran, non-Hispanic",Personal/family savings of owner(s),12200,12799575
Manufacturing,"Equally veteran/nonveteran, non-Hispanic",Personal/family assets other than savings of owner(s),1936,3082595
Manufacturing,"Equally veteran/nonveteran, non-Hispanic",Personal/family home equity loan,1548,1644923
Manufacturing,"Equally veteran/nonveteran, non-Hispanic",Personal credit card(s) carrying balances,1219,475260
Manufacturing,"Equally veteran/nonveteran, non-Hispanic",Business credit card(s) carrying balances,450,244926
Manufacturing,"Equally veteran/nonveteran, non-Hispanic","Business loan from federal, state, or local government",37,S
Manufacturing,"Equally veteran/nonveteran, non-Hispanic",Government-guaranteed business loan from a bank or financial institution,240,392618
Manufacturing,"Equally veteran/nonveteran, non-Hispanic",Business loan from a bank or financial institution,2726,7439985
Manufacturing,"Equally veteran/nonveteran, non-Hispanic",Business loan/investment from family/friends,565,2003387
Manufacturing,"Equally veteran/nonveteran, non-Hispanic",Investment by venture capitalist(s),86,85717
Manufacturing,"Equally veteran/nonveteran, non-Hispanic",Grants,70,24404
Manufacturing,"Equally veteran/nonveteran, non-Hispanic",Other source(s) of capital,553,S
Manufacturing,"Equally veteran/nonveteran, non-Hispanic",Don't know,868,2993885
Manufacturing,"Equally veteran/nonveteran, non-Hispanic",None needed,1142,553217
Manufacturing,"Equally veteran/nonveteran, non-Hispanic",Total reporting,17100,21022127
Manufacturing,"Equally veteran/nonveteran, non-Hispanic",Item not reported,60,S
Manufacturing,"Equally veteran/nonveteran, White",All firms,19114,29563254
Manufacturing,"Equally veteran/nonveteran, White",Personal/family savings of owner(s),11849,12925930
Manufacturing,"Equally veteran/nonveteran, White",Personal/family assets other than savings of owner(s),1859,3132074
Manufacturing,"Equally veteran/nonveteran, White",Personal/family home equity loan,1528,1787451
Manufacturing,"Equally veteran/nonveteran, White",Personal credit card(s) carrying balances,1090,528663
Manufacturing,"Equally veteran/nonveteran, White",Business credit card(s) carrying balances,437,287927
Manufacturing,"Equally veteran/nonveteran, White","Business loan from federal, state, or local government",37,S
Manufacturing,"Equally veteran/nonveteran, White",Government-guaranteed business loan from a bank or financial institution,235,397982
Manufacturing,"Equally veteran/nonveteran, White",Business loan from a bank or financial institution,2654,7634227
Manufacturing,"Equally veteran/nonveteran, White",Business loan/investment from family/friends,556,2054958
Manufacturing,"Equally veteran/nonveteran, White",Investment by venture capitalist(s),86,85717
Manufacturing,"Equally veteran/nonveteran, White",Grants,70,24404
Manufacturing,"Equally veteran/nonveteran, White",Other source(s) of capital,557,S
Manufacturing,"Equally veteran/nonveteran, White",Don't know,847,3005897
Manufacturing,"Equally veteran/nonveteran, White",None needed,1118,554808
Manufacturing,"Equally veteran/nonveteran, White",Total reporting,16599,21166549
Manufacturing,"Equally veteran/nonveteran, White",Item not reported,45,S
Manufacturing,"Equally veteran/nonveteran, Black or African American",All firms,131,23067
Manufacturing,"Equally veteran/nonveteran, Black or African American",Personal/family savings of owner(s),59,11510
Manufacturing,"Equally veteran/nonveteran, Black or African American",Personal/family assets other than savings of owner(s),47,S
Manufacturing,"Equally veteran/nonveteran, Black or African American",Personal/family home equity loan,7,3802
Manufacturing,"Equally veteran/nonveteran, Black or African American",Personal credit card(s) carrying balances,14,9740
Manufacturing,"Equally veteran/nonveteran, Black or African American",Business credit card(s) carrying balances,2,S
Manufacturing,"Equally veteran/nonveteran, Black or African American","Business loan from federal, state, or local government",0,0
Manufacturing,"Equally veteran/nonveteran, Black or African American",Government-guaranteed business loan from a bank or financial institution,5,S
Manufacturing,"Equally veteran/nonveteran, Black or African American",Business loan from a bank or financial institution,40,S
Manufacturing,"Equally veteran/nonveteran, Black or African American",Business loan/investment from family/friends,0,0
Manufacturing,"Equally veteran/nonveteran, Black or African American",Investment by venture capitalist(s),0,0
Manufacturing,"Equally veteran/nonveteran, Black or African American",Grants,0,0
Manufacturing,"Equally veteran/nonveteran, Black or African American",Other source(s) of capital,0,0
Manufacturing,"Equally veteran/nonveteran, Black or African American",Don't know,0,0
Manufacturing,"Equally veteran/nonveteran, Black or African American",None needed,0,0
Manufacturing,"Equally veteran/nonveteran, Black or African American",Total reporting,105,11809
Manufacturing,"Equally veteran/nonveteran, Black or African American",Item not reported,13,S
Manufacturing,"Equally veteran/nonveteran, American Indian and Alaska Native",All firms,56,12244
Manufacturing,"Equally veteran/nonveteran, American Indian and Alaska Native",Personal/family savings of owner(s),43,2016
Manufacturing,"Equally veteran/nonveteran, American Indian and Alaska Native",Personal/family assets other than savings of owner(s),8,S
Manufacturing,"Equally veteran/nonveteran, American Indian and Alaska Native",Personal/family home equity loan,0,0
Manufacturing,"Equally veteran/nonveteran, American Indian and Alaska Native",Personal credit card(s) carrying balances,25,S
Manufacturing,"Equally veteran/nonveteran, American Indian and Alaska Native",Business credit card(s) carrying balances,0,0
Manufacturing,"Equally veteran/nonveteran, American Indian and Alaska Native","Business loan from federal, state, or local government",0,0
Manufacturing,"Equally veteran/nonveteran, American Indian and Alaska Native",Government-guaranteed business loan from a bank or financial institution,0,0
Manufacturing,"Equally veteran/nonveteran, American Indian and Alaska Native",Business loan from a bank or financial institution,12,S
Manufacturing,"Equally veteran/nonveteran, American Indian and Alaska Native",Business loan/investment from family/friends,0,0
Manufacturing,"Equally veteran/nonveteran, American Indian and Alaska Native",Investment by venture capitalist(s),0,0
Manufacturing,"Equally veteran/nonveteran, American Indian and Alaska Native",Grants,0,0
Manufacturing,"Equally veteran/nonveteran, American Indian and Alaska Native",Other source(s) of capital,0,0
Manufacturing,"Equally veteran/nonveteran, American Indian and Alaska Native",Don't know,0,0
Manufacturing,"Equally veteran/nonveteran, American Indian and Alaska Native",None needed,0,0
Manufacturing,"Equally veteran/nonveteran, American Indian and Alaska Native",Total reporting,53,2195
Manufacturing,"Equally veteran/nonveteran, American Indian and Alaska Native",Item not reported,0,0
Manufacturing,"Equally veteran/nonveteran, Asian",All firms,147,65221
Manufacturing,"Equally veteran/nonveteran, Asian",Personal/family savings of owner(s),100,28878
Manufacturing,"Equally veteran/nonveteran, Asian",Personal/family assets other than savings of owner(s),4,S
Manufacturing,"Equally veteran/nonveteran, Asian",Personal/family home equity loan,32,17563
Manufacturing,"Equally veteran/nonveteran, Asian",Personal credit card(s) carrying balances,15,S
Manufacturing,"Equally veteran/nonveteran, Asian",Business credit card(s) carrying balances,8,S
Manufacturing,"Equally veteran/nonveteran, Asian","Business loan from federal, state, or local government",0,0
Manufacturing,"Equally veteran/nonveteran, Asian",Government-guaranteed business loan from a bank or financial institution,7,S
Manufacturing,"Equally veteran/nonveteran, Asian",Business loan from a bank or financial institution,31,17585
Manufacturing,"Equally veteran/nonveteran, Asian",Business loan/investment from family/friends,20,S
Manufacturing,"Equally veteran/nonveteran, Asian",Investment by venture capitalist(s),0,0
Manufacturing,"Equally veteran/nonveteran, Asian",Grants,0,0
Manufacturing,"Equally veteran/nonveteran, Asian",Other source(s) of capital,0,0
Manufacturing,"Equally veteran/nonveteran, Asian",Don't know,0,0
Manufacturing,"Equally veteran/nonveteran, Asian",None needed,5,S
Manufacturing,"Equally veteran/nonveteran, Asian",Total reporting,119,33588
Manufacturing,"Equally veteran/nonveteran, Asian",Item not reported,0,0
Manufacturing,"Equally veteran/nonveteran, Native Hawaiian and Other Pacific Islander",All firms,4,100
Manufacturing,"Equally veteran/nonveteran, Native Hawaiian and Other Pacific Islander",Personal/family savings of owner(s),4,S
Manufacturing,"Equally veteran/nonveteran, Native Hawaiian and Other Pacific Islander",Personal/family assets other than savings of owner(s),0,0
Manufacturing,"Equally veteran/nonveteran, Native Hawaiian and Other Pacific Islander",Personal/family home equity loan,0,0
Manufacturing,"Equally veteran/nonveteran, Native Hawaiian and Other Pacific Islander",Personal credit card(s) carrying balances,0,0
Manufacturing,"Equally veteran/nonveteran, Native Hawaiian and Other Pacific Islander",Business credit card(s) carrying balances,0,0
Manufacturing,"Equally veteran/nonveteran, Native Hawaiian and Other Pacific Islander","Business loan from federal, state, or local government",0,0
Manufacturing,"Equally veteran/nonveteran, Native Hawaiian and Other Pacific Islander",Government-guaranteed business loan from a bank or financial institution,0,0
Manufacturing,"Equally veteran/nonveteran, Native Hawaiian and Other Pacific Islander",Business loan from a bank or financial institution,0,0
Manufacturing,"Equally veteran/nonveteran, Native Hawaiian and Other Pacific Islander",Business loan/investment from family/friends,0,0
Manufacturing,"Equally veteran/nonveteran, Native Hawaiian and Other Pacific Islander",Investment by venture capitalist(s),0,0
Manufacturing,"Equally veteran/nonveteran, Native Hawaiian and Other Pacific Islander",Grants,0,0
Manufacturing,"Equally veteran/nonveteran, Native Hawaiian and Other Pacific Islander",Other source(s) of capital,0,0
Manufacturing,"Equally veteran/nonveteran, Native Hawaiian and Other Pacific Islander",Don't know,0,0
Manufacturing,"Equally veteran/nonveteran, Native Hawaiian and Other Pacific Islander",None needed,0,0
Manufacturing,"Equally veteran/nonveteran, Native Hawaiian and Other Pacific Islander",Total reporting,4,S
Manufacturing,"Equally veteran/nonveteran, Native Hawaiian and Other Pacific Islander",Item not reported,0,0
Manufacturing,"Equally veteran/nonveteran, some other race",All firms,114,S
Manufacturing,"Equally veteran/nonveteran, some other race",Personal/family savings of owner(s),6,S
Manufacturing,"Equally veteran/nonveteran, some other race",Personal/family assets other than savings of owner(s),0,S
Manufacturing,"Equally veteran/nonveteran, some other race",Personal/family home equity loan,0,S
Manufacturing,"Equally veteran/nonveteran, some other race",Personal credit card(s) carrying balances,0,S
Manufacturing,"Equally veteran/nonveteran, some other race",Business credit card(s) carrying balances,0,S
Manufacturing,"Equally veteran/nonveteran, some other race","Business loan from federal, state, or local government",0,S
Manufacturing,"Equally veteran/nonveteran, some other race",Government-guaranteed business loan from a bank or financial institution,0,S
Manufacturing,"Equally veteran/nonveteran, some other race",Business loan from a bank or financial institution,14,S
Manufacturing,"Equally veteran/nonveteran, some other race",Business loan/investment from family/friends,0,S
Manufacturing,"Equally veteran/nonveteran, some other race",Investment by venture capitalist(s),0,S
Manufacturing,"Equally veteran/nonveteran, some other race",Grants,0,S
Manufacturing,"Equally veteran/nonveteran, some other race",Other source(s) of capital,0,S
Manufacturing,"Equally veteran/nonveteran, some other race",Don't know,0,S
Manufacturing,"Equally veteran/nonveteran, some other race",None needed,0,S
Manufacturing,"Equally veteran/nonveteran, some other race",Total reporting,20,S
Manufacturing,"Equally veteran/nonveteran, some other race",Item not reported,0,S
Manufacturing,"Equally veteran/nonveteran, minority",All firms,617,373295
Manufacturing,"Equally veteran/nonveteran, minority",Personal/family savings of owner(s),328,202486
Manufacturing,"Equally veteran/nonveteran, minority",Personal/family assets other than savings of owner(s),72,S
Manufacturing,"Equally veteran/nonveteran, minority",Personal/family home equity loan,94,23536
Manufacturing,"Equally veteran/nonveteran, minority",Personal credit card(s) carrying balances,68,104378
Manufacturing,"Equally veteran/nonveteran, minority",Business credit card(s) carrying balances,40,S
Manufacturing,"Equally veteran/nonveteran, minority","Business loan from federal, state, or local government",0,0
Manufacturing,"Equally veteran/nonveteran, minority",Government-guaranteed business loan from a bank or financial institution,9,29813
Manufacturing,"Equally veteran/nonveteran, minority",Business loan from a bank or financial institution,147,107804
Manufacturing,"Equally veteran/nonveteran, minority",Business loan/investment from family/friends,29,S
Manufacturing,"Equally veteran/nonveteran, minority",Investment by venture capitalist(s),0,0
Manufacturing,"Equally veteran/nonveteran, minority",Grants,0,0
Manufacturing,"Equally veteran/nonveteran, minority",Other source(s) of capital,6,S
Manufacturing,"Equally veteran/nonveteran, minority",Don't know,2,S
Manufacturing,"Equally veteran/nonveteran, minority",None needed,16,S
Manufacturing,"Equally veteran/nonveteran, minority",Total reporting,473,260693
Manufacturing,"Equally veteran/nonveteran, minority",Item not reported,13,S
Manufacturing,"Equally veteran/nonveteran, equally minority/nonminority",All firms,1218,990276
Manufacturing,"Equally veteran/nonveteran, equally minority/nonminority",Personal/family savings of owner(s),778,524217
Manufacturing,"Equally veteran/nonveteran, equally minority/nonminority",Personal/family assets other than savings of owner(s),89,38457
Manufacturing,"Equally veteran/nonveteran, equally minority/nonminority",Personal/family home equity loan,86,S
Manufacturing,"Equally veteran/nonveteran, equally minority/nonminority",Personal credit card(s) carrying balances,174,17056
Manufacturing,"Equally veteran/nonveteran, equally minority/nonminority",Business credit card(s) carrying balances,28,S
Manufacturing,"Equally veteran/nonveteran, equally minority/nonminority","Business loan from federal, state, or local government",0,0
Manufacturing,"Equally veteran/nonveteran, equally minority/nonminority",Government-guaranteed business loan from a bank or financial institution,10,S
Manufacturing,"Equally veteran/nonveteran, equally minority/nonminority",Business loan from a bank or financial institution,57,S
Manufacturing,"Equally veteran/nonveteran, equally minority/nonminority",Business loan/investment from family/friends,16,S
Manufacturing,"Equally veteran/nonveteran, equally minority/nonminority",Investment by venture capitalist(s),0,0
Manufacturing,"Equally veteran/nonveteran, equally minority/nonminority",Grants,0,0
Manufacturing,"Equally veteran/nonveteran, equally minority/nonminority",Other source(s) of capital,22,7313
Manufacturing,"Equally veteran/nonveteran, equally minority/nonminority",Don't know,22,S
Manufacturing,"Equally veteran/nonveteran, equally minority/nonminority",None needed,44,7012
Manufacturing,"Equally veteran/nonveteran, equally minority/nonminority",Total reporting,964,574061
Manufacturing,"Equally veteran/nonveteran, equally minority/nonminority",Item not reported,2,S
Manufacturing,"Equally veteran/nonveteran, nonminority",All firms,18472,28842772
Manufacturing,"Equally veteran/nonveteran, nonminority",Personal/family savings of owner(s),11391,12496438
Manufacturing,"Equally veteran/nonveteran, nonminority",Personal/family assets other than savings of owner(s),1803,3046112
Manufacturing,"Equally veteran/nonveteran, nonminority",Personal/family home equity loan,1454,1601127
Manufacturing,"Equally veteran/nonveteran, nonminority",Personal credit card(s) carrying balances,1020,441650
Manufacturing,"Equally veteran/nonveteran, nonminority",Business credit card(s) carrying balances,414,230216
Manufacturing,"Equally veteran/nonveteran, nonminority","Business loan from federal, state, or local government",37,S
Manufacturing,"Equally veteran/nonveteran, nonminority",Government-guaranteed business loan from a bank or financial institution,223,377051
Manufacturing,"Equally veteran/nonveteran, nonminority",Business loan from a bank or financial institution,2610,7405993
Manufacturing,"Equally veteran/nonveteran, nonminority",Business loan/investment from family/friends,537,1985823
Manufacturing,"Equally veteran/nonveteran, nonminority",Investment by venture capitalist(s),86,85717
Manufacturing,"Equally veteran/nonveteran, nonminority",Grants,70,24404
Manufacturing,"Equally veteran/nonveteran, nonminority",Other source(s) of capital,542,S
Manufacturing,"Equally veteran/nonveteran, nonminority",Don't know,845,2993349
Manufacturing,"Equally veteran/nonveteran, nonminority",None needed,1090,546240
Manufacturing,"Equally veteran/nonveteran, nonminority",Total reporting,16056,20673265
Manufacturing,"Equally veteran/nonveteran, nonminority",Item not reported,45,S
Manufacturing,Nonveteran,All firms,492985,1160265673
Manufacturing,Nonveteran,Personal/family savings of owner(s),209832,360938023
Manufacturing,Nonveteran,Personal/family assets other than savings of owner(s),28294,74192430
Manufacturing,Nonveteran,Personal/family home equity loan,18665,34179318
Manufacturing,Nonveteran,Personal credit card(s) carrying balances,31266,21837717
Manufacturing,Nonveteran,Business credit card(s) carrying balances,11282,8560376
Manufacturing,Nonveteran,"Business loan from federal, state, or local government",1567,8144502
Manufacturing,Nonveteran,Government-guaranteed business loan from a bank or financial institution,4957,16961020
Manufacturing,Nonveteran,Business loan from a bank or financial institution,36708,171181369
Manufacturing,Nonveteran,Business loan/investment from family/friends,12392,36994354
Manufacturing,Nonveteran,Investment by venture capitalist(s),2001,16402327
Manufacturing,Nonveteran,Grants,988,2442536
Manufacturing,Nonveteran,Other source(s) of capital,8709,37351459
Manufacturing,Nonveteran,Don't know,29545,237479115
Manufacturing,Nonveteran,None needed,42608,49092295
Manufacturing,Nonveteran,Total reporting,326342(r),773929408(r)
Manufacturing,Nonveteran,Item not reported,5348(r),8466920(r)
Manufacturing,"Nonveteran, female-owned",All firms,134421,123372185
Manufacturing,"Nonveteran, female-owned",Personal/family savings of owner(s),55777,42427185
Manufacturing,"Nonveteran, female-owned",Personal/family assets other than savings of owner(s),6702,8824303
Manufacturing,"Nonveteran, female-owned",Personal/family home equity loan,4287,6011895
Manufacturing,"Nonveteran, female-owned",Personal credit card(s) carrying balances,8781,3137913
Manufacturing,"Nonveteran, female-owned",Business credit card(s) carrying balances,3344,1080802
Manufacturing,"Nonveteran, female-owned","Business loan from federal, state, or local government",323,641943
Manufacturing,"Nonveteran, female-owned",Government-guaranteed business loan from a bank or financial institution,887,1565930
Manufacturing,"Nonveteran, female-owned",Business loan from a bank or financial institution,6342,14853693
Manufacturing,"Nonveteran, female-owned",Business loan/investment from family/friends,2080,4311979
Manufacturing,"Nonveteran, female-owned",Investment by venture capitalist(s),142,442216
Manufacturing,"Nonveteran, female-owned",Grants,286,73700
Manufacturing,"Nonveteran, female-owned",Other source(s) of capital,1829,1938960
Manufacturing,"Nonveteran, female-owned",Don't know,5169,30990025
Manufacturing,"Nonveteran, female-owned",None needed,14620,11441539
Manufacturing,"Nonveteran, female-owned",Total reporting,85584(r),96022616(r)
Manufacturing,"Nonveteran, female-owned",Item not reported,1671(r),813003(r)
Manufacturing,"Nonveteran, male-owned",All firms,298558,958566676
Manufacturing,"Nonveteran, male-owned",Personal/family savings of owner(s),121768,287391323
Manufacturing,"Nonveteran, male-owned",Personal/family assets other than savings of owner(s),16451,55175119
Manufacturing,"Nonveteran, male-owned",Personal/family home equity loan,10063,24596386
Manufacturing,"Nonveteran, male-owned",Personal credit card(s) carrying balances,17430,15544461
Manufacturing,"Nonveteran, male-owned",Business credit card(s) carrying balances,5885,6412195
Manufacturing,"Nonveteran, male-owned","Business loan from federal, state, or local government",943,6920392
Manufacturing,"Nonveteran, male-owned",Government-guaranteed business loan from a bank or financial institution,3113,13286140
Manufacturing,"Nonveteran, male-owned",Business loan from a bank or financial institution,23798,142123340
Manufacturing,"Nonveteran, male-owned",Business loan/investment from family/friends,7497,29578068
Manufacturing,"Nonveteran, male-owned",Investment by venture capitalist(s),1675,15811059
Manufacturing,"Nonveteran, male-owned",Grants,589,2252729
Manufacturing,"Nonveteran, male-owned",Other source(s) of capital,5587,33087227
Manufacturing,"Nonveteran, male-owned",Don't know,21925,196110064
Manufacturing,"Nonveteran, male-owned",None needed,24909,33170893
Manufacturing,"Nonveteran, male-owned",Total reporting,194959(r),623875185(r)
Manufacturing,"Nonveteran, male-owned",Item not reported,3440(r),7572644(r)
Manufacturing,"Nonveteran, equally male-/female-owned",All firms,60005,78326812
Manufacturing,"Nonveteran, equally male-/female-owned",Personal/family savings of owner(s),32287,31119516
Manufacturing,"Nonveteran, equally male-/female-owned",Personal/family assets other than savings of owner(s),5140,10193009
Manufacturing,"Nonveteran, equally male-/female-owned",Personal/family home equity loan,4315,3571037
Manufacturing,"Nonveteran, equally male-/female-owned",Personal credit card(s) carrying balances,5055,3155343
Manufacturing,"Nonveteran, equally male-/female-owned",Business credit card(s) carrying balances,2054,1067379
Manufacturing,"Nonveteran, equally male-/female-owned","Business loan from federal, state, or local government",301,582167
Manufacturing,"Nonveteran, equally male-/female-owned",Government-guaranteed business loan from a bank or financial institution,958,2108950
Manufacturing,"Nonveteran, equally male-/female-owned",Business loan from a bank or financial institution,6567,14204336
Manufacturing,"Nonveteran, equally male-/female-owned",Business loan/investment from family/friends,2814,3104307
Manufacturing,"Nonveteran, equally male-/female-owned",Investment by venture capitalist(s),185,149052
Manufacturing,"Nonveteran, equally male-/female-owned",Grants,113,S
Manufacturing,"Nonveteran, equally male-/female-owned",Other source(s) of capital,1293,2325272
Manufacturing,"Nonveteran, equally male-/female-owned",Don't know,2451,10379026
Manufacturing,"Nonveteran, equally male-/female-owned",None needed,3079,4479863
Manufacturing,"Nonveteran, equally male-/female-owned",Total reporting,45800(r),54031608(r)
Manufacturing,"Nonveteran, equally male-/female-owned",Item not reported,237(r),S
Manufacturing,"Nonveteran, Hispanic",All firms,47869,23505894
Manufacturing,"Nonveteran, Hispanic",Personal/family savings of owner(s),13329,8133453
Manufacturing,"Nonveteran, Hispanic",Personal/family assets other than savings of owner(s),1215,1686722
Manufacturing,"Nonveteran, Hispanic",Personal/family home equity loan,1070,697576
Manufacturing,"Nonveteran, Hispanic",Personal credit card(s) carrying balances,2168,785950
Manufacturing,"Nonveteran, Hispanic",Business credit card(s) carrying balances,449,233566
Manufacturing,"Nonveteran, Hispanic","Business loan from federal, state, or local government",16,S
Manufacturing,"Nonveteran, Hispanic",Government-guaranteed business loan from a bank or financial institution,124,149904
Manufacturing,"Nonveteran, Hispanic",Business loan from a bank or financial institution,1034,2002578
Manufacturing,"Nonveteran, Hispanic",Business loan/investment from family/friends,525,440062
Manufacturing,"Nonveteran, Hispanic",Investment by venture capitalist(s),12,497046
Manufacturing,"Nonveteran, Hispanic",Grants,90,S
Manufacturing,"Nonveteran, Hispanic",Other source(s) of capital,461,285482
Manufacturing,"Nonveteran, Hispanic",Don't know,1588,3722841
Manufacturing,"Nonveteran, Hispanic",None needed,2847,374755
Manufacturing,"Nonveteran, Hispanic",Total reporting,19933(r),13965648(r)
Manufacturing,"Nonveteran, Hispanic",Item not reported,657(r),247671(r)
Manufacturing,"Nonveteran, equally Hispanic/non-Hispanic",All firms,3440,2497354
Manufacturing,"Nonveteran, equally Hispanic/non-Hispanic",Personal/family savings of owner(s),1642,1350062
Manufacturing,"Nonveteran, equally Hispanic/non-Hispanic",Personal/family assets other than savings of owner(s),350,328191
Manufacturing,"Nonveteran, equally Hispanic/non-Hispanic",Personal/family home equity loan,243,134018
Manufacturing,"Nonveteran, equally Hispanic/non-Hispanic",Personal credit card(s) carrying balances,406,161807
Manufacturing,"Nonveteran, equally Hispanic/non-Hispanic",Business credit card(s) carrying balances,85,30127
Manufacturing,"Nonveteran, equally Hispanic/non-Hispanic","Business loan from federal, state, or local government",11,S
Manufacturing,"Nonveteran, equally Hispanic/non-Hispanic",Government-guaranteed business loan from a bank or financial institution,90,S
Manufacturing,"Nonveteran, equally Hispanic/non-Hispanic",Business loan from a bank or financial institution,443,517870
Manufacturing,"Nonveteran, equally Hispanic/non-Hispanic",Business loan/investment from family/friends,67,28822
Manufacturing,"Nonveteran, equally Hispanic/non-Hispanic",Investment by venture capitalist(s),6,2027
Manufacturing,"Nonveteran, equally Hispanic/non-Hispanic",Grants,10,S
Manufacturing,"Nonveteran, equally Hispanic/non-Hispanic",Other source(s) of capital,124,S
Manufacturing,"Nonveteran, equally Hispanic/non-Hispanic",Don't know,185,384804
Manufacturing,"Nonveteran, equally Hispanic/non-Hispanic",None needed,117,S
Manufacturing,"Nonveteran, equally Hispanic/non-Hispanic",Total reporting,2463,2170903
Manufacturing,"Nonveteran, equally Hispanic/non-Hispanic",Item not reported,22,S
Manufacturing,"Nonveteran, non-Hispanic",All firms,441676,1134262425
Manufacturing,"Nonveteran, non-Hispanic",Personal/family savings of owner(s),194861,351454508
Manufacturing,"Nonveteran, non-Hispanic",Personal/family assets other than savings of owner(s),26729,72177517
Manufacturing,"Nonveteran, non-Hispanic",Personal/family home equity loan,17353,33347724
Manufacturing,"Nonveteran, non-Hispanic",Personal credit card(s) carrying balances,28693,20889959
Manufacturing,"Nonveteran, non-Hispanic",Business credit card(s) carrying balances,10748,8296683
Manufacturing,"Nonveteran, non-Hispanic","Business loan from federal, state, or local government",1539,8040303
Manufacturing,"Nonveteran, non-Hispanic",Government-guaranteed business loan from a bank or financial institution,4744,16743938
Manufacturing,"Nonveteran, non-Hispanic",Business loan from a bank or financial institution,35231,168660921
Manufacturing,"Nonveteran, non-Hispanic",Business loan/investment from family/friends,11799,36525471
Manufacturing,"Nonveteran, non-Hispanic",Investment by venture capitalist(s),1983,15903254
Manufacturing,"Nonveteran, non-Hispanic",Grants,888,2426395
Manufacturing,"Nonveteran, non-Hispanic",Other source(s) of capital,8124,36846084
Manufacturing,"Nonveteran, non-Hispanic",Don't know,27772,233371471
Manufacturing,"Nonveteran, non-Hispanic",None needed,39644,48575906
Manufacturing,"Nonveteran, non-Hispanic",Total reporting,303946(r),757792857(r)
Manufacturing,"Nonveteran, non-Hispanic",Item not reported,4668(r),8217796(r)
Manufacturing,"Nonveteran, White",All firms,428695,1103466962
Manufacturing,"Nonveteran, White",Personal/family savings of owner(s),189458,336478324
Manufacturing,"Nonveteran, White",Personal/family assets other than savings of owner(s),26047,71386786
Manufacturing,"Nonveteran, White",Personal/family home equity loan,17268,31851792
Manufacturing,"Nonveteran, White",Personal credit card(s) carrying balances,28259,20596863
Manufacturing,"Nonveteran, White",Business credit card(s) carrying balances,10355,8214668
Manufacturing,"Nonveteran, White","Business loan from federal, state, or local government",1400,7742894
Manufacturing,"Nonveteran, White",Government-guaranteed business loan from a bank or financial institution,4578,16199051
Manufacturing,"Nonveteran, White",Business loan from a bank or financial institution,34896,161689052
Manufacturing,"Nonveteran, White",Business loan/investment from family/friends,11626,35712705
Manufacturing,"Nonveteran, White",Investment by venture capitalist(s),1852,16106286
Manufacturing,"Nonveteran, White",Grants,897,2364888
Manufacturing,"Nonveteran, White",Other source(s) of capital,7809,36366500
Manufacturing,"Nonveteran, White",Don't know,26807,227135847
Manufacturing,"Nonveteran, White",None needed,38942,48117735
Manufacturing,"Nonveteran, White",Total reporting,296746(r),734132015(r)
Manufacturing,"Nonveteran, White",Item not reported,4596(r),8279837(r)
Manufacturing,"Nonveteran, Black or African American",All firms,19742,6568128
Manufacturing,"Nonveteran, Black or African American",Personal/family savings of owner(s),4524,4893770
Manufacturing,"Nonveteran, Black or African American",Personal/family assets other than savings of owner(s),532,165426
Manufacturing,"Nonveteran, Black or African American",Personal/family home equity loan,251,30932
Manufacturing,"Nonveteran, Black or African American",Personal credit card(s) carrying balances,830,61851
Manufacturing,"Nonveteran, Black or African American",Business credit card(s) carrying balances,212,S
Manufacturing,"Nonveteran, Black or African American","Business loan from federal, state, or local government",2,S
Manufacturing,"Nonveteran, Black or African American",Government-guaranteed business loan from a bank or financial institution,57,41537
Manufacturing,"Nonveteran, Black or African American",Business loan from a bank or financial institution,348,4363990
Manufacturing,"Nonveteran, Black or African American",Business loan/investment from family/friends,82,38389
Manufacturing,"Nonveteran, Black or African American",Investment by venture capitalist(s),7,S
Manufacturing,"Nonveteran, Black or African American",Grants,27,S
Manufacturing,"Nonveteran, Black or African American",Other source(s) of capital,278,S
Manufacturing,"Nonveteran, Black or African American",Don't know,555,1199392
Manufacturing,"Nonveteran, Black or African American",None needed,1275,17495
Manufacturing,"Nonveteran, Black or African American",Total reporting,6974(r),6431999(r)
Manufacturing,"Nonveteran, Black or African American",Item not reported,340(r),S
Manufacturing,"Nonveteran, American Indian and Alaska Native",All firms,5148,2231741
Manufacturing,"Nonveteran, American Indian and Alaska Native",Personal/family savings of owner(s),1975,737924
Manufacturing,"Nonveteran, American Indian and Alaska Native",Personal/family assets other than savings of owner(s),435,294702
Manufacturing,"Nonveteran, American Indian and Alaska Native",Personal/family home equity loan,101,59342
Manufacturing,"Nonveteran, American Indian and Alaska Native",Personal credit card(s) carrying balances,352,S
Manufacturing,"Nonveteran, American Indian and Alaska Native",Business credit card(s) carrying balances,119,S
Manufacturing,"Nonveteran, American Indian and Alaska Native","Business loan from federal, state, or local government",62,S
Manufacturing,"Nonveteran, American Indian and Alaska Native",Government-guaranteed business loan from a bank or financial institution,31,S
Manufacturing,"Nonveteran, American Indian and Alaska Native",Business loan from a bank or financial institution,120,249478
Manufacturing,"Nonveteran, American Indian and Alaska Native",Business loan/investment from family/friends,129,149198
Manufacturing,"Nonveteran, American Indian and Alaska Native",Investment by venture capitalist(s),16,S
Manufacturing,"Nonveteran, American Indian and Alaska Native",Grants,25,S
Manufacturing,"Nonveteran, American Indian and Alaska Native",Other source(s) of capital,88,83492
Manufacturing,"Nonveteran, American Indian and Alaska Native",Don't know,109,211261
Manufacturing,"Nonveteran, American Indian and Alaska Native",None needed,306,35223
Manufacturing,"Nonveteran, American Indian and Alaska Native",Total reporting,2667(r),1187886(r)
Manufacturing,"Nonveteran, American Indian and Alaska Native",Item not reported,107(r),3997(r)
Manufacturing,"Nonveteran, Asian",All firms,26595,41915216
Manufacturing,"Nonveteran, Asian",Personal/family savings of owner(s),11022,16921257
Manufacturing,"Nonveteran, Asian",Personal/family assets other than savings of owner(s),1198,1936606
Manufacturing,"Nonveteran, Asian",Personal/family home equity loan,723,2115530
Manufacturing,"Nonveteran, Asian",Personal credit card(s) carrying balances,1515,928620
Manufacturing,"Nonveteran, Asian",Business credit card(s) carrying balances,607,272033
Manufacturing,"Nonveteran, Asian","Business loan from federal, state, or local government",147,359701
Manufacturing,"Nonveteran, Asian",Government-guaranteed business loan from a bank or financial institution,279,633565
Manufacturing,"Nonveteran, Asian",Business loan from a bank or financial institution,1102,4691377
Manufacturing,"Nonveteran, Asian",Business loan/investment from family/friends,514,1076038
Manufacturing,"Nonveteran, Asian",Investment by venture capitalist(s),61,S
Manufacturing,"Nonveteran, Asian",Grants,76,61799
Manufacturing,"Nonveteran, Asian",Other source(s) of capital,517,847553
Manufacturing,"Nonveteran, Asian",Don't know,1569,7777821
Manufacturing,"Nonveteran, Asian",None needed,1716,842478
Manufacturing,"Nonveteran, Asian",Total reporting,15797(r),28853685(r)
Manufacturing,"Nonveteran, Asian",Item not reported,223(r),156446(r)
Manufacturing,"Nonveteran, Native Hawaiian and Other Pacific Islander",All firms,888,467781
Manufacturing,"Nonveteran, Native Hawaiian and Other Pacific Islander",Personal/family savings of owner(s),335,108898
Manufacturing,"Nonveteran, Native Hawaiian and Other Pacific Islander",Personal/family assets other than savings of owner(s),53,S
Manufacturing,"Nonveteran, Native Hawaiian and Other Pacific Islander",Personal/family home equity loan,13,S
Manufacturing,"Nonveteran, Native Hawaiian and Other Pacific Islander",Personal credit card(s) carrying balances,58,S
Manufacturing,"Nonveteran, Native Hawaiian and Other Pacific Islander",Business credit card(s) carrying balances,8,S
Manufacturing,"Nonveteran, Native Hawaiian and Other Pacific Islander","Business loan from federal, state, or local government",4,S
Manufacturing,"Nonveteran, Native Hawaiian and Other Pacific Islander",Government-guaranteed business loan from a bank or financial institution,4,S
Manufacturing,"Nonveteran, Native Hawaiian and Other Pacific Islander",Business loan from a bank or financial institution,8,765
Manufacturing,"Nonveteran, Native Hawaiian and Other Pacific Islander",Business loan/investment from family/friends,7,S
Manufacturing,"Nonveteran, Native Hawaiian and Other Pacific Islander",Investment by venture capitalist(s),2,S
Manufacturing,"Nonveteran, Native Hawaiian and Other Pacific Islander",Grants,0,0
Manufacturing,"Nonveteran, Native Hawaiian and Other Pacific Islander",Other source(s) of capital,6,S
Manufacturing,"Nonveteran, Native Hawaiian and Other Pacific Islander",Don't know,12,S
Manufacturing,"Nonveteran, Native Hawaiian and Other Pacific Islander",None needed,29,609
Manufacturing,"Nonveteran, Native Hawaiian and Other Pacific Islander",Total reporting,422(r),238996(r)
Manufacturing,"Nonveteran, Native Hawaiian and Other Pacific Islander",Item not reported,6(r),S
Manufacturing,"Nonveteran, some other race",All firms,15980,5983083
Manufacturing,"Nonveteran, some other race",Personal/family savings of owner(s),4117,1934619
Manufacturing,"Nonveteran, some other race",Personal/family assets other than savings of owner(s),380,S
Manufacturing,"Nonveteran, some other race",Personal/family home equity loan,237,113641
Manufacturing,"Nonveteran, some other race",Personal credit card(s) carrying balances,686,180030
Manufacturing,"Nonveteran, some other race",Business credit card(s) carrying balances,77,31855
Manufacturing,"Nonveteran, some other race","Business loan from federal, state, or local government",8,S
Manufacturing,"Nonveteran, some other race",Government-guaranteed business loan from a bank or financial institution,15,65916
Manufacturing,"Nonveteran, some other race",Business loan from a bank or financial institution,275,281305
Manufacturing,"Nonveteran, some other race",Business loan/investment from family/friends,85,S
Manufacturing,"Nonveteran, some other race",Investment by venture capitalist(s),22,S
Manufacturing,"Nonveteran, some other race",Grants,2,S
Manufacturing,"Nonveteran, some other race",Other source(s) of capital,111,50277
Manufacturing,"Nonveteran, some other race",Don't know,459,1166728
Manufacturing,"Nonveteran, some other race",None needed,820,108130
Manufacturing,"Nonveteran, some other race",Total reporting,5898(r),3399240(r)
Manufacturing,"Nonveteran, some other race",Item not reported,129(r),21597(r)
Manufacturing,"Nonveteran, minority",All firms,98251,75582713
Manufacturing,"Nonveteran, minority",Personal/family savings of owner(s),30886,31036049
Manufacturing,"Nonveteran, minority",Personal/family assets other than savings of owner(s),3235,4073911
Manufacturing,"Nonveteran, minority",Personal/family home equity loan,2113,2956641
Manufacturing,"Nonveteran, minority",Personal credit card(s) carrying balances,4746,1943172
Manufacturing,"Nonveteran, minority",Business credit card(s) carrying balances,1382,546693
Manufacturing,"Nonveteran, minority","Business loan from federal, state, or local government",227,537232
Manufacturing,"Nonveteran, minority",Government-guaranteed business loan from a bank or financial institution,501,922580
Manufacturing,"Nonveteran, minority",Business loan from a bank or financial institution,2623,11360847
Manufacturing,"Nonveteran, minority",Business loan/investment from family/friends,1252,1712014
Manufacturing,"Nonveteran, minority",Investment by venture capitalist(s),114,806215
Manufacturing,"Nonveteran, minority",Grants,210,100880
Manufacturing,"Nonveteran, minority",Other source(s) of capital,1249,1298313
Manufacturing,"Nonveteran, minority",Don't know,3895,13386026
Manufacturing,"Nonveteran, minority",None needed,6062,1271203
Manufacturing,"Nonveteran, minority",Total reporting,45310(r),51284287(r)
Manufacturing,"Nonveteran, minority",Item not reported,1297(r),431549(r)
Manufacturing,"Nonveteran, equally minority/nonminority",All firms,5126,3753815
Manufacturing,"Nonveteran, equally minority/nonminority",Personal/family savings of owner(s),2782,1770047
Manufacturing,"Nonveteran, equally minority/nonminority",Personal/family assets other than savings of owner(s),533,412632
Manufacturing,"Nonveteran, equally minority/nonminority",Personal/family home equity loan,325,155920
Manufacturing,"Nonveteran, equally minority/nonminority",Personal credit card(s) carrying balances,619,192678
Manufacturing,"Nonveteran, equally minority/nonminority",Business credit card(s) carrying balances,196,48781
Manufacturing,"Nonveteran, equally minority/nonminority","Business loan from federal, state, or local government",11,S
Manufacturing,"Nonveteran, equally minority/nonminority",Government-guaranteed business loan from a bank or financial institution,138,99047
Manufacturing,"Nonveteran, equally minority/nonminority",Business loan from a bank or financial institution,527,568515
Manufacturing,"Nonveteran, equally minority/nonminority",Business loan/investment from family/friends,167,57803
Manufacturing,"Nonveteran, equally minority/nonminority",Investment by venture capitalist(s),65,4176
Manufacturing,"Nonveteran, equally minority/nonminority",Grants,12,1339
Manufacturing,"Nonveteran, equally minority/nonminority",Other source(s) of capital,203,S
Manufacturing,"Nonveteran, equally minority/nonminority",Don't know,159,171691
Manufacturing,"Nonveteran, equally minority/nonminority",None needed,196,S
Manufacturing,"Nonveteran, equally minority/nonminority",Total reporting,3866,2470607
Manufacturing,"Nonveteran, equally minority/nonminority",Item not reported,22,S
Manufacturing,"Nonveteran, nonminority",All firms,389607,1080929145
Manufacturing,"Nonveteran, nonminority",Personal/family savings of owner(s),176164,328131928
Manufacturing,"Nonveteran, nonminority",Personal/family assets other than savings of owner(s),24526,69705888
Manufacturing,"Nonveteran, nonminority",Personal/family home equity loan,16228,31066758
Manufacturing,"Nonveteran, nonminority",Personal credit card(s) carrying balances,25901,19701867
Manufacturing,"Nonveteran, nonminority",Business credit card(s) carrying balances,9705,7964902
Manufacturing,"Nonveteran, nonminority","Business loan from federal, state, or local government",1328,7581434
Manufacturing,"Nonveteran, nonminority",Government-guaranteed business loan from a bank or financial institution,4319,15939393
Manufacturing,"Nonveteran, nonminority",Business loan from a bank or financial institution,33558,159252007
Manufacturing,"Nonveteran, nonminority",Business loan/investment from family/friends,10973,35224537
Manufacturing,"Nonveteran, nonminority",Investment by venture capitalist(s),1822,15591937
Manufacturing,"Nonveteran, nonminority",Grants,766,2340318
Manufacturing,"Nonveteran, nonminority",Other source(s) of capital,7256,35805615
Manufacturing,"Nonveteran, nonminority",Don't know,25491,223921398
Manufacturing,"Nonveteran, nonminority",None needed,36350,47671704
Manufacturing,"Nonveteran, nonminority",Total reporting,277167(r),720174514(r)
Manufacturing,"Nonveteran, nonminority",Item not reported,4028(r),8033918(r)
Manufacturing,"All firms classifiable by gender, ethnicity, race, and veteran status",All firms,573317,1331188720
Manufacturing,"All firms classifiable by gender, ethnicity, race, and veteran status",Personal/family savings of owner(s),248559,425490444
Manufacturing,"All firms classifiable by gender, ethnicity, race, and veteran status",Personal/family assets other than savings of owner(s),34351,90691468
Manufacturing,"All firms classifiable by gender, ethnicity, race, and veteran status",Personal/family home equity loan,22368,39838505
Manufacturing,"All firms classifiable by gender, ethnicity, race, and veteran status",Personal credit card(s) carrying balances,36936,24274002
Manufacturing,"All firms classifiable by gender, ethnicity, race, and veteran status",Business credit card(s) carrying balances,13184,9546967
Manufacturing,"All firms classifiable by gender, ethnicity, race, and veteran status","Business loan from federal, state, or local government",1743,8884019
Manufacturing,"All firms classifiable by gender, ethnicity, race, and veteran status",Government-guaranteed business loan from a bank or financial institution,5949,18451253
Manufacturing,"All firms classifiable by gender, ethnicity, race, and veteran status",Business loan from a bank or financial institution,44331,199234852
Manufacturing,"All firms classifiable by gender, ethnicity, race, and veteran status",Business loan/investment from family/friends,14382,44464065
Manufacturing,"All firms classifiable by gender, ethnicity, race, and veteran status",Investment by venture capitalist(s),2190,17019696
Manufacturing,"All firms classifiable by gender, ethnicity, race, and veteran status",Grants,1183,2775800
Manufacturing,"All firms classifiable by gender, ethnicity, race, and veteran status",Other source(s) of capital,10525,43364567
Manufacturing,"All firms classifiable by gender, ethnicity, race, and veteran status",Don't know,34038,271316418
Manufacturing,"All firms classifiable by gender, ethnicity, race, and veteran status",None needed,48373,53463571
Manufacturing,"All firms classifiable by gender, ethnicity, race, and veteran status",Total reporting,383978(r),893916521(r)
Manufacturing,"All firms classifiable by gender, ethnicity, race, and veteran status",Item not reported,6488(r),9946580(r)
Manufacturing,"Publicly held and other firms not classifiable by gender, ethnicity, race, and veteran status",All firms,15674,4545488527
Manufacturing,"Publicly held and other firms not classifiable by gender, ethnicity, race, and veteran status",Personal/family savings of owner(s),350,5702584
Manufacturing,"Publicly held and other firms not classifiable by gender, ethnicity, race, and veteran status",Personal/family assets other than savings of owner(s),80,1055441
Manufacturing,"Publicly held and other firms not classifiable by gender, ethnicity, race, and veteran status",Personal/family home equity loan,27,S
Manufacturing,"Publicly held and other firms not classifiable by gender, ethnicity, race, and veteran status",Personal credit card(s) carrying balances,20,S
Manufacturing,"Publicly held and other firms not classifiable by gender, ethnicity, race, and veteran status",Business credit card(s) carrying balances,2,S
Manufacturing,"Publicly held and other firms not classifiable by gender, ethnicity, race, and veteran status","Business loan from federal, state, or local government",0,0
Manufacturing,"Publicly held and other firms not classifiable by gender, ethnicity, race, and veteran status",Government-guaranteed business loan from a bank or financial institution,31,60045
Manufacturing,"Publicly held and other firms not classifiable by gender, ethnicity, race, and veteran status",Business loan from a bank or financial institution,90,6087112
Manufacturing,"Publicly held and other firms not classifiable by gender, ethnicity, race, and veteran status",Business loan/investment from family/friends,24,S
Manufacturing,"Publicly held and other firms not classifiable by gender, ethnicity, race, and veteran status",Investment by venture capitalist(s),49,4479306
Manufacturing,"Publicly held and other firms not classifiable by gender, ethnicity, race, and veteran status",Grants,8,S
Manufacturing,"Publicly held and other firms not classifiable by gender, ethnicity, race, and veteran status",Other source(s) of capital,122,3398295
Manufacturing,"Publicly held and other firms not classifiable by gender, ethnicity, race, and veteran status",Don't know,566,26819394
Manufacturing,"Publicly held and other firms not classifiable by gender, ethnicity, race, and veteran status",None needed,215,7153970
Manufacturing,"Publicly held and other firms not classifiable by gender, ethnicity, race, and veteran status",Total reporting,1434(r),48764752(r)
Manufacturing,"Publicly held and other firms not classifiable by gender, ethnicity, race, and veteran status",Item not reported,11348(r),1833967987(r)
Wholesale trade,All firms,All firms,703666,7960694758
Wholesale trade,All firms,Personal/family savings of owner(s),285340,854279754
Wholesale trade,All firms,Personal/family assets other than savings of owner(s),30913,151862059
Wholesale trade,All firms,Personal/family home equity loan,21358,64924454
Wholesale trade,All firms,Personal credit card(s) carrying balances,37962,50492957
Wholesale trade,All firms,Business credit card(s) carrying balances,13603,20035887
Wholesale trade,All firms,"Business loan from federal, state, or local government",368,4597230
Wholesale trade,All firms,Government-guaranteed business loan from a bank or financial institution,3391,17396174
Wholesale trade,All firms,Business loan from a bank or financial institution,40009,354520040
Wholesale trade,All firms,Business loan/investment from family/friends,13302,71528733
Wholesale trade,All firms,Investment by venture capitalist(s),1430,20933917
Wholesale trade,All firms,Grants,298,693237
Wholesale trade,All firms,Other source(s) of capital,10319,65630961
Wholesale trade,All firms,Don't know,41136,583321580
Wholesale trade,All firms,None needed,63433,146221130
Wholesale trade,All firms,Total reporting,445024(r),1880008230(r)
Wholesale trade,All firms,Item not reported,20942(r),2721885235(r)
Wholesale trade,Female-owned,All firms,155215,275903159
Wholesale trade,Female-owned,Personal/family savings of owner(s),60833,85999842
Wholesale trade,Female-owned,Personal/family assets other than savings of owner(s),4897,14274328
Wholesale trade,Female-owned,Personal/family home equity loan,3443,8362736
Wholesale trade,Female-owned,Personal credit card(s) carrying balances,9312,7893191
Wholesale trade,Female-owned,Business credit card(s) carrying balances,2922,1751760
Wholesale trade,Female-owned,"Business loan from federal, state, or local government",49,S
Wholesale trade,Female-owned,Government-guaranteed business loan from a bank or financial institution,549,1526874
Wholesale trade,Female-owned,Business loan from a bank or financial institution,3972,27897156
Wholesale trade,Female-owned,Business loan/investment from family/friends,1908,5876721
Wholesale trade,Female-owned,Investment by venture capitalist(s),160,170181
Wholesale trade,Female-owned,Grants,66,S
Wholesale trade,Female-owned,Other source(s) of capital,1598,3632832
Wholesale trade,Female-owned,Don't know,6233,48118624
Wholesale trade,Female-owned,None needed,17780,11471193
Wholesale trade,Female-owned,Total reporting,93386(r),171565914(r)
Wholesale trade,Female-owned,Item not reported,1750(r),1759219(r)
Wholesale trade,Male-owned,All firms,447821,2265767707
Wholesale trade,Male-owned,Personal/family savings of owner(s),183535,686697105
Wholesale trade,Male-owned,Personal/family assets other than savings of owner(s),20770,122726208
Wholesale trade,Male-owned,Personal/family home equity loan,13934,48861918
Wholesale trade,Male-owned,Personal credit card(s) carrying balances,23342,36835696
Wholesale trade,Male-owned,Business credit card(s) carrying balances,8169,15844645
Wholesale trade,Male-owned,"Business loan from federal, state, or local government",268,1680110
Wholesale trade,Male-owned,Government-guaranteed business loan from a bank or financial institution,2129,13305912
Wholesale trade,Male-owned,Business loan from a bank or financial institution,29476,292098285
Wholesale trade,Male-owned,Business loan/investment from family/friends,9216,56566671
Wholesale trade,Male-owned,Investment by venture capitalist(s),1211,19598655
Wholesale trade,Male-owned,Grants,232,690404
Wholesale trade,Male-owned,Other source(s) of capital,7589,55774488
Wholesale trade,Male-owned,Don't know,31275,476041789
Wholesale trade,Male-owned,None needed,40800,92391451
Wholesale trade,Male-owned,Total reporting,293622(r),1488395640(r)
Wholesale trade,Male-owned,Item not reported,4942(r),14595174(r)
Wholesale trade,Equally male-/female-owned,All firms,82175,209759060
Wholesale trade,Equally male-/female-owned,Personal/family savings of owner(s),40807,75779843
Wholesale trade,Equally male-/female-owned,Personal/family assets other than savings of owner(s),5220,12778888
Wholesale trade,Equally male-/female-owned,Personal/family home equity loan,3964,7680923
Wholesale trade,Equally male-/female-owned,Personal credit card(s) carrying balances,5308,5764070
Wholesale trade,Equally male-/female-owned,Business credit card(s) carrying balances,2458,2437549
Wholesale trade,Equally male-/female-owned,"Business loan from federal, state, or local government",50,S
Wholesale trade,Equally male-/female-owned,Government-guaranteed business loan from a bank or financial institution,714,2563388
Wholesale trade,Equally male-/female-owned,Business loan from a bank or financial institution,6523,29402976
Wholesale trade,Equally male-/female-owned,Business loan/investment from family/friends,2126,8111997
Wholesale trade,Equally male-/female-owned,Investment by venture capitalist(s),44,S
Wholesale trade,Equally male-/female-owned,Grants,0,0
Wholesale trade,Equally male-/female-owned,Other source(s) of capital,1013,4548920
Wholesale trade,Equally male-/female-owned,Don't know,2992,27909745
Wholesale trade,Equally male-/female-owned,None needed,4610,11286659
Wholesale trade,Equally male-/female-owned,Total reporting,56713(r),144612947(r)
Wholesale trade,Equally male-/female-owned,Item not reported,619(r),319108(r)
Wholesale trade,Hispanic,All firms,64063,96238427
Wholesale trade,Hispanic,Personal/family savings of owner(s),19419,30985146
Wholesale trade,Hispanic,Personal/family assets other than savings of owner(s),2099,4697688
Wholesale trade,Hispanic,Personal/family home equity loan,1128,1043853
Wholesale trade,Hispanic,Personal credit card(s) carrying balances,3118,3174964
Wholesale trade,Hispanic,Business credit card(s) carrying balances,1065,1142988
Wholesale trade,Hispanic,"Business loan from federal, state, or local government",13,S
Wholesale trade,Hispanic,Government-guaranteed business loan from a bank or financial institution,73,S
Wholesale trade,Hispanic,Business loan from a bank or financial institution,1258,10164410
Wholesale trade,Hispanic,Business loan/investment from family/friends,725,2556061
Wholesale trade,Hispanic,Investment by venture capitalist(s),107,S
Wholesale trade,Hispanic,Grants,87,S
Wholesale trade,Hispanic,Other source(s) of capital,720,813258
Wholesale trade,Hispanic,Don't know,1482,5127152
Wholesale trade,Hispanic,None needed,3598,1373375
Wholesale trade,Hispanic,Total reporting,27947(r),46075227(r)
Wholesale trade,Hispanic,Item not reported,921(r),S
Wholesale trade,"Hispanic, female-owned",All firms,19524,8224210
Wholesale trade,"Hispanic, female-owned",Personal/family savings of owner(s),4481,3388371
Wholesale trade,"Hispanic, female-owned",Personal/family assets other than savings of owner(s),505,255119
Wholesale trade,"Hispanic, female-owned",Personal/family home equity loan,170,164599
Wholesale trade,"Hispanic, female-owned",Personal credit card(s) carrying balances,1035,722779
Wholesale trade,"Hispanic, female-owned",Business credit card(s) carrying balances,318,222590
Wholesale trade,"Hispanic, female-owned","Business loan from federal, state, or local government",0,0
Wholesale trade,"Hispanic, female-owned",Government-guaranteed business loan from a bank or financial institution,0,0
Wholesale trade,"Hispanic, female-owned",Business loan from a bank or financial institution,215,S
Wholesale trade,"Hispanic, female-owned",Business loan/investment from family/friends,143,S
Wholesale trade,"Hispanic, female-owned",Investment by venture capitalist(s),61,S
Wholesale trade,"Hispanic, female-owned",Grants,0,0
Wholesale trade,"Hispanic, female-owned",Other source(s) of capital,289,S
Wholesale trade,"Hispanic, female-owned",Don't know,382,789461
Wholesale trade,"Hispanic, female-owned",None needed,989,107603
Wholesale trade,"Hispanic, female-owned",Total reporting,6787(r),5871594(r)
Wholesale trade,"Hispanic, female-owned",Item not reported,171(r),S
Wholesale trade,"Hispanic, male-owned",All firms,39210,79813989
Wholesale trade,"Hispanic, male-owned",Personal/family savings of owner(s),12871,24241790
Wholesale trade,"Hispanic, male-owned",Personal/family assets other than savings of owner(s),1441,4312423
Wholesale trade,"Hispanic, male-owned",Personal/family home equity loan,696,733184
Wholesale trade,"Hispanic, male-owned",Personal credit card(s) carrying balances,1885,S
Wholesale trade,"Hispanic, male-owned",Business credit card(s) carrying balances,649,832513
Wholesale trade,"Hispanic, male-owned","Business loan from federal, state, or local government",8,S
Wholesale trade,"Hispanic, male-owned",Government-guaranteed business loan from a bank or financial institution,73,S
Wholesale trade,"Hispanic, male-owned",Business loan from a bank or financial institution,831,8615441
Wholesale trade,"Hispanic, male-owned",Business loan/investment from family/friends,515,2239317
Wholesale trade,"Hispanic, male-owned",Investment by venture capitalist(s),45,S
Wholesale trade,"Hispanic, male-owned",Grants,87,S
Wholesale trade,"Hispanic, male-owned",Other source(s) of capital,423,723000
Wholesale trade,"Hispanic, male-owned",Don't know,992,4079608
Wholesale trade,"Hispanic, male-owned",None needed,2351,1044331
Wholesale trade,"Hispanic, male-owned",Total reporting,18294(r),36052847(r)
Wholesale trade,"Hispanic, male-owned",Item not reported,748(r),S
Wholesale trade,"Hispanic, equally male-/female-owned",All firms,5330,8200228
Wholesale trade,"Hispanic, equally male-/female-owned",Personal/family savings of owner(s),2066,3354985
Wholesale trade,"Hispanic, equally male-/female-owned",Personal/family assets other than savings of owner(s),153,130146
Wholesale trade,"Hispanic, equally male-/female-owned",Personal/family home equity loan,262,146070
Wholesale trade,"Hispanic, equally male-/female-owned",Personal credit card(s) carrying balances,198,81597
Wholesale trade,"Hispanic, equally male-/female-owned",Business credit card(s) carrying balances,98,S
Wholesale trade,"Hispanic, equally male-/female-owned","Business loan from federal, state, or local government",5,S
Wholesale trade,"Hispanic, equally male-/female-owned",Government-guaranteed business loan from a bank or financial institution,0,0
Wholesale trade,"Hispanic, equally male-/female-owned",Business loan from a bank or financial institution,213,292706
Wholesale trade,"Hispanic, equally male-/female-owned",Business loan/investment from family/friends,67,S
Wholesale trade,"Hispanic, equally male-/female-owned",Investment by venture capitalist(s),0,0
Wholesale trade,"Hispanic, equally male-/female-owned",Grants,0,0
Wholesale trade,"Hispanic, equally male-/female-owned",Other source(s) of capital,8,S
Wholesale trade,"Hispanic, equally male-/female-owned",Don't know,108,258083
Wholesale trade,"Hispanic, equally male-/female-owned",None needed,258,S
Wholesale trade,"Hispanic, equally male-/female-owned",Total reporting,2866,4150786
Wholesale trade,"Hispanic, equally male-/female-owned",Item not reported,2,S
Wholesale trade,Equally Hispanic/non-Hispanic,All firms,4195,9001970
Wholesale trade,Equally Hispanic/non-Hispanic,Personal/family savings of owner(s),2528,3620474
Wholesale trade,Equally Hispanic/non-Hispanic,Personal/family assets other than savings of owner(s),264,S
Wholesale trade,Equally Hispanic/non-Hispanic,Personal/family home equity loan,280,484719
Wholesale trade,Equally Hispanic/non-Hispanic,Personal credit card(s) carrying balances,751,1703228
Wholesale trade,Equally Hispanic/non-Hispanic,Business credit card(s) carrying balances,281,S
Wholesale trade,Equally Hispanic/non-Hispanic,"Business loan from federal, state, or local government",24,S
Wholesale trade,Equally Hispanic/non-Hispanic,Government-guaranteed business loan from a bank or financial institution,44,S
Wholesale trade,Equally Hispanic/non-Hispanic,Business loan from a bank or financial institution,132,93242
Wholesale trade,Equally Hispanic/non-Hispanic,Business loan/investment from family/friends,198,S
Wholesale trade,Equally Hispanic/non-Hispanic,Investment by venture capitalist(s),29,S
Wholesale trade,Equally Hispanic/non-Hispanic,Grants,0,0
Wholesale trade,Equally Hispanic/non-Hispanic,Other source(s) of capital,117,S
Wholesale trade,Equally Hispanic/non-Hispanic,Don't know,219,S
Wholesale trade,Equally Hispanic/non-Hispanic,None needed,143,S
Wholesale trade,Equally Hispanic/non-Hispanic,Total reporting,3268,6255368
Wholesale trade,Equally Hispanic/non-Hispanic,Item not reported,19,S
Wholesale trade,"Equally Hispanic/non-Hispanic, female-owned",All firms,111,S
Wholesale trade,"Equally Hispanic/non-Hispanic, female-owned",Personal/family savings of owner(s),56,S
Wholesale trade,"Equally Hispanic/non-Hispanic, female-owned",Personal/family assets other than savings of owner(s),0,S
Wholesale trade,"Equally Hispanic/non-Hispanic, female-owned",Personal/family home equity loan,0,S
Wholesale trade,"Equally Hispanic/non-Hispanic, female-owned",Personal credit card(s) carrying balances,2,S
Wholesale trade,"Equally Hispanic/non-Hispanic, female-owned",Business credit card(s) carrying balances,2,S
Wholesale trade,"Equally Hispanic/non-Hispanic, female-owned","Business loan from federal, state, or local government",0,S
Wholesale trade,"Equally Hispanic/non-Hispanic, female-owned",Government-guaranteed business loan from a bank or financial institution,2,S
Wholesale trade,"Equally Hispanic/non-Hispanic, female-owned",Business loan from a bank or financial institution,0,S
Wholesale trade,"Equally Hispanic/non-Hispanic, female-owned",Business loan/investment from family/friends,0,S
Wholesale trade,"Equally Hispanic/non-Hispanic, female-owned",Investment by venture capitalist(s),29,S
Wholesale trade,"Equally Hispanic/non-Hispanic, female-owned",Grants,0,S
Wholesale trade,"Equally Hispanic/non-Hispanic, female-owned",Other source(s) of capital,0,S
Wholesale trade,"Equally Hispanic/non-Hispanic, female-owned",Don't know,40,S
Wholesale trade,"Equally Hispanic/non-Hispanic, female-owned",None needed,0,S
Wholesale trade,"Equally Hispanic/non-Hispanic, female-owned",Total reporting,96,S
Wholesale trade,"Equally Hispanic/non-Hispanic, female-owned",Item not reported,0,S
Wholesale trade,"Equally Hispanic/non-Hispanic, male-owned",All firms,799,3628370
Wholesale trade,"Equally Hispanic/non-Hispanic, male-owned",Personal/family savings of owner(s),497,1358433
Wholesale trade,"Equally Hispanic/non-Hispanic, male-owned",Personal/family assets other than savings of owner(s),13,S
Wholesale trade,"Equally Hispanic/non-Hispanic, male-owned",Personal/family home equity loan,49,S
Wholesale trade,"Equally Hispanic/non-Hispanic, male-owned",Personal credit card(s) carrying balances,166,423345
Wholesale trade,"Equally Hispanic/non-Hispanic, male-owned",Business credit card(s) carrying balances,67,S
Wholesale trade,"Equally Hispanic/non-Hispanic, male-owned","Business loan from federal, state, or local government",0,0
Wholesale trade,"Equally Hispanic/non-Hispanic, male-owned",Government-guaranteed business loan from a bank or financial institution,2,S
Wholesale trade,"Equally Hispanic/non-Hispanic, male-owned",Business loan from a bank or financial institution,13,S
Wholesale trade,"Equally Hispanic/non-Hispanic, male-owned",Business loan/investment from family/friends,14,S
Wholesale trade,"Equally Hispanic/non-Hispanic, male-owned",Investment by venture capitalist(s),0,0
Wholesale trade,"Equally Hispanic/non-Hispanic, male-owned",Grants,0,0
Wholesale trade,"Equally Hispanic/non-Hispanic, male-owned",Other source(s) of capital,50,S
Wholesale trade,"Equally Hispanic/non-Hispanic, male-owned",Don't know,25,S
Wholesale trade,"Equally Hispanic/non-Hispanic, male-owned",None needed,35,S
Wholesale trade,"Equally Hispanic/non-Hispanic, male-owned",Total reporting,687,2140807
Wholesale trade,"Equally Hispanic/non-Hispanic, male-owned",Item not reported,0,0
Wholesale trade,"Equally Hispanic/non-Hispanic, equally male-/female-owned",All firms,3285,5083542
Wholesale trade,"Equally Hispanic/non-Hispanic, equally male-/female-owned",Personal/family savings of owner(s),1975,2255880
Wholesale trade,"Equally Hispanic/non-Hispanic, equally male-/female-owned",Personal/family assets other than savings of owner(s),251,S
Wholesale trade,"Equally Hispanic/non-Hispanic, equally male-/female-owned",Personal/family home equity loan,231,S
Wholesale trade,"Equally Hispanic/non-Hispanic, equally male-/female-owned",Personal credit card(s) carrying balances,583,1277160
Wholesale trade,"Equally Hispanic/non-Hispanic, equally male-/female-owned",Business credit card(s) carrying balances,211,S
Wholesale trade,"Equally Hispanic/non-Hispanic, equally male-/female-owned","Business loan from federal, state, or local government",24,S
Wholesale trade,"Equally Hispanic/non-Hispanic, equally male-/female-owned",Government-guaranteed business loan from a bank or financial institution,40,S
Wholesale trade,"Equally Hispanic/non-Hispanic, equally male-/female-owned",Business loan from a bank or financial institution,119,60423
Wholesale trade,"Equally Hispanic/non-Hispanic, equally male-/female-owned",Business loan/investment from family/friends,184,S
Wholesale trade,"Equally Hispanic/non-Hispanic, equally male-/female-owned",Investment by venture capitalist(s),0,0
Wholesale trade,"Equally Hispanic/non-Hispanic, equally male-/female-owned",Grants,0,0
Wholesale trade,"Equally Hispanic/non-Hispanic, equally male-/female-owned",Other source(s) of capital,67,S
Wholesale trade,"Equally Hispanic/non-Hispanic, equally male-/female-owned",Don't know,154,S
Wholesale trade,"Equally Hispanic/non-Hispanic, equally male-/female-owned",None needed,108,S
Wholesale trade,"Equally Hispanic/non-Hispanic, equally male-/female-owned",Total reporting,2485,3808753
Wholesale trade,"Equally Hispanic/non-Hispanic, equally male-/female-owned",Item not reported,19,S
Wholesale trade,Non-Hispanic,All firms,616953,2646189528
Wholesale trade,Non-Hispanic,Personal/family savings of owner(s),263228,813871170
Wholesale trade,Non-Hispanic,Personal/family assets other than savings of owner(s),28524,144221057
Wholesale trade,Non-Hispanic,Personal/family home equity loan,19935,63377005
Wholesale trade,Non-Hispanic,Personal credit card(s) carrying balances,34093,45614765
Wholesale trade,Non-Hispanic,Business credit card(s) carrying balances,12204,18703995
Wholesale trade,Non-Hispanic,"Business loan from federal, state, or local government",331,3983641
Wholesale trade,Non-Hispanic,Government-guaranteed business loan from a bank or financial institution,3275,16911749
Wholesale trade,Non-Hispanic,Business loan from a bank or financial institution,38581,339140767
Wholesale trade,Non-Hispanic,Business loan/investment from family/friends,12328,67123164
Wholesale trade,Non-Hispanic,Investment by venture capitalist(s),1280,19885293
Wholesale trade,Non-Hispanic,Grants,211,666208
Wholesale trade,Non-Hispanic,Other source(s) of capital,9363,62920773
Wholesale trade,Non-Hispanic,Don't know,38799,545952453
Wholesale trade,Non-Hispanic,None needed,59449,112872789
Wholesale trade,Non-Hispanic,Total reporting,412507(r),1752243905(r)
Wholesale trade,Non-Hispanic,Item not reported,6370(r),16454889(r)
Wholesale trade,"Non-Hispanic, female-owned",All firms,135580,267388890
Wholesale trade,"Non-Hispanic, female-owned",Personal/family savings of owner(s),56295,82605310
Wholesale trade,"Non-Hispanic, female-owned",Personal/family assets other than savings of owner(s),4392,14019209
Wholesale trade,"Non-Hispanic, female-owned",Personal/family home equity loan,3274,8198137
Wholesale trade,"Non-Hispanic, female-owned",Personal credit card(s) carrying balances,8276,7167689
Wholesale trade,"Non-Hispanic, female-owned",Business credit card(s) carrying balances,2603,1526448
Wholesale trade,"Non-Hispanic, female-owned","Business loan from federal, state, or local government",49,S
Wholesale trade,"Non-Hispanic, female-owned",Government-guaranteed business loan from a bank or financial institution,547,1524151
Wholesale trade,"Non-Hispanic, female-owned",Business loan from a bank or financial institution,3757,26640893
Wholesale trade,"Non-Hispanic, female-owned",Business loan/investment from family/friends,1766,5675898
Wholesale trade,"Non-Hispanic, female-owned",Investment by venture capitalist(s),70,166607
Wholesale trade,"Non-Hispanic, female-owned",Grants,66,S
Wholesale trade,"Non-Hispanic, female-owned",Other source(s) of capital,1309,3554604
Wholesale trade,"Non-Hispanic, female-owned",Don't know,5812,47029516
Wholesale trade,"Non-Hispanic, female-owned",None needed,16791,11363591
Wholesale trade,"Non-Hispanic, female-owned",Total reporting,86504(r),165388512(r)
Wholesale trade,"Non-Hispanic, female-owned",Item not reported,1578(r),1757677(r)
Wholesale trade,"Non-Hispanic, male-owned",All firms,407813,2182325348
Wholesale trade,"Non-Hispanic, male-owned",Personal/family savings of owner(s),170167,661096882
Wholesale trade,"Non-Hispanic, male-owned",Personal/family assets other than savings of owner(s),19316,118408252
Wholesale trade,"Non-Hispanic, male-owned",Personal/family home equity loan,13189,47955821
Wholesale trade,"Non-Hispanic, male-owned",Personal credit card(s) carrying balances,21291,34041763
Wholesale trade,"Non-Hispanic, male-owned",Business credit card(s) carrying balances,7452,14968713
Wholesale trade,"Non-Hispanic, male-owned","Business loan from federal, state, or local government",260,1679214
Wholesale trade,"Non-Hispanic, male-owned",Government-guaranteed business loan from a bank or financial institution,2054,12946349
Wholesale trade,"Non-Hispanic, male-owned",Business loan from a bank or financial institution,28632,283450026
Wholesale trade,"Non-Hispanic, male-owned",Business loan/investment from family/friends,8687,54135765
Wholesale trade,"Non-Hispanic, male-owned",Investment by venture capitalist(s),1166,19553736
Wholesale trade,"Non-Hispanic, male-owned",Grants,145,663375
Wholesale trade,"Non-Hispanic, male-owned",Other source(s) of capital,7116,54877675
Wholesale trade,"Non-Hispanic, male-owned",Don't know,30258,471890781
Wholesale trade,"Non-Hispanic, male-owned",None needed,38415,91014489
Wholesale trade,"Non-Hispanic, male-owned",Total reporting,274641(r),1450201985(r)
Wholesale trade,"Non-Hispanic, male-owned",Item not reported,4194(r),14391356(r)
Wholesale trade,"Non-Hispanic, equally male-/female-owned",All firms,73561,196475290
Wholesale trade,"Non-Hispanic, equally male-/female-owned",Personal/family savings of owner(s),36765,70168978
Wholesale trade,"Non-Hispanic, equally male-/female-owned",Personal/family assets other than savings of owner(s),4816,11793596
Wholesale trade,"Non-Hispanic, equally male-/female-owned",Personal/family home equity loan,3472,7223047
Wholesale trade,"Non-Hispanic, equally male-/female-owned",Personal credit card(s) carrying balances,4527,4405313
Wholesale trade,"Non-Hispanic, equally male-/female-owned",Business credit card(s) carrying balances,2148,2208835
Wholesale trade,"Non-Hispanic, equally male-/female-owned","Business loan from federal, state, or local government",21,S
Wholesale trade,"Non-Hispanic, equally male-/female-owned",Government-guaranteed business loan from a bank or financial institution,674,2441249
Wholesale trade,"Non-Hispanic, equally male-/female-owned",Business loan from a bank or financial institution,6192,29049848
Wholesale trade,"Non-Hispanic, equally male-/female-owned",Business loan/investment from family/friends,1875,7311501
Wholesale trade,"Non-Hispanic, equally male-/female-owned",Investment by venture capitalist(s),44,S
Wholesale trade,"Non-Hispanic, equally male-/female-owned",Grants,0,0
Wholesale trade,"Non-Hispanic, equally male-/female-owned",Other source(s) of capital,938,4488494
Wholesale trade,"Non-Hispanic, equally male-/female-owned",Don't know,2729,27032156
Wholesale trade,"Non-Hispanic, equally male-/female-owned",None needed,4243,10494709
Wholesale trade,"Non-Hispanic, equally male-/female-owned",Total reporting,51363(r),136653408(r)
Wholesale trade,"Non-Hispanic, equally male-/female-owned",Item not reported,598(r),305856(r)
Wholesale trade,White,All firms,573280,2534846071
Wholesale trade,White,Personal/family savings of owner(s),245134,770575493
Wholesale trade,White,Personal/family assets other than savings of owner(s),26731,139145708
Wholesale trade,White,Personal/family home equity loan,18303,59620578
Wholesale trade,White,Personal credit card(s) carrying balances,31993,44343634
Wholesale trade,White,Business credit card(s) carrying balances,11525,17678959
Wholesale trade,White,"Business loan from federal, state, or local government",291,3762079
Wholesale trade,White,Government-guaranteed business loan from a bank or financial institution,3273,16990744
Wholesale trade,White,Business loan from a bank or financial institution,36499,332984498
Wholesale trade,White,Business loan/investment from family/friends,11302,64442944
Wholesale trade,White,Investment by venture capitalist(s),1229,17081735
Wholesale trade,White,Grants,265,677872
Wholesale trade,White,Other source(s) of capital,8490,56676662
Wholesale trade,White,Don't know,34354,522425735
Wholesale trade,White,None needed,57612,112225604
Wholesale trade,White,Total reporting,385219(r),1676766626(r)
Wholesale trade,White,Item not reported,6121(r),16124038(r)
Wholesale trade,"White, female-owned",All firms,121079,243090359
Wholesale trade,"White, female-owned",Personal/family savings of owner(s),49818,67264159
Wholesale trade,"White, female-owned",Personal/family assets other than savings of owner(s),3834,12470984
Wholesale trade,"White, female-owned",Personal/family home equity loan,2436,7490890
Wholesale trade,"White, female-owned",Personal credit card(s) carrying balances,7581,6706095
Wholesale trade,"White, female-owned",Business credit card(s) carrying balances,2457,1520703
Wholesale trade,"White, female-owned","Business loan from federal, state, or local government",31,S
Wholesale trade,"White, female-owned",Government-guaranteed business loan from a bank or financial institution,522,1501634
Wholesale trade,"White, female-owned",Business loan from a bank or financial institution,3462,26410041
Wholesale trade,"White, female-owned",Business loan/investment from family/friends,1425,4828243
Wholesale trade,"White, female-owned",Investment by venture capitalist(s),99,169322
Wholesale trade,"White, female-owned",Grants,66,S
Wholesale trade,"White, female-owned",Other source(s) of capital,1126,3130242
Wholesale trade,"White, female-owned",Don't know,4889,45165925
Wholesale trade,"White, female-owned",None needed,16224,10835447
Wholesale trade,"White, female-owned",Total reporting,77872(r),146958321(r)
Wholesale trade,"White, female-owned",Item not reported,1241(r),1601820(r)
Wholesale trade,"White, male-owned",All firms,381959,2113535962
Wholesale trade,"White, male-owned",Personal/family savings of owner(s),160185,635296909
Wholesale trade,"White, male-owned",Personal/family assets other than savings of owner(s),18216,115448027
Wholesale trade,"White, male-owned",Personal/family home equity loan,12240,45136458
Wholesale trade,"White, male-owned",Personal credit card(s) carrying balances,19995,33008298
Wholesale trade,"White, male-owned",Business credit card(s) carrying balances,6921,14044814
Wholesale trade,"White, male-owned","Business loan from federal, state, or local government",239,1480201
Wholesale trade,"White, male-owned",Government-guaranteed business loan from a bank or financial institution,2070,13043457
Wholesale trade,"White, male-owned",Business loan from a bank or financial institution,27079,279446553
Wholesale trade,"White, male-owned",Business loan/investment from family/friends,8094,52878640
Wholesale trade,"White, male-owned",Investment by venture capitalist(s),1094,16747668
Wholesale trade,"White, male-owned",Grants,199,675038
Wholesale trade,"White, male-owned",Other source(s) of capital,6642,49430197
Wholesale trade,"White, male-owned",Don't know,26827,453819085
Wholesale trade,"White, male-owned",None needed,37149,90739763
Wholesale trade,"White, male-owned",Total reporting,258070(r),1399948842(r)
Wholesale trade,"White, male-owned",Item not reported,4304(r),14208150(r)
Wholesale trade,"White, equally male-/female-owned",All firms,70242,178219750
Wholesale trade,"White, equally male-/female-owned",Personal/family savings of owner(s),35131,68014424
Wholesale trade,"White, equally male-/female-owned",Personal/family assets other than savings of owner(s),4681,11226696
Wholesale trade,"White, equally male-/female-owned",Personal/family home equity loan,3627,6993230
Wholesale trade,"White, equally male-/female-owned",Personal credit card(s) carrying balances,4418,4629240
Wholesale trade,"White, equally male-/female-owned",Business credit card(s) carrying balances,2148,2113441
Wholesale trade,"White, equally male-/female-owned","Business loan from federal, state, or local government",21,S
Wholesale trade,"White, equally male-/female-owned",Government-guaranteed business loan from a bank or financial institution,681,2445653
Wholesale trade,"White, equally male-/female-owned",Business loan from a bank or financial institution,5958,27127904
Wholesale trade,"White, equally male-/female-owned",Business loan/investment from family/friends,1782,6736061
Wholesale trade,"White, equally male-/female-owned",Investment by venture capitalist(s),37,S
Wholesale trade,"White, equally male-/female-owned",Grants,0,0
Wholesale trade,"White, equally male-/female-owned",Other source(s) of capital,722,4116223
Wholesale trade,"White, equally male-/female-owned",Don't know,2637,23440724
Wholesale trade,"White, equally male-/female-owned",None needed,4238,10650395
Wholesale trade,"White, equally male-/female-owned",Total reporting,49277(r),129859463(r)
Wholesale trade,"White, equally male-/female-owned",Item not reported,576(r),314067(r)
Wholesale trade,Black or African American,All firms,24465,12937651
Wholesale trade,Black or African American,Personal/family savings of owner(s),5915,7515371
Wholesale trade,Black or African American,Personal/family assets other than savings of owner(s),683,2331133
Wholesale trade,Black or African American,Personal/family home equity loan,355,331759
Wholesale trade,Black or African American,Personal credit card(s) carrying balances,1305,521408
Wholesale trade,Black or African American,Business credit card(s) carrying balances,402,138764
Wholesale trade,Black or African American,"Business loan from federal, state, or local government",2,S
Wholesale trade,Black or African American,Government-guaranteed business loan from a bank or financial institution,14,123613
Wholesale trade,Black or African American,Business loan from a bank or financial institution,404,2886141
Wholesale trade,Black or African American,Business loan/investment from family/friends,193,239769
Wholesale trade,Black or African American,Investment by venture capitalist(s),17,S
Wholesale trade,Black or African American,Grants,4,S
Wholesale trade,Black or African American,Other source(s) of capital,350,302149
Wholesale trade,Black or African American,Don't know,633,1357704
Wholesale trade,Black or African American,None needed,1446,S
Wholesale trade,Black or African American,Total reporting,8943(r),10396872(r)
Wholesale trade,Black or African American,Item not reported,238(r),S
Wholesale trade,"Black or African American, female-owned",All firms,10949,1288155
Wholesale trade,"Black or African American, female-owned",Personal/family savings of owner(s),2197,731655
Wholesale trade,"Black or African American, female-owned",Personal/family assets other than savings of owner(s),285,67617
Wholesale trade,"Black or African American, female-owned",Personal/family home equity loan,125,6385
Wholesale trade,"Black or African American, female-owned",Personal credit card(s) carrying balances,535,S
Wholesale trade,"Black or African American, female-owned",Business credit card(s) carrying balances,135,S
Wholesale trade,"Black or African American, female-owned","Business loan from federal, state, or local government",0,0
Wholesale trade,"Black or African American, female-owned",Government-guaranteed business loan from a bank or financial institution,0,0
Wholesale trade,"Black or African American, female-owned",Business loan from a bank or financial institution,12,S
Wholesale trade,"Black or African American, female-owned",Business loan/investment from family/friends,92,S
Wholesale trade,"Black or African American, female-owned",Investment by venture capitalist(s),0,0
Wholesale trade,"Black or African American, female-owned",Grants,0,0
Wholesale trade,"Black or African American, female-owned",Other source(s) of capital,173,S
Wholesale trade,"Black or African American, female-owned",Don't know,302,35164
Wholesale trade,"Black or African American, female-owned",None needed,600,13275
Wholesale trade,"Black or African American, female-owned",Total reporting,3524,937670
Wholesale trade,"Black or African American, female-owned",Item not reported,115,1122
Wholesale trade,"Black or African American, male-owned",All firms,12601,11202813
Wholesale trade,"Black or African American, male-owned",Personal/family savings of owner(s),3269,6554347
Wholesale trade,"Black or African American, male-owned",Personal/family assets other than savings of owner(s),354,S
Wholesale trade,"Black or African American, male-owned",Personal/family home equity loan,150,220377
Wholesale trade,"Black or African American, male-owned",Personal credit card(s) carrying balances,655,426242
Wholesale trade,"Black or African American, male-owned",Business credit card(s) carrying balances,267,126089
Wholesale trade,"Black or African American, male-owned","Business loan from federal, state, or local government",2,S
Wholesale trade,"Black or African American, male-owned",Government-guaranteed business loan from a bank or financial institution,10,S
Wholesale trade,"Black or African American, male-owned",Business loan from a bank or financial institution,360,2741734
Wholesale trade,"Black or African American, male-owned",Business loan/investment from family/friends,99,227103
Wholesale trade,"Black or African American, male-owned",Investment by venture capitalist(s),17,S
Wholesale trade,"Black or African American, male-owned",Grants,4,S
Wholesale trade,"Black or African American, male-owned",Other source(s) of capital,169,295797
Wholesale trade,"Black or African American, male-owned",Don't know,326,1308138
Wholesale trade,"Black or African American, male-owned",None needed,828,S
Wholesale trade,"Black or African American, male-owned",Total reporting,4944(r),9213101(r)
Wholesale trade,"Black or African American, male-owned",Item not reported,124(r),S
Wholesale trade,"Black or African American, equally male-/female-owned",All firms,915,446682
Wholesale trade,"Black or African American, equally male-/female-owned",Personal/family savings of owner(s),449,229369
Wholesale trade,"Black or African American, equally male-/female-owned",Personal/family assets other than savings of owner(s),45,67550
Wholesale trade,"Black or African American, equally male-/female-owned",Personal/family home equity loan,80,104997
Wholesale trade,"Black or African American, equally male-/female-owned",Personal credit card(s) carrying balances,115,S
Wholesale trade,"Black or African American, equally male-/female-owned",Business credit card(s) carrying balances,0,0
Wholesale trade,"Black or African American, equally male-/female-owned","Business loan from federal, state, or local government",0,0
Wholesale trade,"Black or African American, equally male-/female-owned",Government-guaranteed business loan from a bank or financial institution,4,S
Wholesale trade,"Black or African American, equally male-/female-owned",Business loan from a bank or financial institution,32,S
Wholesale trade,"Black or African American, equally male-/female-owned",Business loan/investment from family/friends,2,S
Wholesale trade,"Black or African American, equally male-/female-owned",Investment by venture capitalist(s),0,0
Wholesale trade,"Black or African American, equally male-/female-owned",Grants,0,0
Wholesale trade,"Black or African American, equally male-/female-owned",Other source(s) of capital,8,S
Wholesale trade,"Black or African American, equally male-/female-owned",Don't know,5,S
Wholesale trade,"Black or African American, equally male-/female-owned",None needed,18,S
Wholesale trade,"Black or African American, equally male-/female-owned",Total reporting,475,246102
Wholesale trade,"Black or African American, equally male-/female-owned",Item not reported,0,0
Wholesale trade,American Indian and Alaska Native,All firms,5946,5644953
Wholesale trade,American Indian and Alaska Native,Personal/family savings of owner(s),1656,1544793
Wholesale trade,American Indian and Alaska Native,Personal/family assets other than savings of owner(s),199,574844
Wholesale trade,American Indian and Alaska Native,Personal/family home equity loan,85,17336
Wholesale trade,American Indian and Alaska Native,Personal credit card(s) carrying balances,242,75923
Wholesale trade,American Indian and Alaska Native,Business credit card(s) carrying balances,139,S
Wholesale trade,American Indian and Alaska Native,"Business loan from federal, state, or local government",4,S
Wholesale trade,American Indian and Alaska Native,Government-guaranteed business loan from a bank or financial institution,14,S
Wholesale trade,American Indian and Alaska Native,Business loan from a bank or financial institution,163,629890
Wholesale trade,American Indian and Alaska Native,Business loan/investment from family/friends,39,S
Wholesale trade,American Indian and Alaska Native,Investment by venture capitalist(s),2,S
Wholesale trade,American Indian and Alaska Native,Grants,0,0
Wholesale trade,American Indian and Alaska Native,Other source(s) of capital,26,14219
Wholesale trade,American Indian and Alaska Native,Don't know,257,993637
Wholesale trade,American Indian and Alaska Native,None needed,389,255011
Wholesale trade,American Indian and Alaska Native,Total reporting,2480(r),2926040(r)
Wholesale trade,American Indian and Alaska Native,Item not reported,135(r),S
Wholesale trade,"American Indian and Alaska Native, female-owned",All firms,2638,603963
Wholesale trade,"American Indian and Alaska Native, female-owned",Personal/family savings of owner(s),592,226493
Wholesale trade,"American Indian and Alaska Native, female-owned",Personal/family assets other than savings of owner(s),119,S
Wholesale trade,"American Indian and Alaska Native, female-owned",Personal/family home equity loan,19,S
Wholesale trade,"American Indian and Alaska Native, female-owned",Personal credit card(s) carrying balances,101,S
Wholesale trade,"American Indian and Alaska Native, female-owned",Business credit card(s) carrying balances,88,S
Wholesale trade,"American Indian and Alaska Native, female-owned","Business loan from federal, state, or local government",0,0
Wholesale trade,"American Indian and Alaska Native, female-owned",Government-guaranteed business loan from a bank or financial institution,10,S
Wholesale trade,"American Indian and Alaska Native, female-owned",Business loan from a bank or financial institution,49,S
Wholesale trade,"American Indian and Alaska Native, female-owned",Business loan/investment from family/friends,12,S
Wholesale trade,"American Indian and Alaska Native, female-owned",Investment by venture capitalist(s),0,0
Wholesale trade,"American Indian and Alaska Native, female-owned",Grants,0,0
Wholesale trade,"American Indian and Alaska Native, female-owned",Other source(s) of capital,9,S
Wholesale trade,"American Indian and Alaska Native, female-owned",Don't know,72,241470
Wholesale trade,"American Indian and Alaska Native, female-owned",None needed,221,S
Wholesale trade,"American Indian and Alaska Native, female-owned",Total reporting,934,537700
Wholesale trade,"American Indian and Alaska Native, female-owned",Item not reported,76,S
Wholesale trade,"American Indian and Alaska Native, male-owned",All firms,3150,4743916
Wholesale trade,"American Indian and Alaska Native, male-owned",Personal/family savings of owner(s),937,1266253
Wholesale trade,"American Indian and Alaska Native, male-owned",Personal/family assets other than savings of owner(s),73,434902
Wholesale trade,"American Indian and Alaska Native, male-owned",Personal/family home equity loan,51,6242
Wholesale trade,"American Indian and Alaska Native, male-owned",Personal credit card(s) carrying balances,120,61385
Wholesale trade,"American Indian and Alaska Native, male-owned",Business credit card(s) carrying balances,51,S
Wholesale trade,"American Indian and Alaska Native, male-owned","Business loan from federal, state, or local government",4,S
Wholesale trade,"American Indian and Alaska Native, male-owned",Government-guaranteed business loan from a bank or financial institution,4,S
Wholesale trade,"American Indian and Alaska Native, male-owned",Business loan from a bank or financial institution,114,500319
Wholesale trade,"American Indian and Alaska Native, male-owned",Business loan/investment from family/friends,10,S
Wholesale trade,"American Indian and Alaska Native, male-owned",Investment by venture capitalist(s),2,S
Wholesale trade,"American Indian and Alaska Native, male-owned",Grants,0,0
Wholesale trade,"American Indian and Alaska Native, male-owned",Other source(s) of capital,17,14022
Wholesale trade,"American Indian and Alaska Native, male-owned",Don't know,181,S
Wholesale trade,"American Indian and Alaska Native, male-owned",None needed,168,S
Wholesale trade,"American Indian and Alaska Native, male-owned",Total reporting,1398(r),2013447(r)
Wholesale trade,"American Indian and Alaska Native, male-owned",Item not reported,58(r),S
Wholesale trade,"American Indian and Alaska Native, equally male-/female-owned",All firms,158,297074
Wholesale trade,"American Indian and Alaska Native, equally male-/female-owned",Personal/family savings of owner(s),128,S
Wholesale trade,"American Indian and Alaska Native, equally male-/female-owned",Personal/family assets other than savings of owner(s),8,S
Wholesale trade,"American Indian and Alaska Native, equally male-/female-owned",Personal/family home equity loan,15,S
Wholesale trade,"American Indian and Alaska Native, equally male-/female-owned",Personal credit card(s) carrying balances,21,S
Wholesale trade,"American Indian and Alaska Native, equally male-/female-owned",Business credit card(s) carrying balances,0,0
Wholesale trade,"American Indian and Alaska Native, equally male-/female-owned","Business loan from federal, state, or local government",0,0
Wholesale trade,"American Indian and Alaska Native, equally male-/female-owned",Government-guaranteed business loan from a bank or financial institution,0,0
Wholesale trade,"American Indian and Alaska Native, equally male-/female-owned",Business loan from a bank or financial institution,0,0
Wholesale trade,"American Indian and Alaska Native, equally male-/female-owned",Business loan/investment from family/friends,16,S
Wholesale trade,"American Indian and Alaska Native, equally male-/female-owned",Investment by venture capitalist(s),0,0
Wholesale trade,"American Indian and Alaska Native, equally male-/female-owned",Grants,0,0
Wholesale trade,"American Indian and Alaska Native, equally male-/female-owned",Other source(s) of capital,0,0
Wholesale trade,"American Indian and Alaska Native, equally male-/female-owned",Don't know,4,S
Wholesale trade,"American Indian and Alaska Native, equally male-/female-owned",None needed,0,0
Wholesale trade,"American Indian and Alaska Native, equally male-/female-owned",Total reporting,148,S
Wholesale trade,"American Indian and Alaska Native, equally male-/female-owned",Item not reported,0,0
Wholesale trade,Asian,All firms,67062,177956333
Wholesale trade,Asian,Personal/family savings of owner(s),28931,64085628
Wholesale trade,Asian,Personal/family assets other than savings of owner(s),2859,7342440
Wholesale trade,Asian,Personal/family home equity loan,2415,4657970
Wholesale trade,Asian,Personal credit card(s) carrying balances,3753,4712227
Wholesale trade,Asian,Business credit card(s) carrying balances,1392,1913949
Wholesale trade,Asian,"Business loan from federal, state, or local government",39,112274
Wholesale trade,Asian,Government-guaranteed business loan from a bank or financial institution,112,304905
Wholesale trade,Asian,Business loan from a bank or financial institution,2405,12466982
Wholesale trade,Asian,Business loan/investment from family/friends,1781,4949618
Wholesale trade,Asian,Investment by venture capitalist(s),81,S
Wholesale trade,Asian,Grants,29,S
Wholesale trade,Asian,Other source(s) of capital,1095,6846475
Wholesale trade,Asian,Don't know,4595,23044725
Wholesale trade,Asian,None needed,3136,2306605
Wholesale trade,Asian,Total reporting,41187(r),103891091(r)
Wholesale trade,Asian,Item not reported,596(r),451371(r)
Wholesale trade,"Asian, female-owned",All firms,17612,30060431
Wholesale trade,"Asian, female-owned",Personal/family savings of owner(s),7905,17336813
Wholesale trade,"Asian, female-owned",Personal/family assets other than savings of owner(s),657,1810148
Wholesale trade,"Asian, female-owned",Personal/family home equity loan,874,851886
Wholesale trade,"Asian, female-owned",Personal credit card(s) carrying balances,1084,1045498
Wholesale trade,"Asian, female-owned",Business credit card(s) carrying balances,371,184697
Wholesale trade,"Asian, female-owned","Business loan from federal, state, or local government",21,S
Wholesale trade,"Asian, female-owned",Government-guaranteed business loan from a bank or financial institution,17,S
Wholesale trade,"Asian, female-owned",Business loan from a bank or financial institution,459,1473084
Wholesale trade,"Asian, female-owned",Business loan/investment from family/friends,459,898881
Wholesale trade,"Asian, female-owned",Investment by venture capitalist(s),2,S
Wholesale trade,"Asian, female-owned",Grants,0,0
Wholesale trade,"Asian, female-owned",Other source(s) of capital,238,S
Wholesale trade,"Asian, female-owned",Don't know,863,2050987
Wholesale trade,"Asian, female-owned",None needed,828,580298
Wholesale trade,"Asian, female-owned",Total reporting,10649(r),22008162(r)
Wholesale trade,"Asian, female-owned",Item not reported,257(r),S
Wholesale trade,"Asian, male-owned",All firms,42052,123092472
Wholesale trade,"Asian, male-owned",Personal/family savings of owner(s),17343,40508601
Wholesale trade,"Asian, male-owned",Personal/family assets other than savings of owner(s),1884,4731536
Wholesale trade,"Asian, male-owned",Personal/family home equity loan,1264,3226110
Wholesale trade,"Asian, male-owned",Personal credit card(s) carrying balances,2232,3250774
Wholesale trade,"Asian, male-owned",Business credit card(s) carrying balances,809,1515864
Wholesale trade,"Asian, male-owned","Business loan from federal, state, or local government",19,S
Wholesale trade,"Asian, male-owned",Government-guaranteed business loan from a bank or financial institution,69,262623
Wholesale trade,"Asian, male-owned",Business loan from a bank or financial institution,1572,8944704
Wholesale trade,"Asian, male-owned",Business loan/investment from family/friends,984,3390273
Wholesale trade,"Asian, male-owned",Investment by venture capitalist(s),72,S
Wholesale trade,"Asian, male-owned",Grants,29,S
Wholesale trade,"Asian, male-owned",Other source(s) of capital,653,5984393
Wholesale trade,"Asian, male-owned",Don't know,3542,17810607
Wholesale trade,"Asian, male-owned",None needed,2123,1277111
Wholesale trade,"Asian, male-owned",Total reporting,25714(r),70309448(r)
Wholesale trade,"Asian, male-owned",Item not reported,335(r),S
Wholesale trade,"Asian, equally male-/female-owned",All firms,7398,24803431
Wholesale trade,"Asian, equally male-/female-owned",Personal/family savings of owner(s),3684,6240214
Wholesale trade,"Asian, equally male-/female-owned",Personal/family assets other than savings of owner(s),318,800756
Wholesale trade,"Asian, equally male-/female-owned",Personal/family home equity loan,276,579974
Wholesale trade,"Asian, equally male-/female-owned",Personal credit card(s) carrying balances,437,S
Wholesale trade,"Asian, equally male-/female-owned",Business credit card(s) carrying balances,211,S
Wholesale trade,"Asian, equally male-/female-owned","Business loan from federal, state, or local government",0,0
Wholesale trade,"Asian, equally male-/female-owned",Government-guaranteed business loan from a bank or financial institution,26,S
Wholesale trade,"Asian, equally male-/female-owned",Business loan from a bank or financial institution,374,2049194
Wholesale trade,"Asian, equally male-/female-owned",Business loan/investment from family/friends,338,660465
Wholesale trade,"Asian, equally male-/female-owned",Investment by venture capitalist(s),7,S
Wholesale trade,"Asian, equally male-/female-owned",Grants,0,0
Wholesale trade,"Asian, equally male-/female-owned",Other source(s) of capital,203,424540
Wholesale trade,"Asian, equally male-/female-owned",Don't know,191,S
Wholesale trade,"Asian, equally male-/female-owned",None needed,185,S
Wholesale trade,"Asian, equally male-/female-owned",Total reporting,4824,11573482
Wholesale trade,"Asian, equally male-/female-owned",Item not reported,5,S
Wholesale trade,Native Hawaiian and Other Pacific Islander,All firms,1283,1079992
Wholesale trade,Native Hawaiian and Other Pacific Islander,Personal/family savings of owner(s),479,153277
Wholesale trade,Native Hawaiian and Other Pacific Islander,Personal/family assets other than savings of owner(s),28,S
Wholesale trade,Native Hawaiian and Other Pacific Islander,Personal/family home equity loan,80,10017
Wholesale trade,Native Hawaiian and Other Pacific Islander,Personal credit card(s) carrying balances,186,12456
Wholesale trade,Native Hawaiian and Other Pacific Islander,Business credit card(s) carrying balances,51,2099
Wholesale trade,Native Hawaiian and Other Pacific Islander,"Business loan from federal, state, or local government",0,0
Wholesale trade,Native Hawaiian and Other Pacific Islander,Government-guaranteed business loan from a bank or financial institution,0,0
Wholesale trade,Native Hawaiian and Other Pacific Islander,Business loan from a bank or financial institution,67,S
Wholesale trade,Native Hawaiian and Other Pacific Islander,Business loan/investment from family/friends,67,S
Wholesale trade,Native Hawaiian and Other Pacific Islander,Investment by venture capitalist(s),0,0
Wholesale trade,Native Hawaiian and Other Pacific Islander,Grants,0,0
Wholesale trade,Native Hawaiian and Other Pacific Islander,Other source(s) of capital,64,S
Wholesale trade,Native Hawaiian and Other Pacific Islander,Don't know,31,S
Wholesale trade,Native Hawaiian and Other Pacific Islander,None needed,74,S
Wholesale trade,Native Hawaiian and Other Pacific Islander,Total reporting,618(r),164667(r)
Wholesale trade,Native Hawaiian and Other Pacific Islander,Item not reported,14(r),S
Wholesale trade,"Native Hawaiian and Other Pacific Islander, female-owned",All firms,622,S
Wholesale trade,"Native Hawaiian and Other Pacific Islander, female-owned",Personal/family savings of owner(s),259,S
Wholesale trade,"Native Hawaiian and Other Pacific Islander, female-owned",Personal/family assets other than savings of owner(s),17,S
Wholesale trade,"Native Hawaiian and Other Pacific Islander, female-owned",Personal/family home equity loan,63,S
Wholesale trade,"Native Hawaiian and Other Pacific Islander, female-owned",Personal credit card(s) carrying balances,108,S
Wholesale trade,"Native Hawaiian and Other Pacific Islander, female-owned",Business credit card(s) carrying balances,0,S
Wholesale trade,"Native Hawaiian and Other Pacific Islander, female-owned","Business loan from federal, state, or local government",0,S
Wholesale trade,"Native Hawaiian and Other Pacific Islander, female-owned",Government-guaranteed business loan from a bank or financial institution,0,S
Wholesale trade,"Native Hawaiian and Other Pacific Islander, female-owned",Business loan from a bank or financial institution,18,S
Wholesale trade,"Native Hawaiian and Other Pacific Islander, female-owned",Business loan/investment from family/friends,61,S
Wholesale trade,"Native Hawaiian and Other Pacific Islander, female-owned",Investment by venture capitalist(s),0,S
Wholesale trade,"Native Hawaiian and Other Pacific Islander, female-owned",Grants,0,S
Wholesale trade,"Native Hawaiian and Other Pacific Islander, female-owned",Other source(s) of capital,61,S
Wholesale trade,"Native Hawaiian and Other Pacific Islander, female-owned",Don't know,25,S
Wholesale trade,"Native Hawaiian and Other Pacific Islander, female-owned",None needed,45,S
Wholesale trade,"Native Hawaiian and Other Pacific Islander, female-owned",Total reporting,331(r),S
Wholesale trade,"Native Hawaiian and Other Pacific Islander, female-owned",Item not reported,5(r),S
Wholesale trade,"Native Hawaiian and Other Pacific Islander, male-owned",All firms,645,922925
Wholesale trade,"Native Hawaiian and Other Pacific Islander, male-owned",Personal/family savings of owner(s),215,123278
Wholesale trade,"Native Hawaiian and Other Pacific Islander, male-owned",Personal/family assets other than savings of owner(s),11,S
Wholesale trade,"Native Hawaiian and Other Pacific Islander, male-owned",Personal/family home equity loan,15,S
Wholesale trade,"Native Hawaiian and Other Pacific Islander, male-owned",Personal credit card(s) carrying balances,78,3090
Wholesale trade,"Native Hawaiian and Other Pacific Islander, male-owned",Business credit card(s) carrying balances,51,2099
Wholesale trade,"Native Hawaiian and Other Pacific Islander, male-owned","Business loan from federal, state, or local government",0,0
Wholesale trade,"Native Hawaiian and Other Pacific Islander, male-owned",Government-guaranteed business loan from a bank or financial institution,0,0
Wholesale trade,"Native Hawaiian and Other Pacific Islander, male-owned",Business loan from a bank or financial institution,49,S
Wholesale trade,"Native Hawaiian and Other Pacific Islander, male-owned",Business loan/investment from family/friends,6,S
Wholesale trade,"Native Hawaiian and Other Pacific Islander, male-owned",Investment by venture capitalist(s),0,0
Wholesale trade,"Native Hawaiian and Other Pacific Islander, male-owned",Grants,0,0
Wholesale trade,"Native Hawaiian and Other Pacific Islander, male-owned",Other source(s) of capital,3,S
Wholesale trade,"Native Hawaiian and Other Pacific Islander, male-owned",Don't know,6,S
Wholesale trade,"Native Hawaiian and Other Pacific Islander, male-owned",None needed,29,S
Wholesale trade,"Native Hawaiian and Other Pacific Islander, male-owned",Total reporting,281,133388
Wholesale trade,"Native Hawaiian and Other Pacific Islander, male-owned",Item not reported,9,S
Wholesale trade,"Native Hawaiian and Other Pacific Islander, equally male-/female-owned",All firms,16,S
Wholesale trade,"Native Hawaiian and Other Pacific Islander, equally male-/female-owned",Personal/family savings of owner(s),6,S
Wholesale trade,"Native Hawaiian and Other Pacific Islander, equally male-/female-owned",Personal/family assets other than savings of owner(s),0,S
Wholesale trade,"Native Hawaiian and Other Pacific Islander, equally male-/female-owned",Personal/family home equity loan,2,S
Wholesale trade,"Native Hawaiian and Other Pacific Islander, equally male-/female-owned",Personal credit card(s) carrying balances,0,S
Wholesale trade,"Native Hawaiian and Other Pacific Islander, equally male-/female-owned",Business credit card(s) carrying balances,0,S
Wholesale trade,"Native Hawaiian and Other Pacific Islander, equally male-/female-owned","Business loan from federal, state, or local government",0,S
Wholesale trade,"Native Hawaiian and Other Pacific Islander, equally male-/female-owned",Government-guaranteed business loan from a bank or financial institution,0,S
Wholesale trade,"Native Hawaiian and Other Pacific Islander, equally male-/female-owned",Business loan from a bank or financial institution,0,S
Wholesale trade,"Native Hawaiian and Other Pacific Islander, equally male-/female-owned",Business loan/investment from family/friends,0,S
Wholesale trade,"Native Hawaiian and Other Pacific Islander, equally male-/female-owned",Investment by venture capitalist(s),0,S
Wholesale trade,"Native Hawaiian and Other Pacific Islander, equally male-/female-owned",Grants,0,S
Wholesale trade,"Native Hawaiian and Other Pacific Islander, equally male-/female-owned",Other source(s) of capital,0,S
Wholesale trade,"Native Hawaiian and Other Pacific Islander, equally male-/female-owned",Don't know,0,S
Wholesale trade,"Native Hawaiian and Other Pacific Islander, equally male-/female-owned",None needed,0,S
Wholesale trade,"Native Hawaiian and Other Pacific Islander, equally male-/female-owned",Total reporting,6,S
Wholesale trade,"Native Hawaiian and Other Pacific Islander, equally male-/female-owned",Item not reported,0,S
Wholesale trade,Some other race,All firms,17971,15319178
Wholesale trade,Some other race,Personal/family savings of owner(s),4219,4804115
Wholesale trade,Some other race,Personal/family assets other than savings of owner(s),447,363050
Wholesale trade,Some other race,Personal/family home equity loan,278,S
Wholesale trade,Some other race,Personal credit card(s) carrying balances,804,180423
Wholesale trade,Some other race,Business credit card(s) carrying balances,133,S
Wholesale trade,Some other race,"Business loan from federal, state, or local government",13,S
Wholesale trade,Some other race,Government-guaranteed business loan from a bank or financial institution,4,S
Wholesale trade,Some other race,Business loan from a bank or financial institution,436,637418
Wholesale trade,Some other race,Business loan/investment from family/friends,136,335697
Wholesale trade,Some other race,Investment by venture capitalist(s),64,S
Wholesale trade,Some other race,Grants,0,0
Wholesale trade,Some other race,Other source(s) of capital,275,447165
Wholesale trade,Some other race,Don't know,574,2761566
Wholesale trade,Some other race,None needed,988,S
Wholesale trade,Some other race,Total reporting,6820(r),9001795(r)
Wholesale trade,Some other race,Item not reported,257(r),6903(r)
Wholesale trade,"Some other race, female-owned",All firms,5739,1941746
Wholesale trade,"Some other race, female-owned",Personal/family savings of owner(s),1288,1001057
Wholesale trade,"Some other race, female-owned",Personal/family assets other than savings of owner(s),112,S
Wholesale trade,"Some other race, female-owned",Personal/family home equity loan,75,S
Wholesale trade,"Some other race, female-owned",Personal credit card(s) carrying balances,265,S
Wholesale trade,"Some other race, female-owned",Business credit card(s) carrying balances,33,S
Wholesale trade,"Some other race, female-owned","Business loan from federal, state, or local government",0,0
Wholesale trade,"Some other race, female-owned",Government-guaranteed business loan from a bank or financial institution,0,0
Wholesale trade,"Some other race, female-owned",Business loan from a bank or financial institution,2,S
Wholesale trade,"Some other race, female-owned",Business loan/investment from family/friends,24,S
Wholesale trade,"Some other race, female-owned",Investment by venture capitalist(s),61,S
Wholesale trade,"Some other race, female-owned",Grants,0,0
Wholesale trade,"Some other race, female-owned",Other source(s) of capital,133,S
Wholesale trade,"Some other race, female-owned",Don't know,88,658911
Wholesale trade,"Some other race, female-owned",None needed,175,S
Wholesale trade,"Some other race, female-owned",Total reporting,1700(r),1732301(r)
Wholesale trade,"Some other race, female-owned",Item not reported,64(r),S
Wholesale trade,"Some other race, male-owned",All firms,11026,11463956
Wholesale trade,"Some other race, male-owned",Personal/family savings of owner(s),2648,3713336
Wholesale trade,"Some other race, male-owned",Personal/family assets other than savings of owner(s),320,272541
Wholesale trade,"Some other race, male-owned",Personal/family home equity loan,190,S
Wholesale trade,"Some other race, male-owned",Personal credit card(s) carrying balances,443,122666
Wholesale trade,"Some other race, male-owned",Business credit card(s) carrying balances,100,S
Wholesale trade,"Some other race, male-owned","Business loan from federal, state, or local government",8,S
Wholesale trade,"Some other race, male-owned",Government-guaranteed business loan from a bank or financial institution,4,S
Wholesale trade,"Some other race, male-owned",Business loan from a bank or financial institution,424,564206
Wholesale trade,"Some other race, male-owned",Business loan/investment from family/friends,106,130521
Wholesale trade,"Some other race, male-owned",Investment by venture capitalist(s),2,S
Wholesale trade,"Some other race, male-owned",Grants,0,0
Wholesale trade,"Some other race, male-owned",Other source(s) of capital,140,383689
Wholesale trade,"Some other race, male-owned",Don't know,433,1880745
Wholesale trade,"Some other race, male-owned",None needed,683,S
Wholesale trade,"Some other race, male-owned",Total reporting,4560(r),6660208(r)
Wholesale trade,"Some other race, male-owned",Item not reported,193(r),S
Wholesale trade,"Some other race, equally male-/female-owned",All firms,1206,S
Wholesale trade,"Some other race, equally male-/female-owned",Personal/family savings of owner(s),283,S
Wholesale trade,"Some other race, equally male-/female-owned",Personal/family assets other than savings of owner(s),15,S
Wholesale trade,"Some other race, equally male-/female-owned",Personal/family home equity loan,13,S
Wholesale trade,"Some other race, equally male-/female-owned",Personal credit card(s) carrying balances,95,S
Wholesale trade,"Some other race, equally male-/female-owned",Business credit card(s) carrying balances,0,S
Wholesale trade,"Some other race, equally male-/female-owned","Business loan from federal, state, or local government",5,S
Wholesale trade,"Some other race, equally male-/female-owned",Government-guaranteed business loan from a bank or financial institution,0,S
Wholesale trade,"Some other race, equally male-/female-owned",Business loan from a bank or financial institution,10,S
Wholesale trade,"Some other race, equally male-/female-owned",Business loan/investment from family/friends,6,S
Wholesale trade,"Some other race, equally male-/female-owned",Investment by venture capitalist(s),0,S
Wholesale trade,"Some other race, equally male-/female-owned",Grants,0,S
Wholesale trade,"Some other race, equally male-/female-owned",Other source(s) of capital,2,S
Wholesale trade,"Some other race, equally male-/female-owned",Don't know,52,S
Wholesale trade,"Some other race, equally male-/female-owned",None needed,130,S
Wholesale trade,"Some other race, equally male-/female-owned",Total reporting,560,S
Wholesale trade,"Some other race, equally male-/female-owned",Item not reported,0,S
Wholesale trade,Minority,All firms,160511,296999070
Wholesale trade,Minority,Personal/family savings of owner(s),55541,104858847
Wholesale trade,Minority,Personal/family assets other than savings of owner(s),5749,15063313
Wholesale trade,Minority,Personal/family home equity loan,3902,6061439
Wholesale trade,Minority,Personal credit card(s) carrying balances,8308,8454809
Wholesale trade,Minority,Business credit card(s) carrying balances,2960,3215206
Wholesale trade,Minority,"Business loan from federal, state, or local government",59,239632
Wholesale trade,Minority,Government-guaranteed business loan from a bank or financial institution,213,781648
Wholesale trade,Minority,Business loan from a bank or financial institution,4401,26079902
Wholesale trade,Minority,Business loan/investment from family/friends,2621,7778674
Wholesale trade,Minority,Investment by venture capitalist(s),233,2907321
Wholesale trade,Minority,Grants,120,S
Wholesale trade,Minority,Other source(s) of capital,2149,8130778
Wholesale trade,Minority,Don't know,7035,31859489
Wholesale trade,Minority,None needed,8481,4076504
Wholesale trade,Minority,Total reporting,80171(r),165239275(r)
Wholesale trade,Minority,Item not reported,1859(r),756208(r)
Wholesale trade,"Minority, female-owned",All firms,49561,40374792
Wholesale trade,"Minority, female-owned",Personal/family savings of owner(s),14795,21673121
Wholesale trade,"Minority, female-owned",Personal/family assets other than savings of owner(s),1492,2271732
Wholesale trade,"Minority, female-owned",Personal/family home equity loan,1055,1034296
Wholesale trade,"Minority, female-owned",Personal credit card(s) carrying balances,2541,1871131
Wholesale trade,"Minority, female-owned",Business credit card(s) carrying balances,799,410663
Wholesale trade,"Minority, female-owned","Business loan from federal, state, or local government",21,S
Wholesale trade,"Minority, female-owned",Government-guaranteed business loan from a bank or financial institution,27,S
Wholesale trade,"Minority, female-owned",Business loan from a bank or financial institution,751,2859630
Wholesale trade,"Minority, female-owned",Business loan/investment from family/friends,583,1111241
Wholesale trade,"Minority, female-owned",Investment by venture capitalist(s),63,S
Wholesale trade,"Minority, female-owned",Grants,0,0
Wholesale trade,"Minority, female-owned",Other source(s) of capital,596,S
Wholesale trade,"Minority, female-owned",Don't know,1592,3336510
Wholesale trade,"Minority, female-owned",None needed,2519,742437
Wholesale trade,"Minority, female-owned",Total reporting,21323(r),29403328(r)
Wholesale trade,"Minority, female-owned",Item not reported,600(r),S
Wholesale trade,"Minority, male-owned",All firms,96834,222144941
Wholesale trade,"Minority, male-owned",Personal/family savings of owner(s),34337,73288223
Wholesale trade,"Minority, male-owned",Personal/family assets other than savings of owner(s),3736,11794045
Wholesale trade,"Minority, male-owned",Personal/family home equity loan,2212,4193041
Wholesale trade,"Minority, male-owned",Personal credit card(s) carrying balances,4987,6074137
Wholesale trade,"Minority, male-owned",Business credit card(s) carrying balances,1853,2504765
Wholesale trade,"Minority, male-owned","Business loan from federal, state, or local government",33,203569
Wholesale trade,"Minority, male-owned",Government-guaranteed business loan from a bank or financial institution,156,640468
Wholesale trade,"Minority, male-owned",Business loan from a bank or financial institution,3030,20877493
Wholesale trade,"Minority, male-owned",Business loan/investment from family/friends,1614,5855062
Wholesale trade,"Minority, male-owned",Investment by venture capitalist(s),163,2895906
Wholesale trade,"Minority, male-owned",Grants,120,S
Wholesale trade,"Minority, male-owned",Other source(s) of capital,1271,7170157
Wholesale trade,"Minority, male-owned",Don't know,5136,24769120
Wholesale trade,"Minority, male-owned",None needed,5535,2666586
Wholesale trade,"Minority, male-owned",Total reporting,50423(r),119471760(r)
Wholesale trade,"Minority, male-owned",Item not reported,1252(r),592502(r)
Wholesale trade,"Minority, equally male-/female-owned",All firms,14116,34479336
Wholesale trade,"Minority, equally male-/female-owned",Personal/family savings of owner(s),6409,9897502
Wholesale trade,"Minority, equally male-/female-owned",Personal/family assets other than savings of owner(s),521,997535
Wholesale trade,"Minority, equally male-/female-owned",Personal/family home equity loan,635,834102
Wholesale trade,"Minority, equally male-/female-owned",Personal credit card(s) carrying balances,780,S
Wholesale trade,"Minority, equally male-/female-owned",Business credit card(s) carrying balances,308,299779
Wholesale trade,"Minority, equally male-/female-owned","Business loan from federal, state, or local government",5,S
Wholesale trade,"Minority, equally male-/female-owned",Government-guaranteed business loan from a bank or financial institution,31,115941
Wholesale trade,"Minority, equally male-/female-owned",Business loan from a bank or financial institution,621,2342779
Wholesale trade,"Minority, equally male-/female-owned",Business loan/investment from family/friends,424,812370
Wholesale trade,"Minority, equally male-/female-owned",Investment by venture capitalist(s),7,S
Wholesale trade,"Minority, equally male-/female-owned",Grants,0,0
Wholesale trade,"Minority, equally male-/female-owned",Other source(s) of capital,283,441779
Wholesale trade,"Minority, equally male-/female-owned",Don't know,307,S
Wholesale trade,"Minority, equally male-/female-owned",None needed,427,S
Wholesale trade,"Minority, equally male-/female-owned",Total reporting,8425,16364187
Wholesale trade,"Minority, equally male-/female-owned",Item not reported,7,S
Wholesale trade,Equally minority/nonminority,All firms,7297,16290760
Wholesale trade,Equally minority/nonminority,Personal/family savings of owner(s),4159,4849786
Wholesale trade,Equally minority/nonminority,Personal/family assets other than savings of owner(s),387,S
Wholesale trade,Equally minority/nonminority,Personal/family home equity loan,308,598134
Wholesale trade,Equally minority/nonminority,Personal credit card(s) carrying balances,980,1637627
Wholesale trade,Equally minority/nonminority,Business credit card(s) carrying balances,312,S
Wholesale trade,Equally minority/nonminority,"Business loan from federal, state, or local government",26,S
Wholesale trade,Equally minority/nonminority,Government-guaranteed business loan from a bank or financial institution,48,S
Wholesale trade,Equally minority/nonminority,Business loan from a bank or financial institution,235,S
Wholesale trade,Equally minority/nonminority,Business loan/investment from family/friends,209,S
Wholesale trade,Equally minority/nonminority,Investment by venture capitalist(s),29,S
Wholesale trade,Equally minority/nonminority,Grants,0,0
Wholesale trade,Equally minority/nonminority,Other source(s) of capital,81,S
Wholesale trade,Equally minority/nonminority,Don't know,358,2686199
Wholesale trade,Equally minority/nonminority,None needed,265,S
Wholesale trade,Equally minority/nonminority,Total reporting,5256(r),10897791(r)
Wholesale trade,Equally minority/nonminority,Item not reported,118(r),S
Wholesale trade,"Equally minority/nonminority, female-owned",All firms,184,S
Wholesale trade,"Equally minority/nonminority, female-owned",Personal/family savings of owner(s),179,S
Wholesale trade,"Equally minority/nonminority, female-owned",Personal/family assets other than savings of owner(s),0,S
Wholesale trade,"Equally minority/nonminority, female-owned",Personal/family home equity loan,0,S
Wholesale trade,"Equally minority/nonminority, female-owned",Personal credit card(s) carrying balances,2,S
Wholesale trade,"Equally minority/nonminority, female-owned",Business credit card(s) carrying balances,2,S
Wholesale trade,"Equally minority/nonminority, female-owned","Business loan from federal, state, or local government",0,S
Wholesale trade,"Equally minority/nonminority, female-owned",Government-guaranteed business loan from a bank or financial institution,2,S
Wholesale trade,"Equally minority/nonminority, female-owned",Business loan from a bank or financial institution,0,S
Wholesale trade,"Equally minority/nonminority, female-owned",Business loan/investment from family/friends,0,S
Wholesale trade,"Equally minority/nonminority, female-owned",Investment by venture capitalist(s),29,S
Wholesale trade,"Equally minority/nonminority, female-owned",Grants,0,S
Wholesale trade,"Equally minority/nonminority, female-owned",Other source(s) of capital,0,S
Wholesale trade,"Equally minority/nonminority, female-owned",Don't know,40,S
Wholesale trade,"Equally minority/nonminority, female-owned",None needed,0,S
Wholesale trade,"Equally minority/nonminority, female-owned",Total reporting,219,S
Wholesale trade,"Equally minority/nonminority, female-owned",Item not reported,0,S
Wholesale trade,"Equally minority/nonminority, male-owned",All firms,1574,8639229
Wholesale trade,"Equally minority/nonminority, male-owned",Personal/family savings of owner(s),734,1953992
Wholesale trade,"Equally minority/nonminority, male-owned",Personal/family assets other than savings of owner(s),38,S
Wholesale trade,"Equally minority/nonminority, male-owned",Personal/family home equity loan,77,389809
Wholesale trade,"Equally minority/nonminority, male-owned",Personal credit card(s) carrying balances,147,S
Wholesale trade,"Equally minority/nonminority, male-owned",Business credit card(s) carrying balances,23,S
Wholesale trade,"Equally minority/nonminority, male-owned","Business loan from federal, state, or local government",0,0
Wholesale trade,"Equally minority/nonminority, male-owned",Government-guaranteed business loan from a bank or financial institution,2,S
Wholesale trade,"Equally minority/nonminority, male-owned",Business loan from a bank or financial institution,85,S
Wholesale trade,"Equally minority/nonminority, male-owned",Business loan/investment from family/friends,16,S
Wholesale trade,"Equally minority/nonminority, male-owned",Investment by venture capitalist(s),0,0
Wholesale trade,"Equally minority/nonminority, male-owned",Grants,0,0
Wholesale trade,"Equally minority/nonminority, male-owned",Other source(s) of capital,58,S
Wholesale trade,"Equally minority/nonminority, male-owned",Don't know,97,1463605
Wholesale trade,"Equally minority/nonminority, male-owned",None needed,86,S
Wholesale trade,"Equally minority/nonminority, male-owned",Total reporting,1116,5896290
Wholesale trade,"Equally minority/nonminority, male-owned",Item not reported,0,0
Wholesale trade,"Equally minority/nonminority, equally male-/female-owned",All firms,5539,7395209
Wholesale trade,"Equally minority/nonminority, equally male-/female-owned",Personal/family savings of owner(s),3246,2854171
Wholesale trade,"Equally minority/nonminority, equally male-/female-owned",Personal/family assets other than savings of owner(s),350,S
Wholesale trade,"Equally minority/nonminority, equally male-/female-owned",Personal/family home equity loan,231,S
Wholesale trade,"Equally minority/nonminority, equally male-/female-owned",Personal credit card(s) carrying balances,831,1238552
Wholesale trade,"Equally minority/nonminority, equally male-/female-owned",Business credit card(s) carrying balances,287,S
Wholesale trade,"Equally minority/nonminority, equally male-/female-owned","Business loan from federal, state, or local government",26,S
Wholesale trade,"Equally minority/nonminority, equally male-/female-owned",Government-guaranteed business loan from a bank or financial institution,44,S
Wholesale trade,"Equally minority/nonminority, equally male-/female-owned",Business loan from a bank or financial institution,151,162227
Wholesale trade,"Equally minority/nonminority, equally male-/female-owned",Business loan/investment from family/friends,193,S
Wholesale trade,"Equally minority/nonminority, equally male-/female-owned",Investment by venture capitalist(s),0,0
Wholesale trade,"Equally minority/nonminority, equally male-/female-owned",Grants,0,0
Wholesale trade,"Equally minority/nonminority, equally male-/female-owned",Other source(s) of capital,23,S
Wholesale trade,"Equally minority/nonminority, equally male-/female-owned",Don't know,220,922948
Wholesale trade,"Equally minority/nonminority, equally male-/female-owned",None needed,179,S
Wholesale trade,"Equally minority/nonminority, equally male-/female-owned",Total reporting,3921(r),4660231(r)
Wholesale trade,"Equally minority/nonminority, equally male-/female-owned",Item not reported,118(r),S
Wholesale trade,Nonminority,All firms,517404,2438140096
Wholesale trade,Nonminority,Personal/family savings of owner(s),225474,738768157
Wholesale trade,Nonminority,Personal/family assets other than savings of owner(s),24752,133628461
Wholesale trade,Nonminority,Personal/family home equity loan,17132,58246004
Wholesale trade,Nonminority,Personal credit card(s) carrying balances,28674,40400521
Wholesale trade,Nonminority,Business credit card(s) carrying balances,10278,16686011
Wholesale trade,Nonminority,"Business loan from federal, state, or local government",283,3745883
Wholesale trade,Nonminority,Government-guaranteed business loan from a bank or financial institution,3130,16465195
Wholesale trade,Nonminority,Business loan from a bank or financial institution,35335,321370035
Wholesale trade,Nonminority,Business loan/investment from family/friends,10421,61893477
Wholesale trade,Nonminority,Investment by venture capitalist(s),1153,17023751
Wholesale trade,Nonminority,Grants,178,650843
Wholesale trade,Nonminority,Other source(s) of capital,7970,55554568
Wholesale trade,Nonminority,Don't know,33107,517524469
Wholesale trade,Nonminority,None needed,54444,110108343
Wholesale trade,Nonminority,Total reporting,358295(r),1628437435(r)
Wholesale trade,Nonminority,Item not reported,5333(r),15877971(r)
Wholesale trade,"Nonminority, female-owned",All firms,105470,235272045
Wholesale trade,"Nonminority, female-owned",Personal/family savings of owner(s),45859,64285097
Wholesale trade,"Nonminority, female-owned",Personal/family assets other than savings of owner(s),3406,12002595
Wholesale trade,"Nonminority, female-owned",Personal/family home equity loan,2388,7328440
Wholesale trade,"Nonminority, female-owned",Personal credit card(s) carrying balances,6769,6019338
Wholesale trade,"Nonminority, female-owned",Business credit card(s) carrying balances,2122,1338375
Wholesale trade,"Nonminority, female-owned","Business loan from federal, state, or local government",29,S
Wholesale trade,"Nonminority, female-owned",Government-guaranteed business loan from a bank or financial institution,520,1498912
Wholesale trade,"Nonminority, female-owned",Business loan from a bank or financial institution,3221,25037526
Wholesale trade,"Nonminority, female-owned",Business loan/investment from family/friends,1325,4765480
Wholesale trade,"Nonminority, female-owned",Investment by venture capitalist(s),68,156257
Wholesale trade,"Nonminority, female-owned",Grants,66,S
Wholesale trade,"Nonminority, female-owned",Other source(s) of capital,1002,3113990
Wholesale trade,"Nonminority, female-owned",Don't know,4601,44482467
Wholesale trade,"Nonminority, female-owned",None needed,15261,10728756
Wholesale trade,"Nonminority, female-owned",Total reporting,71844(r),141821316(r)
Wholesale trade,"Nonminority, female-owned",Item not reported,1149(r),1601350(r)
Wholesale trade,"Nonminority, male-owned",All firms,349413,2034983536
Wholesale trade,"Nonminority, male-owned",Personal/family savings of owner(s),148464,611454890
Wholesale trade,"Nonminority, male-owned",Personal/family assets other than savings of owner(s),16997,110732833
Wholesale trade,"Nonminority, male-owned",Personal/family home equity loan,11645,44279068
Wholesale trade,"Nonminority, male-owned",Personal credit card(s) carrying balances,18208,30365206
Wholesale trade,"Nonminority, male-owned",Business credit card(s) carrying balances,6293,13326454
Wholesale trade,"Nonminority, male-owned","Business loan from federal, state, or local government",235,1476540
Wholesale trade,"Nonminority, male-owned",Government-guaranteed business loan from a bank or financial institution,1971,12643525
Wholesale trade,"Nonminority, male-owned",Business loan from a bank or financial institution,26362,269434538
Wholesale trade,"Nonminority, male-owned",Business loan/investment from family/friends,7586,50519679
Wholesale trade,"Nonminority, male-owned",Investment by venture capitalist(s),1048,16702749
Wholesale trade,"Nonminority, male-owned",Grants,112,648010
Wholesale trade,"Nonminority, male-owned",Other source(s) of capital,6260,48384424
Wholesale trade,"Nonminority, male-owned",Don't know,26042,449809065
Wholesale trade,"Nonminority, male-owned",None needed,35179,89380157
Wholesale trade,"Nonminority, male-owned",Total reporting,242083(r),1363027590(r)
Wholesale trade,"Nonminority, male-owned",Item not reported,3690(r),14002672(r)
Wholesale trade,"Nonminority, equally male-/female-owned",All firms,62520,167884515
Wholesale trade,"Nonminority, equally male-/female-owned",Personal/family savings of owner(s),31152,63028170
Wholesale trade,"Nonminority, equally male-/female-owned",Personal/family assets other than savings of owner(s),4349,10893033
Wholesale trade,"Nonminority, equally male-/female-owned",Personal/family home equity loan,3099,6638496
Wholesale trade,"Nonminority, equally male-/female-owned",Personal credit card(s) carrying balances,3697,4015976
Wholesale trade,"Nonminority, equally male-/female-owned",Business credit card(s) carrying balances,1863,2021182
Wholesale trade,"Nonminority, equally male-/female-owned","Business loan from federal, state, or local government",19,S
Wholesale trade,"Nonminority, equally male-/female-owned",Government-guaranteed business loan from a bank or financial institution,640,2322758
Wholesale trade,"Nonminority, equally male-/female-owned",Business loan from a bank or financial institution,5752,26897971
Wholesale trade,"Nonminority, equally male-/female-owned",Business loan/investment from family/friends,1510,6608319
Wholesale trade,"Nonminority, equally male-/female-owned",Investment by venture capitalist(s),37,S
Wholesale trade,"Nonminority, equally male-/female-owned",Grants,0,0
Wholesale trade,"Nonminority, equally male-/female-owned",Other source(s) of capital,707,4056154
Wholesale trade,"Nonminority, equally male-/female-owned",Don't know,2464,23232937
Wholesale trade,"Nonminority, equally male-/female-owned",None needed,4003,9999431
Wholesale trade,"Nonminority, equally male-/female-owned",Total reporting,44368(r),123588529(r)
Wholesale trade,"Nonminority, equally male-/female-owned",Item not reported,494(r),273950(r)
Wholesale trade,Veteran,All firms,69022,260776812
Wholesale trade,Veteran,Personal/family savings of owner(s),28782,80409143
Wholesale trade,Veteran,Personal/family assets other than savings of owner(s),2732,9239620
Wholesale trade,Veteran,Personal/family home equity loan,1664,4154470
Wholesale trade,Veteran,Personal credit card(s) carrying balances,3732,3919212
Wholesale trade,Veteran,Business credit card(s) carrying balances,1258,1201249
Wholesale trade,Veteran,"Business loan from federal, state, or local government",42,S
Wholesale trade,Veteran,Government-guaranteed business loan from a bank or financial institution,260,S
Wholesale trade,Veteran,Business loan from a bank or financial institution,4847,39938537
Wholesale trade,Veteran,Business loan/investment from family/friends,1167,7130670
Wholesale trade,Veteran,Investment by venture capitalist(s),145,2572189
Wholesale trade,Veteran,Grants,9,S
Wholesale trade,Veteran,Other source(s) of capital,1112,3985621
Wholesale trade,Veteran,Don't know,3438,46458255
Wholesale trade,Veteran,None needed,6103,5499231
Wholesale trade,Veteran,Total reporting,44136(r),158448577(r)
Wholesale trade,Veteran,Item not reported,1169(r),464388(r)
Wholesale trade,"Veteran, female-owned",All firms,5436,1977732
Wholesale trade,"Veteran, female-owned",Personal/family savings of owner(s),747,886544
Wholesale trade,"Veteran, female-owned",Personal/family assets other than savings of owner(s),24,S
Wholesale trade,"Veteran, female-owned",Personal/family home equity loan,77,S
Wholesale trade,"Veteran, female-owned",Personal credit card(s) carrying balances,162,S
Wholesale trade,"Veteran, female-owned",Business credit card(s) carrying balances,4,S
Wholesale trade,"Veteran, female-owned","Business loan from federal, state, or local government",0,0
Wholesale trade,"Veteran, female-owned",Government-guaranteed business loan from a bank or financial institution,14,S
Wholesale trade,"Veteran, female-owned",Business loan from a bank or financial institution,49,S
Wholesale trade,"Veteran, female-owned",Business loan/investment from family/friends,106,S
Wholesale trade,"Veteran, female-owned",Investment by venture capitalist(s),0,0
Wholesale trade,"Veteran, female-owned",Grants,0,0
Wholesale trade,"Veteran, female-owned",Other source(s) of capital,63,S
Wholesale trade,"Veteran, female-owned",Don't know,15,S
Wholesale trade,"Veteran, female-owned",None needed,128,S
Wholesale trade,"Veteran, female-owned",Total reporting,960,1144996
Wholesale trade,"Veteran, female-owned",Item not reported,100,S
Wholesale trade,"Veteran, male-owned",All firms,63303,258627319
Wholesale trade,"Veteran, male-owned",Personal/family savings of owner(s),27839,79508848
Wholesale trade,"Veteran, male-owned",Personal/family assets other than savings of owner(s),2646,9234971
Wholesale trade,"Veteran, male-owned",Personal/family home equity loan,1523,4110387
Wholesale trade,"Veteran, male-owned",Personal credit card(s) carrying balances,3451,3428167
Wholesale trade,"Veteran, male-owned",Business credit card(s) carrying balances,1252,1196880
Wholesale trade,"Veteran, male-owned","Business loan from federal, state, or local government",42,S
Wholesale trade,"Veteran, male-owned",Government-guaranteed business loan from a bank or financial institution,246,S
Wholesale trade,"Veteran, male-owned",Business loan from a bank or financial institution,4799,39850517
Wholesale trade,"Veteran, male-owned",Business loan/investment from family/friends,1061,6863109
Wholesale trade,"Veteran, male-owned",Investment by venture capitalist(s),145,2572189
Wholesale trade,"Veteran, male-owned",Grants,9,S
Wholesale trade,"Veteran, male-owned",Other source(s) of capital,1049,3985274
Wholesale trade,"Veteran, male-owned",Don't know,3422,46431456
Wholesale trade,"Veteran, male-owned",None needed,5965,5373415
Wholesale trade,"Veteran, male-owned",Total reporting,42903(r),157289505(r)
Wholesale trade,"Veteran, male-owned",Item not reported,1069(r),463897(r)
Wholesale trade,"Veteran, equally male-/female-owned",All firms,283,S
Wholesale trade,"Veteran, equally male-/female-owned",Personal/family savings of owner(s),196,S
Wholesale trade,"Veteran, equally male-/female-owned",Personal/family assets other than savings of owner(s),61,S
Wholesale trade,"Veteran, equally male-/female-owned",Personal/family home equity loan,64,S
Wholesale trade,"Veteran, equally male-/female-owned",Personal credit card(s) carrying balances,119,S
Wholesale trade,"Veteran, equally male-/female-owned",Business credit card(s) carrying balances,2,S
Wholesale trade,"Veteran, equally male-/female-owned","Business loan from federal, state, or local government",0,S
Wholesale trade,"Veteran, equally male-/female-owned",Government-guaranteed business loan from a bank or financial institution,0,S
Wholesale trade,"Veteran, equally male-/female-owned",Business loan from a bank or financial institution,0,S
Wholesale trade,"Veteran, equally male-/female-owned",Business loan/investment from family/friends,0,S
Wholesale trade,"Veteran, equally male-/female-owned",Investment by venture capitalist(s),0,S
Wholesale trade,"Veteran, equally male-/female-owned",Grants,0,S
Wholesale trade,"Veteran, equally male-/female-owned",Other source(s) of capital,0,S
Wholesale trade,"Veteran, equally male-/female-owned",Don't know,0,S
Wholesale trade,"Veteran, equally male-/female-owned",None needed,10,S
Wholesale trade,"Veteran, equally male-/female-owned",Total reporting,272,S
Wholesale trade,"Veteran, equally male-/female-owned",Item not reported,0,S
Wholesale trade,"Veteran, Hispanic",All firms,3597,3094250
Wholesale trade,"Veteran, Hispanic",Personal/family savings of owner(s),1283,2223281
Wholesale trade,"Veteran, Hispanic",Personal/family assets other than savings of owner(s),65,S
Wholesale trade,"Veteran, Hispanic",Personal/family home equity loan,71,S
Wholesale trade,"Veteran, Hispanic",Personal credit card(s) carrying balances,149,S
Wholesale trade,"Veteran, Hispanic",Business credit card(s) carrying balances,16,S
Wholesale trade,"Veteran, Hispanic","Business loan from federal, state, or local government",0,0
Wholesale trade,"Veteran, Hispanic",Government-guaranteed business loan from a bank or financial institution,0,0
Wholesale trade,"Veteran, Hispanic",Business loan from a bank or financial institution,23,S
Wholesale trade,"Veteran, Hispanic",Business loan/investment from family/friends,140,S
Wholesale trade,"Veteran, Hispanic",Investment by venture capitalist(s),0,0
Wholesale trade,"Veteran, Hispanic",Grants,0,0
Wholesale trade,"Veteran, Hispanic",Other source(s) of capital,68,S
Wholesale trade,"Veteran, Hispanic",Don't know,14,S
Wholesale trade,"Veteran, Hispanic",None needed,271,S
Wholesale trade,"Veteran, Hispanic",Total reporting,1599(r),2525457(r)
Wholesale trade,"Veteran, Hispanic",Item not reported,18(r),S
Wholesale trade,"Veteran, equally Hispanic/non-Hispanic",All firms,98,S
Wholesale trade,"Veteran, equally Hispanic/non-Hispanic",Personal/family savings of owner(s),76,S
Wholesale trade,"Veteran, equally Hispanic/non-Hispanic",Personal/family assets other than savings of owner(s),0,S
Wholesale trade,"Veteran, equally Hispanic/non-Hispanic",Personal/family home equity loan,0,S
Wholesale trade,"Veteran, equally Hispanic/non-Hispanic",Personal credit card(s) carrying balances,0,S
Wholesale trade,"Veteran, equally Hispanic/non-Hispanic",Business credit card(s) carrying balances,0,S
Wholesale trade,"Veteran, equally Hispanic/non-Hispanic","Business loan from federal, state, or local government",0,S
Wholesale trade,"Veteran, equally Hispanic/non-Hispanic",Government-guaranteed business loan from a bank or financial institution,0,S
Wholesale trade,"Veteran, equally Hispanic/non-Hispanic",Business loan from a bank or financial institution,0,S
Wholesale trade,"Veteran, equally Hispanic/non-Hispanic",Business loan/investment from family/friends,0,S
Wholesale trade,"Veteran, equally Hispanic/non-Hispanic",Investment by venture capitalist(s),0,S
Wholesale trade,"Veteran, equally Hispanic/non-Hispanic",Grants,0,S
Wholesale trade,"Veteran, equally Hispanic/non-Hispanic",Other source(s) of capital,0,S
Wholesale trade,"Veteran, equally Hispanic/non-Hispanic",Don't know,0,S
Wholesale trade,"Veteran, equally Hispanic/non-Hispanic",None needed,0,S
Wholesale trade,"Veteran, equally Hispanic/non-Hispanic",Total reporting,76,S
Wholesale trade,"Veteran, equally Hispanic/non-Hispanic",Item not reported,0,S
Wholesale trade,"Veteran, non-Hispanic",All firms,65327,257662057
Wholesale trade,"Veteran, non-Hispanic",Personal/family savings of owner(s),27423,78184242
Wholesale trade,"Veteran, non-Hispanic",Personal/family assets other than savings of owner(s),2667,9214638
Wholesale trade,"Veteran, non-Hispanic",Personal/family home equity loan,1593,3988673
Wholesale trade,"Veteran, non-Hispanic",Personal credit card(s) carrying balances,3583,3787214
Wholesale trade,"Veteran, non-Hispanic",Business credit card(s) carrying balances,1242,1195314
Wholesale trade,"Veteran, non-Hispanic","Business loan from federal, state, or local government",42,S
Wholesale trade,"Veteran, non-Hispanic",Government-guaranteed business loan from a bank or financial institution,260,S
Wholesale trade,"Veteran, non-Hispanic",Business loan from a bank or financial institution,4824,39617965
Wholesale trade,"Veteran, non-Hispanic",Business loan/investment from family/friends,1028,6032232
Wholesale trade,"Veteran, non-Hispanic",Investment by venture capitalist(s),145,2572189
Wholesale trade,"Veteran, non-Hispanic",Grants,9,S
Wholesale trade,"Veteran, non-Hispanic",Other source(s) of capital,1044,3985119
Wholesale trade,"Veteran, non-Hispanic",Don't know,3424,46453649
Wholesale trade,"Veteran, non-Hispanic",None needed,5832,5436592
Wholesale trade,"Veteran, non-Hispanic",Total reporting,42461(r),155921500(r)
Wholesale trade,"Veteran, non-Hispanic",Item not reported,1152(r),454570(r)
Wholesale trade,"Veteran, White",All firms,64231,256869039
Wholesale trade,"Veteran, White",Personal/family savings of owner(s),27585,78811890
Wholesale trade,"Veteran, White",Personal/family assets other than savings of owner(s),2466,8833340
Wholesale trade,"Veteran, White",Personal/family home equity loan,1502,4076182
Wholesale trade,"Veteran, White",Personal credit card(s) carrying balances,3454,3810288
Wholesale trade,"Veteran, White",Business credit card(s) carrying balances,1181,1139795
Wholesale trade,"Veteran, White","Business loan from federal, state, or local government",42,S
Wholesale trade,"Veteran, White",Government-guaranteed business loan from a bank or financial institution,260,S
Wholesale trade,"Veteran, White",Business loan from a bank or financial institution,4708,39749973
Wholesale trade,"Veteran, White",Business loan/investment from family/friends,1098,7095927
Wholesale trade,"Veteran, White",Investment by venture capitalist(s),143,2568609
Wholesale trade,"Veteran, White",Grants,9,S
Wholesale trade,"Veteran, White",Other source(s) of capital,1032,3937153
Wholesale trade,"Veteran, White",Don't know,3351,46131738
Wholesale trade,"Veteran, White",None needed,5915,5290225
Wholesale trade,"Veteran, White",Total reporting,42468(r),155838278(r)
Wholesale trade,"Veteran, White",Item not reported,1082(r),439069(r)
Wholesale trade,"Veteran, Black or African American",All firms,2922,1254212
Wholesale trade,"Veteran, Black or African American",Personal/family savings of owner(s),767,423323
Wholesale trade,"Veteran, Black or African American",Personal/family assets other than savings of owner(s),170,244487
Wholesale trade,"Veteran, Black or African American",Personal/family home equity loan,99,S
Wholesale trade,"Veteran, Black or African American",Personal credit card(s) carrying balances,189,51880
Wholesale trade,"Veteran, Black or African American",Business credit card(s) carrying balances,63,S
Wholesale trade,"Veteran, Black or African American","Business loan from federal, state, or local government",0,0
Wholesale trade,"Veteran, Black or African American",Government-guaranteed business loan from a bank or financial institution,0,0
Wholesale trade,"Veteran, Black or African American",Business loan from a bank or financial institution,114,112199
Wholesale trade,"Veteran, Black or African American",Business loan/investment from family/friends,65,S
Wholesale trade,"Veteran, Black or African American",Investment by venture capitalist(s),0,0
Wholesale trade,"Veteran, Black or African American",Grants,0,0
Wholesale trade,"Veteran, Black or African American",Other source(s) of capital,72,S
Wholesale trade,"Veteran, Black or African American",Don't know,4,S
Wholesale trade,"Veteran, Black or African American",None needed,90,S
Wholesale trade,"Veteran, Black or African American",Total reporting,940(r),679361(r)
Wholesale trade,"Veteran, Black or African American",Item not reported,76(r),S
Wholesale trade,"Veteran, American Indian and Alaska Native",All firms,661,S
Wholesale trade,"Veteran, American Indian and Alaska Native",Personal/family savings of owner(s),201,S
Wholesale trade,"Veteran, American Indian and Alaska Native",Personal/family assets other than savings of owner(s),20,S
Wholesale trade,"Veteran, American Indian and Alaska Native",Personal/family home equity loan,0,S
Wholesale trade,"Veteran, American Indian and Alaska Native",Personal credit card(s) carrying balances,64,S
Wholesale trade,"Veteran, American Indian and Alaska Native",Business credit card(s) carrying balances,19,S
Wholesale trade,"Veteran, American Indian and Alaska Native","Business loan from federal, state, or local government",0,S
Wholesale trade,"Veteran, American Indian and Alaska Native",Government-guaranteed business loan from a bank or financial institution,0,S
Wholesale trade,"Veteran, American Indian and Alaska Native",Business loan from a bank or financial institution,13,S
Wholesale trade,"Veteran, American Indian and Alaska Native",Business loan/investment from family/friends,2,S
Wholesale trade,"Veteran, American Indian and Alaska Native",Investment by venture capitalist(s),0,S
Wholesale trade,"Veteran, American Indian and Alaska Native",Grants,0,S
Wholesale trade,"Veteran, American Indian and Alaska Native",Other source(s) of capital,2,S
Wholesale trade,"Veteran, American Indian and Alaska Native",Don't know,9,S
Wholesale trade,"Veteran, American Indian and Alaska Native",None needed,63,S
Wholesale trade,"Veteran, American Indian and Alaska Native",Total reporting,287,S
Wholesale trade,"Veteran, American Indian and Alaska Native",Item not reported,0,S
Wholesale trade,"Veteran, Asian",All firms,1004,1040819
Wholesale trade,"Veteran, Asian",Personal/family savings of owner(s),294,488619
Wholesale trade,"Veteran, Asian",Personal/family assets other than savings of owner(s),99,S
Wholesale trade,"Veteran, Asian",Personal/family home equity loan,115,S
Wholesale trade,"Veteran, Asian",Personal credit card(s) carrying balances,131,S
Wholesale trade,"Veteran, Asian",Business credit card(s) carrying balances,6,S
Wholesale trade,"Veteran, Asian","Business loan from federal, state, or local government",0,0
Wholesale trade,"Veteran, Asian",Government-guaranteed business loan from a bank or financial institution,0,0
Wholesale trade,"Veteran, Asian",Business loan from a bank or financial institution,14,S
Wholesale trade,"Veteran, Asian",Business loan/investment from family/friends,63,S
Wholesale trade,"Veteran, Asian",Investment by venture capitalist(s),0,0
Wholesale trade,"Veteran, Asian",Grants,0,0
Wholesale trade,"Veteran, Asian",Other source(s) of capital,69,S
Wholesale trade,"Veteran, Asian",Don't know,80,S
Wholesale trade,"Veteran, Asian",None needed,35,S
Wholesale trade,"Veteran, Asian",Total reporting,535,1028656
Wholesale trade,"Veteran, Asian",Item not reported,11,S
Wholesale trade,"Veteran, Native Hawaiian and Other Pacific Islander",All firms,327,40151
Wholesale trade,"Veteran, Native Hawaiian and Other Pacific Islander",Personal/family savings of owner(s),103,S
Wholesale trade,"Veteran, Native Hawaiian and Other Pacific Islander",Personal/family assets other than savings of owner(s),0,0
Wholesale trade,"Veteran, Native Hawaiian and Other Pacific Islander",Personal/family home equity loan,68,S
Wholesale trade,"Veteran, Native Hawaiian and Other Pacific Islander",Personal credit card(s) carrying balances,70,S
Wholesale trade,"Veteran, Native Hawaiian and Other Pacific Islander",Business credit card(s) carrying balances,0,0
Wholesale trade,"Veteran, Native Hawaiian and Other Pacific Islander","Business loan from federal, state, or local government",0,0
Wholesale trade,"Veteran, Native Hawaiian and Other Pacific Islander",Government-guaranteed business loan from a bank or financial institution,0,0
Wholesale trade,"Veteran, Native Hawaiian and Other Pacific Islander",Business loan from a bank or financial institution,0,0
Wholesale trade,"Veteran, Native Hawaiian and Other Pacific Islander",Business loan/investment from family/friends,63,S
Wholesale trade,"Veteran, Native Hawaiian and Other Pacific Islander",Investment by venture capitalist(s),0,0
Wholesale trade,"Veteran, Native Hawaiian and Other Pacific Islander",Grants,0,0
Wholesale trade,"Veteran, Native Hawaiian and Other Pacific Islander",Other source(s) of capital,64,S
Wholesale trade,"Veteran, Native Hawaiian and Other Pacific Islander",Don't know,0,0
Wholesale trade,"Veteran, Native Hawaiian and Other Pacific Islander",None needed,18,S
Wholesale trade,"Veteran, Native Hawaiian and Other Pacific Islander",Total reporting,135,5753
Wholesale trade,"Veteran, Native Hawaiian and Other Pacific Islander",Item not reported,0,0
Wholesale trade,"Veteran, some other race",All firms,710,S
Wholesale trade,"Veteran, some other race",Personal/family savings of owner(s),144,S
Wholesale trade,"Veteran, some other race",Personal/family assets other than savings of owner(s),0,S
Wholesale trade,"Veteran, some other race",Personal/family home equity loan,0,S
Wholesale trade,"Veteran, some other race",Personal credit card(s) carrying balances,17,S
Wholesale trade,"Veteran, some other race",Business credit card(s) carrying balances,5,S
Wholesale trade,"Veteran, some other race","Business loan from federal, state, or local government",0,S
Wholesale trade,"Veteran, some other race",Government-guaranteed business loan from a bank or financial institution,0,S
Wholesale trade,"Veteran, some other race",Business loan from a bank or financial institution,10,S
Wholesale trade,"Veteran, some other race",Business loan/investment from family/friends,2,S
Wholesale trade,"Veteran, some other race",Investment by venture capitalist(s),2,S
Wholesale trade,"Veteran, some other race",Grants,0,S
Wholesale trade,"Veteran, some other race",Other source(s) of capital,9,S
Wholesale trade,"Veteran, some other race",Don't know,0,S
Wholesale trade,"Veteran, some other race",None needed,0,S
Wholesale trade,"Veteran, some other race",Total reporting,154,S
Wholesale trade,"Veteran, some other race",Item not reported,0,S
Wholesale trade,"Veteran, minority",All firms,8123,6816059
Wholesale trade,"Veteran, minority",Personal/family savings of owner(s),2429,3805057
Wholesale trade,"Veteran, minority",Personal/family assets other than savings of owner(s),341,499197
Wholesale trade,"Veteran, minority",Personal/family home equity loan,162,242267
Wholesale trade,"Veteran, minority",Personal credit card(s) carrying balances,381,246335
Wholesale trade,"Veteran, minority",Business credit card(s) carrying balances,105,S
Wholesale trade,"Veteran, minority","Business loan from federal, state, or local government",0,0
Wholesale trade,"Veteran, minority",Government-guaranteed business loan from a bank or financial institution,0,0
Wholesale trade,"Veteran, minority",Business loan from a bank or financial institution,166,500993
Wholesale trade,"Veteran, minority",Business loan/investment from family/friends,150,S
Wholesale trade,"Veteran, minority",Investment by venture capitalist(s),2,S
Wholesale trade,"Veteran, minority",Grants,0,0
Wholesale trade,"Veteran, minority",Other source(s) of capital,87,76857
Wholesale trade,"Veteran, minority",Don't know,106,S
Wholesale trade,"Veteran, minority",None needed,473,273726
Wholesale trade,"Veteran, minority",Total reporting,3247(r),5128241(r)
Wholesale trade,"Veteran, minority",Item not reported,105(r),S
Wholesale trade,"Veteran, equally minority/nonminority",All firms,112,S
Wholesale trade,"Veteran, equally minority/nonminority",Personal/family savings of owner(s),83,S
Wholesale trade,"Veteran, equally minority/nonminority",Personal/family assets other than savings of owner(s),0,S
Wholesale trade,"Veteran, equally minority/nonminority",Personal/family home equity loan,9,S
Wholesale trade,"Veteran, equally minority/nonminority",Personal credit card(s) carrying balances,19,S
Wholesale trade,"Veteran, equally minority/nonminority",Business credit card(s) carrying balances,0,S
Wholesale trade,"Veteran, equally minority/nonminority","Business loan from federal, state, or local government",0,S
Wholesale trade,"Veteran, equally minority/nonminority",Government-guaranteed business loan from a bank or financial institution,0,S
Wholesale trade,"Veteran, equally minority/nonminority",Business loan from a bank or financial institution,9,S
Wholesale trade,"Veteran, equally minority/nonminority",Business loan/investment from family/friends,0,S
Wholesale trade,"Veteran, equally minority/nonminority",Investment by venture capitalist(s),0,S
Wholesale trade,"Veteran, equally minority/nonminority",Grants,0,S
Wholesale trade,"Veteran, equally minority/nonminority",Other source(s) of capital,0,S
Wholesale trade,"Veteran, equally minority/nonminority",Don't know,0,S
Wholesale trade,"Veteran, equally minority/nonminority",None needed,0,S
Wholesale trade,"Veteran, equally minority/nonminority",Total reporting,87,S
Wholesale trade,"Veteran, equally minority/nonminority",Item not reported,0,S
Wholesale trade,"Veteran, nonminority",All firms,60787,253909631
Wholesale trade,"Veteran, nonminority",Personal/family savings of owner(s),26270,76602267
Wholesale trade,"Veteran, nonminority",Personal/family assets other than savings of owner(s),2391,8740423
Wholesale trade,"Veteran, nonminority",Personal/family home equity loan,1493,3910570
Wholesale trade,"Veteran, nonminority",Personal credit card(s) carrying balances,3332,3671197
Wholesale trade,"Veteran, nonminority",Business credit card(s) carrying balances,1153,1139424
Wholesale trade,"Veteran, nonminority","Business loan from federal, state, or local government",42,S
Wholesale trade,"Veteran, nonminority",Government-guaranteed business loan from a bank or financial institution,260,S
Wholesale trade,"Veteran, nonminority",Business loan from a bank or financial institution,4672,39435911
Wholesale trade,"Veteran, nonminority",Business loan/investment from family/friends,1018,6001453
Wholesale trade,"Veteran, nonminority",Investment by venture capitalist(s),143,2568609
Wholesale trade,"Veteran, nonminority",Grants,9,S
Wholesale trade,"Veteran, nonminority",Other source(s) of capital,1025,3908763
Wholesale trade,"Veteran, nonminority",Don't know,3331,46127127
Wholesale trade,"Veteran, nonminority",None needed,5630,5225505
Wholesale trade,"Veteran, nonminority",Total reporting,40802(r),153318486(r)
Wholesale trade,"Veteran, nonminority",Item not reported,1064(r),429251(r)
Wholesale trade,Equally veteran/nonveteran,All firms,19773,65413446
Wholesale trade,Equally veteran/nonveteran,Personal/family savings of owner(s),10694,29540554
Wholesale trade,Equally veteran/nonveteran,Personal/family assets other than savings of owner(s),1544,3242933
Wholesale trade,Equally veteran/nonveteran,Personal/family home equity loan,1109,1706765
Wholesale trade,Equally veteran/nonveteran,Personal credit card(s) carrying balances,1054,1267251
Wholesale trade,Equally veteran/nonveteran,Business credit card(s) carrying balances,526,800742
Wholesale trade,Equally veteran/nonveteran,"Business loan from federal, state, or local government",11,S
Wholesale trade,Equally veteran/nonveteran,Government-guaranteed business loan from a bank or financial institution,201,572804
Wholesale trade,Equally veteran/nonveteran,Business loan from a bank or financial institution,1910,8576842
Wholesale trade,Equally veteran/nonveteran,Business loan/investment from family/friends,259,4149800
Wholesale trade,Equally veteran/nonveteran,Investment by venture capitalist(s),12,S
Wholesale trade,Equally veteran/nonveteran,Grants,7,S
Wholesale trade,Equally veteran/nonveteran,Other source(s) of capital,312,732538
Wholesale trade,Equally veteran/nonveteran,Don't know,854,9506435
Wholesale trade,Equally veteran/nonveteran,None needed,1161,2153497
Wholesale trade,Equally veteran/nonveteran,Total reporting,14715(r),48491772(r)
Wholesale trade,Equally veteran/nonveteran,Item not reported,271(r),S
Wholesale trade,"Equally veteran/nonveteran, female-owned",All firms,107,S
Wholesale trade,"Equally veteran/nonveteran, female-owned",Personal/family savings of owner(s),74,S
Wholesale trade,"Equally veteran/nonveteran, female-owned",Personal/family assets other than savings of owner(s),0,S
Wholesale trade,"Equally veteran/nonveteran, female-owned",Personal/family home equity loan,0,S
Wholesale trade,"Equally veteran/nonveteran, female-owned",Personal credit card(s) carrying balances,12,S
Wholesale trade,"Equally veteran/nonveteran, female-owned",Business credit card(s) carrying balances,0,S
Wholesale trade,"Equally veteran/nonveteran, female-owned","Business loan from federal, state, or local government",0,S
Wholesale trade,"Equally veteran/nonveteran, female-owned",Government-guaranteed business loan from a bank or financial institution,0,S
Wholesale trade,"Equally veteran/nonveteran, female-owned",Business loan from a bank or financial institution,0,S
Wholesale trade,"Equally veteran/nonveteran, female-owned",Business loan/investment from family/friends,0,S
Wholesale trade,"Equally veteran/nonveteran, female-owned",Investment by venture capitalist(s),0,S
Wholesale trade,"Equally veteran/nonveteran, female-owned",Grants,0,S
Wholesale trade,"Equally veteran/nonveteran, female-owned",Other source(s) of capital,0,S
Wholesale trade,"Equally veteran/nonveteran, female-owned",Don't know,0,S
Wholesale trade,"Equally veteran/nonveteran, female-owned",None needed,0,S
Wholesale trade,"Equally veteran/nonveteran, female-owned",Total reporting,74,S
Wholesale trade,"Equally veteran/nonveteran, female-owned",Item not reported,61,S
Wholesale trade,"Equally veteran/nonveteran, male-owned",All firms,5182,40534940
Wholesale trade,"Equally veteran/nonveteran, male-owned",Personal/family savings of owner(s),2445,15392134
Wholesale trade,"Equally veteran/nonveteran, male-owned",Personal/family assets other than savings of owner(s),431,2181882
Wholesale trade,"Equally veteran/nonveteran, male-owned",Personal/family home equity loan,436,1150147
Wholesale trade,"Equally veteran/nonveteran, male-owned",Personal credit card(s) carrying balances,149,811857
Wholesale trade,"Equally veteran/nonveteran, male-owned",Business credit card(s) carrying balances,126,555062
Wholesale trade,"Equally veteran/nonveteran, male-owned","Business loan from federal, state, or local government",11,S
Wholesale trade,"Equally veteran/nonveteran, male-owned",Government-guaranteed business loan from a bank or financial institution,92,S
Wholesale trade,"Equally veteran/nonveteran, male-owned",Business loan from a bank or financial institution,1023,5627417
Wholesale trade,"Equally veteran/nonveteran, male-owned",Business loan/investment from family/friends,145,2049150
Wholesale trade,"Equally veteran/nonveteran, male-owned",Investment by venture capitalist(s),8,S
Wholesale trade,"Equally veteran/nonveteran, male-owned",Grants,7,S
Wholesale trade,"Equally veteran/nonveteran, male-owned",Other source(s) of capital,84,528442
Wholesale trade,"Equally veteran/nonveteran, male-owned",Don't know,386,7194547
Wholesale trade,"Equally veteran/nonveteran, male-owned",None needed,193,1545541
Wholesale trade,"Equally veteran/nonveteran, male-owned",Total reporting,3837(r),28961885(r)
Wholesale trade,"Equally veteran/nonveteran, male-owned",Item not reported,102(r),S
Wholesale trade,"Equally veteran/nonveteran, equally male-/female-owned",All firms,14483,24779751
Wholesale trade,"Equally veteran/nonveteran, equally male-/female-owned",Personal/family savings of owner(s),8175,14134198
Wholesale trade,"Equally veteran/nonveteran, equally male-/female-owned",Personal/family assets other than savings of owner(s),1113,1061052
Wholesale trade,"Equally veteran/nonveteran, equally male-/female-owned",Personal/family home equity loan,673,556618
Wholesale trade,"Equally veteran/nonveteran, equally male-/female-owned",Personal credit card(s) carrying balances,893,449469
Wholesale trade,"Equally veteran/nonveteran, equally male-/female-owned",Business credit card(s) carrying balances,400,245680
Wholesale trade,"Equally veteran/nonveteran, equally male-/female-owned","Business loan from federal, state, or local government",0,0
Wholesale trade,"Equally veteran/nonveteran, equally male-/female-owned",Government-guaranteed business loan from a bank or financial institution,109,S
Wholesale trade,"Equally veteran/nonveteran, equally male-/female-owned",Business loan from a bank or financial institution,887,2949425
Wholesale trade,"Equally veteran/nonveteran, equally male-/female-owned",Business loan/investment from family/friends,114,2100650
Wholesale trade,"Equally veteran/nonveteran, equally male-/female-owned",Investment by venture capitalist(s),4,S
Wholesale trade,"Equally veteran/nonveteran, equally male-/female-owned",Grants,0,0
Wholesale trade,"Equally veteran/nonveteran, equally male-/female-owned",Other source(s) of capital,229,204096
Wholesale trade,"Equally veteran/nonveteran, equally male-/female-owned",Don't know,468,2311888
Wholesale trade,"Equally veteran/nonveteran, equally male-/female-owned",None needed,967,S
Wholesale trade,"Equally veteran/nonveteran, equally male-/female-owned",Total reporting,10805(r),19515665(r)
Wholesale trade,"Equally veteran/nonveteran, equally male-/female-owned",Item not reported,108(r),S
Wholesale trade,"Equally veteran/nonveteran, Hispanic",All firms,386,S
Wholesale trade,"Equally veteran/nonveteran, Hispanic",Personal/family savings of owner(s),138,S
Wholesale trade,"Equally veteran/nonveteran, Hispanic",Personal/family assets other than savings of owner(s),0,S
Wholesale trade,"Equally veteran/nonveteran, Hispanic",Personal/family home equity loan,0,S
Wholesale trade,"Equally veteran/nonveteran, Hispanic",Personal credit card(s) carrying balances,0,S
Wholesale trade,"Equally veteran/nonveteran, Hispanic",Business credit card(s) carrying balances,0,S
Wholesale trade,"Equally veteran/nonveteran, Hispanic","Business loan from federal, state, or local government",0,S
Wholesale trade,"Equally veteran/nonveteran, Hispanic",Government-guaranteed business loan from a bank or financial institution,0,S
Wholesale trade,"Equally veteran/nonveteran, Hispanic",Business loan from a bank or financial institution,4,S
Wholesale trade,"Equally veteran/nonveteran, Hispanic",Business loan/investment from family/friends,0,S
Wholesale trade,"Equally veteran/nonveteran, Hispanic",Investment by venture capitalist(s),0,S
Wholesale trade,"Equally veteran/nonveteran, Hispanic",Grants,0,S
Wholesale trade,"Equally veteran/nonveteran, Hispanic",Other source(s) of capital,0,S
Wholesale trade,"Equally veteran/nonveteran, Hispanic",Don't know,0,S
Wholesale trade,"Equally veteran/nonveteran, Hispanic",None needed,0,S
Wholesale trade,"Equally veteran/nonveteran, Hispanic",Total reporting,140,S
Wholesale trade,"Equally veteran/nonveteran, Hispanic",Item not reported,0,S
Wholesale trade,"Equally veteran/nonveteran, equally Hispanic/non-Hispanic",All firms,477,897980
Wholesale trade,"Equally veteran/nonveteran, equally Hispanic/non-Hispanic",Personal/family savings of owner(s),159,80367
Wholesale trade,"Equally veteran/nonveteran, equally Hispanic/non-Hispanic",Personal/family assets other than savings of owner(s),43,S
Wholesale trade,"Equally veteran/nonveteran, equally Hispanic/non-Hispanic",Personal/family home equity loan,85,S
Wholesale trade,"Equally veteran/nonveteran, equally Hispanic/non-Hispanic",Personal credit card(s) carrying balances,28,S
Wholesale trade,"Equally veteran/nonveteran, equally Hispanic/non-Hispanic",Business credit card(s) carrying balances,22,S
Wholesale trade,"Equally veteran/nonveteran, equally Hispanic/non-Hispanic","Business loan from federal, state, or local government",0,0
Wholesale trade,"Equally veteran/nonveteran, equally Hispanic/non-Hispanic",Government-guaranteed business loan from a bank or financial institution,0,0
Wholesale trade,"Equally veteran/nonveteran, equally Hispanic/non-Hispanic",Business loan from a bank or financial institution,2,S
Wholesale trade,"Equally veteran/nonveteran, equally Hispanic/non-Hispanic",Business loan/investment from family/friends,2,S
Wholesale trade,"Equally veteran/nonveteran, equally Hispanic/non-Hispanic",Investment by venture capitalist(s),0,0
Wholesale trade,"Equally veteran/nonveteran, equally Hispanic/non-Hispanic",Grants,0,0
Wholesale trade,"Equally veteran/nonveteran, equally Hispanic/non-Hispanic",Other source(s) of capital,5,S
Wholesale trade,"Equally veteran/nonveteran, equally Hispanic/non-Hispanic",Don't know,15,S
Wholesale trade,"Equally veteran/nonveteran, equally Hispanic/non-Hispanic",None needed,0,0
Wholesale trade,"Equally veteran/nonveteran, equally Hispanic/non-Hispanic",Total reporting,223,544065
Wholesale trade,"Equally veteran/nonveteran, equally Hispanic/non-Hispanic",Item not reported,0,0
Wholesale trade,"Equally veteran/nonveteran, non-Hispanic",All firms,18910,63622620
Wholesale trade,"Equally veteran/nonveteran, non-Hispanic",Personal/family savings of owner(s),10398,29156728
Wholesale trade,"Equally veteran/nonveteran, non-Hispanic",Personal/family assets other than savings of owner(s),1501,3242546
Wholesale trade,"Equally veteran/nonveteran, non-Hispanic",Personal/family home equity loan,1025,1535676
Wholesale trade,"Equally veteran/nonveteran, non-Hispanic",Personal credit card(s) carrying balances,1026,1244381
Wholesale trade,"Equally veteran/nonveteran, non-Hispanic",Business credit card(s) carrying balances,504,780444
Wholesale trade,"Equally veteran/nonveteran, non-Hispanic","Business loan from federal, state, or local government",11,S
Wholesale trade,"Equally veteran/nonveteran, non-Hispanic",Government-guaranteed business loan from a bank or financial institution,201,572804
Wholesale trade,"Equally veteran/nonveteran, non-Hispanic",Business loan from a bank or financial institution,1904,8508073
Wholesale trade,"Equally veteran/nonveteran, non-Hispanic",Business loan/investment from family/friends,257,3971960
Wholesale trade,"Equally veteran/nonveteran, non-Hispanic",Investment by venture capitalist(s),12,S
Wholesale trade,"Equally veteran/nonveteran, non-Hispanic",Grants,7,S
Wholesale trade,"Equally veteran/nonveteran, non-Hispanic",Other source(s) of capital,307,684879
Wholesale trade,"Equally veteran/nonveteran, non-Hispanic",Don't know,839,9438938
Wholesale trade,"Equally veteran/nonveteran, non-Hispanic",None needed,1161,2153497
Wholesale trade,"Equally veteran/nonveteran, non-Hispanic",Total reporting,14352(r),47611040(r)
Wholesale trade,"Equally veteran/nonveteran, non-Hispanic",Item not reported,271(r),S
Wholesale trade,"Equally veteran/nonveteran, White",All firms,18932,63956365
Wholesale trade,"Equally veteran/nonveteran, White",Personal/family savings of owner(s),10221,29131746
Wholesale trade,"Equally veteran/nonveteran, White",Personal/family assets other than savings of owner(s),1473,3201021
Wholesale trade,"Equally veteran/nonveteran, White",Personal/family home equity loan,985,1497199
Wholesale trade,"Equally veteran/nonveteran, White",Personal credit card(s) carrying balances,922,1214457
Wholesale trade,"Equally veteran/nonveteran, White",Business credit card(s) carrying balances,515,779330
Wholesale trade,"Equally veteran/nonveteran, White","Business loan from federal, state, or local government",11,S
Wholesale trade,"Equally veteran/nonveteran, White",Government-guaranteed business loan from a bank or financial institution,201,572804
Wholesale trade,"Equally veteran/nonveteran, White",Business loan from a bank or financial institution,1889,8553542
Wholesale trade,"Equally veteran/nonveteran, White",Business loan/investment from family/friends,259,4149800
Wholesale trade,"Equally veteran/nonveteran, White",Investment by venture capitalist(s),12,S
Wholesale trade,"Equally veteran/nonveteran, White",Grants,7,S
Wholesale trade,"Equally veteran/nonveteran, White",Other source(s) of capital,312,732538
Wholesale trade,"Equally veteran/nonveteran, White",Don't know,847,9226312
Wholesale trade,"Equally veteran/nonveteran, White",None needed,1145,2152353
Wholesale trade,"Equally veteran/nonveteran, White",Total reporting,14165(r),47631776(r)
Wholesale trade,"Equally veteran/nonveteran, White",Item not reported,262(r),S
Wholesale trade,"Equally veteran/nonveteran, Black or African American",All firms,219,S
Wholesale trade,"Equally veteran/nonveteran, Black or African American",Personal/family savings of owner(s),75,S
Wholesale trade,"Equally veteran/nonveteran, Black or African American",Personal/family assets other than savings of owner(s),9,S
Wholesale trade,"Equally veteran/nonveteran, Black or African American",Personal/family home equity loan,71,S
Wholesale trade,"Equally veteran/nonveteran, Black or African American",Personal credit card(s) carrying balances,61,S
Wholesale trade,"Equally veteran/nonveteran, Black or African American",Business credit card(s) carrying balances,0,S
Wholesale trade,"Equally veteran/nonveteran, Black or African American","Business loan from federal, state, or local government",0,S
Wholesale trade,"Equally veteran/nonveteran, Black or African American",Government-guaranteed business loan from a bank or financial institution,0,S
Wholesale trade,"Equally veteran/nonveteran, Black or African American",Business loan from a bank or financial institution,0,S
Wholesale trade,"Equally veteran/nonveteran, Black or African American",Business loan/investment from family/friends,0,S
Wholesale trade,"Equally veteran/nonveteran, Black or African American",Investment by venture capitalist(s),0,S
Wholesale trade,"Equally veteran/nonveteran, Black or African American",Grants,0,S
Wholesale trade,"Equally veteran/nonveteran, Black or African American",Other source(s) of capital,0,S
Wholesale trade,"Equally veteran/nonveteran, Black or African American",Don't know,0,S
Wholesale trade,"Equally veteran/nonveteran, Black or African American",None needed,0,S
Wholesale trade,"Equally veteran/nonveteran, Black or African American",Total reporting,75,S
Wholesale trade,"Equally veteran/nonveteran, Black or African American",Item not reported,0,S
Wholesale trade,"Equally veteran/nonveteran, American Indian and Alaska Native",All firms,22,49723
Wholesale trade,"Equally veteran/nonveteran, American Indian and Alaska Native",Personal/family savings of owner(s),22,S
Wholesale trade,"Equally veteran/nonveteran, American Indian and Alaska Native",Personal/family assets other than savings of owner(s),2,S
Wholesale trade,"Equally veteran/nonveteran, American Indian and Alaska Native",Personal/family home equity loan,0,0
Wholesale trade,"Equally veteran/nonveteran, American Indian and Alaska Native",Personal credit card(s) carrying balances,6,S
Wholesale trade,"Equally veteran/nonveteran, American Indian and Alaska Native",Business credit card(s) carrying balances,6,S
Wholesale trade,"Equally veteran/nonveteran, American Indian and Alaska Native","Business loan from federal, state, or local government",0,0
Wholesale trade,"Equally veteran/nonveteran, American Indian and Alaska Native",Government-guaranteed business loan from a bank or financial institution,0,0
Wholesale trade,"Equally veteran/nonveteran, American Indian and Alaska Native",Business loan from a bank or financial institution,0,0
Wholesale trade,"Equally veteran/nonveteran, American Indian and Alaska Native",Business loan/investment from family/friends,0,0
Wholesale trade,"Equally veteran/nonveteran, American Indian and Alaska Native",Investment by venture capitalist(s),0,0
Wholesale trade,"Equally veteran/nonveteran, American Indian and Alaska Native",Grants,0,0
Wholesale trade,"Equally veteran/nonveteran, American Indian and Alaska Native",Other source(s) of capital,0,0
Wholesale trade,"Equally veteran/nonveteran, American Indian and Alaska Native",Don't know,0,0
Wholesale trade,"Equally veteran/nonveteran, American Indian and Alaska Native",None needed,0,0
Wholesale trade,"Equally veteran/nonveteran, American Indian and Alaska Native",Total reporting,22,S
Wholesale trade,"Equally veteran/nonveteran, American Indian and Alaska Native",Item not reported,0,0
Wholesale trade,"Equally veteran/nonveteran, Asian",All firms,116,392087
Wholesale trade,"Equally veteran/nonveteran, Asian",Personal/family savings of owner(s),44,152248
Wholesale trade,"Equally veteran/nonveteran, Asian",Personal/family assets other than savings of owner(s),0,0
Wholesale trade,"Equally veteran/nonveteran, Asian",Personal/family home equity loan,5,S
Wholesale trade,"Equally veteran/nonveteran, Asian",Personal credit card(s) carrying balances,0,0
Wholesale trade,"Equally veteran/nonveteran, Asian",Business credit card(s) carrying balances,5,S
Wholesale trade,"Equally veteran/nonveteran, Asian","Business loan from federal, state, or local government",0,0
Wholesale trade,"Equally veteran/nonveteran, Asian",Government-guaranteed business loan from a bank or financial institution,0,0
Wholesale trade,"Equally veteran/nonveteran, Asian",Business loan from a bank or financial institution,17,S
Wholesale trade,"Equally veteran/nonveteran, Asian",Business loan/investment from family/friends,0,0
Wholesale trade,"Equally veteran/nonveteran, Asian",Investment by venture capitalist(s),0,0
Wholesale trade,"Equally veteran/nonveteran, Asian",Grants,0,0
Wholesale trade,"Equally veteran/nonveteran, Asian",Other source(s) of capital,0,0
Wholesale trade,"Equally veteran/nonveteran, Asian",Don't know,0,0
Wholesale trade,"Equally veteran/nonveteran, Asian",None needed,7,S
Wholesale trade,"Equally veteran/nonveteran, Asian",Total reporting,50,152463
Wholesale trade,"Equally veteran/nonveteran, Asian",Item not reported,0,0
Wholesale trade,"Equally veteran/nonveteran, Native Hawaiian and Other Pacific Islander",All firms,18,S
Wholesale trade,"Equally veteran/nonveteran, Native Hawaiian and Other Pacific Islander",Personal/family savings of owner(s),0,S
Wholesale trade,"Equally veteran/nonveteran, Native Hawaiian and Other Pacific Islander",Personal/family assets other than savings of owner(s),0,S
Wholesale trade,"Equally veteran/nonveteran, Native Hawaiian and Other Pacific Islander",Personal/family home equity loan,0,S
Wholesale trade,"Equally veteran/nonveteran, Native Hawaiian and Other Pacific Islander",Personal credit card(s) carrying balances,0,S
Wholesale trade,"Equally veteran/nonveteran, Native Hawaiian and Other Pacific Islander",Business credit card(s) carrying balances,0,S
Wholesale trade,"Equally veteran/nonveteran, Native Hawaiian and Other Pacific Islander","Business loan from federal, state, or local government",0,S
Wholesale trade,"Equally veteran/nonveteran, Native Hawaiian and Other Pacific Islander",Government-guaranteed business loan from a bank or financial institution,0,S
Wholesale trade,"Equally veteran/nonveteran, Native Hawaiian and Other Pacific Islander",Business loan from a bank or financial institution,0,S
Wholesale trade,"Equally veteran/nonveteran, Native Hawaiian and Other Pacific Islander",Business loan/investment from family/friends,0,S
Wholesale trade,"Equally veteran/nonveteran, Native Hawaiian and Other Pacific Islander",Investment by venture capitalist(s),0,S
Wholesale trade,"Equally veteran/nonveteran, Native Hawaiian and Other Pacific Islander",Grants,0,S
Wholesale trade,"Equally veteran/nonveteran, Native Hawaiian and Other Pacific Islander",Other source(s) of capital,0,S
Wholesale trade,"Equally veteran/nonveteran, Native Hawaiian and Other Pacific Islander",Don't know,0,S
Wholesale trade,"Equally veteran/nonveteran, Native Hawaiian and Other Pacific Islander",None needed,0,S
Wholesale trade,"Equally veteran/nonveteran, Native Hawaiian and Other Pacific Islander",Total reporting,0,S
Wholesale trade,"Equally veteran/nonveteran, Native Hawaiian and Other Pacific Islander",Item not reported,0,S
Wholesale trade,"Equally veteran/nonveteran, some other race",All firms,43,S
Wholesale trade,"Equally veteran/nonveteran, some other race",Personal/family savings of owner(s),0,S
Wholesale trade,"Equally veteran/nonveteran, some other race",Personal/family assets other than savings of owner(s),0,S
Wholesale trade,"Equally veteran/nonveteran, some other race",Personal/family home equity loan,0,S
Wholesale trade,"Equally veteran/nonveteran, some other race",Personal credit card(s) carrying balances,0,S
Wholesale trade,"Equally veteran/nonveteran, some other race",Business credit card(s) carrying balances,0,S
Wholesale trade,"Equally veteran/nonveteran, some other race","Business loan from federal, state, or local government",0,S
Wholesale trade,"Equally veteran/nonveteran, some other race",Government-guaranteed business loan from a bank or financial institution,0,S
Wholesale trade,"Equally veteran/nonveteran, some other race",Business loan from a bank or financial institution,0,S
Wholesale trade,"Equally veteran/nonveteran, some other race",Business loan/investment from family/friends,0,S
Wholesale trade,"Equally veteran/nonveteran, some other race",Investment by venture capitalist(s),0,S
Wholesale trade,"Equally veteran/nonveteran, some other race",Grants,0,S
Wholesale trade,"Equally veteran/nonveteran, some other race",Other source(s) of capital,0,S
Wholesale trade,"Equally veteran/nonveteran, some other race",Don't know,0,S
Wholesale trade,"Equally veteran/nonveteran, some other race",None needed,0,S
Wholesale trade,"Equally veteran/nonveteran, some other race",Total reporting,0,S
Wholesale trade,"Equally veteran/nonveteran, some other race",Item not reported,0,S
Wholesale trade,"Equally veteran/nonveteran, minority",All firms,794,1352039
Wholesale trade,"Equally veteran/nonveteran, minority",Personal/family savings of owner(s),284,416594
Wholesale trade,"Equally veteran/nonveteran, minority",Personal/family assets other than savings of owner(s),11,S
Wholesale trade,"Equally veteran/nonveteran, minority",Personal/family home equity loan,76,S
Wholesale trade,"Equally veteran/nonveteran, minority",Personal credit card(s) carrying balances,70,S
Wholesale trade,"Equally veteran/nonveteran, minority",Business credit card(s) carrying balances,11,S
Wholesale trade,"Equally veteran/nonveteran, minority","Business loan from federal, state, or local government",0,0
Wholesale trade,"Equally veteran/nonveteran, minority",Government-guaranteed business loan from a bank or financial institution,0,0
Wholesale trade,"Equally veteran/nonveteran, minority",Business loan from a bank or financial institution,23,89421
Wholesale trade,"Equally veteran/nonveteran, minority",Business loan/investment from family/friends,0,0
Wholesale trade,"Equally veteran/nonveteran, minority",Investment by venture capitalist(s),0,0
Wholesale trade,"Equally veteran/nonveteran, minority",Grants,0,0
Wholesale trade,"Equally veteran/nonveteran, minority",Other source(s) of capital,0,0
Wholesale trade,"Equally veteran/nonveteran, minority",Don't know,0,0
Wholesale trade,"Equally veteran/nonveteran, minority",None needed,7,S
Wholesale trade,"Equally veteran/nonveteran, minority",Total reporting,293,450016
Wholesale trade,"Equally veteran/nonveteran, minority",Item not reported,0,0
Wholesale trade,"Equally veteran/nonveteran, equally minority/nonminority",All firms,892,1741423
Wholesale trade,"Equally veteran/nonveteran, equally minority/nonminority",Personal/family savings of owner(s),500,329700
Wholesale trade,"Equally veteran/nonveteran, equally minority/nonminority",Personal/family assets other than savings of owner(s),106,S
Wholesale trade,"Equally veteran/nonveteran, equally minority/nonminority",Personal/family home equity loan,99,S
Wholesale trade,"Equally veteran/nonveteran, equally minority/nonminority",Personal credit card(s) carrying balances,84,S
Wholesale trade,"Equally veteran/nonveteran, equally minority/nonminority",Business credit card(s) carrying balances,22,S
Wholesale trade,"Equally veteran/nonveteran, equally minority/nonminority","Business loan from federal, state, or local government",0,0
Wholesale trade,"Equally veteran/nonveteran, equally minority/nonminority",Government-guaranteed business loan from a bank or financial institution,0,0
Wholesale trade,"Equally veteran/nonveteran, equally minority/nonminority",Business loan from a bank or financial institution,8,6321
Wholesale trade,"Equally veteran/nonveteran, equally minority/nonminority",Business loan/investment from family/friends,2,S
Wholesale trade,"Equally veteran/nonveteran, equally minority/nonminority",Investment by venture capitalist(s),0,0
Wholesale trade,"Equally veteran/nonveteran, equally minority/nonminority",Grants,0,0
Wholesale trade,"Equally veteran/nonveteran, equally minority/nonminority",Other source(s) of capital,7,S
Wholesale trade,"Equally veteran/nonveteran, equally minority/nonminority",Don't know,22,S
Wholesale trade,"Equally veteran/nonveteran, equally minority/nonminority",None needed,18,S
Wholesale trade,"Equally veteran/nonveteran, equally minority/nonminority",Total reporting,612,1027504
Wholesale trade,"Equally veteran/nonveteran, equally minority/nonminority",Item not reported,9,S
Wholesale trade,"Equally veteran/nonveteran, nonminority",All firms,18086,62319985
Wholesale trade,"Equally veteran/nonveteran, nonminority",Personal/family savings of owner(s),9910,28794260
Wholesale trade,"Equally veteran/nonveteran, nonminority",Personal/family assets other than savings of owner(s),1426,3198832
Wholesale trade,"Equally veteran/nonveteran, nonminority",Personal/family home equity loan,935,1495679
Wholesale trade,"Equally veteran/nonveteran, nonminority",Personal credit card(s) carrying balances,901,1212862
Wholesale trade,"Equally veteran/nonveteran, nonminority",Business credit card(s) carrying balances,493,774472
Wholesale trade,"Equally veteran/nonveteran, nonminority","Business loan from federal, state, or local government",11,S
Wholesale trade,"Equally veteran/nonveteran, nonminority",Government-guaranteed business loan from a bank or financial institution,201,572804
Wholesale trade,"Equally veteran/nonveteran, nonminority",Business loan from a bank or financial institution,1879,8481100
Wholesale trade,"Equally veteran/nonveteran, nonminority",Business loan/investment from family/friends,257,3971960
Wholesale trade,"Equally veteran/nonveteran, nonminority",Investment by venture capitalist(s),12,S
Wholesale trade,"Equally veteran/nonveteran, nonminority",Grants,7,S
Wholesale trade,"Equally veteran/nonveteran, nonminority",Other source(s) of capital,305,680565
Wholesale trade,"Equally veteran/nonveteran, nonminority",Don't know,832,9213114
Wholesale trade,"Equally veteran/nonveteran, nonminority",None needed,1136,2151423
Wholesale trade,"Equally veteran/nonveteran, nonminority",Total reporting,13810(r),47014252(r)
Wholesale trade,"Equally veteran/nonveteran, nonminority",Item not reported,262(r),S
Wholesale trade,Nonveteran,All firms,596417,2425239668
Wholesale trade,Nonveteran,Personal/family savings of owner(s),245699,738527092
Wholesale trade,Nonveteran,Personal/family assets other than savings of owner(s),26612,137296871
Wholesale trade,Nonveteran,Personal/family home equity loan,18568,59044342
Wholesale trade,Nonveteran,Personal credit card(s) carrying balances,33176,45306494
Wholesale trade,Nonveteran,Business credit card(s) carrying balances,11765,18031963
Wholesale trade,Nonveteran,"Business loan from federal, state, or local government",315,4501516
Wholesale trade,Nonveteran,Government-guaranteed business loan from a bank or financial institution,2930,16062757
Wholesale trade,Nonveteran,Business loan from a bank or financial institution,33213,300883038
Wholesale trade,Nonveteran,Business loan/investment from family/friends,11824,59274919
Wholesale trade,Nonveteran,Investment by venture capitalist(s),1257,17350525
Wholesale trade,Nonveteran,Grants,283,683581
Wholesale trade,Nonveteran,Other source(s) of capital,8775,59238082
Wholesale trade,Nonveteran,Don't know,36208,496105468
Wholesale trade,Nonveteran,None needed,55926,107496574
Wholesale trade,Nonveteran,Total reporting,384871(r),1597634152(r)
Wholesale trade,Nonveteran,Item not reported,5870(r),15760678(r)
Wholesale trade,"Nonveteran, female-owned",All firms,149671,273826671
Wholesale trade,"Nonveteran, female-owned",Personal/family savings of owner(s),60013,85099075
Wholesale trade,"Nonveteran, female-owned",Personal/family assets other than savings of owner(s),4873,14269863
Wholesale trade,"Nonveteran, female-owned",Personal/family home equity loan,3366,8323017
Wholesale trade,"Nonveteran, female-owned",Personal credit card(s) carrying balances,9138,7408107
Wholesale trade,"Nonveteran, female-owned",Business credit card(s) carrying balances,2918,1751571
Wholesale trade,"Nonveteran, female-owned","Business loan from federal, state, or local government",49,S
Wholesale trade,"Nonveteran, female-owned",Government-guaranteed business loan from a bank or financial institution,535,1512623
Wholesale trade,"Nonveteran, female-owned",Business loan from a bank or financial institution,3923,27809135
Wholesale trade,"Nonveteran, female-owned",Business loan/investment from family/friends,1802,5609161
Wholesale trade,"Nonveteran, female-owned",Investment by venture capitalist(s),160,170181
Wholesale trade,"Nonveteran, female-owned",Grants,66,S
Wholesale trade,"Nonveteran, female-owned",Other source(s) of capital,1534,3632485
Wholesale trade,"Nonveteran, female-owned",Don't know,6218,48091825
Wholesale trade,"Nonveteran, female-owned",None needed,17652,11345485
Wholesale trade,"Nonveteran, female-owned",Total reporting,92352(r),170406696(r)
Wholesale trade,"Nonveteran, female-owned",Item not reported,1588(r),1727567(r)
Wholesale trade,"Nonveteran, male-owned",All firms,379337,1966605449
Wholesale trade,"Nonveteran, male-owned",Personal/family savings of owner(s),153251,591796123
Wholesale trade,"Nonveteran, male-owned",Personal/family assets other than savings of owner(s),17693,111309355
Wholesale trade,"Nonveteran, male-owned",Personal/family home equity loan,11975,43601384
Wholesale trade,"Nonveteran, male-owned",Personal credit card(s) carrying balances,19742,32595671
Wholesale trade,"Nonveteran, male-owned",Business credit card(s) carrying balances,6790,14092702
Wholesale trade,"Nonveteran, male-owned","Business loan from federal, state, or local government",215,1584396
Wholesale trade,"Nonveteran, male-owned",Government-guaranteed business loan from a bank or financial institution,1790,12328472
Wholesale trade,"Nonveteran, male-owned",Business loan from a bank or financial institution,23655,246620352
Wholesale trade,"Nonveteran, male-owned",Business loan/investment from family/friends,8010,47654412
Wholesale trade,"Nonveteran, male-owned",Investment by venture capitalist(s),1058,17024652
Wholesale trade,"Nonveteran, male-owned",Grants,217,680748
Wholesale trade,"Nonveteran, male-owned",Other source(s) of capital,6457,51260773
Wholesale trade,"Nonveteran, male-owned",Don't know,27466,422415786
Wholesale trade,"Nonveteran, male-owned",None needed,34642,85472495
Wholesale trade,"Nonveteran, male-owned",Total reporting,246882(r),1302144250(r)
Wholesale trade,"Nonveteran, male-owned",Item not reported,3771(r),13751918(r)
Wholesale trade,"Nonveteran, equally male-/female-owned",All firms,67409,184807548
Wholesale trade,"Nonveteran, equally male-/female-owned",Personal/family savings of owner(s),32435,61631894
Wholesale trade,"Nonveteran, equally male-/female-owned",Personal/family assets other than savings of owner(s),4046,11717652
Wholesale trade,"Nonveteran, equally male-/female-owned",Personal/family home equity loan,3228,7119941
Wholesale trade,"Nonveteran, equally male-/female-owned",Personal credit card(s) carrying balances,4296,5302716
Wholesale trade,"Nonveteran, equally male-/female-owned",Business credit card(s) carrying balances,2056,2187690
Wholesale trade,"Nonveteran, equally male-/female-owned","Business loan from federal, state, or local government",50,S
Wholesale trade,"Nonveteran, equally male-/female-owned",Government-guaranteed business loan from a bank or financial institution,605,2221662
Wholesale trade,"Nonveteran, equally male-/female-owned",Business loan from a bank or financial institution,5636,26453551
Wholesale trade,"Nonveteran, equally male-/female-owned",Business loan/investment from family/friends,2012,6011346
Wholesale trade,"Nonveteran, equally male-/female-owned",Investment by venture capitalist(s),39,S
Wholesale trade,"Nonveteran, equally male-/female-owned",Grants,0,0
Wholesale trade,"Nonveteran, equally male-/female-owned",Other source(s) of capital,784,4344825
Wholesale trade,"Nonveteran, equally male-/female-owned",Don't know,2524,25597857
Wholesale trade,"Nonveteran, equally male-/female-owned",None needed,3632,10678594
Wholesale trade,"Nonveteran, equally male-/female-owned",Total reporting,45636(r),125083206(r)
Wholesale trade,"Nonveteran, equally male-/female-owned",Item not reported,511(r),281192(r)
Wholesale trade,"Nonveteran, Hispanic",All firms,60080,92251330
Wholesale trade,"Nonveteran, Hispanic",Personal/family savings of owner(s),17998,28458405
Wholesale trade,"Nonveteran, Hispanic",Personal/family assets other than savings of owner(s),2034,4672706
Wholesale trade,"Nonveteran, Hispanic",Personal/family home equity loan,1057,878057
Wholesale trade,"Nonveteran, Hispanic",Personal credit card(s) carrying balances,2969,3042966
Wholesale trade,"Nonveteran, Hispanic",Business credit card(s) carrying balances,1049,1137052
Wholesale trade,"Nonveteran, Hispanic","Business loan from federal, state, or local government",13,S
Wholesale trade,"Nonveteran, Hispanic",Government-guaranteed business loan from a bank or financial institution,73,S
Wholesale trade,"Nonveteran, Hispanic",Business loan from a bank or financial institution,1231,9775757
Wholesale trade,"Nonveteran, Hispanic",Business loan/investment from family/friends,585,1457623
Wholesale trade,"Nonveteran, Hispanic",Investment by venture capitalist(s),107,S
Wholesale trade,"Nonveteran, Hispanic",Grants,87,S
Wholesale trade,"Nonveteran, Hispanic",Other source(s) of capital,652,812756
Wholesale trade,"Nonveteran, Hispanic",Don't know,1468,5122546
Wholesale trade,"Nonveteran, Hispanic",None needed,3328,1310735
Wholesale trade,"Nonveteran, Hispanic",Total reporting,26208(r),43213103(r)
Wholesale trade,"Nonveteran, Hispanic",Item not reported,904(r),S
Wholesale trade,"Nonveteran, equally Hispanic/non-Hispanic",All firms,3620,8083486
Wholesale trade,"Nonveteran, equally Hispanic/non-Hispanic",Personal/family savings of owner(s),2294,3538487
Wholesale trade,"Nonveteran, equally Hispanic/non-Hispanic",Personal/family assets other than savings of owner(s),221,S
Wholesale trade,"Nonveteran, equally Hispanic/non-Hispanic",Personal/family home equity loan,195,S
Wholesale trade,"Nonveteran, equally Hispanic/non-Hispanic",Personal credit card(s) carrying balances,723,1680358
Wholesale trade,"Nonveteran, equally Hispanic/non-Hispanic",Business credit card(s) carrying balances,259,S
Wholesale trade,"Nonveteran, equally Hispanic/non-Hispanic","Business loan from federal, state, or local government",24,S
Wholesale trade,"Nonveteran, equally Hispanic/non-Hispanic",Government-guaranteed business loan from a bank or financial institution,44,S
Wholesale trade,"Nonveteran, equally Hispanic/non-Hispanic",Business loan from a bank or financial institution,130,92552
Wholesale trade,"Nonveteran, equally Hispanic/non-Hispanic",Business loan/investment from family/friends,196,S
Wholesale trade,"Nonveteran, equally Hispanic/non-Hispanic",Investment by venture capitalist(s),29,S
Wholesale trade,"Nonveteran, equally Hispanic/non-Hispanic",Grants,0,0
Wholesale trade,"Nonveteran, equally Hispanic/non-Hispanic",Other source(s) of capital,111,S
Wholesale trade,"Nonveteran, equally Hispanic/non-Hispanic",Don't know,203,S
Wholesale trade,"Nonveteran, equally Hispanic/non-Hispanic",None needed,143,S
Wholesale trade,"Nonveteran, equally Hispanic/non-Hispanic",Total reporting,2969,5709683
Wholesale trade,"Nonveteran, equally Hispanic/non-Hispanic",Item not reported,19,S
Wholesale trade,"Nonveteran, non-Hispanic",All firms,532717,2324904851
Wholesale trade,"Nonveteran, non-Hispanic",Personal/family savings of owner(s),225407,706530200
Wholesale trade,"Nonveteran, non-Hispanic",Personal/family assets other than savings of owner(s),24357,131763872
Wholesale trade,"Nonveteran, non-Hispanic",Personal/family home equity loan,17317,57852655
Wholesale trade,"Nonveteran, non-Hispanic",Personal credit card(s) carrying balances,29484,40583171
Wholesale trade,"Nonveteran, non-Hispanic",Business credit card(s) carrying balances,10457,16728237
Wholesale trade,"Nonveteran, non-Hispanic","Business loan from federal, state, or local government",278,3887927
Wholesale trade,"Nonveteran, non-Hispanic",Government-guaranteed business loan from a bank or financial institution,2814,15578332
Wholesale trade,"Nonveteran, non-Hispanic",Business loan from a bank or financial institution,31852,291014729
Wholesale trade,"Nonveteran, non-Hispanic",Business loan/investment from family/friends,11043,57118972
Wholesale trade,"Nonveteran, non-Hispanic",Investment by venture capitalist(s),1122,17302031
Wholesale trade,"Nonveteran, non-Hispanic",Grants,196,656553
Wholesale trade,"Nonveteran, non-Hispanic",Other source(s) of capital,8012,58250776
Wholesale trade,"Nonveteran, non-Hispanic",Don't know,34536,490059866
Wholesale trade,"Nonveteran, non-Hispanic",None needed,52456,105282700
Wholesale trade,"Nonveteran, non-Hispanic",Total reporting,355694(r),1548711366(r)
Wholesale trade,"Nonveteran, non-Hispanic",Item not reported,4947(r),15551885(r)
Wholesale trade,"Nonveteran, White",All firms,490117,2214020667
Wholesale trade,"Nonveteran, White",Personal/family savings of owner(s),207327,662631856
Wholesale trade,"Nonveteran, White",Personal/family assets other than savings of owner(s),22792,127111347
Wholesale trade,"Nonveteran, White",Personal/family home equity loan,15816,54047198
Wholesale trade,"Nonveteran, White",Personal credit card(s) carrying balances,27617,39318888
Wholesale trade,"Nonveteran, White",Business credit card(s) carrying balances,9829,15759834
Wholesale trade,"Nonveteran, White","Business loan from federal, state, or local government",238,3666365
Wholesale trade,"Nonveteran, White",Government-guaranteed business loan from a bank or financial institution,2812,15657327
Wholesale trade,"Nonveteran, White",Business loan from a bank or financial institution,29901,284680984
Wholesale trade,"Nonveteran, White",Business loan/investment from family/friends,9944,53197217
Wholesale trade,"Nonveteran, White",Investment by venture capitalist(s),1073,14502053
Wholesale trade,"Nonveteran, White",Grants,249,668216
Wholesale trade,"Nonveteran, White",Other source(s) of capital,7146,52006972
Wholesale trade,"Nonveteran, White",Don't know,30156,467067685
Wholesale trade,"Nonveteran, White",None needed,50552,104783026
Wholesale trade,"Nonveteran, White",Total reporting,328586(r),1473296572(r)
Wholesale trade,"Nonveteran, White",Item not reported,4777(r),15237372(r)
Wholesale trade,"Nonveteran, Black or African American",All firms,21324,11624621
Wholesale trade,"Nonveteran, Black or African American",Personal/family savings of owner(s),5074,7075498
Wholesale trade,"Nonveteran, Black or African American",Personal/family assets other than savings of owner(s),504,S
Wholesale trade,"Nonveteran, Black or African American",Personal/family home equity loan,185,285613
Wholesale trade,"Nonveteran, Black or African American",Personal credit card(s) carrying balances,1054,468114
Wholesale trade,"Nonveteran, Black or African American",Business credit card(s) carrying balances,339,122250
Wholesale trade,"Nonveteran, Black or African American","Business loan from federal, state, or local government",2,S
Wholesale trade,"Nonveteran, Black or African American",Government-guaranteed business loan from a bank or financial institution,14,123613
Wholesale trade,"Nonveteran, Black or African American",Business loan from a bank or financial institution,290,2773942
Wholesale trade,"Nonveteran, Black or African American",Business loan/investment from family/friends,127,231178
Wholesale trade,"Nonveteran, Black or African American",Investment by venture capitalist(s),17,S
Wholesale trade,"Nonveteran, Black or African American",Grants,4,S
Wholesale trade,"Nonveteran, Black or African American",Other source(s) of capital,279,S
Wholesale trade,"Nonveteran, Black or African American",Don't know,629,1357693
Wholesale trade,"Nonveteran, Black or African American",None needed,1356,S
Wholesale trade,"Nonveteran, Black or African American",Total reporting,7928(r),9700961(r)
Wholesale trade,"Nonveteran, Black or African American",Item not reported,162(r),S
Wholesale trade,"Nonveteran, American Indian and Alaska Native",All firms,5264,4472668
Wholesale trade,"Nonveteran, American Indian and Alaska Native",Personal/family savings of owner(s),1434,1344940
Wholesale trade,"Nonveteran, American Indian and Alaska Native",Personal/family assets other than savings of owner(s),177,542056
Wholesale trade,"Nonveteran, American Indian and Alaska Native",Personal/family home equity loan,85,17336
Wholesale trade,"Nonveteran, American Indian and Alaska Native",Personal credit card(s) carrying balances,171,S
Wholesale trade,"Nonveteran, American Indian and Alaska Native",Business credit card(s) carrying balances,114,13093
Wholesale trade,"Nonveteran, American Indian and Alaska Native","Business loan from federal, state, or local government",4,S
Wholesale trade,"Nonveteran, American Indian and Alaska Native",Government-guaranteed business loan from a bank or financial institution,14,S
Wholesale trade,"Nonveteran, American Indian and Alaska Native",Business loan from a bank or financial institution,150,611882
Wholesale trade,"Nonveteran, American Indian and Alaska Native",Business loan/investment from family/friends,37,S
Wholesale trade,"Nonveteran, American Indian and Alaska Native",Investment by venture capitalist(s),2,S
Wholesale trade,"Nonveteran, American Indian and Alaska Native",Grants,0,0
Wholesale trade,"Nonveteran, American Indian and Alaska Native",Other source(s) of capital,24,14056
Wholesale trade,"Nonveteran, American Indian and Alaska Native",Don't know,248,991762
Wholesale trade,"Nonveteran, American Indian and Alaska Native",None needed,326,S
Wholesale trade,"Nonveteran, American Indian and Alaska Native",Total reporting,2172(r),2515829(r)
Wholesale trade,"Nonveteran, American Indian and Alaska Native",Item not reported,135(r),S
Wholesale trade,"Nonveteran, Asian",All firms,65941,176523428
Wholesale trade,"Nonveteran, Asian",Personal/family savings of owner(s),28594,63444761
Wholesale trade,"Nonveteran, Asian",Personal/family assets other than savings of owner(s),2761,7145430
Wholesale trade,"Nonveteran, Asian",Personal/family home equity loan,2295,4612230
Wholesale trade,"Nonveteran, Asian",Personal credit card(s) carrying balances,3622,4654005
Wholesale trade,"Nonveteran, Asian",Business credit card(s) carrying balances,1380,1873176
Wholesale trade,"Nonveteran, Asian","Business loan from federal, state, or local government",39,112274
Wholesale trade,"Nonveteran, Asian",Government-guaranteed business loan from a bank or financial institution,112,304905
Wholesale trade,"Nonveteran, Asian",Business loan from a bank or financial institution,2373,12399697
Wholesale trade,"Nonveteran, Asian",Business loan/investment from family/friends,1718,4928845
Wholesale trade,"Nonveteran, Asian",Investment by venture capitalist(s),81,S
Wholesale trade,"Nonveteran, Asian",Grants,29,S
Wholesale trade,"Nonveteran, Asian",Other source(s) of capital,1025,6819785
Wholesale trade,"Nonveteran, Asian",Don't know,4515,22720088
Wholesale trade,"Nonveteran, Asian",None needed,3094,2305420
Wholesale trade,"Nonveteran, Asian",Total reporting,40602(r),102709972(r)
Wholesale trade,"Nonveteran, Asian",Item not reported,585(r),451176(r)
Wholesale trade,"Nonveteran, Native Hawaiian and Other Pacific Islander",All firms,937,1039103
Wholesale trade,"Nonveteran, Native Hawaiian and Other Pacific Islander",Personal/family savings of owner(s),376,150164
Wholesale trade,"Nonveteran, Native Hawaiian and Other Pacific Islander",Personal/family assets other than savings of owner(s),28,S
Wholesale trade,"Nonveteran, Native Hawaiian and Other Pacific Islander",Personal/family home equity loan,13,S
Wholesale trade,"Nonveteran, Native Hawaiian and Other Pacific Islander",Personal credit card(s) carrying balances,116,S
Wholesale trade,"Nonveteran, Native Hawaiian and Other Pacific Islander",Business credit card(s) carrying balances,51,2099
Wholesale trade,"Nonveteran, Native Hawaiian and Other Pacific Islander","Business loan from federal, state, or local government",0,0
Wholesale trade,"Nonveteran, Native Hawaiian and Other Pacific Islander",Government-guaranteed business loan from a bank or financial institution,0,0
Wholesale trade,"Nonveteran, Native Hawaiian and Other Pacific Islander",Business loan from a bank or financial institution,67,S
Wholesale trade,"Nonveteran, Native Hawaiian and Other Pacific Islander",Business loan/investment from family/friends,4,S
Wholesale trade,"Nonveteran, Native Hawaiian and Other Pacific Islander",Investment by venture capitalist(s),0,0
Wholesale trade,"Nonveteran, Native Hawaiian and Other Pacific Islander",Grants,0,0
Wholesale trade,"Nonveteran, Native Hawaiian and Other Pacific Islander",Other source(s) of capital,0,0
Wholesale trade,"Nonveteran, Native Hawaiian and Other Pacific Islander",Don't know,31,S
Wholesale trade,"Nonveteran, Native Hawaiian and Other Pacific Islander",None needed,56,799
Wholesale trade,"Nonveteran, Native Hawaiian and Other Pacific Islander",Total reporting,483(r),158914(r)
Wholesale trade,"Nonveteran, Native Hawaiian and Other Pacific Islander",Item not reported,14(r),S
Wholesale trade,"Nonveteran, some other race",All firms,17217,13841257
Wholesale trade,"Nonveteran, some other race",Personal/family savings of owner(s),4075,4096230
Wholesale trade,"Nonveteran, some other race",Personal/family assets other than savings of owner(s),447,363050
Wholesale trade,"Nonveteran, some other race",Personal/family home equity loan,278,S
Wholesale trade,"Nonveteran, some other race",Personal credit card(s) carrying balances,787,171243
Wholesale trade,"Nonveteran, some other race",Business credit card(s) carrying balances,128,S
Wholesale trade,"Nonveteran, some other race","Business loan from federal, state, or local government",13,S
Wholesale trade,"Nonveteran, some other race",Government-guaranteed business loan from a bank or financial institution,4,S
Wholesale trade,"Nonveteran, some other race",Business loan from a bank or financial institution,427,616431
Wholesale trade,"Nonveteran, some other race",Business loan/investment from family/friends,134,323871
Wholesale trade,"Nonveteran, some other race",Investment by venture capitalist(s),61,S
Wholesale trade,"Nonveteran, some other race",Grants,0,0
Wholesale trade,"Nonveteran, some other race",Other source(s) of capital,266,431836
Wholesale trade,"Nonveteran, some other race",Don't know,574,2761566
Wholesale trade,"Nonveteran, some other race",None needed,988,S
Wholesale trade,"Nonveteran, some other race",Total reporting,6665(r),8273020(r)
Wholesale trade,"Nonveteran, some other race",Item not reported,257(r),6903(r)
Wholesale trade,"Nonveteran, minority",All firms,151594,288830972
Wholesale trade,"Nonveteran, minority",Personal/family savings of owner(s),52828,100637196
Wholesale trade,"Nonveteran, minority",Personal/family assets other than savings of owner(s),5397,14552015
Wholesale trade,"Nonveteran, minority",Personal/family home equity loan,3664,5804125
Wholesale trade,"Nonveteran, minority",Personal credit card(s) carrying balances,7857,8186537
Wholesale trade,"Nonveteran, minority",Business credit card(s) carrying balances,2844,3131969
Wholesale trade,"Nonveteran, minority","Business loan from federal, state, or local government",59,239632
Wholesale trade,"Nonveteran, minority",Government-guaranteed business loan from a bank or financial institution,213,781648
Wholesale trade,"Nonveteran, minority",Business loan from a bank or financial institution,4211,25489488
Wholesale trade,"Nonveteran, minority",Business loan/investment from family/friends,2471,6649457
Wholesale trade,"Nonveteran, minority",Investment by venture capitalist(s),231,2903741
Wholesale trade,"Nonveteran, minority",Grants,120,S
Wholesale trade,"Nonveteran, minority",Other source(s) of capital,2062,8053920
Wholesale trade,"Nonveteran, minority",Don't know,6929,31528361
Wholesale trade,"Nonveteran, minority",None needed,8002,3802563
Wholesale trade,"Nonveteran, minority",Total reporting,76632(r),159661018(r)
Wholesale trade,"Nonveteran, minority",Item not reported,1754(r),721072(r)
Wholesale trade,"Nonveteran, equally minority/nonminority",All firms,6293,14498215
Wholesale trade,"Nonveteran, equally minority/nonminority",Personal/family savings of owner(s),3576,4518268
Wholesale trade,"Nonveteran, equally minority/nonminority",Personal/family assets other than savings of owner(s),281,S
Wholesale trade,"Nonveteran, equally minority/nonminority",Personal/family home equity loan,200,400462
Wholesale trade,"Nonveteran, equally minority/nonminority",Personal credit card(s) carrying balances,877,1603496
Wholesale trade,"Nonveteran, equally minority/nonminority",Business credit card(s) carrying balances,290,S
Wholesale trade,"Nonveteran, equally minority/nonminority","Business loan from federal, state, or local government",26,S
Wholesale trade,"Nonveteran, equally minority/nonminority",Government-guaranteed business loan from a bank or financial institution,48,S
Wholesale trade,"Nonveteran, equally minority/nonminority",Business loan from a bank or financial institution,217,S
Wholesale trade,"Nonveteran, equally minority/nonminority",Business loan/investment from family/friends,207,S
Wholesale trade,"Nonveteran, equally minority/nonminority",Investment by venture capitalist(s),29,S
Wholesale trade,"Nonveteran, equally minority/nonminority",Grants,0,0
Wholesale trade,"Nonveteran, equally minority/nonminority",Other source(s) of capital,73,S
Wholesale trade,"Nonveteran, equally minority/nonminority",Don't know,336,2392879
Wholesale trade,"Nonveteran, equally minority/nonminority",None needed,247,S
Wholesale trade,"Nonveteran, equally minority/nonminority",Total reporting,4556(r),9868437(r)
Wholesale trade,"Nonveteran, equally minority/nonminority",Item not reported,109(r),S
Wholesale trade,"Nonveteran, nonminority",All firms,438531,2121910481
Wholesale trade,"Nonveteran, nonminority",Personal/family savings of owner(s),189294,633371629
Wholesale trade,"Nonveteran, nonminority",Personal/family assets other than savings of owner(s),20934,121689206
Wholesale trade,"Nonveteran, nonminority",Personal/family home equity loan,14704,52839755
Wholesale trade,"Nonveteran, nonminority",Personal credit card(s) carrying balances,24442,35516462
Wholesale trade,"Nonveteran, nonminority",Business credit card(s) carrying balances,8631,14772116
Wholesale trade,"Nonveteran, nonminority","Business loan from federal, state, or local government",230,3650169
Wholesale trade,"Nonveteran, nonminority",Government-guaranteed business loan from a bank or financial institution,2669,15131779
Wholesale trade,"Nonveteran, nonminority",Business loan from a bank or financial institution,28785,273453024
Wholesale trade,"Nonveteran, nonminority",Business loan/investment from family/friends,9146,51920064
Wholesale trade,"Nonveteran, nonminority",Investment by venture capitalist(s),997,14444068
Wholesale trade,"Nonveteran, nonminority",Grants,163,641187
Wholesale trade,"Nonveteran, nonminority",Other source(s) of capital,6640,50965240
Wholesale trade,"Nonveteran, nonminority",Don't know,28943,462184228
Wholesale trade,"Nonveteran, nonminority",None needed,47678,102731416
Wholesale trade,"Nonveteran, nonminority",Total reporting,303683(r),1428104697(r)
Wholesale trade,"Nonveteran, nonminority",Item not reported,4007(r),15001124(r)
Wholesale trade,"All firms classifiable by gender, ethnicity, race, and veteran status",All firms,685212,2751429926
Wholesale trade,"All firms classifiable by gender, ethnicity, race, and veteran status",Personal/family savings of owner(s),285175,848476790
Wholesale trade,"All firms classifiable by gender, ethnicity, race, and veteran status",Personal/family assets other than savings of owner(s),30888,149779424
Wholesale trade,"All firms classifiable by gender, ethnicity, race, and veteran status",Personal/family home equity loan,21342,64905577
Wholesale trade,"All firms classifiable by gender, ethnicity, race, and veteran status",Personal credit card(s) carrying balances,37962,50492957
Wholesale trade,"All firms classifiable by gender, ethnicity, race, and veteran status",Business credit card(s) carrying balances,13549,20033954
Wholesale trade,"All firms classifiable by gender, ethnicity, race, and veteran status","Business loan from federal, state, or local government",368,4597230
Wholesale trade,"All firms classifiable by gender, ethnicity, race, and veteran status",Government-guaranteed business loan from a bank or financial institution,3391,17396174
Wholesale trade,"All firms classifiable by gender, ethnicity, race, and veteran status",Business loan from a bank or financial institution,39971,349398418
Wholesale trade,"All firms classifiable by gender, ethnicity, race, and veteran status",Business loan/investment from family/friends,13251,70555388
Wholesale trade,"All firms classifiable by gender, ethnicity, race, and veteran status",Investment by venture capitalist(s),1415,19933787
Wholesale trade,"All firms classifiable by gender, ethnicity, race, and veteran status",Grants,298,693237
Wholesale trade,"All firms classifiable by gender, ethnicity, race, and veteran status",Other source(s) of capital,10200,63956241
Wholesale trade,"All firms classifiable by gender, ethnicity, race, and veteran status",Don't know,40500,552070158
Wholesale trade,"All firms classifiable by gender, ethnicity, race, and veteran status",None needed,63190,115149303
Wholesale trade,"All firms classifiable by gender, ethnicity, race, and veteran status",Total reporting,443722(r),1804574501(r)
Wholesale trade,"All firms classifiable by gender, ethnicity, race, and veteran status",Item not reported,7310(r),16673500(r)
Wholesale trade,"Publicly held and other firms not classifiable by gender, ethnicity, race, and veteran status",All firms,18454,5209264832
Wholesale trade,"Publicly held and other firms not classifiable by gender, ethnicity, race, and veteran status",Personal/family savings of owner(s),165,5802965
Wholesale trade,"Publicly held and other firms not classifiable by gender, ethnicity, race, and veteran status",Personal/family assets other than savings of owner(s),25,2082635
Wholesale trade,"Publicly held and other firms not classifiable by gender, ethnicity, race, and veteran status",Personal/family home equity loan,16,S
Wholesale trade,"Publicly held and other firms not classifiable by gender, ethnicity, race, and veteran status",Personal credit card(s) carrying balances,0,0
Wholesale trade,"Publicly held and other firms not classifiable by gender, ethnicity, race, and veteran status",Business credit card(s) carrying balances,54,S
Wholesale trade,"Publicly held and other firms not classifiable by gender, ethnicity, race, and veteran status","Business loan from federal, state, or local government",0,0
Wholesale trade,"Publicly held and other firms not classifiable by gender, ethnicity, race, and veteran status",Government-guaranteed business loan from a bank or financial institution,0,0
Wholesale trade,"Publicly held and other firms not classifiable by gender, ethnicity, race, and veteran status",Business loan from a bank or financial institution,38,5121622
Wholesale trade,"Publicly held and other firms not classifiable by gender, ethnicity, race, and veteran status",Business loan/investment from family/friends,51,S
Wholesale trade,"Publicly held and other firms not classifiable by gender, ethnicity, race, and veteran status",Investment by venture capitalist(s),15,1000130
Wholesale trade,"Publicly held and other firms not classifiable by gender, ethnicity, race, and veteran status",Grants,0,0
Wholesale trade,"Publicly held and other firms not classifiable by gender, ethnicity, race, and veteran status",Other source(s) of capital,119,1674720
Wholesale trade,"Publicly held and other firms not classifiable by gender, ethnicity, race, and veteran status",Don't know,636,31251422
Wholesale trade,"Publicly held and other firms not classifiable by gender, ethnicity, race, and veteran status",None needed,243,S
Wholesale trade,"Publicly held and other firms not classifiable by gender, ethnicity, race, and veteran status",Total reporting,1302(r),75433729(r)
Wholesale trade,"Publicly held and other firms not classifiable by gender, ethnicity, race, and veteran status",Item not reported,13632(r),2705211734(r)
Retail trade,All firms,All firms,2518810,4287386006
Retail trade,All firms,Personal/family savings of owner(s),1025866,757627187
Retail trade,All firms,Personal/family assets other than savings of owner(s),113431,163268069
Retail trade,All firms,Personal/family home equity loan,68153,73488466
Retail trade,All firms,Personal credit card(s) carrying balances,177057,48724283
Retail trade,All firms,Business credit card(s) carrying balances,52175,21617018
Retail trade,All firms,"Business loan from federal, state, or local government",3075,4581643
Retail trade,All firms,Government-guaranteed business loan from a bank or financial institution,14571,23728021
Retail trade,All firms,Business loan from a bank or financial institution,138854,356989666
Retail trade,All firms,Business loan/investment from family/friends,46081,82174889
Retail trade,All firms,Investment by venture capitalist(s),3173,9260600
Retail trade,All firms,Grants,1687,508739
Retail trade,All firms,Other source(s) of capital,32128,56843945
Retail trade,All firms,Don't know,99370,358662278
Retail trade,All firms,None needed,238444,60946629
Retail trade,All firms,Total reporting,1583729(r),1466143661(r)
Retail trade,All firms,Item not reported,47424(r),1003189864(r)
Retail trade,Female-owned,All firms,1045322,208975626
Retail trade,Female-owned,Personal/family savings of owner(s),416992,81663206
Retail trade,Female-owned,Personal/family assets other than savings of owner(s),35098,21501209
Retail trade,Female-owned,Personal/family home equity loan,16264,7709167
Retail trade,Female-owned,Personal credit card(s) carrying balances,80618,8005910
Retail trade,Female-owned,Business credit card(s) carrying balances,18640,3453567
Retail trade,Female-owned,"Business loan from federal, state, or local government",698,754291
Retail trade,Female-owned,Government-guaranteed business loan from a bank or financial institution,3206,2835552
Retail trade,Female-owned,Business loan from a bank or financial institution,28897,28682722
Retail trade,Female-owned,Business loan/investment from family/friends,11480,14188200
Retail trade,Female-owned,Investment by venture capitalist(s),396,314400
Retail trade,Female-owned,Grants,604,148972
Retail trade,Female-owned,Other source(s) of capital,9556,9643642
Retail trade,Female-owned,Don't know,29269,39078269
Retail trade,Female-owned,None needed,119899,10235274
Retail trade,Female-owned,Total reporting,649358(r),153423059(r)
Retail trade,Female-owned,Item not reported,16889(r),2430110(r)
Retail trade,Male-owned,All firms,1129958,1669778696
Retail trade,Male-owned,Personal/family savings of owner(s),428368,589071944
Retail trade,Male-owned,Personal/family assets other than savings of owner(s),50177,119416899
Retail trade,Male-owned,Personal/family home equity loan,31878,49621058
Retail trade,Male-owned,Personal credit card(s) carrying balances,65017,30295775
Retail trade,Male-owned,Business credit card(s) carrying balances,21897,13166996
Retail trade,Male-owned,"Business loan from federal, state, or local government",1685,3229242
Retail trade,Male-owned,Government-guaranteed business loan from a bank or financial institution,6540,14458004
Retail trade,Male-owned,Business loan from a bank or financial institution,76143,288002311
Retail trade,Male-owned,Business loan/investment from family/friends,24618,56081175
Retail trade,Male-owned,Investment by venture capitalist(s),2093,7888848
Retail trade,Male-owned,Grants,709,213612
Retail trade,Male-owned,Other source(s) of capital,15752,41715995
Retail trade,Male-owned,Don't know,57717,276857132
Retail trade,Male-owned,None needed,99476,43793294
Retail trade,Male-owned,Total reporting,680543(r),1139191091(r)
Retail trade,Male-owned,Item not reported,14921(r),8116914(r)
Retail trade,Equally male-/female-owned,All firms,324661,231724574
Retail trade,Equally male-/female-owned,Personal/family savings of owner(s),179583,84064318
Retail trade,Equally male-/female-owned,Personal/family assets other than savings of owner(s),28022,19998818
Retail trade,Equally male-/female-owned,Personal/family home equity loan,19964,16144887
Retail trade,Equally male-/female-owned,Personal credit card(s) carrying balances,31298,9652127
Retail trade,Equally male-/female-owned,Business credit card(s) carrying balances,11635,4985875
Retail trade,Equally male-/female-owned,"Business loan from federal, state, or local government",693,598109
Retail trade,Equally male-/female-owned,Government-guaranteed business loan from a bank or financial institution,4752,6420041
Retail trade,Equally male-/female-owned,Business loan from a bank or financial institution,33698,39406716
Retail trade,Equally male-/female-owned,Business loan/investment from family/friends,9876,11004511
Retail trade,Equally male-/female-owned,Investment by venture capitalist(s),632,476365
Retail trade,Equally male-/female-owned,Grants,374,146155
Retail trade,Equally male-/female-owned,Other source(s) of capital,6726,5261544
Retail trade,Equally male-/female-owned,Don't know,11196,25020887
Retail trade,Equally male-/female-owned,None needed,18009,5543424
Retail trade,Equally male-/female-owned,Total reporting,250176(r),148497617(r)
Retail trade,Equally male-/female-owned,Item not reported,1857(r),699678(r)
Retail trade,Hispanic,All firms,255837,91682982
Retail trade,Hispanic,Personal/family savings of owner(s),65795,23098726
Retail trade,Hispanic,Personal/family assets other than savings of owner(s),6034,4053327
Retail trade,Hispanic,Personal/family home equity loan,3253,1964968
Retail trade,Hispanic,Personal credit card(s) carrying balances,12835,2237658
Retail trade,Hispanic,Business credit card(s) carrying balances,2753,605279
Retail trade,Hispanic,"Business loan from federal, state, or local government",195,S
Retail trade,Hispanic,Government-guaranteed business loan from a bank or financial institution,561,519643
Retail trade,Hispanic,Business loan from a bank or financial institution,3968,8630944
Retail trade,Hispanic,Business loan/investment from family/friends,2748,2410741
Retail trade,Hispanic,Investment by venture capitalist(s),326,297473
Retail trade,Hispanic,Grants,291,S
Retail trade,Hispanic,Other source(s) of capital,2406,2821351
Retail trade,Hispanic,Don't know,6606,6494464
Retail trade,Hispanic,None needed,15549,872751
Retail trade,Hispanic,Total reporting,100636(r),38653539(r)
Retail trade,Hispanic,Item not reported,3384(r),292276(r)
Retail trade,"Hispanic, female-owned",All firms,126109,9312832
Retail trade,"Hispanic, female-owned",Personal/family savings of owner(s),27165,3130772
Retail trade,"Hispanic, female-owned",Personal/family assets other than savings of owner(s),2296,497678
Retail trade,"Hispanic, female-owned",Personal/family home equity loan,1142,341907
Retail trade,"Hispanic, female-owned",Personal credit card(s) carrying balances,6288,547869
Retail trade,"Hispanic, female-owned",Business credit card(s) carrying balances,1143,149967
Retail trade,"Hispanic, female-owned","Business loan from federal, state, or local government",44,S
Retail trade,"Hispanic, female-owned",Government-guaranteed business loan from a bank or financial institution,279,168650
Retail trade,"Hispanic, female-owned",Business loan from a bank or financial institution,833,763258
Retail trade,"Hispanic, female-owned",Business loan/investment from family/friends,672,451620
Retail trade,"Hispanic, female-owned",Investment by venture capitalist(s),49,S
Retail trade,"Hispanic, female-owned",Grants,164,S
Retail trade,"Hispanic, female-owned",Other source(s) of capital,796,187807
Retail trade,"Hispanic, female-owned",Don't know,2727,1232979
Retail trade,"Hispanic, female-owned",None needed,8681,312378
Retail trade,"Hispanic, female-owned",Total reporting,43776(r),5500810(r)
Retail trade,"Hispanic, female-owned",Item not reported,1938(r),114409(r)
Retail trade,"Hispanic, male-owned",All firms,111809,76061054
Retail trade,"Hispanic, male-owned",Personal/family savings of owner(s),29968,17438676
Retail trade,"Hispanic, male-owned",Personal/family assets other than savings of owner(s),2614,2942177
Retail trade,"Hispanic, male-owned",Personal/family home equity loan,1474,1144438
Retail trade,"Hispanic, male-owned",Personal credit card(s) carrying balances,5148,1229220
Retail trade,"Hispanic, male-owned",Business credit card(s) carrying balances,1273,373817
Retail trade,"Hispanic, male-owned","Business loan from federal, state, or local government",151,S
Retail trade,"Hispanic, male-owned",Government-guaranteed business loan from a bank or financial institution,186,273627
Retail trade,"Hispanic, male-owned",Business loan from a bank or financial institution,2491,7038037
Retail trade,"Hispanic, male-owned",Business loan/investment from family/friends,1785,1714229
Retail trade,"Hispanic, male-owned",Investment by venture capitalist(s),207,269393
Retail trade,"Hispanic, male-owned",Grants,127,S
Retail trade,"Hispanic, male-owned",Other source(s) of capital,1285,2500592
Retail trade,"Hispanic, male-owned",Don't know,3536,4984717
Retail trade,"Hispanic, male-owned",None needed,6026,483908
Retail trade,"Hispanic, male-owned",Total reporting,45505(r),29234231(r)
Retail trade,"Hispanic, male-owned",Item not reported,1348(r),152917(r)
Retail trade,"Hispanic, equally male-/female-owned",All firms,17919,6309096
Retail trade,"Hispanic, equally male-/female-owned",Personal/family savings of owner(s),8661,2529278
Retail trade,"Hispanic, equally male-/female-owned",Personal/family assets other than savings of owner(s),1124,613473
Retail trade,"Hispanic, equally male-/female-owned",Personal/family home equity loan,637,478623
Retail trade,"Hispanic, equally male-/female-owned",Personal credit card(s) carrying balances,1398,460569
Retail trade,"Hispanic, equally male-/female-owned",Business credit card(s) carrying balances,337,81496
Retail trade,"Hispanic, equally male-/female-owned","Business loan from federal, state, or local government",0,0
Retail trade,"Hispanic, equally male-/female-owned",Government-guaranteed business loan from a bank or financial institution,96,77366
Retail trade,"Hispanic, equally male-/female-owned",Business loan from a bank or financial institution,644,829648
Retail trade,"Hispanic, equally male-/female-owned",Business loan/investment from family/friends,291,244892
Retail trade,"Hispanic, equally male-/female-owned",Investment by venture capitalist(s),70,S
Retail trade,"Hispanic, equally male-/female-owned",Grants,0,0
Retail trade,"Hispanic, equally male-/female-owned",Other source(s) of capital,325,S
Retail trade,"Hispanic, equally male-/female-owned",Don't know,343,276768
Retail trade,"Hispanic, equally male-/female-owned",None needed,843,76465
Retail trade,"Hispanic, equally male-/female-owned",Total reporting,11355(r),3918498(r)
Retail trade,"Hispanic, equally male-/female-owned",Item not reported,98(r),24950(r)
Retail trade,Equally Hispanic/non-Hispanic,All firms,14810,8652820
Retail trade,Equally Hispanic/non-Hispanic,Personal/family savings of owner(s),6858,2379063
Retail trade,Equally Hispanic/non-Hispanic,Personal/family assets other than savings of owner(s),884,456295
Retail trade,Equally Hispanic/non-Hispanic,Personal/family home equity loan,1039,573565
Retail trade,Equally Hispanic/non-Hispanic,Personal credit card(s) carrying balances,1216,431655
Retail trade,Equally Hispanic/non-Hispanic,Business credit card(s) carrying balances,344,202675
Retail trade,Equally Hispanic/non-Hispanic,"Business loan from federal, state, or local government",13,S
Retail trade,Equally Hispanic/non-Hispanic,Government-guaranteed business loan from a bank or financial institution,92,S
Retail trade,Equally Hispanic/non-Hispanic,Business loan from a bank or financial institution,1039,1510343
Retail trade,Equally Hispanic/non-Hispanic,Business loan/investment from family/friends,375,400255
Retail trade,Equally Hispanic/non-Hispanic,Investment by venture capitalist(s),55,S
Retail trade,Equally Hispanic/non-Hispanic,Grants,0,0
Retail trade,Equally Hispanic/non-Hispanic,Other source(s) of capital,191,S
Retail trade,Equally Hispanic/non-Hispanic,Don't know,367,1330391
Retail trade,Equally Hispanic/non-Hispanic,None needed,864,56019
Retail trade,Equally Hispanic/non-Hispanic,Total reporting,9764(r),6844574(r)
Retail trade,Equally Hispanic/non-Hispanic,Item not reported,20(r),S
Retail trade,"Equally Hispanic/non-Hispanic, female-owned",All firms,741,343742
Retail trade,"Equally Hispanic/non-Hispanic, female-owned",Personal/family savings of owner(s),383,S
Retail trade,"Equally Hispanic/non-Hispanic, female-owned",Personal/family assets other than savings of owner(s),57,15778
Retail trade,"Equally Hispanic/non-Hispanic, female-owned",Personal/family home equity loan,11,8092
Retail trade,"Equally Hispanic/non-Hispanic, female-owned",Personal credit card(s) carrying balances,17,5665
Retail trade,"Equally Hispanic/non-Hispanic, female-owned",Business credit card(s) carrying balances,0,0
Retail trade,"Equally Hispanic/non-Hispanic, female-owned","Business loan from federal, state, or local government",0,0
Retail trade,"Equally Hispanic/non-Hispanic, female-owned",Government-guaranteed business loan from a bank or financial institution,0,0
Retail trade,"Equally Hispanic/non-Hispanic, female-owned",Business loan from a bank or financial institution,11,7904
Retail trade,"Equally Hispanic/non-Hispanic, female-owned",Business loan/investment from family/friends,0,0
Retail trade,"Equally Hispanic/non-Hispanic, female-owned",Investment by venture capitalist(s),4,S
Retail trade,"Equally Hispanic/non-Hispanic, female-owned",Grants,0,0
Retail trade,"Equally Hispanic/non-Hispanic, female-owned",Other source(s) of capital,0,0
Retail trade,"Equally Hispanic/non-Hispanic, female-owned",Don't know,16,S
Retail trade,"Equally Hispanic/non-Hispanic, female-owned",None needed,14,S
Retail trade,"Equally Hispanic/non-Hispanic, female-owned",Total reporting,422,108459
Retail trade,"Equally Hispanic/non-Hispanic, female-owned",Item not reported,0,0
Retail trade,"Equally Hispanic/non-Hispanic, male-owned",All firms,1604,2689030
Retail trade,"Equally Hispanic/non-Hispanic, male-owned",Personal/family savings of owner(s),550,580433
Retail trade,"Equally Hispanic/non-Hispanic, male-owned",Personal/family assets other than savings of owner(s),66,70461
Retail trade,"Equally Hispanic/non-Hispanic, male-owned",Personal/family home equity loan,100,120332
Retail trade,"Equally Hispanic/non-Hispanic, male-owned",Personal credit card(s) carrying balances,78,137129
Retail trade,"Equally Hispanic/non-Hispanic, male-owned",Business credit card(s) carrying balances,12,58948
Retail trade,"Equally Hispanic/non-Hispanic, male-owned","Business loan from federal, state, or local government",0,0
Retail trade,"Equally Hispanic/non-Hispanic, male-owned",Government-guaranteed business loan from a bank or financial institution,8,S
Retail trade,"Equally Hispanic/non-Hispanic, male-owned",Business loan from a bank or financial institution,275,S
Retail trade,"Equally Hispanic/non-Hispanic, male-owned",Business loan/investment from family/friends,23,S
Retail trade,"Equally Hispanic/non-Hispanic, male-owned",Investment by venture capitalist(s),28,S
Retail trade,"Equally Hispanic/non-Hispanic, male-owned",Grants,0,0
Retail trade,"Equally Hispanic/non-Hispanic, male-owned",Other source(s) of capital,31,S
Retail trade,"Equally Hispanic/non-Hispanic, male-owned",Don't know,114,S
Retail trade,"Equally Hispanic/non-Hispanic, male-owned",None needed,80,14023
Retail trade,"Equally Hispanic/non-Hispanic, male-owned",Total reporting,1083,1802099
Retail trade,"Equally Hispanic/non-Hispanic, male-owned",Item not reported,0,0
Retail trade,"Equally Hispanic/non-Hispanic, equally male-/female-owned",All firms,12465,5620048
Retail trade,"Equally Hispanic/non-Hispanic, equally male-/female-owned",Personal/family savings of owner(s),5925,1693468
Retail trade,"Equally Hispanic/non-Hispanic, equally male-/female-owned",Personal/family assets other than savings of owner(s),761,370056
Retail trade,"Equally Hispanic/non-Hispanic, equally male-/female-owned",Personal/family home equity loan,929,445142
Retail trade,"Equally Hispanic/non-Hispanic, equally male-/female-owned",Personal credit card(s) carrying balances,1120,288861
Retail trade,"Equally Hispanic/non-Hispanic, equally male-/female-owned",Business credit card(s) carrying balances,333,143727
Retail trade,"Equally Hispanic/non-Hispanic, equally male-/female-owned","Business loan from federal, state, or local government",13,S
Retail trade,"Equally Hispanic/non-Hispanic, equally male-/female-owned",Government-guaranteed business loan from a bank or financial institution,85,S
Retail trade,"Equally Hispanic/non-Hispanic, equally male-/female-owned",Business loan from a bank or financial institution,752,391864
Retail trade,"Equally Hispanic/non-Hispanic, equally male-/female-owned",Business loan/investment from family/friends,351,326932
Retail trade,"Equally Hispanic/non-Hispanic, equally male-/female-owned",Investment by venture capitalist(s),23,S
Retail trade,"Equally Hispanic/non-Hispanic, equally male-/female-owned",Grants,0,0
Retail trade,"Equally Hispanic/non-Hispanic, equally male-/female-owned",Other source(s) of capital,161,S
Retail trade,"Equally Hispanic/non-Hispanic, equally male-/female-owned",Don't know,237,1065385
Retail trade,"Equally Hispanic/non-Hispanic, equally male-/female-owned",None needed,770,41910
Retail trade,"Equally Hispanic/non-Hispanic, equally male-/female-owned",Total reporting,8259(r),4934015(r)
Retail trade,"Equally Hispanic/non-Hispanic, equally male-/female-owned",Item not reported,20(r),S
Retail trade,Non-Hispanic,All firms,2229295,2010143094
Retail trade,Non-Hispanic,Personal/family savings of owner(s),952290,729321679
Retail trade,Non-Hispanic,Personal/family assets other than savings of owner(s),106379,156407303
Retail trade,Non-Hispanic,Personal/family home equity loan,63813,70936579
Retail trade,Non-Hispanic,Personal credit card(s) carrying balances,162882,45284499
Retail trade,Non-Hispanic,Business credit card(s) carrying balances,49076,20798484
Retail trade,Non-Hispanic,"Business loan from federal, state, or local government",2867,4363627
Retail trade,Non-Hispanic,Government-guaranteed business loan from a bank or financial institution,13844,23083048
Retail trade,Non-Hispanic,Business loan from a bank or financial institution,133730,345950462
Retail trade,Non-Hispanic,Business loan/investment from family/friends,42852,78462889
Retail trade,Non-Hispanic,Investment by venture capitalist(s),2739,8359413
Retail trade,Non-Hispanic,Grants,1395,446388
Retail trade,Non-Hispanic,Other source(s) of capital,29437,52031090
Retail trade,Non-Hispanic,Don't know,91209,333131433
Retail trade,Non-Hispanic,None needed,220970,58643222
Retail trade,Non-Hispanic,Total reporting,1469677(r),1395613655(r)
Retail trade,Non-Hispanic,Item not reported,30263(r),10950863(r)
Retail trade,"Non-Hispanic, female-owned",All firms,918472,199319052
Retail trade,"Non-Hispanic, female-owned",Personal/family savings of owner(s),389444,78427272
Retail trade,"Non-Hispanic, female-owned",Personal/family assets other than savings of owner(s),32745,20987753
Retail trade,"Non-Hispanic, female-owned",Personal/family home equity loan,15111,7359169
Retail trade,"Non-Hispanic, female-owned",Personal credit card(s) carrying balances,74313,7452376
Retail trade,"Non-Hispanic, female-owned",Business credit card(s) carrying balances,17497,3303600
Retail trade,"Non-Hispanic, female-owned","Business loan from federal, state, or local government",653,737103
Retail trade,"Non-Hispanic, female-owned",Government-guaranteed business loan from a bank or financial institution,2927,2666902
Retail trade,"Non-Hispanic, female-owned",Business loan from a bank or financial institution,28052,27911560
Retail trade,"Non-Hispanic, female-owned",Business loan/investment from family/friends,10809,13736580
Retail trade,"Non-Hispanic, female-owned",Investment by venture capitalist(s),343,312855
Retail trade,"Non-Hispanic, female-owned",Grants,440,139127
Retail trade,"Non-Hispanic, female-owned",Other source(s) of capital,8759,9455835
Retail trade,"Non-Hispanic, female-owned",Don't know,26526,37845066
Retail trade,"Non-Hispanic, female-owned",None needed,111204,9922809
Retail trade,"Non-Hispanic, female-owned",Total reporting,605159(r),147813790(r)
Retail trade,"Non-Hispanic, female-owned",Item not reported,14951(r),2315701(r)
Retail trade,"Non-Hispanic, male-owned",All firms,1016545,1591028612
Retail trade,"Non-Hispanic, male-owned",Personal/family savings of owner(s),397850,571052835
Retail trade,"Non-Hispanic, male-owned",Personal/family assets other than savings of owner(s),47497,116404261
Retail trade,"Non-Hispanic, male-owned",Personal/family home equity loan,30305,48356287
Retail trade,"Non-Hispanic, male-owned",Personal credit card(s) carrying balances,59791,28929426
Retail trade,"Non-Hispanic, male-owned",Business credit card(s) carrying balances,20613,12734231
Retail trade,"Non-Hispanic, male-owned","Business loan from federal, state, or local government",1534,3043431
Retail trade,"Non-Hispanic, male-owned",Government-guaranteed business loan from a bank or financial institution,6346,14175429
Retail trade,"Non-Hispanic, male-owned",Business loan from a bank or financial institution,73376,279853697
Retail trade,"Non-Hispanic, male-owned",Business loan/investment from family/friends,22810,54293622
Retail trade,"Non-Hispanic, male-owned",Investment by venture capitalist(s),1858,7609829
Retail trade,"Non-Hispanic, male-owned",Grants,581,161106
Retail trade,"Non-Hispanic, male-owned",Other source(s) of capital,14437,39195788
Retail trade,"Non-Hispanic, male-owned",Don't know,54067,271607633
Retail trade,"Non-Hispanic, male-owned",None needed,93370,43295363
Retail trade,"Non-Hispanic, male-owned",Total reporting,633956(r),1108154761(r)
Retail trade,"Non-Hispanic, male-owned",Item not reported,13573(r),7963997(r)
Retail trade,"Non-Hispanic, equally male-/female-owned",All firms,294278,219795429
Retail trade,"Non-Hispanic, equally male-/female-owned",Personal/family savings of owner(s),164996,79841572
Retail trade,"Non-Hispanic, equally male-/female-owned",Personal/family assets other than savings of owner(s),26137,19015289
Retail trade,"Non-Hispanic, equally male-/female-owned",Personal/family home equity loan,18397,15221123
Retail trade,"Non-Hispanic, equally male-/female-owned",Personal credit card(s) carrying balances,28779,8902697
Retail trade,"Non-Hispanic, equally male-/female-owned",Business credit card(s) carrying balances,10966,4760652
Retail trade,"Non-Hispanic, equally male-/female-owned","Business loan from federal, state, or local government",680,583092
Retail trade,"Non-Hispanic, equally male-/female-owned",Government-guaranteed business loan from a bank or financial institution,4571,6240718
Retail trade,"Non-Hispanic, equally male-/female-owned",Business loan from a bank or financial institution,32302,38185204
Retail trade,"Non-Hispanic, equally male-/female-owned",Business loan/investment from family/friends,9233,10432686
Retail trade,"Non-Hispanic, equally male-/female-owned",Investment by venture capitalist(s),539,436729
Retail trade,"Non-Hispanic, equally male-/female-owned",Grants,374,146155
Retail trade,"Non-Hispanic, equally male-/female-owned",Other source(s) of capital,6241,3379468
Retail trade,"Non-Hispanic, equally male-/female-owned",Don't know,10616,23678734
Retail trade,"Non-Hispanic, equally male-/female-owned",None needed,16396,5425049
Retail trade,"Non-Hispanic, equally male-/female-owned",Total reporting,230563(r),139645104(r)
Retail trade,"Non-Hispanic, equally male-/female-owned",Item not reported,1739(r),671165(r)
Retail trade,White,All firms,2028814,1912165685
Retail trade,White,Personal/family savings of owner(s),872707,685275975
Retail trade,White,Personal/family assets other than savings of owner(s),98449,148905540
Retail trade,White,Personal/family home equity loan,56601,60788775
Retail trade,White,Personal credit card(s) carrying balances,149595,38062842
Retail trade,White,Business credit card(s) carrying balances,45800,18751758
Retail trade,White,"Business loan from federal, state, or local government",2659,4232367
Retail trade,White,Government-guaranteed business loan from a bank or financial institution,12355,20278948
Retail trade,White,Business loan from a bank or financial institution,123246,329541582
Retail trade,White,Business loan/investment from family/friends,36678,72050306
Retail trade,White,Investment by venture capitalist(s),2510,7925190
Retail trade,White,Grants,1210,459083
Retail trade,White,Other source(s) of capital,25459,52720502
Retail trade,White,Don't know,82014,316960942
Retail trade,White,None needed,212234,57864947
Retail trade,White,Total reporting,1359235(r),1325153374(r)
Retail trade,White,Item not reported,27374(r),10164254(r)
Retail trade,"White, female-owned",All firms,837844,177498175
Retail trade,"White, female-owned",Personal/family savings of owner(s),360356,71076923
Retail trade,"White, female-owned",Personal/family assets other than savings of owner(s),30862,19874800
Retail trade,"White, female-owned",Personal/family home equity loan,13631,6186581
Retail trade,"White, female-owned",Personal credit card(s) carrying balances,70285,6591398
Retail trade,"White, female-owned",Business credit card(s) carrying balances,16420,2955078
Retail trade,"White, female-owned","Business loan from federal, state, or local government",593,717414
Retail trade,"White, female-owned",Government-guaranteed business loan from a bank or financial institution,2724,2245109
Retail trade,"White, female-owned",Business loan from a bank or financial institution,25758,25246219
Retail trade,"White, female-owned",Business loan/investment from family/friends,9165,12208130
Retail trade,"White, female-owned",Investment by venture capitalist(s),286,275278
Retail trade,"White, female-owned",Grants,346,143660
Retail trade,"White, female-owned",Other source(s) of capital,7582,9216886
Retail trade,"White, female-owned",Don't know,23686,34133705
Retail trade,"White, female-owned",None needed,106109,9864279
Retail trade,"White, female-owned",Total reporting,564351(r),134381186(r)
Retail trade,"White, female-owned",Item not reported,13470(r),2286616(r)
Retail trade,"White, male-owned",All firms,916463,1535678869
Retail trade,"White, male-owned",Personal/family savings of owner(s),358589,543713550
Retail trade,"White, male-owned",Personal/family assets other than savings of owner(s),42959,111807117
Retail trade,"White, male-owned",Personal/family home equity loan,26367,41829249
Retail trade,"White, male-owned",Personal credit card(s) carrying balances,52782,23984340
Retail trade,"White, male-owned",Business credit card(s) carrying balances,18954,11305387
Retail trade,"White, male-owned","Business loan from federal, state, or local government",1399,2958277
Retail trade,"White, male-owned",Government-guaranteed business loan from a bank or financial institution,5501,12825396
Retail trade,"White, male-owned",Business loan from a bank or financial institution,67044,270208662
Retail trade,"White, male-owned",Business loan/investment from family/friends,19142,50824912
Retail trade,"White, male-owned",Investment by venture capitalist(s),1644,7204225
Retail trade,"White, male-owned",Grants,587,199213
Retail trade,"White, male-owned",Other source(s) of capital,12268,38975945
Retail trade,"White, male-owned",Don't know,49088,259408083
Retail trade,"White, male-owned",None needed,89472,42542593
Retail trade,"White, male-owned",Total reporting,578452(r),1061290242(r)
Retail trade,"White, male-owned",Item not reported,12416(r),7324310(r)
Retail trade,"White, equally male-/female-owned",All firms,274506,198988641
Retail trade,"White, equally male-/female-owned",Personal/family savings of owner(s),153762,70485502
Retail trade,"White, equally male-/female-owned",Personal/family assets other than savings of owner(s),24628,17223623
Retail trade,"White, equally male-/female-owned",Personal/family home equity loan,16604,12772946
Retail trade,"White, equally male-/female-owned",Personal credit card(s) carrying balances,26528,7487104
Retail trade,"White, equally male-/female-owned",Business credit card(s) carrying balances,10427,4491293
Retail trade,"White, equally male-/female-owned","Business loan from federal, state, or local government",667,556676
Retail trade,"White, equally male-/female-owned",Government-guaranteed business loan from a bank or financial institution,4129,5208443
Retail trade,"White, equally male-/female-owned",Business loan from a bank or financial institution,30445,34086701
Retail trade,"White, equally male-/female-owned",Business loan/investment from family/friends,8372,9017264
Retail trade,"White, equally male-/female-owned",Investment by venture capitalist(s),579,445687
Retail trade,"White, equally male-/female-owned",Grants,278,116210
Retail trade,"White, equally male-/female-owned",Other source(s) of capital,5610,4527671
Retail trade,"White, equally male-/female-owned",Don't know,9241,23419154
Retail trade,"White, equally male-/female-owned",None needed,16653,5458075
Retail trade,"White, equally male-/female-owned",Total reporting,216432(r),129481946(r)
Retail trade,"White, equally male-/female-owned",Item not reported,1488(r),553328(r)
Retail trade,Black or African American,All firms,160276,17188202
Retail trade,Black or African American,Personal/family savings of owner(s),41333,4060304
Retail trade,Black or African American,Personal/family assets other than savings of owner(s),2958,822676
Retail trade,Black or African American,Personal/family home equity loan,1434,656193
Retail trade,Black or African American,Personal credit card(s) carrying balances,8807,573676
Retail trade,Black or African American,Business credit card(s) carrying balances,1352,218239
Retail trade,Black or African American,"Business loan from federal, state, or local government",122,S
Retail trade,Black or African American,Government-guaranteed business loan from a bank or financial institution,275,139558
Retail trade,Black or African American,Business loan from a bank or financial institution,1569,1835705
Retail trade,Black or African American,Business loan/investment from family/friends,1371,268599
Retail trade,Black or African American,Investment by venture capitalist(s),188,16018
Retail trade,Black or African American,Grants,197,S
Retail trade,Black or African American,Other source(s) of capital,1523,S
Retail trade,Black or African American,Don't know,3369,5263166
Retail trade,Black or African American,None needed,11872,203944
Retail trade,Black or African American,Total reporting,62530(r),11027491(r)
Retail trade,Black or African American,Item not reported,3358(r),208888(r)
Retail trade,"Black or African American, female-owned",All firms,94619,2771075
Retail trade,"Black or African American, female-owned",Personal/family savings of owner(s),21286,652216
Retail trade,"Black or African American, female-owned",Personal/family assets other than savings of owner(s),1277,127291
Retail trade,"Black or African American, female-owned",Personal/family home equity loan,359,73704
Retail trade,"Black or African American, female-owned",Personal credit card(s) carrying balances,4587,93473
Retail trade,"Black or African American, female-owned",Business credit card(s) carrying balances,662,33672
Retail trade,"Black or African American, female-owned","Business loan from federal, state, or local government",54,3797
Retail trade,"Black or African American, female-owned",Government-guaranteed business loan from a bank or financial institution,149,51834
Retail trade,"Black or African American, female-owned",Business loan from a bank or financial institution,653,285964
Retail trade,"Black or African American, female-owned",Business loan/investment from family/friends,547,55752
Retail trade,"Black or African American, female-owned",Investment by venture capitalist(s),54,S
Retail trade,"Black or African American, female-owned",Grants,148,1912
Retail trade,"Black or African American, female-owned",Other source(s) of capital,760,S
Retail trade,"Black or African American, female-owned",Don't know,1830,120227
Retail trade,"Black or African American, female-owned",None needed,7569,88852
Retail trade,"Black or African American, female-owned",Total reporting,34125(r),1035197(r)
Retail trade,"Black or African American, female-owned",Item not reported,2186(r),21265(r)
Retail trade,"Black or African American, male-owned",All firms,60534,13513527
Retail trade,"Black or African American, male-owned",Personal/family savings of owner(s),16614,3165833
Retail trade,"Black or African American, male-owned",Personal/family assets other than savings of owner(s),1413,652411
Retail trade,"Black or African American, male-owned",Personal/family home equity loan,757,498681
Retail trade,"Black or African American, male-owned",Personal credit card(s) carrying balances,3254,453689
Retail trade,"Black or African American, male-owned",Business credit card(s) carrying balances,572,S
Retail trade,"Black or African American, male-owned","Business loan from federal, state, or local government",66,S
Retail trade,"Black or African American, male-owned",Government-guaranteed business loan from a bank or financial institution,98,56802
Retail trade,"Black or African American, male-owned",Business loan from a bank or financial institution,798,1478295
Retail trade,"Black or African American, male-owned",Business loan/investment from family/friends,727,189200
Retail trade,"Black or African American, male-owned",Investment by venture capitalist(s),134,15496
Retail trade,"Black or African American, male-owned",Grants,33,S
Retail trade,"Black or African American, male-owned",Other source(s) of capital,706,S
Retail trade,"Black or African American, male-owned",Don't know,1389,5119078
Retail trade,"Black or African American, male-owned",None needed,4051,99347
Retail trade,"Black or African American, male-owned",Total reporting,24190(r),9640568(r)
Retail trade,"Black or African American, male-owned",Item not reported,1016(r),183053(r)
Retail trade,"Black or African American, equally male-/female-owned",All firms,5123,903599
Retail trade,"Black or African American, equally male-/female-owned",Personal/family savings of owner(s),3433,242255
Retail trade,"Black or African American, equally male-/female-owned",Personal/family assets other than savings of owner(s),267,S
Retail trade,"Black or African American, equally male-/female-owned",Personal/family home equity loan,318,S
Retail trade,"Black or African American, equally male-/female-owned",Personal credit card(s) carrying balances,965,26515
Retail trade,"Black or African American, equally male-/female-owned",Business credit card(s) carrying balances,118,5224
Retail trade,"Black or African American, equally male-/female-owned","Business loan from federal, state, or local government",2,S
Retail trade,"Black or African American, equally male-/female-owned",Government-guaranteed business loan from a bank or financial institution,28,S
Retail trade,"Black or African American, equally male-/female-owned",Business loan from a bank or financial institution,119,71446
Retail trade,"Black or African American, equally male-/female-owned",Business loan/investment from family/friends,98,S
Retail trade,"Black or African American, equally male-/female-owned",Investment by venture capitalist(s),0,0
Retail trade,"Black or African American, equally male-/female-owned",Grants,17,S
Retail trade,"Black or African American, equally male-/female-owned",Other source(s) of capital,58,S
Retail trade,"Black or African American, equally male-/female-owned",Don't know,150,23861
Retail trade,"Black or African American, equally male-/female-owned",None needed,251,S
Retail trade,"Black or African American, equally male-/female-owned",Total reporting,4215,351727
Retail trade,"Black or African American, equally male-/female-owned",Item not reported,155,S
Retail trade,American Indian and Alaska Native,All firms,22433,6535312
Retail trade,American Indian and Alaska Native,Personal/family savings of owner(s),7904,2094794
Retail trade,American Indian and Alaska Native,Personal/family assets other than savings of owner(s),902,256302
Retail trade,American Indian and Alaska Native,Personal/family home equity loan,289,181290
Retail trade,American Indian and Alaska Native,Personal credit card(s) carrying balances,1648,186623
Retail trade,American Indian and Alaska Native,Business credit card(s) carrying balances,280,97888
Retail trade,American Indian and Alaska Native,"Business loan from federal, state, or local government",16,S
Retail trade,American Indian and Alaska Native,Government-guaranteed business loan from a bank or financial institution,289,80146
Retail trade,American Indian and Alaska Native,Business loan from a bank or financial institution,913,969222
Retail trade,American Indian and Alaska Native,Business loan/investment from family/friends,398,138445
Retail trade,American Indian and Alaska Native,Investment by venture capitalist(s),29,S
Retail trade,American Indian and Alaska Native,Grants,48,2183
Retail trade,American Indian and Alaska Native,Other source(s) of capital,399,321123
Retail trade,American Indian and Alaska Native,Don't know,498,714434
Retail trade,American Indian and Alaska Native,None needed,1861,71769
Retail trade,American Indian and Alaska Native,Total reporting,12056(r),3351096(r)
Retail trade,American Indian and Alaska Native,Item not reported,624(r),S
Retail trade,"American Indian and Alaska Native, female-owned",All firms,13115,1148645
Retail trade,"American Indian and Alaska Native, female-owned",Personal/family savings of owner(s),4179,533604
Retail trade,"American Indian and Alaska Native, female-owned",Personal/family assets other than savings of owner(s),425,127125
Retail trade,"American Indian and Alaska Native, female-owned",Personal/family home equity loan,88,38061
Retail trade,"American Indian and Alaska Native, female-owned",Personal credit card(s) carrying balances,865,57628
Retail trade,"American Indian and Alaska Native, female-owned",Business credit card(s) carrying balances,91,S
Retail trade,"American Indian and Alaska Native, female-owned","Business loan from federal, state, or local government",11,S
Retail trade,"American Indian and Alaska Native, female-owned",Government-guaranteed business loan from a bank or financial institution,118,S
Retail trade,"American Indian and Alaska Native, female-owned",Business loan from a bank or financial institution,329,202042
Retail trade,"American Indian and Alaska Native, female-owned",Business loan/investment from family/friends,219,61415
Retail trade,"American Indian and Alaska Native, female-owned",Investment by venture capitalist(s),15,S
Retail trade,"American Indian and Alaska Native, female-owned",Grants,46,1623
Retail trade,"American Indian and Alaska Native, female-owned",Other source(s) of capital,272,S
Retail trade,"American Indian and Alaska Native, female-owned",Don't know,176,73618
Retail trade,"American Indian and Alaska Native, female-owned",None needed,1140,51264
Retail trade,"American Indian and Alaska Native, female-owned",Total reporting,6539(r),842342(r)
Retail trade,"American Indian and Alaska Native, female-owned",Item not reported,449(r),S
Retail trade,"American Indian and Alaska Native, male-owned",All firms,8574,3991200
Retail trade,"American Indian and Alaska Native, male-owned",Personal/family savings of owner(s),3400,1435651
Retail trade,"American Indian and Alaska Native, male-owned",Personal/family assets other than savings of owner(s),426,109829
Retail trade,"American Indian and Alaska Native, male-owned",Personal/family home equity loan,181,S
Retail trade,"American Indian and Alaska Native, male-owned",Personal credit card(s) carrying balances,748,118627
Retail trade,"American Indian and Alaska Native, male-owned",Business credit card(s) carrying balances,165,S
Retail trade,"American Indian and Alaska Native, male-owned","Business loan from federal, state, or local government",5,S
Retail trade,"American Indian and Alaska Native, male-owned",Government-guaranteed business loan from a bank or financial institution,153,38287
Retail trade,"American Indian and Alaska Native, male-owned",Business loan from a bank or financial institution,525,756844
Retail trade,"American Indian and Alaska Native, male-owned",Business loan/investment from family/friends,172,70975
Retail trade,"American Indian and Alaska Native, male-owned",Investment by venture capitalist(s),13,S
Retail trade,"American Indian and Alaska Native, male-owned",Grants,2,S
Retail trade,"American Indian and Alaska Native, male-owned",Other source(s) of capital,111,S
Retail trade,"American Indian and Alaska Native, male-owned",Don't know,258,634634
Retail trade,"American Indian and Alaska Native, male-owned",None needed,694,20364
Retail trade,"American Indian and Alaska Native, male-owned",Total reporting,5037(r),2351369(r)
Retail trade,"American Indian and Alaska Native, male-owned",Item not reported,172(r),5210(r)
Retail trade,"American Indian and Alaska Native, equally male-/female-owned",All firms,744,S
Retail trade,"American Indian and Alaska Native, equally male-/female-owned",Personal/family savings of owner(s),325,S
Retail trade,"American Indian and Alaska Native, equally male-/female-owned",Personal/family assets other than savings of owner(s),51,S
Retail trade,"American Indian and Alaska Native, equally male-/female-owned",Personal/family home equity loan,21,S
Retail trade,"American Indian and Alaska Native, equally male-/female-owned",Personal credit card(s) carrying balances,35,S
Retail trade,"American Indian and Alaska Native, equally male-/female-owned",Business credit card(s) carrying balances,23,S
Retail trade,"American Indian and Alaska Native, equally male-/female-owned","Business loan from federal, state, or local government",0,S
Retail trade,"American Indian and Alaska Native, equally male-/female-owned",Government-guaranteed business loan from a bank or financial institution,18,S
Retail trade,"American Indian and Alaska Native, equally male-/female-owned",Business loan from a bank or financial institution,59,S
Retail trade,"American Indian and Alaska Native, equally male-/female-owned",Business loan/investment from family/friends,7,S
Retail trade,"American Indian and Alaska Native, equally male-/female-owned",Investment by venture capitalist(s),0,S
Retail trade,"American Indian and Alaska Native, equally male-/female-owned",Grants,0,S
Retail trade,"American Indian and Alaska Native, equally male-/female-owned",Other source(s) of capital,16,S
Retail trade,"American Indian and Alaska Native, equally male-/female-owned",Don't know,64,S
Retail trade,"American Indian and Alaska Native, equally male-/female-owned",None needed,27,S
Retail trade,"American Indian and Alaska Native, equally male-/female-owned",Total reporting,480,S
Retail trade,"American Indian and Alaska Native, equally male-/female-owned",Item not reported,2,S
Retail trade,Asian,All firms,218054,156835142
Retail trade,Asian,Personal/family savings of owner(s),87523,57520336
Retail trade,Asian,Personal/family assets other than savings of owner(s),9637,9206257
Retail trade,Asian,Personal/family home equity loan,8534,10366555
Retail trade,Asian,Personal credit card(s) carrying balances,14658,8090472
Retail trade,Asian,Business credit card(s) carrying balances,3996,2270639
Retail trade,Asian,"Business loan from federal, state, or local government",201,202672
Retail trade,Asian,Government-guaranteed business loan from a bank or financial institution,1494,2712173
Retail trade,Asian,Business loan from a bank or financial institution,11319,21281448
Retail trade,Asian,Business loan/investment from family/friends,6763,7458406
Retail trade,Asian,Investment by venture capitalist(s),417,292529
Retail trade,Asian,Grants,164,16483
Retail trade,Asian,Other source(s) of capital,3919,2533511
Retail trade,Asian,Don't know,9625,14919137
Retail trade,Asian,None needed,8715,S
Retail trade,Asian,Total reporting,122669(r),91239505(r)
Retail trade,Asian,Item not reported,1960(r),849909(r)
Retail trade,"Asian, female-owned",All firms,74364,26236802
Retail trade,"Asian, female-owned",Personal/family savings of owner(s),29389,8899312
Retail trade,"Asian, female-owned",Personal/family assets other than savings of owner(s),2534,1364763
Retail trade,"Asian, female-owned",Personal/family home equity loan,2050,1324296
Retail trade,"Asian, female-owned",Personal credit card(s) carrying balances,4807,1297747
Retail trade,"Asian, female-owned",Business credit card(s) carrying balances,1244,422274
Retail trade,"Asian, female-owned","Business loan from federal, state, or local government",80,S
Retail trade,"Asian, female-owned",Government-guaranteed business loan from a bank or financial institution,311,504574
Retail trade,"Asian, female-owned",Business loan from a bank or financial institution,2258,2978639
Retail trade,"Asian, female-owned",Business loan/investment from family/friends,1496,1681003
Retail trade,"Asian, female-owned",Investment by venture capitalist(s),106,S
Retail trade,"Asian, female-owned",Grants,44,1802
Retail trade,"Asian, female-owned",Other source(s) of capital,1170,307514
Retail trade,"Asian, female-owned",Don't know,2653,4533847
Retail trade,"Asian, female-owned",None needed,4185,172561
Retail trade,"Asian, female-owned",Total reporting,40966(r),16272854(r)
Retail trade,"Asian, female-owned",Item not reported,677(r),118533(r)
Retail trade,"Asian, male-owned",All firms,116163,106530152
Retail trade,"Asian, male-owned",Personal/family savings of owner(s),44765,38417120
Retail trade,"Asian, male-owned",Personal/family assets other than savings of owner(s),5227,6070370
Retail trade,"Asian, male-owned",Personal/family home equity loan,4369,6749926
Retail trade,"Asian, male-owned",Personal credit card(s) carrying balances,7801,5608813
Retail trade,"Asian, male-owned",Business credit card(s) carrying balances,2192,1571741
Retail trade,"Asian, male-owned","Business loan from federal, state, or local government",108,155508
Retail trade,"Asian, male-owned",Government-guaranteed business loan from a bank or financial institution,724,1347814
Retail trade,"Asian, male-owned",Business loan from a bank or financial institution,6864,14128215
Retail trade,"Asian, male-owned",Business loan/investment from family/friends,4179,4473568
Retail trade,"Asian, male-owned",Investment by venture capitalist(s),271,236617
Retail trade,"Asian, male-owned",Grants,103,S
Retail trade,"Asian, male-owned",Other source(s) of capital,2166,1768710
Retail trade,"Asian, male-owned",Don't know,5802,9140384
Retail trade,"Asian, male-owned",None needed,4045,S
Retail trade,"Asian, male-owned",Total reporting,64237(r),60736800(r)
Retail trade,"Asian, male-owned",Item not reported,1114(r),601008(r)
Retail trade,"Asian, equally male-/female-owned",All firms,27527,24068187
Retail trade,"Asian, equally male-/female-owned",Personal/family savings of owner(s),13369,10203904
Retail trade,"Asian, equally male-/female-owned",Personal/family assets other than savings of owner(s),1877,1771124
Retail trade,"Asian, equally male-/female-owned",Personal/family home equity loan,2115,2292333
Retail trade,"Asian, equally male-/female-owned",Personal credit card(s) carrying balances,2049,1183912
Retail trade,"Asian, equally male-/female-owned",Business credit card(s) carrying balances,560,276624
Retail trade,"Asian, equally male-/female-owned","Business loan from federal, state, or local government",13,S
Retail trade,"Asian, equally male-/female-owned",Government-guaranteed business loan from a bank or financial institution,459,859785
Retail trade,"Asian, equally male-/female-owned",Business loan from a bank or financial institution,2196,4174594
Retail trade,"Asian, equally male-/female-owned",Business loan/investment from family/friends,1089,1303836
Retail trade,"Asian, equally male-/female-owned",Investment by venture capitalist(s),40,S
Retail trade,"Asian, equally male-/female-owned",Grants,16,S
Retail trade,"Asian, equally male-/female-owned",Other source(s) of capital,582,457288
Retail trade,"Asian, equally male-/female-owned",Don't know,1170,1244906
Retail trade,"Asian, equally male-/female-owned",None needed,485,S
Retail trade,"Asian, equally male-/female-owned",Total reporting,17465(r),14229851(r)
Retail trade,"Asian, equally male-/female-owned",Item not reported,169(r),S
Retail trade,Native Hawaiian and Other Pacific Islander,All firms,4702,816090
Retail trade,Native Hawaiian and Other Pacific Islander,Personal/family savings of owner(s),1175,288604
Retail trade,Native Hawaiian and Other Pacific Islander,Personal/family assets other than savings of owner(s),118,109725
Retail trade,Native Hawaiian and Other Pacific Islander,Personal/family home equity loan,91,43832
Retail trade,Native Hawaiian and Other Pacific Islander,Personal credit card(s) carrying balances,321,52533
Retail trade,Native Hawaiian and Other Pacific Islander,Business credit card(s) carrying balances,110,45266
Retail trade,Native Hawaiian and Other Pacific Islander,"Business loan from federal, state, or local government",65,S
Retail trade,Native Hawaiian and Other Pacific Islander,Government-guaranteed business loan from a bank or financial institution,64,S
Retail trade,Native Hawaiian and Other Pacific Islander,Business loan from a bank or financial institution,161,61532
Retail trade,Native Hawaiian and Other Pacific Islander,Business loan/investment from family/friends,88,S
Retail trade,Native Hawaiian and Other Pacific Islander,Investment by venture capitalist(s),51,S
Retail trade,Native Hawaiian and Other Pacific Islander,Grants,53,S
Retail trade,Native Hawaiian and Other Pacific Islander,Other source(s) of capital,64,S
Retail trade,Native Hawaiian and Other Pacific Islander,Don't know,237,21486
Retail trade,Native Hawaiian and Other Pacific Islander,None needed,457,14987
Retail trade,Native Hawaiian and Other Pacific Islander,Total reporting,1994(r),398941(r)
Retail trade,Native Hawaiian and Other Pacific Islander,Item not reported,106(r),S
Retail trade,"Native Hawaiian and Other Pacific Islander, female-owned",All firms,2443,132982
Retail trade,"Native Hawaiian and Other Pacific Islander, female-owned",Personal/family savings of owner(s),507,64721
Retail trade,"Native Hawaiian and Other Pacific Islander, female-owned",Personal/family assets other than savings of owner(s),81,20528
Retail trade,"Native Hawaiian and Other Pacific Islander, female-owned",Personal/family home equity loan,48,27095
Retail trade,"Native Hawaiian and Other Pacific Islander, female-owned",Personal credit card(s) carrying balances,106,S
Retail trade,"Native Hawaiian and Other Pacific Islander, female-owned",Business credit card(s) carrying balances,74,S
Retail trade,"Native Hawaiian and Other Pacific Islander, female-owned","Business loan from federal, state, or local government",59,S
Retail trade,"Native Hawaiian and Other Pacific Islander, female-owned",Government-guaranteed business loan from a bank or financial institution,61,S
Retail trade,"Native Hawaiian and Other Pacific Islander, female-owned",Business loan from a bank or financial institution,71,36769
Retail trade,"Native Hawaiian and Other Pacific Islander, female-owned",Business loan/investment from family/friends,73,S
Retail trade,"Native Hawaiian and Other Pacific Islander, female-owned",Investment by venture capitalist(s),40,S
Retail trade,"Native Hawaiian and Other Pacific Islander, female-owned",Grants,44,S
Retail trade,"Native Hawaiian and Other Pacific Islander, female-owned",Other source(s) of capital,45,S
Retail trade,"Native Hawaiian and Other Pacific Islander, female-owned",Don't know,134,1968
Retail trade,"Native Hawaiian and Other Pacific Islander, female-owned",None needed,244,S
Retail trade,"Native Hawaiian and Other Pacific Islander, female-owned",Total reporting,929(r),89511(r)
Retail trade,"Native Hawaiian and Other Pacific Islander, female-owned",Item not reported,89(r),S
Retail trade,"Native Hawaiian and Other Pacific Islander, male-owned",All firms,2015,612339
Retail trade,"Native Hawaiian and Other Pacific Islander, male-owned",Personal/family savings of owner(s),542,205036
Retail trade,"Native Hawaiian and Other Pacific Islander, male-owned",Personal/family assets other than savings of owner(s),22,S
Retail trade,"Native Hawaiian and Other Pacific Islander, male-owned",Personal/family home equity loan,37,S
Retail trade,"Native Hawaiian and Other Pacific Islander, male-owned",Personal credit card(s) carrying balances,200,20265
Retail trade,"Native Hawaiian and Other Pacific Islander, male-owned",Business credit card(s) carrying balances,32,S
Retail trade,"Native Hawaiian and Other Pacific Islander, male-owned","Business loan from federal, state, or local government",6,1054
Retail trade,"Native Hawaiian and Other Pacific Islander, male-owned",Government-guaranteed business loan from a bank or financial institution,0,0
Retail trade,"Native Hawaiian and Other Pacific Islander, male-owned",Business loan from a bank or financial institution,87,S
Retail trade,"Native Hawaiian and Other Pacific Islander, male-owned",Business loan/investment from family/friends,13,S
Retail trade,"Native Hawaiian and Other Pacific Islander, male-owned",Investment by venture capitalist(s),10,S
Retail trade,"Native Hawaiian and Other Pacific Islander, male-owned",Grants,8,S
Retail trade,"Native Hawaiian and Other Pacific Islander, male-owned",Other source(s) of capital,15,S
Retail trade,"Native Hawaiian and Other Pacific Islander, male-owned",Don't know,103,19518
Retail trade,"Native Hawaiian and Other Pacific Islander, male-owned",None needed,204,12071
Retail trade,"Native Hawaiian and Other Pacific Islander, male-owned",Total reporting,919(r),262854(r)
Retail trade,"Native Hawaiian and Other Pacific Islander, male-owned",Item not reported,17(r),S
Retail trade,"Native Hawaiian and Other Pacific Islander, equally male-/female-owned",All firms,244,70769
Retail trade,"Native Hawaiian and Other Pacific Islander, equally male-/female-owned",Personal/family savings of owner(s),126,S
Retail trade,"Native Hawaiian and Other Pacific Islander, equally male-/female-owned",Personal/family assets other than savings of owner(s),15,S
Retail trade,"Native Hawaiian and Other Pacific Islander, equally male-/female-owned",Personal/family home equity loan,5,S
Retail trade,"Native Hawaiian and Other Pacific Islander, equally male-/female-owned",Personal credit card(s) carrying balances,15,S
Retail trade,"Native Hawaiian and Other Pacific Islander, equally male-/female-owned",Business credit card(s) carrying balances,4,S
Retail trade,"Native Hawaiian and Other Pacific Islander, equally male-/female-owned","Business loan from federal, state, or local government",0,0
Retail trade,"Native Hawaiian and Other Pacific Islander, equally male-/female-owned",Government-guaranteed business loan from a bank or financial institution,3,S
Retail trade,"Native Hawaiian and Other Pacific Islander, equally male-/female-owned",Business loan from a bank or financial institution,3,S
Retail trade,"Native Hawaiian and Other Pacific Islander, equally male-/female-owned",Business loan/investment from family/friends,2,S
Retail trade,"Native Hawaiian and Other Pacific Islander, equally male-/female-owned",Investment by venture capitalist(s),0,0
Retail trade,"Native Hawaiian and Other Pacific Islander, equally male-/female-owned",Grants,0,0
Retail trade,"Native Hawaiian and Other Pacific Islander, equally male-/female-owned",Other source(s) of capital,3,S
Retail trade,"Native Hawaiian and Other Pacific Islander, equally male-/female-owned",Don't know,0,0
Retail trade,"Native Hawaiian and Other Pacific Islander, equally male-/female-owned",None needed,10,S
Retail trade,"Native Hawaiian and Other Pacific Islander, equally male-/female-owned",Total reporting,147,46576
Retail trade,"Native Hawaiian and Other Pacific Islander, equally male-/female-owned",Item not reported,0,0
Retail trade,Some other race,All firms,90447,18247842
Retail trade,Some other race,Personal/family savings of owner(s),19669,6010624
Retail trade,Some other race,Personal/family assets other than savings of owner(s),1905,1368048
Retail trade,Some other race,Personal/family home equity loan,1059,703576
Retail trade,Some other race,Personal credit card(s) carrying balances,3340,511428
Retail trade,Some other race,Business credit card(s) carrying balances,885,222654
Retail trade,Some other race,"Business loan from federal, state, or local government",124,S
Retail trade,Some other race,Government-guaranteed business loan from a bank or financial institution,180,S
Retail trade,Some other race,Business loan from a bank or financial institution,1787,2802287
Retail trade,Some other race,Business loan/investment from family/friends,929,969482
Retail trade,Some other race,Investment by venture capitalist(s),57,S
Retail trade,Some other race,Grants,122,S
Retail trade,Some other race,Other source(s) of capital,1084,521782
Retail trade,Some other race,Don't know,2852,2437563
Retail trade,Some other race,None needed,4431,229520
Retail trade,Some other race,Total reporting,31260(r),11289410(r)
Retail trade,Some other race,Item not reported,1070(r),43947(r)
Retail trade,"Some other race, female-owned",All firms,43338,2705117
Retail trade,"Some other race, female-owned",Personal/family savings of owner(s),7696,916529
Retail trade,"Some other race, female-owned",Personal/family assets other than savings of owner(s),687,S
Retail trade,"Some other race, female-owned",Personal/family home equity loan,315,105047
Retail trade,"Some other race, female-owned",Personal credit card(s) carrying balances,1555,61149
Retail trade,"Some other race, female-owned",Business credit card(s) carrying balances,395,10627
Retail trade,"Some other race, female-owned","Business loan from federal, state, or local government",0,0
Retail trade,"Some other race, female-owned",Government-guaranteed business loan from a bank or financial institution,109,S
Retail trade,"Some other race, female-owned",Business loan from a bank or financial institution,352,154553
Retail trade,"Some other race, female-owned",Business loan/investment from family/friends,283,308536
Retail trade,"Some other race, female-owned",Investment by venture capitalist(s),2,S
Retail trade,"Some other race, female-owned",Grants,122,S
Retail trade,"Some other race, female-owned",Other source(s) of capital,284,29778
Retail trade,"Some other race, female-owned",Don't know,1047,S
Retail trade,"Some other race, female-owned",None needed,2211,96735
Retail trade,"Some other race, female-owned",Total reporting,12365(r),1558471(r)
Retail trade,"Some other race, female-owned",Item not reported,612(r),S
Retail trade,"Some other race, male-owned",All firms,42063,14050607
Retail trade,"Some other race, male-owned",Personal/family savings of owner(s),9496,4436591
Retail trade,"Some other race, male-owned",Personal/family assets other than savings of owner(s),981,1034580
Retail trade,"Some other race, male-owned",Personal/family home equity loan,606,531371
Retail trade,"Some other race, male-owned",Personal credit card(s) carrying balances,1475,302656
Retail trade,"Some other race, male-owned",Business credit card(s) carrying balances,402,182837
Retail trade,"Some other race, male-owned","Business loan from federal, state, or local government",124,S
Retail trade,"Some other race, male-owned",Government-guaranteed business loan from a bank or financial institution,70,S
Retail trade,"Some other race, male-owned",Business loan from a bank or financial institution,1183,2306667
Retail trade,"Some other race, male-owned",Business loan/investment from family/friends,588,S
Retail trade,"Some other race, male-owned",Investment by venture capitalist(s),55,S
Retail trade,"Some other race, male-owned",Grants,0,0
Retail trade,"Some other race, male-owned",Other source(s) of capital,643,472298
Retail trade,"Some other race, male-owned",Don't know,1598,2120481
Retail trade,"Some other race, male-owned",None needed,2114,116768
Retail trade,"Some other race, male-owned",Total reporting,15560(r),8645337(r)
Retail trade,"Some other race, male-owned",Item not reported,436(r),25162(r)
Retail trade,"Some other race, equally male-/female-owned",All firms,5046,1492119
Retail trade,"Some other race, equally male-/female-owned",Personal/family savings of owner(s),2478,657504
Retail trade,"Some other race, equally male-/female-owned",Personal/family assets other than savings of owner(s),237,150909
Retail trade,"Some other race, equally male-/female-owned",Personal/family home equity loan,138,67158
Retail trade,"Some other race, equally male-/female-owned",Personal credit card(s) carrying balances,310,S
Retail trade,"Some other race, equally male-/female-owned",Business credit card(s) carrying balances,89,S
Retail trade,"Some other race, equally male-/female-owned","Business loan from federal, state, or local government",0,0
Retail trade,"Some other race, equally male-/female-owned",Government-guaranteed business loan from a bank or financial institution,0,0
Retail trade,"Some other race, equally male-/female-owned",Business loan from a bank or financial institution,252,341066
Retail trade,"Some other race, equally male-/female-owned",Business loan/investment from family/friends,58,28017
Retail trade,"Some other race, equally male-/female-owned",Investment by venture capitalist(s),0,0
Retail trade,"Some other race, equally male-/female-owned",Grants,0,0
Retail trade,"Some other race, equally male-/female-owned",Other source(s) of capital,157,S
Retail trade,"Some other race, equally male-/female-owned",Don't know,207,82247
Retail trade,"Some other race, equally male-/female-owned",None needed,107,S
Retail trade,"Some other race, equally male-/female-owned",Total reporting,3335(r),1085602(r)
Retail trade,"Some other race, equally male-/female-owned",Item not reported,22(r),S
Retail trade,Minority,All firms,650346,277900574
Retail trade,Minority,Personal/family savings of owner(s),201679,88914013
Retail trade,Minority,Personal/family assets other than savings of owner(s),19572,15404676
Retail trade,Minority,Personal/family home equity loan,13551,13994291
Retail trade,Minority,Personal credit card(s) carrying balances,37306,11663659
Retail trade,Minority,Business credit card(s) carrying balances,8347,3277871
Retail trade,Minority,"Business loan from federal, state, or local government",465,437593
Retail trade,Minority,Government-guaranteed business loan from a bank or financial institution,2595,3587131
Retail trade,Minority,Business loan from a bank or financial institution,17948,33060680
Retail trade,Minority,Business loan/investment from family/friends,11210,11189782
Retail trade,Minority,Investment by venture capitalist(s),874,969648
Retail trade,Minority,Grants,609,109833
Retail trade,Minority,Other source(s) of capital,8163,6423506
Retail trade,Minority,Don't know,20426,27982745
Retail trade,Minority,None needed,37217,3827574
Retail trade,Minority,Total reporting,296396(r),147166648(r)
Retail trade,Minority,Item not reported,8941(r),1327988(r)
Retail trade,"Minority, female-owned",All firms,302428,39468239
Retail trade,"Minority, female-owned",Personal/family savings of owner(s),81017,13234004
Retail trade,"Minority, female-owned",Personal/family assets other than savings of owner(s),6483,2088957
Retail trade,"Minority, female-owned",Personal/family home equity loan,3543,1820047
Retail trade,"Minority, female-owned",Personal credit card(s) carrying balances,15930,1979138
Retail trade,"Minority, female-owned",Business credit card(s) carrying balances,2974,625989
Retail trade,"Minority, female-owned","Business loan from federal, state, or local government",109,53863
Retail trade,"Minority, female-owned",Government-guaranteed business loan from a bank or financial institution,824,765052
Retail trade,"Minority, female-owned",Business loan from a bank or financial institution,4061,4257965
Retail trade,"Minority, female-owned",Business loan/investment from family/friends,2855,2230739
Retail trade,"Minority, female-owned",Investment by venture capitalist(s),131,40501
Retail trade,"Minority, female-owned",Grants,319,S
Retail trade,"Minority, female-owned",Other source(s) of capital,2806,615765
Retail trade,"Minority, female-owned",Don't know,7442,5976893
Retail trade,"Minority, female-owned",None needed,21021,608415
Retail trade,"Minority, female-owned",Total reporting,123651(r),23672831(r)
Retail trade,"Minority, female-owned",Item not reported,4949(r),327471(r)
Retail trade,"Minority, male-owned",All firms,294822,204637492
Retail trade,"Minority, male-owned",Personal/family savings of owner(s),94150,61839092
Retail trade,"Minority, male-owned",Personal/family assets other than savings of owner(s),9638,10283037
Retail trade,"Minority, male-owned",Personal/family home equity loan,6789,8702639
Retail trade,"Minority, male-owned",Personal credit card(s) carrying balances,16772,7407458
Retail trade,"Minority, male-owned",Business credit card(s) carrying balances,4270,2262041
Retail trade,"Minority, male-owned","Business loan from federal, state, or local government",341,355669
Retail trade,"Minority, male-owned",Government-guaranteed business loan from a bank or financial institution,1168,1840482
Retail trade,"Minority, male-owned",Business loan from a bank or financial institution,10773,23682006
Retail trade,"Minority, male-owned",Business loan/investment from family/friends,6786,6797661
Retail trade,"Minority, male-owned",Investment by venture capitalist(s),633,873305
Retail trade,"Minority, male-owned",Grants,257,S
Retail trade,"Minority, male-owned",Other source(s) of capital,4284,5186592
Retail trade,"Minority, male-owned",Don't know,11177,20424301
Retail trade,"Minority, male-owned",None needed,14495,3088035
Retail trade,"Minority, male-owned",Total reporting,138084(r),104006530(r)
Retail trade,"Minority, male-owned",Item not reported,3569(r),840338(r)
Retail trade,"Minority, equally male-/female-owned",All firms,53095,33794843
Retail trade,"Minority, equally male-/female-owned",Personal/family savings of owner(s),26513,13840916
Retail trade,"Minority, equally male-/female-owned",Personal/family assets other than savings of owner(s),3451,3032681
Retail trade,"Minority, equally male-/female-owned",Personal/family home equity loan,3219,3471606
Retail trade,"Minority, equally male-/female-owned",Personal credit card(s) carrying balances,4603,2277063
Retail trade,"Minority, equally male-/female-owned",Business credit card(s) carrying balances,1103,389840
Retail trade,"Minority, equally male-/female-owned","Business loan from federal, state, or local government",15,S
Retail trade,"Minority, equally male-/female-owned",Government-guaranteed business loan from a bank or financial institution,604,981597
Retail trade,"Minority, equally male-/female-owned",Business loan from a bank or financial institution,3114,5120708
Retail trade,"Minority, equally male-/female-owned",Business loan/investment from family/friends,1570,2161382
Retail trade,"Minority, equally male-/female-owned",Investment by venture capitalist(s),110,S
Retail trade,"Minority, equally male-/female-owned",Grants,33,S
Retail trade,"Minority, equally male-/female-owned",Other source(s) of capital,1073,621150
Retail trade,"Minority, equally male-/female-owned",Don't know,1807,1581550
Retail trade,"Minority, equally male-/female-owned",None needed,1700,131123
Retail trade,"Minority, equally male-/female-owned",Total reporting,34661(r),19487287(r)
Retail trade,"Minority, equally male-/female-owned",Item not reported,424(r),S
Retail trade,Equally minority/nonminority,All firms,26292,14078523
Retail trade,Equally minority/nonminority,Personal/family savings of owner(s),13957,4625397
Retail trade,Equally minority/nonminority,Personal/family assets other than savings of owner(s),2094,763201
Retail trade,Equally minority/nonminority,Personal/family home equity loan,1753,907288
Retail trade,Equally minority/nonminority,Personal credit card(s) carrying balances,2847,675620
Retail trade,Equally minority/nonminority,Business credit card(s) carrying balances,911,298465
Retail trade,Equally minority/nonminority,"Business loan from federal, state, or local government",19,S
Retail trade,Equally minority/nonminority,Government-guaranteed business loan from a bank or financial institution,259,477382
Retail trade,Equally minority/nonminority,Business loan from a bank or financial institution,1782,2557431
Retail trade,Equally minority/nonminority,Business loan/investment from family/friends,681,447278
Retail trade,Equally minority/nonminority,Investment by venture capitalist(s),83,46346
Retail trade,Equally minority/nonminority,Grants,63,S
Retail trade,Equally minority/nonminority,Other source(s) of capital,457,S
Retail trade,Equally minority/nonminority,Don't know,603,2180039
Retail trade,Equally minority/nonminority,None needed,1278,95035
Retail trade,Equally minority/nonminority,Total reporting,18590(r),10598322(r)
Retail trade,Equally minority/nonminority,Item not reported,84(r),88719(r)
Retail trade,"Equally minority/nonminority, female-owned",All firms,1027,433526
Retail trade,"Equally minority/nonminority, female-owned",Personal/family savings of owner(s),727,S
Retail trade,"Equally minority/nonminority, female-owned",Personal/family assets other than savings of owner(s),66,22490
Retail trade,"Equally minority/nonminority, female-owned",Personal/family home equity loan,71,12144
Retail trade,"Equally minority/nonminority, female-owned",Personal credit card(s) carrying balances,124,17066
Retail trade,"Equally minority/nonminority, female-owned",Business credit card(s) carrying balances,70,S
Retail trade,"Equally minority/nonminority, female-owned","Business loan from federal, state, or local government",0,0
Retail trade,"Equally minority/nonminority, female-owned",Government-guaranteed business loan from a bank or financial institution,7,S
Retail trade,"Equally minority/nonminority, female-owned",Business loan from a bank or financial institution,80,17449
Retail trade,"Equally minority/nonminority, female-owned",Business loan/investment from family/friends,7,S
Retail trade,"Equally minority/nonminority, female-owned",Investment by venture capitalist(s),4,S
Retail trade,"Equally minority/nonminority, female-owned",Grants,0,0
Retail trade,"Equally minority/nonminority, female-owned",Other source(s) of capital,4,S
Retail trade,"Equally minority/nonminority, female-owned",Don't know,4,S
Retail trade,"Equally minority/nonminority, female-owned",None needed,32,S
Retail trade,"Equally minority/nonminority, female-owned",Total reporting,838,222335
Retail trade,"Equally minority/nonminority, female-owned",Item not reported,7,S
Retail trade,"Equally minority/nonminority, male-owned",All firms,2707,4233639
Retail trade,"Equally minority/nonminority, male-owned",Personal/family savings of owner(s),1170,1066886
Retail trade,"Equally minority/nonminority, male-owned",Personal/family assets other than savings of owner(s),76,98537
Retail trade,"Equally minority/nonminority, male-owned",Personal/family home equity loan,140,S
Retail trade,"Equally minority/nonminority, male-owned",Personal credit card(s) carrying balances,171,128073
Retail trade,"Equally minority/nonminority, male-owned",Business credit card(s) carrying balances,58,34089
Retail trade,"Equally minority/nonminority, male-owned","Business loan from federal, state, or local government",0,0
Retail trade,"Equally minority/nonminority, male-owned",Government-guaranteed business loan from a bank or financial institution,2,S
Retail trade,"Equally minority/nonminority, male-owned",Business loan from a bank or financial institution,468,1410215
Retail trade,"Equally minority/nonminority, male-owned",Business loan/investment from family/friends,141,94825
Retail trade,"Equally minority/nonminority, male-owned",Investment by venture capitalist(s),30,S
Retail trade,"Equally minority/nonminority, male-owned",Grants,0,0
Retail trade,"Equally minority/nonminority, male-owned",Other source(s) of capital,40,89183
Retail trade,"Equally minority/nonminority, male-owned",Don't know,89,793716
Retail trade,"Equally minority/nonminority, male-owned",None needed,81,14911
Retail trade,"Equally minority/nonminority, male-owned",Total reporting,1746(r),3020959(r)
Retail trade,"Equally minority/nonminority, male-owned",Item not reported,43(r),S
Retail trade,"Equally minority/nonminority, equally male-/female-owned",All firms,22557,9411358
Retail trade,"Equally minority/nonminority, equally male-/female-owned",Personal/family savings of owner(s),12061,3351125
Retail trade,"Equally minority/nonminority, equally male-/female-owned",Personal/family assets other than savings of owner(s),1952,642175
Retail trade,"Equally minority/nonminority, equally male-/female-owned",Personal/family home equity loan,1541,673791
Retail trade,"Equally minority/nonminority, equally male-/female-owned",Personal credit card(s) carrying balances,2551,530482
Retail trade,"Equally minority/nonminority, equally male-/female-owned",Business credit card(s) carrying balances,783,259055
Retail trade,"Equally minority/nonminority, equally male-/female-owned","Business loan from federal, state, or local government",19,S
Retail trade,"Equally minority/nonminority, equally male-/female-owned",Government-guaranteed business loan from a bank or financial institution,250,466782
Retail trade,"Equally minority/nonminority, equally male-/female-owned",Business loan from a bank or financial institution,1234,1129768
Retail trade,"Equally minority/nonminority, equally male-/female-owned",Business loan/investment from family/friends,534,347242
Retail trade,"Equally minority/nonminority, equally male-/female-owned",Investment by venture capitalist(s),49,S
Retail trade,"Equally minority/nonminority, equally male-/female-owned",Grants,63,S
Retail trade,"Equally minority/nonminority, equally male-/female-owned",Other source(s) of capital,413,S
Retail trade,"Equally minority/nonminority, equally male-/female-owned",Don't know,510,1383961
Retail trade,"Equally minority/nonminority, equally male-/female-owned",None needed,1166,80020
Retail trade,"Equally minority/nonminority, equally male-/female-owned",Total reporting,16006(r),7355028(r)
Retail trade,"Equally minority/nonminority, equally male-/female-owned",Item not reported,34(r),S
Retail trade,Nonminority,All firms,1823304,1818499798
Retail trade,Nonminority,Personal/family savings of owner(s),809306,661260058
Retail trade,Nonminority,Personal/family assets other than savings of owner(s),91631,144749048
Retail trade,Nonminority,Personal/family home equity loan,52802,58573533
Retail trade,Nonminority,Personal credit card(s) carrying balances,136781,35614533
Retail trade,Nonminority,Business credit card(s) carrying balances,42915,18030102
Retail trade,Nonminority,"Business loan from federal, state, or local government",2592,4124713
Retail trade,Nonminority,Government-guaranteed business loan from a bank or financial institution,11643,19649085
Retail trade,Nonminority,Business loan from a bank or financial institution,119008,320473638
Retail trade,Nonminority,Business loan/investment from family/friends,34083,69636825
Retail trade,Nonminority,Investment by venture capitalist(s),2163,7663618
Retail trade,Nonminority,Grants,1014,396948
Retail trade,Nonminority,Other source(s) of capital,23414,48222663
Retail trade,Nonminority,Don't know,77153,310793504
Retail trade,Nonminority,None needed,198888,55649383
Retail trade,Nonminority,Total reporting,1265091(r),1283346797(r)
Retail trade,Nonminority,Item not reported,24642(r),9829995(r)
Retail trade,"Nonminority, female-owned",All firms,741867,169073861
Retail trade,"Nonminority, female-owned",Personal/family savings of owner(s),335248,68221815
Retail trade,"Nonminority, female-owned",Personal/family assets other than savings of owner(s),28549,19389761
Retail trade,"Nonminority, female-owned",Personal/family home equity loan,12649,5876977
Retail trade,"Nonminority, female-owned",Personal credit card(s) carrying balances,64563,6009705
Retail trade,"Nonminority, female-owned",Business credit card(s) carrying balances,15597,2822256
Retail trade,"Nonminority, female-owned","Business loan from federal, state, or local government",589,700428
Retail trade,"Nonminority, female-owned",Government-guaranteed business loan from a bank or financial institution,2375,2065288
Retail trade,"Nonminority, female-owned",Business loan from a bank or financial institution,24755,24407308
Retail trade,"Nonminority, female-owned",Business loan/investment from family/friends,8619,11952250
Retail trade,"Nonminority, female-owned",Investment by venture capitalist(s),260,273614
Retail trade,"Nonminority, female-owned",Grants,285,135449
Retail trade,"Nonminority, female-owned",Other source(s) of capital,6746,9026196
Retail trade,"Nonminority, female-owned",Don't know,21823,33099014
Retail trade,"Nonminority, female-owned",None needed,98846,9626754
Retail trade,"Nonminority, female-owned",Total reporting,524868(r),129527893(r)
Retail trade,"Nonminority, female-owned",Item not reported,11933(r),2100212(r)
Retail trade,"Nonminority, male-owned",All firms,832429,1460907565
Retail trade,"Nonminority, male-owned",Personal/family savings of owner(s),333049,526165966
Retail trade,"Nonminority, male-owned",Personal/family assets other than savings of owner(s),40463,109035325
Retail trade,"Nonminority, male-owned",Personal/family home equity loan,24949,40697065
Retail trade,"Nonminority, male-owned",Personal credit card(s) carrying balances,48074,22760245
Retail trade,"Nonminority, male-owned",Business credit card(s) carrying balances,17569,10870866
Retail trade,"Nonminority, male-owned","Business loan from federal, state, or local government",1344,2873573
Retail trade,"Nonminority, male-owned",Government-guaranteed business loan from a bank or financial institution,5370,12612135
Retail trade,"Nonminority, male-owned",Business loan from a bank or financial institution,64902,262910089
Retail trade,"Nonminority, male-owned",Business loan/investment from family/friends,17691,49188689
Retail trade,"Nonminority, male-owned",Investment by venture capitalist(s),1430,7003805
Retail trade,"Nonminority, male-owned",Grants,451,145290
Retail trade,"Nonminority, male-owned",Other source(s) of capital,11428,36440220
Retail trade,"Nonminority, male-owned",Don't know,46451,255639115
Retail trade,"Nonminority, male-owned",None needed,84900,40690347
Retail trade,"Nonminority, male-owned",Total reporting,540714(r),1032163602(r)
Retail trade,"Nonminority, male-owned",Item not reported,11310(r),7234538(r)
Retail trade,"Nonminority, equally male-/female-owned",All firms,249008,188518372
Retail trade,"Nonminority, equally male-/female-owned",Personal/family savings of owner(s),141009,66872277
Retail trade,"Nonminority, equally male-/female-owned",Personal/family assets other than savings of owner(s),22619,16323962
Retail trade,"Nonminority, equally male-/female-owned",Personal/family home equity loan,15203,11999491
Retail trade,"Nonminority, equally male-/female-owned",Personal credit card(s) carrying balances,24143,6844583
Retail trade,"Nonminority, equally male-/female-owned",Business credit card(s) carrying balances,9749,4336980
Retail trade,"Nonminority, equally male-/female-owned","Business loan from federal, state, or local government",659,550712
Retail trade,"Nonminority, equally male-/female-owned",Government-guaranteed business loan from a bank or financial institution,3898,4971662
Retail trade,"Nonminority, equally male-/female-owned",Business loan from a bank or financial institution,29350,33156241
Retail trade,"Nonminority, equally male-/female-owned",Business loan/investment from family/friends,7773,8495887
Retail trade,"Nonminority, equally male-/female-owned",Investment by venture capitalist(s),473,386199
Retail trade,"Nonminority, equally male-/female-owned",Grants,278,116210
Retail trade,"Nonminority, equally male-/female-owned",Other source(s) of capital,5240,2756246
Retail trade,"Nonminority, equally male-/female-owned",Don't know,8878,22055376
Retail trade,"Nonminority, equally male-/female-owned",None needed,15142,5332281
Retail trade,"Nonminority, equally male-/female-owned",Total reporting,199509(r),121655302(r)
Retail trade,"Nonminority, equally male-/female-owned",Item not reported,1399(r),495246(r)
Retail trade,Veteran,All firms,204464,222158370
Retail trade,Veteran,Personal/family savings of owner(s),73456,93828295
Retail trade,Veteran,Personal/family assets other than savings of owner(s),8199,9128840
Retail trade,Veteran,Personal/family home equity loan,4103,5474022
Retail trade,Veteran,Personal credit card(s) carrying balances,11378,3421727
Retail trade,Veteran,Business credit card(s) carrying balances,3972,747182
Retail trade,Veteran,"Business loan from federal, state, or local government",175,S
Retail trade,Veteran,Government-guaranteed business loan from a bank or financial institution,1353,2019550
Retail trade,Veteran,Business loan from a bank or financial institution,11918,41174133
Retail trade,Veteran,Business loan/investment from family/friends,2541,4003116
Retail trade,Veteran,Investment by venture capitalist(s),324,1234944
Retail trade,Veteran,Grants,115,3069
Retail trade,Veteran,Other source(s) of capital,2676,7707438
Retail trade,Veteran,Don't know,7123,28692275
Retail trade,Veteran,None needed,19998,2922606
Retail trade,Veteran,Total reporting,116326(r),155521638(r)
Retail trade,Veteran,Item not reported,4195(r),1692433(r)
Retail trade,"Veteran, female-owned",All firms,39656,1430387
Retail trade,"Veteran, female-owned",Personal/family savings of owner(s),6397,353579
Retail trade,"Veteran, female-owned",Personal/family assets other than savings of owner(s),646,36732
Retail trade,"Veteran, female-owned",Personal/family home equity loan,230,41170
Retail trade,"Veteran, female-owned",Personal credit card(s) carrying balances,1605,111677
Retail trade,"Veteran, female-owned",Business credit card(s) carrying balances,446,S
Retail trade,"Veteran, female-owned","Business loan from federal, state, or local government",5,715
Retail trade,"Veteran, female-owned",Government-guaranteed business loan from a bank or financial institution,115,S
Retail trade,"Veteran, female-owned",Business loan from a bank or financial institution,327,121936
Retail trade,"Veteran, female-owned",Business loan/investment from family/friends,19,6645
Retail trade,"Veteran, female-owned",Investment by venture capitalist(s),0,0
Retail trade,"Veteran, female-owned",Grants,18,S
Retail trade,"Veteran, female-owned",Other source(s) of capital,106,S
Retail trade,"Veteran, female-owned",Don't know,429,45550
Retail trade,"Veteran, female-owned",None needed,1489,26874
Retail trade,"Veteran, female-owned",Total reporting,9656(r),603895(r)
Retail trade,"Veteran, female-owned",Item not reported,541(r),9999(r)
Retail trade,"Veteran, male-owned",All firms,162658,220369782
Retail trade,"Veteran, male-owned",Personal/family savings of owner(s),65586,93087843
Retail trade,"Veteran, male-owned",Personal/family assets other than savings of owner(s),7294,9048303
Retail trade,"Veteran, male-owned",Personal/family home equity loan,3737,5405514
Retail trade,"Veteran, male-owned",Personal credit card(s) carrying balances,9372,3280776
Retail trade,"Veteran, male-owned",Business credit card(s) carrying balances,3447,697354
Retail trade,"Veteran, male-owned","Business loan from federal, state, or local government",170,S
Retail trade,"Veteran, male-owned",Government-guaranteed business loan from a bank or financial institution,1179,1945472
Retail trade,"Veteran, male-owned",Business loan from a bank or financial institution,11459,41005403
Retail trade,"Veteran, male-owned",Business loan/investment from family/friends,2506,3989983
Retail trade,"Veteran, male-owned",Investment by venture capitalist(s),324,1234944
Retail trade,"Veteran, male-owned",Grants,97,1810
Retail trade,"Veteran, male-owned",Other source(s) of capital,2481,7661224
Retail trade,"Veteran, male-owned",Don't know,6615,28642778
Retail trade,"Veteran, male-owned",None needed,18341,2831290
Retail trade,"Veteran, male-owned",Total reporting,104784(r),154430914(r)
Retail trade,"Veteran, male-owned",Item not reported,3654(r),1682434(r)
Retail trade,"Veteran, equally male-/female-owned",All firms,2150,S
Retail trade,"Veteran, equally male-/female-owned",Personal/family savings of owner(s),1473,S
Retail trade,"Veteran, equally male-/female-owned",Personal/family assets other than savings of owner(s),259,S
Retail trade,"Veteran, equally male-/female-owned",Personal/family home equity loan,136,S
Retail trade,"Veteran, equally male-/female-owned",Personal credit card(s) carrying balances,401,S
Retail trade,"Veteran, equally male-/female-owned",Business credit card(s) carrying balances,79,S
Retail trade,"Veteran, equally male-/female-owned","Business loan from federal, state, or local government",0,S
Retail trade,"Veteran, equally male-/female-owned",Government-guaranteed business loan from a bank or financial institution,59,S
Retail trade,"Veteran, equally male-/female-owned",Business loan from a bank or financial institution,132,S
Retail trade,"Veteran, equally male-/female-owned",Business loan/investment from family/friends,16,S
Retail trade,"Veteran, equally male-/female-owned",Investment by venture capitalist(s),0,S
Retail trade,"Veteran, equally male-/female-owned",Grants,0,S
Retail trade,"Veteran, equally male-/female-owned",Other source(s) of capital,90,S
Retail trade,"Veteran, equally male-/female-owned",Don't know,79,S
Retail trade,"Veteran, equally male-/female-owned",None needed,168,S
Retail trade,"Veteran, equally male-/female-owned",Total reporting,1887,S
Retail trade,"Veteran, equally male-/female-owned",Item not reported,0,S
Retail trade,"Veteran, Hispanic",All firms,12489,3283984
Retail trade,"Veteran, Hispanic",Personal/family savings of owner(s),1956,1109865
Retail trade,"Veteran, Hispanic",Personal/family assets other than savings of owner(s),168,S
Retail trade,"Veteran, Hispanic",Personal/family home equity loan,16,S
Retail trade,"Veteran, Hispanic",Personal credit card(s) carrying balances,598,36524
Retail trade,"Veteran, Hispanic",Business credit card(s) carrying balances,93,S
Retail trade,"Veteran, Hispanic","Business loan from federal, state, or local government",0,0
Retail trade,"Veteran, Hispanic",Government-guaranteed business loan from a bank or financial institution,71,86840
Retail trade,"Veteran, Hispanic",Business loan from a bank or financial institution,78,282345
Retail trade,"Veteran, Hispanic",Business loan/investment from family/friends,93,S
Retail trade,"Veteran, Hispanic",Investment by venture capitalist(s),2,S
Retail trade,"Veteran, Hispanic",Grants,8,S
Retail trade,"Veteran, Hispanic",Other source(s) of capital,99,S
Retail trade,"Veteran, Hispanic",Don't know,176,S
Retail trade,"Veteran, Hispanic",None needed,708,S
Retail trade,"Veteran, Hispanic",Total reporting,3421(r),2224659(r)
Retail trade,"Veteran, Hispanic",Item not reported,123(r),S
Retail trade,"Veteran, equally Hispanic/non-Hispanic",All firms,319,28936
Retail trade,"Veteran, equally Hispanic/non-Hispanic",Personal/family savings of owner(s),123,S
Retail trade,"Veteran, equally Hispanic/non-Hispanic",Personal/family assets other than savings of owner(s),7,S
Retail trade,"Veteran, equally Hispanic/non-Hispanic",Personal/family home equity loan,9,S
Retail trade,"Veteran, equally Hispanic/non-Hispanic",Personal credit card(s) carrying balances,57,S
Retail trade,"Veteran, equally Hispanic/non-Hispanic",Business credit card(s) carrying balances,2,S
Retail trade,"Veteran, equally Hispanic/non-Hispanic","Business loan from federal, state, or local government",0,0
Retail trade,"Veteran, equally Hispanic/non-Hispanic",Government-guaranteed business loan from a bank or financial institution,2,S
Retail trade,"Veteran, equally Hispanic/non-Hispanic",Business loan from a bank or financial institution,7,S
Retail trade,"Veteran, equally Hispanic/non-Hispanic",Business loan/investment from family/friends,0,0
Retail trade,"Veteran, equally Hispanic/non-Hispanic",Investment by venture capitalist(s),0,0
Retail trade,"Veteran, equally Hispanic/non-Hispanic",Grants,0,0
Retail trade,"Veteran, equally Hispanic/non-Hispanic",Other source(s) of capital,0,0
Retail trade,"Veteran, equally Hispanic/non-Hispanic",Don't know,0,0
Retail trade,"Veteran, equally Hispanic/non-Hispanic",None needed,8,S
Retail trade,"Veteran, equally Hispanic/non-Hispanic",Total reporting,131,S
Retail trade,"Veteran, equally Hispanic/non-Hispanic",Item not reported,0,0
Retail trade,"Veteran, non-Hispanic",All firms,191656,218845451
Retail trade,"Veteran, non-Hispanic",Personal/family savings of owner(s),71377,92710009
Retail trade,"Veteran, non-Hispanic",Personal/family assets other than savings of owner(s),8024,9039511
Retail trade,"Veteran, non-Hispanic",Personal/family home equity loan,4078,5464057
Retail trade,"Veteran, non-Hispanic",Personal credit card(s) carrying balances,10723,3383789
Retail trade,"Veteran, non-Hispanic",Business credit card(s) carrying balances,3877,729289
Retail trade,"Veteran, non-Hispanic","Business loan from federal, state, or local government",175,S
Retail trade,"Veteran, non-Hispanic",Government-guaranteed business loan from a bank or financial institution,1280,1931685
Retail trade,"Veteran, non-Hispanic",Business loan from a bank or financial institution,11832,40886371
Retail trade,"Veteran, non-Hispanic",Business loan/investment from family/friends,2447,3988440
Retail trade,"Veteran, non-Hispanic",Investment by venture capitalist(s),322,1234654
Retail trade,"Veteran, non-Hispanic",Grants,107,2992
Retail trade,"Veteran, non-Hispanic",Other source(s) of capital,2578,7697120
Retail trade,"Veteran, non-Hispanic",Don't know,6946,27733969
Retail trade,"Veteran, non-Hispanic",None needed,19281,2895820
Retail trade,"Veteran, non-Hispanic",Total reporting,112774(r),153288507(r)
Retail trade,"Veteran, non-Hispanic",Item not reported,4072(r),1631584(r)
Retail trade,"Veteran, White",All firms,178401,217471095
Retail trade,"Veteran, White",Personal/family savings of owner(s),67535,91580624
Retail trade,"Veteran, White",Personal/family assets other than savings of owner(s),7757,9026146
Retail trade,"Veteran, White",Personal/family home equity loan,3954,5453823
Retail trade,"Veteran, White",Personal credit card(s) carrying balances,10052,3327942
Retail trade,"Veteran, White",Business credit card(s) carrying balances,3785,725839
Retail trade,"Veteran, White","Business loan from federal, state, or local government",171,S
Retail trade,"Veteran, White",Government-guaranteed business loan from a bank or financial institution,1225,2003342
Retail trade,"Veteran, White",Business loan from a bank or financial institution,11415,40612001
Retail trade,"Veteran, White",Business loan/investment from family/friends,2305,3972298
Retail trade,"Veteran, White",Investment by venture capitalist(s),257,1230251
Retail trade,"Veteran, White",Grants,113,S
Retail trade,"Veteran, White",Other source(s) of capital,2360,7692565
Retail trade,"Veteran, White",Don't know,6534,27880889
Retail trade,"Veteran, White",None needed,18773,2816969
Retail trade,"Veteran, White",Total reporting,107494(r),151843989(r)
Retail trade,"Veteran, White",Item not reported,3836(r),1633904(r)
Retail trade,"Veteran, Black or African American",All firms,17357,2094049
Retail trade,"Veteran, Black or African American",Personal/family savings of owner(s),4063,607108
Retail trade,"Veteran, Black or African American",Personal/family assets other than savings of owner(s),400,S
Retail trade,"Veteran, Black or African American",Personal/family home equity loan,124,S
Retail trade,"Veteran, Black or African American",Personal credit card(s) carrying balances,891,45450
Retail trade,"Veteran, Black or African American",Business credit card(s) carrying balances,100,8877
Retail trade,"Veteran, Black or African American","Business loan from federal, state, or local government",0,0
Retail trade,"Veteran, Black or African American",Government-guaranteed business loan from a bank or financial institution,11,7390
Retail trade,"Veteran, Black or African American",Business loan from a bank or financial institution,184,S
Retail trade,"Veteran, Black or African American",Business loan/investment from family/friends,108,5169
Retail trade,"Veteran, Black or African American",Investment by venture capitalist(s),66,S
Retail trade,"Veteran, Black or African American",Grants,0,0
Retail trade,"Veteran, Black or African American",Other source(s) of capital,161,S
Retail trade,"Veteran, Black or African American",Don't know,456,S
Retail trade,"Veteran, Black or African American",None needed,1016,34347
Retail trade,"Veteran, Black or African American",Total reporting,6159(r),1381278(r)
Retail trade,"Veteran, Black or African American",Item not reported,242(r),S
Retail trade,"Veteran, American Indian and Alaska Native",All firms,2565,678417
Retail trade,"Veteran, American Indian and Alaska Native",Personal/family savings of owner(s),923,196252
Retail trade,"Veteran, American Indian and Alaska Native",Personal/family assets other than savings of owner(s),64,S
Retail trade,"Veteran, American Indian and Alaska Native",Personal/family home equity loan,12,294
Retail trade,"Veteran, American Indian and Alaska Native",Personal credit card(s) carrying balances,323,26012
Retail trade,"Veteran, American Indian and Alaska Native",Business credit card(s) carrying balances,60,S
Retail trade,"Veteran, American Indian and Alaska Native","Business loan from federal, state, or local government",3,S
Retail trade,"Veteran, American Indian and Alaska Native",Government-guaranteed business loan from a bank or financial institution,149,S
Retail trade,"Veteran, American Indian and Alaska Native",Business loan from a bank or financial institution,203,47644
Retail trade,"Veteran, American Indian and Alaska Native",Business loan/investment from family/friends,18,S
Retail trade,"Veteran, American Indian and Alaska Native",Investment by venture capitalist(s),0,0
Retail trade,"Veteran, American Indian and Alaska Native",Grants,2,S
Retail trade,"Veteran, American Indian and Alaska Native",Other source(s) of capital,24,S
Retail trade,"Veteran, American Indian and Alaska Native",Don't know,4,S
Retail trade,"Veteran, American Indian and Alaska Native",None needed,187,4120
Retail trade,"Veteran, American Indian and Alaska Native",Total reporting,1318(r),242044(r)
Retail trade,"Veteran, American Indian and Alaska Native",Item not reported,133(r),1686(r)
Retail trade,"Veteran, Asian",All firms,4837,1894427
Retail trade,"Veteran, Asian",Personal/family savings of owner(s),1559,948452
Retail trade,"Veteran, Asian",Personal/family assets other than savings of owner(s),40,S
Retail trade,"Veteran, Asian",Personal/family home equity loan,33,S
Retail trade,"Veteran, Asian",Personal credit card(s) carrying balances,262,S
Retail trade,"Veteran, Asian",Business credit card(s) carrying balances,142,S
Retail trade,"Veteran, Asian","Business loan from federal, state, or local government",0,0
Retail trade,"Veteran, Asian",Government-guaranteed business loan from a bank or financial institution,30,S
Retail trade,"Veteran, Asian",Business loan from a bank or financial institution,161,441623
Retail trade,"Veteran, Asian",Business loan/investment from family/friends,186,25130
Retail trade,"Veteran, Asian",Investment by venture capitalist(s),0,0
Retail trade,"Veteran, Asian",Grants,0,0
Retail trade,"Veteran, Asian",Other source(s) of capital,111,S
Retail trade,"Veteran, Asian",Don't know,107,74888
Retail trade,"Veteran, Asian",None needed,182,S
Retail trade,"Veteran, Asian",Total reporting,2111(r),1570065(r)
Retail trade,"Veteran, Asian",Item not reported,150(r),S
Retail trade,"Veteran, Native Hawaiian and Other Pacific Islander",All firms,484,57720
Retail trade,"Veteran, Native Hawaiian and Other Pacific Islander",Personal/family savings of owner(s),118,S
Retail trade,"Veteran, Native Hawaiian and Other Pacific Islander",Personal/family assets other than savings of owner(s),0,0
Retail trade,"Veteran, Native Hawaiian and Other Pacific Islander",Personal/family home equity loan,0,0
Retail trade,"Veteran, Native Hawaiian and Other Pacific Islander",Personal credit card(s) carrying balances,73,S
Retail trade,"Veteran, Native Hawaiian and Other Pacific Islander",Business credit card(s) carrying balances,0,0
Retail trade,"Veteran, Native Hawaiian and Other Pacific Islander","Business loan from federal, state, or local government",0,0
Retail trade,"Veteran, Native Hawaiian and Other Pacific Islander",Government-guaranteed business loan from a bank or financial institution,0,0
Retail trade,"Veteran, Native Hawaiian and Other Pacific Islander",Business loan from a bank or financial institution,5,S
Retail trade,"Veteran, Native Hawaiian and Other Pacific Islander",Business loan/investment from family/friends,0,0
Retail trade,"Veteran, Native Hawaiian and Other Pacific Islander",Investment by venture capitalist(s),0,0
Retail trade,"Veteran, Native Hawaiian and Other Pacific Islander",Grants,0,0
Retail trade,"Veteran, Native Hawaiian and Other Pacific Islander",Other source(s) of capital,0,0
Retail trade,"Veteran, Native Hawaiian and Other Pacific Islander",Don't know,4,S
Retail trade,"Veteran, Native Hawaiian and Other Pacific Islander",None needed,25,S
Retail trade,"Veteran, Native Hawaiian and Other Pacific Islander",Total reporting,156(r),S
Retail trade,"Veteran, Native Hawaiian and Other Pacific Islander",Item not reported,2(r),S
Retail trade,"Veteran, some other race",All firms,3815,492720
Retail trade,"Veteran, some other race",Personal/family savings of owner(s),284,588325
Retail trade,"Veteran, some other race",Personal/family assets other than savings of owner(s),23,S
Retail trade,"Veteran, some other race",Personal/family home equity loan,0,0
Retail trade,"Veteran, some other race",Personal credit card(s) carrying balances,87,1852
Retail trade,"Veteran, some other race",Business credit card(s) carrying balances,0,0
Retail trade,"Veteran, some other race","Business loan from federal, state, or local government",0,0
Retail trade,"Veteran, some other race",Government-guaranteed business loan from a bank or financial institution,0,0
Retail trade,"Veteran, some other race",Business loan from a bank or financial institution,25,S
Retail trade,"Veteran, some other race",Business loan/investment from family/friends,0,0
Retail trade,"Veteran, some other race",Investment by venture capitalist(s),2,S
Retail trade,"Veteran, some other race",Grants,0,0
Retail trade,"Veteran, some other race",Other source(s) of capital,71,S
Retail trade,"Veteran, some other race",Don't know,2,S
Retail trade,"Veteran, some other race",None needed,37,242
Retail trade,"Veteran, some other race",Total reporting,510,593691
Retail trade,"Veteran, some other race",Item not reported,4,S
Retail trade,"Veteran, minority",All firms,36174,8027520
Retail trade,"Veteran, minority",Personal/family savings of owner(s),8296,3104335
Retail trade,"Veteran, minority",Personal/family assets other than savings of owner(s),639,125043
Retail trade,"Veteran, minority",Personal/family home equity loan,179,24636
Retail trade,"Veteran, minority",Personal credit card(s) carrying balances,2068,140423
Retail trade,"Veteran, minority",Business credit card(s) carrying balances,393,40290
Retail trade,"Veteran, minority","Business loan from federal, state, or local government",3,S
Retail trade,"Veteran, minority",Government-guaranteed business loan from a bank or financial institution,254,103724
Retail trade,"Veteran, minority",Business loan from a bank or financial institution,629,866247
Retail trade,"Veteran, minority",Business loan/investment from family/friends,393,47879
Retail trade,"Veteran, minority",Investment by venture capitalist(s),68,S
Retail trade,"Veteran, minority",Grants,10,S
Retail trade,"Veteran, minority",Other source(s) of capital,362,20241
Retail trade,"Veteran, minority",Don't know,773,S
Retail trade,"Veteran, minority",None needed,2080,127207
Retail trade,"Veteran, minority",Total reporting,12782(r),5640097(r)
Retail trade,"Veteran, minority",Item not reported,617(r),S
Retail trade,"Veteran, equally minority/nonminority",All firms,526,55656
Retail trade,"Veteran, equally minority/nonminority",Personal/family savings of owner(s),192,25602
Retail trade,"Veteran, equally minority/nonminority",Personal/family assets other than savings of owner(s),11,S
Retail trade,"Veteran, equally minority/nonminority",Personal/family home equity loan,26,S
Retail trade,"Veteran, equally minority/nonminority",Personal credit card(s) carrying balances,79,9812
Retail trade,"Veteran, equally minority/nonminority",Business credit card(s) carrying balances,2,S
Retail trade,"Veteran, equally minority/nonminority","Business loan from federal, state, or local government",0,0
Retail trade,"Veteran, equally minority/nonminority",Government-guaranteed business loan from a bank or financial institution,17,S
Retail trade,"Veteran, equally minority/nonminority",Business loan from a bank or financial institution,11,S
Retail trade,"Veteran, equally minority/nonminority",Business loan/investment from family/friends,0,0
Retail trade,"Veteran, equally minority/nonminority",Investment by venture capitalist(s),0,0
Retail trade,"Veteran, equally minority/nonminority",Grants,0,0
Retail trade,"Veteran, equally minority/nonminority",Other source(s) of capital,0,0
Retail trade,"Veteran, equally minority/nonminority",Don't know,0,0
Retail trade,"Veteran, equally minority/nonminority",None needed,7,S
Retail trade,"Veteran, equally minority/nonminority",Total reporting,199,25630
Retail trade,"Veteran, equally minority/nonminority",Item not reported,0,0
Retail trade,"Veteran, nonminority",All firms,167764,214075194
Retail trade,"Veteran, nonminority",Personal/family savings of owner(s),64968,90698359
Retail trade,"Veteran, nonminority",Personal/family assets other than savings of owner(s),7549,8993818
Retail trade,"Veteran, nonminority",Personal/family home equity loan,3898,5440661
Retail trade,"Veteran, nonminority",Personal credit card(s) carrying balances,9231,3271492
Retail trade,"Veteran, nonminority",Business credit card(s) carrying balances,3577,706726
Retail trade,"Veteran, nonminority","Business loan from federal, state, or local government",171,S
Retail trade,"Veteran, nonminority",Government-guaranteed business loan from a bank or financial institution,1082,1911968
Retail trade,"Veteran, nonminority",Business loan from a bank or financial institution,11278,40297420
Retail trade,"Veteran, nonminority",Business loan/investment from family/friends,2147,3955237
Retail trade,"Veteran, nonminority",Investment by venture capitalist(s),257,1230251
Retail trade,"Veteran, nonminority",Grants,105,S
Retail trade,"Veteran, nonminority",Other source(s) of capital,2315,7687197
Retail trade,"Veteran, nonminority",Don't know,6350,26922606
Retail trade,"Veteran, nonminority",None needed,17912,2795371
Retail trade,"Veteran, nonminority",Total reporting,103345(r),149855911(r)
Retail trade,"Veteran, nonminority",Item not reported,3578(r),1612345(r)
Retail trade,Equally veteran/nonveteran,All firms,76752,57884101
Retail trade,Equally veteran/nonveteran,Personal/family savings of owner(s),46427,25944705
Retail trade,Equally veteran/nonveteran,Personal/family assets other than savings of owner(s),7409,4692463
Retail trade,Equally veteran/nonveteran,Personal/family home equity loan,4160,3981810
Retail trade,Equally veteran/nonveteran,Personal credit card(s) carrying balances,7534,1857080
Retail trade,Equally veteran/nonveteran,Business credit card(s) carrying balances,2384,1095997
Retail trade,Equally veteran/nonveteran,"Business loan from federal, state, or local government",119,S
Retail trade,Equally veteran/nonveteran,Government-guaranteed business loan from a bank or financial institution,899,1520906
Retail trade,Equally veteran/nonveteran,Business loan from a bank or financial institution,8003,13277019
Retail trade,Equally veteran/nonveteran,Business loan/investment from family/friends,1869,1305542
Retail trade,Equally veteran/nonveteran,Investment by venture capitalist(s),27,S
Retail trade,Equally veteran/nonveteran,Grants,0,0
Retail trade,Equally veteran/nonveteran,Other source(s) of capital,1712,1384765
Retail trade,Equally veteran/nonveteran,Don't know,2122,7693091
Retail trade,Equally veteran/nonveteran,None needed,5370,1186725
Retail trade,Equally veteran/nonveteran,Total reporting,64284(r),43992326(r)
Retail trade,Equally veteran/nonveteran,Item not reported,527(r),419352(r)
Retail trade,"Equally veteran/nonveteran, female-owned",All firms,697,224515
Retail trade,"Equally veteran/nonveteran, female-owned",Personal/family savings of owner(s),404,S
Retail trade,"Equally veteran/nonveteran, female-owned",Personal/family assets other than savings of owner(s),5,S
Retail trade,"Equally veteran/nonveteran, female-owned",Personal/family home equity loan,33,S
Retail trade,"Equally veteran/nonveteran, female-owned",Personal credit card(s) carrying balances,135,S
Retail trade,"Equally veteran/nonveteran, female-owned",Business credit card(s) carrying balances,4,S
Retail trade,"Equally veteran/nonveteran, female-owned","Business loan from federal, state, or local government",0,0
Retail trade,"Equally veteran/nonveteran, female-owned",Government-guaranteed business loan from a bank or financial institution,0,0
Retail trade,"Equally veteran/nonveteran, female-owned",Business loan from a bank or financial institution,60,S
Retail trade,"Equally veteran/nonveteran, female-owned",Business loan/investment from family/friends,0,0
Retail trade,"Equally veteran/nonveteran, female-owned",Investment by venture capitalist(s),0,0
Retail trade,"Equally veteran/nonveteran, female-owned",Grants,0,0
Retail trade,"Equally veteran/nonveteran, female-owned",Other source(s) of capital,0,0
Retail trade,"Equally veteran/nonveteran, female-owned",Don't know,0,0
Retail trade,"Equally veteran/nonveteran, female-owned",None needed,0,0
Retail trade,"Equally veteran/nonveteran, female-owned",Total reporting,415,89046
Retail trade,"Equally veteran/nonveteran, female-owned",Item not reported,19,S
Retail trade,"Equally veteran/nonveteran, male-owned",All firms,9919,28372296
Retail trade,"Equally veteran/nonveteran, male-owned",Personal/family savings of owner(s),4940,13719766
Retail trade,"Equally veteran/nonveteran, male-owned",Personal/family assets other than savings of owner(s),800,2038287
Retail trade,"Equally veteran/nonveteran, male-owned",Personal/family home equity loan,470,1285315
Retail trade,"Equally veteran/nonveteran, male-owned",Personal credit card(s) carrying balances,509,418107
Retail trade,"Equally veteran/nonveteran, male-owned",Business credit card(s) carrying balances,144,155357
Retail trade,"Equally veteran/nonveteran, male-owned","Business loan from federal, state, or local government",67,S
Retail trade,"Equally veteran/nonveteran, male-owned",Government-guaranteed business loan from a bank or financial institution,91,337380
Retail trade,"Equally veteran/nonveteran, male-owned",Business loan from a bank or financial institution,1500,8311566
Retail trade,"Equally veteran/nonveteran, male-owned",Business loan/investment from family/friends,319,530703
Retail trade,"Equally veteran/nonveteran, male-owned",Investment by venture capitalist(s),9,S
Retail trade,"Equally veteran/nonveteran, male-owned",Grants,0,0
Retail trade,"Equally veteran/nonveteran, male-owned",Other source(s) of capital,322,S
Retail trade,"Equally veteran/nonveteran, male-owned",Don't know,776,4679899
Retail trade,"Equally veteran/nonveteran, male-owned",None needed,579,757114
Retail trade,"Equally veteran/nonveteran, male-owned",Total reporting,7963(r),24353519(r)
Retail trade,"Equally veteran/nonveteran, male-owned",Item not reported,75(r),S
Retail trade,"Equally veteran/nonveteran, equally male-/female-owned",All firms,66135,29287289
Retail trade,"Equally veteran/nonveteran, equally male-/female-owned",Personal/family savings of owner(s),41083,12142987
Retail trade,"Equally veteran/nonveteran, equally male-/female-owned",Personal/family assets other than savings of owner(s),6604,2643931
Retail trade,"Equally veteran/nonveteran, equally male-/female-owned",Personal/family home equity loan,3657,2640278
Retail trade,"Equally veteran/nonveteran, equally male-/female-owned",Personal credit card(s) carrying balances,6890,1438042
Retail trade,"Equally veteran/nonveteran, equally male-/female-owned",Business credit card(s) carrying balances,2236,940211
Retail trade,"Equally veteran/nonveteran, equally male-/female-owned","Business loan from federal, state, or local government",51,S
Retail trade,"Equally veteran/nonveteran, equally male-/female-owned",Government-guaranteed business loan from a bank or financial institution,808,1183526
Retail trade,"Equally veteran/nonveteran, equally male-/female-owned",Business loan from a bank or financial institution,6442,4906627
Retail trade,"Equally veteran/nonveteran, equally male-/female-owned",Business loan/investment from family/friends,1550,774839
Retail trade,"Equally veteran/nonveteran, equally male-/female-owned",Investment by venture capitalist(s),19,S
Retail trade,"Equally veteran/nonveteran, equally male-/female-owned",Grants,0,0
Retail trade,"Equally veteran/nonveteran, equally male-/female-owned",Other source(s) of capital,1391,371242
Retail trade,"Equally veteran/nonveteran, equally male-/female-owned",Don't know,1346,3013191
Retail trade,"Equally veteran/nonveteran, equally male-/female-owned",None needed,4792,429611
Retail trade,"Equally veteran/nonveteran, equally male-/female-owned",Total reporting,55906(r),19549761(r)
Retail trade,"Equally veteran/nonveteran, equally male-/female-owned",Item not reported,433(r),88585(r)
Retail trade,"Equally veteran/nonveteran, Hispanic",All firms,1036,352671
Retail trade,"Equally veteran/nonveteran, Hispanic",Personal/family savings of owner(s),648,173705
Retail trade,"Equally veteran/nonveteran, Hispanic",Personal/family assets other than savings of owner(s),183,S
Retail trade,"Equally veteran/nonveteran, Hispanic",Personal/family home equity loan,41,S
Retail trade,"Equally veteran/nonveteran, Hispanic",Personal credit card(s) carrying balances,29,S
Retail trade,"Equally veteran/nonveteran, Hispanic",Business credit card(s) carrying balances,15,5719
Retail trade,"Equally veteran/nonveteran, Hispanic","Business loan from federal, state, or local government",0,0
Retail trade,"Equally veteran/nonveteran, Hispanic",Government-guaranteed business loan from a bank or financial institution,11,S
Retail trade,"Equally veteran/nonveteran, Hispanic",Business loan from a bank or financial institution,26,35058
Retail trade,"Equally veteran/nonveteran, Hispanic",Business loan/investment from family/friends,9,S
Retail trade,"Equally veteran/nonveteran, Hispanic",Investment by venture capitalist(s),0,0
Retail trade,"Equally veteran/nonveteran, Hispanic",Grants,0,0
Retail trade,"Equally veteran/nonveteran, Hispanic",Other source(s) of capital,61,S
Retail trade,"Equally veteran/nonveteran, Hispanic",Don't know,40,S
Retail trade,"Equally veteran/nonveteran, Hispanic",None needed,30,S
Retail trade,"Equally veteran/nonveteran, Hispanic",Total reporting,903(r),308400(r)
Retail trade,"Equally veteran/nonveteran, Hispanic",Item not reported,12(r),S
Retail trade,"Equally veteran/nonveteran, equally Hispanic/non-Hispanic",All firms,2963,1917675
Retail trade,"Equally veteran/nonveteran, equally Hispanic/non-Hispanic",Personal/family savings of owner(s),1589,628900
Retail trade,"Equally veteran/nonveteran, equally Hispanic/non-Hispanic",Personal/family assets other than savings of owner(s),130,13232
Retail trade,"Equally veteran/nonveteran, equally Hispanic/non-Hispanic",Personal/family home equity loan,166,66263
Retail trade,"Equally veteran/nonveteran, equally Hispanic/non-Hispanic",Personal credit card(s) carrying balances,216,75772
Retail trade,"Equally veteran/nonveteran, equally Hispanic/non-Hispanic",Business credit card(s) carrying balances,39,S
Retail trade,"Equally veteran/nonveteran, equally Hispanic/non-Hispanic","Business loan from federal, state, or local government",0,0
Retail trade,"Equally veteran/nonveteran, equally Hispanic/non-Hispanic",Government-guaranteed business loan from a bank or financial institution,17,6229
Retail trade,"Equally veteran/nonveteran, equally Hispanic/non-Hispanic",Business loan from a bank or financial institution,120,S
Retail trade,"Equally veteran/nonveteran, equally Hispanic/non-Hispanic",Business loan/investment from family/friends,50,121585
Retail trade,"Equally veteran/nonveteran, equally Hispanic/non-Hispanic",Investment by venture capitalist(s),4,S
Retail trade,"Equally veteran/nonveteran, equally Hispanic/non-Hispanic",Grants,0,0
Retail trade,"Equally veteran/nonveteran, equally Hispanic/non-Hispanic",Other source(s) of capital,25,S
Retail trade,"Equally veteran/nonveteran, equally Hispanic/non-Hispanic",Don't know,13,S
Retail trade,"Equally veteran/nonveteran, equally Hispanic/non-Hispanic",None needed,252,22094
Retail trade,"Equally veteran/nonveteran, equally Hispanic/non-Hispanic",Total reporting,2104,1532819
Retail trade,"Equally veteran/nonveteran, equally Hispanic/non-Hispanic",Item not reported,0,0
Retail trade,"Equally veteran/nonveteran, non-Hispanic",All firms,72752,55613755
Retail trade,"Equally veteran/nonveteran, non-Hispanic",Personal/family savings of owner(s),44189,25142099
Retail trade,"Equally veteran/nonveteran, non-Hispanic",Personal/family assets other than savings of owner(s),7096,4658846
Retail trade,"Equally veteran/nonveteran, non-Hispanic",Personal/family home equity loan,3953,3889882
Retail trade,"Equally veteran/nonveteran, non-Hispanic",Personal credit card(s) carrying balances,7289,1759135
Retail trade,"Equally veteran/nonveteran, non-Hispanic",Business credit card(s) carrying balances,2330,1072247
Retail trade,"Equally veteran/nonveteran, non-Hispanic","Business loan from federal, state, or local government",119,S
Retail trade,"Equally veteran/nonveteran, non-Hispanic",Government-guaranteed business loan from a bank or financial institution,871,1507204
Retail trade,"Equally veteran/nonveteran, non-Hispanic",Business loan from a bank or financial institution,7857,12276868
Retail trade,"Equally veteran/nonveteran, non-Hispanic",Business loan/investment from family/friends,1810,1179451
Retail trade,"Equally veteran/nonveteran, non-Hispanic",Investment by venture capitalist(s),23,S
Retail trade,"Equally veteran/nonveteran, non-Hispanic",Grants,0,0
Retail trade,"Equally veteran/nonveteran, non-Hispanic",Other source(s) of capital,1626,1359275
Retail trade,"Equally veteran/nonveteran, non-Hispanic",Don't know,2069,7523056
Retail trade,"Equally veteran/nonveteran, non-Hispanic",None needed,5089,1164304
Retail trade,"Equally veteran/nonveteran, non-Hispanic",Total reporting,61277(r),42151107(r)
Retail trade,"Equally veteran/nonveteran, non-Hispanic",Item not reported,516(r),412056(r)
Retail trade,"Equally veteran/nonveteran, White",All firms,70823,55361823
Retail trade,"Equally veteran/nonveteran, White",Personal/family savings of owner(s),42930,24530444
Retail trade,"Equally veteran/nonveteran, White",Personal/family assets other than savings of owner(s),6967,4571714
Retail trade,"Equally veteran/nonveteran, White",Personal/family home equity loan,3827,3618072
Retail trade,"Equally veteran/nonveteran, White",Personal credit card(s) carrying balances,6741,1722955
Retail trade,"Equally veteran/nonveteran, White",Business credit card(s) carrying balances,2236,1037788
Retail trade,"Equally veteran/nonveteran, White","Business loan from federal, state, or local government",119,S
Retail trade,"Equally veteran/nonveteran, White",Government-guaranteed business loan from a bank or financial institution,872,1493659
Retail trade,"Equally veteran/nonveteran, White",Business loan from a bank or financial institution,7648,12800326
Retail trade,"Equally veteran/nonveteran, White",Business loan/investment from family/friends,1836,1297067
Retail trade,"Equally veteran/nonveteran, White",Investment by venture capitalist(s),25,S
Retail trade,"Equally veteran/nonveteran, White",Grants,0,0
Retail trade,"Equally veteran/nonveteran, White",Other source(s) of capital,1605,1301221
Retail trade,"Equally veteran/nonveteran, White",Don't know,2040,7663043
Retail trade,"Equally veteran/nonveteran, White",None needed,5287,1185288
Retail trade,"Equally veteran/nonveteran, White",Total reporting,59950(r),42341288(r)
Retail trade,"Equally veteran/nonveteran, White",Item not reported,415(r),407982(r)
Retail trade,"Equally veteran/nonveteran, Black or African American",All firms,1070,167431
Retail trade,"Equally veteran/nonveteran, Black or African American",Personal/family savings of owner(s),707,148253
Retail trade,"Equally veteran/nonveteran, Black or African American",Personal/family assets other than savings of owner(s),75,S
Retail trade,"Equally veteran/nonveteran, Black or African American",Personal/family home equity loan,64,S
Retail trade,"Equally veteran/nonveteran, Black or African American",Personal credit card(s) carrying balances,315,4847
Retail trade,"Equally veteran/nonveteran, Black or African American",Business credit card(s) carrying balances,71,S
Retail trade,"Equally veteran/nonveteran, Black or African American","Business loan from federal, state, or local government",0,0
Retail trade,"Equally veteran/nonveteran, Black or African American",Government-guaranteed business loan from a bank or financial institution,10,S
Retail trade,"Equally veteran/nonveteran, Black or African American",Business loan from a bank or financial institution,30,S
Retail trade,"Equally veteran/nonveteran, Black or African American",Business loan/investment from family/friends,0,0
Retail trade,"Equally veteran/nonveteran, Black or African American",Investment by venture capitalist(s),0,0
Retail trade,"Equally veteran/nonveteran, Black or African American",Grants,0,0
Retail trade,"Equally veteran/nonveteran, Black or African American",Other source(s) of capital,0,0
Retail trade,"Equally veteran/nonveteran, Black or African American",Don't know,59,S
Retail trade,"Equally veteran/nonveteran, Black or African American",None needed,25,S
Retail trade,"Equally veteran/nonveteran, Black or African American",Total reporting,940,151929
Retail trade,"Equally veteran/nonveteran, Black or African American",Item not reported,91,S
Retail trade,"Equally veteran/nonveteran, American Indian and Alaska Native",All firms,161,S
Retail trade,"Equally veteran/nonveteran, American Indian and Alaska Native",Personal/family savings of owner(s),53,S
Retail trade,"Equally veteran/nonveteran, American Indian and Alaska Native",Personal/family assets other than savings of owner(s),2,S
Retail trade,"Equally veteran/nonveteran, American Indian and Alaska Native",Personal/family home equity loan,5,S
Retail trade,"Equally veteran/nonveteran, American Indian and Alaska Native",Personal credit card(s) carrying balances,5,S
Retail trade,"Equally veteran/nonveteran, American Indian and Alaska Native",Business credit card(s) carrying balances,0,S
Retail trade,"Equally veteran/nonveteran, American Indian and Alaska Native","Business loan from federal, state, or local government",0,S
Retail trade,"Equally veteran/nonveteran, American Indian and Alaska Native",Government-guaranteed business loan from a bank or financial institution,0,S
Retail trade,"Equally veteran/nonveteran, American Indian and Alaska Native",Business loan from a bank or financial institution,5,S
Retail trade,"Equally veteran/nonveteran, American Indian and Alaska Native",Business loan/investment from family/friends,0,S
Retail trade,"Equally veteran/nonveteran, American Indian and Alaska Native",Investment by venture capitalist(s),0,S
Retail trade,"Equally veteran/nonveteran, American Indian and Alaska Native",Grants,0,S
Retail trade,"Equally veteran/nonveteran, American Indian and Alaska Native",Other source(s) of capital,0,S
Retail trade,"Equally veteran/nonveteran, American Indian and Alaska Native",Don't know,13,S
Retail trade,"Equally veteran/nonveteran, American Indian and Alaska Native",None needed,9,S
Retail trade,"Equally veteran/nonveteran, American Indian and Alaska Native",Total reporting,76,S
Retail trade,"Equally veteran/nonveteran, American Indian and Alaska Native",Item not reported,0,S
Retail trade,"Equally veteran/nonveteran, Asian",All firms,1225,902426
Retail trade,"Equally veteran/nonveteran, Asian",Personal/family savings of owner(s),748,S
Retail trade,"Equally veteran/nonveteran, Asian",Personal/family assets other than savings of owner(s),83,S
Retail trade,"Equally veteran/nonveteran, Asian",Personal/family home equity loan,121,S
Retail trade,"Equally veteran/nonveteran, Asian",Personal credit card(s) carrying balances,144,S
Retail trade,"Equally veteran/nonveteran, Asian",Business credit card(s) carrying balances,10,S
Retail trade,"Equally veteran/nonveteran, Asian","Business loan from federal, state, or local government",0,0
Retail trade,"Equally veteran/nonveteran, Asian",Government-guaranteed business loan from a bank or financial institution,0,0
Retail trade,"Equally veteran/nonveteran, Asian",Business loan from a bank or financial institution,153,S
Retail trade,"Equally veteran/nonveteran, Asian",Business loan/investment from family/friends,2,S
Retail trade,"Equally veteran/nonveteran, Asian",Investment by venture capitalist(s),0,0
Retail trade,"Equally veteran/nonveteran, Asian",Grants,0,0
Retail trade,"Equally veteran/nonveteran, Asian",Other source(s) of capital,6,S
Retail trade,"Equally veteran/nonveteran, Asian",Don't know,8,S
Retail trade,"Equally veteran/nonveteran, Asian",None needed,0,0
Retail trade,"Equally veteran/nonveteran, Asian",Total reporting,924,S
Retail trade,"Equally veteran/nonveteran, Asian",Item not reported,2,S
Retail trade,"Equally veteran/nonveteran, Native Hawaiian and Other Pacific Islander",All firms,22,1349
Retail trade,"Equally veteran/nonveteran, Native Hawaiian and Other Pacific Islander",Personal/family savings of owner(s),16,676
Retail trade,"Equally veteran/nonveteran, Native Hawaiian and Other Pacific Islander",Personal/family assets other than savings of owner(s),0,0
Retail trade,"Equally veteran/nonveteran, Native Hawaiian and Other Pacific Islander",Personal/family home equity loan,2,S
Retail trade,"Equally veteran/nonveteran, Native Hawaiian and Other Pacific Islander",Personal credit card(s) carrying balances,10,S
Retail trade,"Equally veteran/nonveteran, Native Hawaiian and Other Pacific Islander",Business credit card(s) carrying balances,0,0
Retail trade,"Equally veteran/nonveteran, Native Hawaiian and Other Pacific Islander","Business loan from federal, state, or local government",0,0
Retail trade,"Equally veteran/nonveteran, Native Hawaiian and Other Pacific Islander",Government-guaranteed business loan from a bank or financial institution,0,0
Retail trade,"Equally veteran/nonveteran, Native Hawaiian and Other Pacific Islander",Business loan from a bank or financial institution,0,0
Retail trade,"Equally veteran/nonveteran, Native Hawaiian and Other Pacific Islander",Business loan/investment from family/friends,0,0
Retail trade,"Equally veteran/nonveteran, Native Hawaiian and Other Pacific Islander",Investment by venture capitalist(s),0,0
Retail trade,"Equally veteran/nonveteran, Native Hawaiian and Other Pacific Islander",Grants,0,0
Retail trade,"Equally veteran/nonveteran, Native Hawaiian and Other Pacific Islander",Other source(s) of capital,0,0
Retail trade,"Equally veteran/nonveteran, Native Hawaiian and Other Pacific Islander",Don't know,0,0
Retail trade,"Equally veteran/nonveteran, Native Hawaiian and Other Pacific Islander",None needed,0,0
Retail trade,"Equally veteran/nonveteran, Native Hawaiian and Other Pacific Islander",Total reporting,26,685
Retail trade,"Equally veteran/nonveteran, Native Hawaiian and Other Pacific Islander",Item not reported,0,0
Retail trade,"Equally veteran/nonveteran, some other race",All firms,168,78845
Retail trade,"Equally veteran/nonveteran, some other race",Personal/family savings of owner(s),74,S
Retail trade,"Equally veteran/nonveteran, some other race",Personal/family assets other than savings of owner(s),42,S
Retail trade,"Equally veteran/nonveteran, some other race",Personal/family home equity loan,0,0
Retail trade,"Equally veteran/nonveteran, some other race",Personal credit card(s) carrying balances,0,0
Retail trade,"Equally veteran/nonveteran, some other race",Business credit card(s) carrying balances,0,0
Retail trade,"Equally veteran/nonveteran, some other race","Business loan from federal, state, or local government",0,0
Retail trade,"Equally veteran/nonveteran, some other race",Government-guaranteed business loan from a bank or financial institution,0,0
Retail trade,"Equally veteran/nonveteran, some other race",Business loan from a bank or financial institution,0,0
Retail trade,"Equally veteran/nonveteran, some other race",Business loan/investment from family/friends,0,0
Retail trade,"Equally veteran/nonveteran, some other race",Investment by venture capitalist(s),0,0
Retail trade,"Equally veteran/nonveteran, some other race",Grants,0,0
Retail trade,"Equally veteran/nonveteran, some other race",Other source(s) of capital,61,S
Retail trade,"Equally veteran/nonveteran, some other race",Don't know,0,0
Retail trade,"Equally veteran/nonveteran, some other race",None needed,0,0
Retail trade,"Equally veteran/nonveteran, some other race",Total reporting,175(r),S
Retail trade,"Equally veteran/nonveteran, some other race",Item not reported,12(r),S
Retail trade,"Equally veteran/nonveteran, minority",All firms,3902,1615041
Retail trade,"Equally veteran/nonveteran, minority",Personal/family savings of owner(s),2339,1132474
Retail trade,"Equally veteran/nonveteran, minority",Personal/family assets other than savings of owner(s),387,S
Retail trade,"Equally veteran/nonveteran, minority",Personal/family home equity loan,252,S
Retail trade,"Equally veteran/nonveteran, minority",Personal credit card(s) carrying balances,568,S
Retail trade,"Equally veteran/nonveteran, minority",Business credit card(s) carrying balances,118,S
Retail trade,"Equally veteran/nonveteran, minority","Business loan from federal, state, or local government",0,0
Retail trade,"Equally veteran/nonveteran, minority",Government-guaranteed business loan from a bank or financial institution,21,S
Retail trade,"Equally veteran/nonveteran, minority",Business loan from a bank or financial institution,223,S
Retail trade,"Equally veteran/nonveteran, minority",Business loan/investment from family/friends,13,5703
Retail trade,"Equally veteran/nonveteran, minority",Investment by venture capitalist(s),0,0
Retail trade,"Equally veteran/nonveteran, minority",Grants,0,0
Retail trade,"Equally veteran/nonveteran, minority",Other source(s) of capital,69,S
Retail trade,"Equally veteran/nonveteran, minority",Don't know,120,S
Retail trade,"Equally veteran/nonveteran, minority",None needed,64,S
Retail trade,"Equally veteran/nonveteran, minority",Total reporting,3047(r),1390677(r)
Retail trade,"Equally veteran/nonveteran, minority",Item not reported,104(r),S
Retail trade,"Equally veteran/nonveteran, equally minority/nonminority",All firms,5984,2740070
Retail trade,"Equally veteran/nonveteran, equally minority/nonminority",Personal/family savings of owner(s),3328,989440
Retail trade,"Equally veteran/nonveteran, equally minority/nonminority",Personal/family assets other than savings of owner(s),480,118013
Retail trade,"Equally veteran/nonveteran, equally minority/nonminority",Personal/family home equity loan,284,126817
Retail trade,"Equally veteran/nonveteran, equally minority/nonminority",Personal credit card(s) carrying balances,467,117174
Retail trade,"Equally veteran/nonveteran, equally minority/nonminority",Business credit card(s) carrying balances,107,57428
Retail trade,"Equally veteran/nonveteran, equally minority/nonminority","Business loan from federal, state, or local government",0,0
Retail trade,"Equally veteran/nonveteran, equally minority/nonminority",Government-guaranteed business loan from a bank or financial institution,38,11081
Retail trade,"Equally veteran/nonveteran, equally minority/nonminority",Business loan from a bank or financial institution,271,S
Retail trade,"Equally veteran/nonveteran, equally minority/nonminority",Business loan/investment from family/friends,92,126784
Retail trade,"Equally veteran/nonveteran, equally minority/nonminority",Investment by venture capitalist(s),6,S
Retail trade,"Equally veteran/nonveteran, equally minority/nonminority",Grants,0,0
Retail trade,"Equally veteran/nonveteran, equally minority/nonminority",Other source(s) of capital,79,63804
Retail trade,"Equally veteran/nonveteran, equally minority/nonminority",Don't know,27,S
Retail trade,"Equally veteran/nonveteran, equally minority/nonminority",None needed,346,33665
Retail trade,"Equally veteran/nonveteran, equally minority/nonminority",Total reporting,4235(r),2003508(r)
Retail trade,"Equally veteran/nonveteran, equally minority/nonminority",Item not reported,10(r),S
Retail trade,"Equally veteran/nonveteran, nonminority",All firms,66866,53528990
Retail trade,"Equally veteran/nonveteran, nonminority",Personal/family savings of owner(s),40759,23822792
Retail trade,"Equally veteran/nonveteran, nonminority",Personal/family assets other than savings of owner(s),6542,4527706
Retail trade,"Equally veteran/nonveteran, nonminority",Personal/family home equity loan,3624,3533599
Retail trade,"Equally veteran/nonveteran, nonminority",Personal credit card(s) carrying balances,6498,1624674
Retail trade,"Equally veteran/nonveteran, nonminority",Business credit card(s) carrying balances,2159,1006833
Retail trade,"Equally veteran/nonveteran, nonminority","Business loan from federal, state, or local government",119,S
Retail trade,"Equally veteran/nonveteran, nonminority",Government-guaranteed business loan from a bank or financial institution,840,1478182
Retail trade,"Equally veteran/nonveteran, nonminority",Business loan from a bank or financial institution,7508,11792967
Retail trade,"Equally veteran/nonveteran, nonminority",Business loan/investment from family/friends,1764,1173055
Retail trade,"Equally veteran/nonveteran, nonminority",Investment by venture capitalist(s),21,S
Retail trade,"Equally veteran/nonveteran, nonminority",Grants,0,0
Retail trade,"Equally veteran/nonveteran, nonminority",Other source(s) of capital,1564,1285489
Retail trade,"Equally veteran/nonveteran, nonminority",Don't know,1976,7479817
Retail trade,"Equally veteran/nonveteran, nonminority",None needed,4961,1151548
Retail trade,"Equally veteran/nonveteran, nonminority",Total reporting,57002(r),40598141(r)
Retail trade,"Equally veteran/nonveteran, nonminority",Item not reported,413(r),407386(r)
Retail trade,Nonveteran,All firms,2218726,1830436424
Retail trade,Nonveteran,Personal/family savings of owner(s),905061,635026467
Retail trade,Nonveteran,Personal/family assets other than savings of owner(s),97689,147095622
Retail trade,Nonveteran,Personal/family home equity loan,59842,64019279
Retail trade,Nonveteran,Personal credit card(s) carrying balances,158022,42675005
Retail trade,Nonveteran,Business credit card(s) carrying balances,45817,19763259
Retail trade,Nonveteran,"Business loan from federal, state, or local government",2782,3874674
Retail trade,Nonveteran,Government-guaranteed business loan from a bank or financial institution,12246,20173141
Retail trade,Nonveteran,Business loan from a bank or financial institution,118817,301640597
Retail trade,Nonveteran,Business loan/investment from family/friends,41564,75965227
Retail trade,Nonveteran,Investment by venture capitalist(s),2768,7381364
Retail trade,Nonveteran,Grants,1571,505669
Retail trade,Nonveteran,Other source(s) of capital,27646,47528977
Retail trade,Nonveteran,Don't know,88937,304570922
Retail trade,Nonveteran,None needed,212015,55462660
Retail trade,Nonveteran,Total reporting,1399467(r),1241597803(r)
Retail trade,Nonveteran,Item not reported,28945(r),9134916(r)
Retail trade,"Nonveteran, female-owned",All firms,1004969,207320723
Retail trade,"Nonveteran, female-owned",Personal/family savings of owner(s),410190,81227675
Retail trade,"Nonveteran, female-owned",Personal/family assets other than savings of owner(s),34447,21454231
Retail trade,"Nonveteran, female-owned",Personal/family home equity loan,16000,7611780
Retail trade,"Nonveteran, female-owned",Personal credit card(s) carrying balances,78878,7893302
Retail trade,"Nonveteran, female-owned",Business credit card(s) carrying balances,18190,3413538
Retail trade,"Nonveteran, female-owned","Business loan from federal, state, or local government",693,753576
Retail trade,"Nonveteran, female-owned",Government-guaranteed business loan from a bank or financial institution,3091,2772747
Retail trade,"Nonveteran, female-owned",Business loan from a bank or financial institution,28509,28501960
Retail trade,"Nonveteran, female-owned",Business loan/investment from family/friends,11461,14181556
Retail trade,"Nonveteran, female-owned",Investment by venture capitalist(s),396,314400
Retail trade,"Nonveteran, female-owned",Grants,586,147713
Retail trade,"Nonveteran, female-owned",Other source(s) of capital,9450,9604044
Retail trade,"Nonveteran, female-owned",Don't know,28840,39032719
Retail trade,"Nonveteran, female-owned",None needed,118410,10208400
Retail trade,"Nonveteran, female-owned",Total reporting,639287(r),152730119(r)
Retail trade,"Nonveteran, female-owned",Item not reported,16329(r),2420014(r)
Retail trade,"Nonveteran, male-owned",All firms,957381,1421036618
Retail trade,"Nonveteran, male-owned",Personal/family savings of owner(s),357843,482264334
Retail trade,"Nonveteran, male-owned",Personal/family assets other than savings of owner(s),42083,108330309
Retail trade,"Nonveteran, male-owned",Personal/family home equity loan,27671,42930228
Retail trade,"Nonveteran, male-owned",Personal credit card(s) carrying balances,55137,26596892
Retail trade,"Nonveteran, male-owned",Business credit card(s) carrying balances,18306,12314285
Retail trade,"Nonveteran, male-owned","Business loan from federal, state, or local government",1447,2566662
Retail trade,"Nonveteran, male-owned",Government-guaranteed business loan from a bank or financial institution,5270,12175152
Retail trade,"Nonveteran, male-owned",Business loan from a bank or financial institution,63183,238685341
Retail trade,"Nonveteran, male-owned",Business loan/investment from family/friends,21793,51560489
Retail trade,"Nonveteran, male-owned",Investment by venture capitalist(s),1759,6615676
Retail trade,"Nonveteran, male-owned",Grants,611,211801
Retail trade,"Nonveteran, male-owned",Other source(s) of capital,12950,33041248
Retail trade,"Nonveteran, male-owned",Don't know,50326,243534455
Retail trade,"Nonveteran, male-owned",None needed,80556,40204890
Retail trade,"Nonveteran, male-owned",Total reporting,567796(r),960406658(r)
Retail trade,"Nonveteran, male-owned",Item not reported,11192(r),6103809(r)
Retail trade,"Nonveteran, equally male-/female-owned",All firms,256376,202079083
Retail trade,"Nonveteran, equally male-/female-owned",Personal/family savings of owner(s),137027,71534458
Retail trade,"Nonveteran, equally male-/female-owned",Personal/family assets other than savings of owner(s),21159,17311082
Retail trade,"Nonveteran, equally male-/female-owned",Personal/family home equity loan,16171,13477272
Retail trade,"Nonveteran, equally male-/female-owned",Personal credit card(s) carrying balances,24007,8184811
Retail trade,"Nonveteran, equally male-/female-owned",Business credit card(s) carrying balances,9320,4035436
Retail trade,"Nonveteran, equally male-/female-owned","Business loan from federal, state, or local government",642,554436
Retail trade,"Nonveteran, equally male-/female-owned",Government-guaranteed business loan from a bank or financial institution,3885,5225242
Retail trade,"Nonveteran, equally male-/female-owned",Business loan from a bank or financial institution,27124,34453295
Retail trade,"Nonveteran, equally male-/female-owned",Business loan/investment from family/friends,8310,10223183
Retail trade,"Nonveteran, equally male-/female-owned",Investment by venture capitalist(s),613,451288
Retail trade,"Nonveteran, equally male-/female-owned",Grants,374,146155
Retail trade,"Nonveteran, equally male-/female-owned",Other source(s) of capital,5245,4883685
Retail trade,"Nonveteran, equally male-/female-owned",Don't know,9771,22003749
Retail trade,"Nonveteran, equally male-/female-owned",None needed,13049,5049369
Retail trade,"Nonveteran, equally male-/female-owned",Total reporting,192384(r),128461027(r)
Retail trade,"Nonveteran, equally male-/female-owned",Item not reported,1424(r),611093(r)
Retail trade,"Nonveteran, Hispanic",All firms,242312,88046326
Retail trade,"Nonveteran, Hispanic",Personal/family savings of owner(s),63190,21815155
Retail trade,"Nonveteran, Hispanic",Personal/family assets other than savings of owner(s),5683,3949029
Retail trade,"Nonveteran, Hispanic",Personal/family home equity loan,3196,1934920
Retail trade,"Nonveteran, Hispanic",Personal credit card(s) carrying balances,12208,2178961
Retail trade,"Nonveteran, Hispanic",Business credit card(s) carrying balances,2645,581832
Retail trade,"Nonveteran, Hispanic","Business loan from federal, state, or local government",195,S
Retail trade,"Nonveteran, Hispanic",Government-guaranteed business loan from a bank or financial institution,479,425330
Retail trade,"Nonveteran, Hispanic",Business loan from a bank or financial institution,3864,8313540
Retail trade,"Nonveteran, Hispanic",Business loan/investment from family/friends,2645,2391559
Retail trade,"Nonveteran, Hispanic",Investment by venture capitalist(s),324,297182
Retail trade,"Nonveteran, Hispanic",Grants,284,S
Retail trade,"Nonveteran, Hispanic",Other source(s) of capital,2246,2810849
Retail trade,"Nonveteran, Hispanic",Don't know,6389,5446912
Retail trade,"Nonveteran, Hispanic",None needed,14811,845688
Retail trade,"Nonveteran, Hispanic",Total reporting,96312(r),36120480(r)
Retail trade,"Nonveteran, Hispanic",Item not reported,3250(r),224130(r)
Retail trade,"Nonveteran, equally Hispanic/non-Hispanic",All firms,11527,6706209
Retail trade,"Nonveteran, equally Hispanic/non-Hispanic",Personal/family savings of owner(s),5146,1741741
Retail trade,"Nonveteran, equally Hispanic/non-Hispanic",Personal/family assets other than savings of owner(s),746,437647
Retail trade,"Nonveteran, equally Hispanic/non-Hispanic",Personal/family home equity loan,864,501719
Retail trade,"Nonveteran, equally Hispanic/non-Hispanic",Personal credit card(s) carrying balances,943,354469
Retail trade,"Nonveteran, equally Hispanic/non-Hispanic",Business credit card(s) carrying balances,303,184478
Retail trade,"Nonveteran, equally Hispanic/non-Hispanic","Business loan from federal, state, or local government",13,S
Retail trade,"Nonveteran, equally Hispanic/non-Hispanic",Government-guaranteed business loan from a bank or financial institution,73,S
Retail trade,"Nonveteran, equally Hispanic/non-Hispanic",Business loan from a bank or financial institution,912,539834
Retail trade,"Nonveteran, equally Hispanic/non-Hispanic",Business loan/investment from family/friends,325,278671
Retail trade,"Nonveteran, equally Hispanic/non-Hispanic",Investment by venture capitalist(s),51,S
Retail trade,"Nonveteran, equally Hispanic/non-Hispanic",Grants,0,0
Retail trade,"Nonveteran, equally Hispanic/non-Hispanic",Other source(s) of capital,166,S
Retail trade,"Nonveteran, equally Hispanic/non-Hispanic",Don't know,354,1249602
Retail trade,"Nonveteran, equally Hispanic/non-Hispanic",None needed,603,33875
Retail trade,"Nonveteran, equally Hispanic/non-Hispanic",Total reporting,7529(r),5303283(r)
Retail trade,"Nonveteran, equally Hispanic/non-Hispanic",Item not reported,20(r),S
Retail trade,"Nonveteran, non-Hispanic",All firms,1964887,1735683889
Retail trade,"Nonveteran, non-Hispanic",Personal/family savings of owner(s),836725,611469570
Retail trade,"Nonveteran, non-Hispanic",Personal/family assets other than savings of owner(s),91260,142708946
Retail trade,"Nonveteran, non-Hispanic",Personal/family home equity loan,55782,61582640
Retail trade,"Nonveteran, non-Hispanic",Personal credit card(s) carrying balances,144871,40141575
Retail trade,"Nonveteran, non-Hispanic",Business credit card(s) carrying balances,42868,18996948
Retail trade,"Nonveteran, non-Hispanic","Business loan from federal, state, or local government",2574,3656658
Retail trade,"Nonveteran, non-Hispanic",Government-guaranteed business loan from a bank or financial institution,11693,19644159
Retail trade,"Nonveteran, non-Hispanic",Business loan from a bank or financial institution,114041,292787222
Retail trade,"Nonveteran, non-Hispanic",Business loan/investment from family/friends,38594,73294998
Retail trade,"Nonveteran, non-Hispanic",Investment by venture capitalist(s),2394,7061965
Retail trade,"Nonveteran, non-Hispanic",Grants,1288,443396
Retail trade,"Nonveteran, non-Hispanic",Other source(s) of capital,25233,42974695
Retail trade,"Nonveteran, non-Hispanic",Don't know,82194,297874408
Retail trade,"Nonveteran, non-Hispanic",None needed,196600,54583098
Retail trade,"Nonveteran, non-Hispanic",Total reporting,1295626(r),1200174041(r)
Retail trade,"Nonveteran, non-Hispanic",Item not reported,25676(r),8907224(r)
Retail trade,"Nonveteran, White",All firms,1779591,1639332767
Retail trade,"Nonveteran, White",Personal/family savings of owner(s),762242,569164907
Retail trade,"Nonveteran, White",Personal/family assets other than savings of owner(s),83725,135307680
Retail trade,"Nonveteran, White",Personal/family home equity loan,48820,51716880
Retail trade,"Nonveteran, White",Personal credit card(s) carrying balances,132801,33011944
Retail trade,"Nonveteran, White",Business credit card(s) carrying balances,39780,16988131
Retail trade,"Nonveteran, White","Business loan from federal, state, or local government",2369,3525671
Retail trade,"Nonveteran, White",Government-guaranteed business loan from a bank or financial institution,10257,16781947
Retail trade,"Nonveteran, White",Business loan from a bank or financial institution,104183,276129255
Retail trade,"Nonveteran, White",Business loan/investment from family/friends,32537,66780941
Retail trade,"Nonveteran, White",Investment by venture capitalist(s),2228,6633034
Retail trade,"Nonveteran, White",Grants,1097,456572
Retail trade,"Nonveteran, White",Other source(s) of capital,21494,43726716
Retail trade,"Nonveteran, White",Don't know,73440,281417010
Retail trade,"Nonveteran, White",None needed,188173,53862690
Retail trade,"Nonveteran, White",Total reporting,1191791(r),1130968096(r)
Retail trade,"Nonveteran, White",Item not reported,23123(r),8122367(r)
Retail trade,"Nonveteran, Black or African American",All firms,141849,14926721
Retail trade,"Nonveteran, Black or African American",Personal/family savings of owner(s),36563,3304943
Retail trade,"Nonveteran, Black or African American",Personal/family assets other than savings of owner(s),2482,803363
Retail trade,"Nonveteran, Black or African American",Personal/family home equity loan,1246,647669
Retail trade,"Nonveteran, Black or African American",Personal credit card(s) carrying balances,7601,523379
Retail trade,"Nonveteran, Black or African American",Business credit card(s) carrying balances,1181,209152
Retail trade,"Nonveteran, Black or African American","Business loan from federal, state, or local government",122,S
Retail trade,"Nonveteran, Black or African American",Government-guaranteed business loan from a bank or financial institution,255,107997
Retail trade,"Nonveteran, Black or African American",Business loan from a bank or financial institution,1355,1734558
Retail trade,"Nonveteran, Black or African American",Business loan/investment from family/friends,1264,263430
Retail trade,"Nonveteran, Black or African American",Investment by venture capitalist(s),122,S
Retail trade,"Nonveteran, Black or African American",Grants,197,S
Retail trade,"Nonveteran, Black or African American",Other source(s) of capital,1362,S
Retail trade,"Nonveteran, Black or African American",Don't know,2854,4551887
Retail trade,"Nonveteran, Black or African American",None needed,10831,168463
Retail trade,"Nonveteran, Black or African American",Total reporting,55431(r),9494284(r)
Retail trade,"Nonveteran, Black or African American",Item not reported,3025(r),195786(r)
Retail trade,"Nonveteran, American Indian and Alaska Native",All firms,19707,5711119
Retail trade,"Nonveteran, American Indian and Alaska Native",Personal/family savings of owner(s),6928,1896550
Retail trade,"Nonveteran, American Indian and Alaska Native",Personal/family assets other than savings of owner(s),836,242893
Retail trade,"Nonveteran, American Indian and Alaska Native",Personal/family home equity loan,272,180097
Retail trade,"Nonveteran, American Indian and Alaska Native",Personal credit card(s) carrying balances,1319,159711
Retail trade,"Nonveteran, American Indian and Alaska Native",Business credit card(s) carrying balances,220,96616
Retail trade,"Nonveteran, American Indian and Alaska Native","Business loan from federal, state, or local government",13,S
Retail trade,"Nonveteran, American Indian and Alaska Native",Government-guaranteed business loan from a bank or financial institution,140,75983
Retail trade,"Nonveteran, American Indian and Alaska Native",Business loan from a bank or financial institution,705,920678
Retail trade,"Nonveteran, American Indian and Alaska Native",Business loan/investment from family/friends,380,131418
Retail trade,"Nonveteran, American Indian and Alaska Native",Investment by venture capitalist(s),29,S
Retail trade,"Nonveteran, American Indian and Alaska Native",Grants,46,1623
Retail trade,"Nonveteran, American Indian and Alaska Native",Other source(s) of capital,375,318652
Retail trade,"Nonveteran, American Indian and Alaska Native",Don't know,481,688439
Retail trade,"Nonveteran, American Indian and Alaska Native",None needed,1665,67598
Retail trade,"Nonveteran, American Indian and Alaska Native",Total reporting,10662(r),3105434(r)
Retail trade,"Nonveteran, American Indian and Alaska Native",Item not reported,490(r),S
Retail trade,"Nonveteran, Asian",All firms,211992,154038289
Retail trade,"Nonveteran, Asian",Personal/family savings of owner(s),85216,55772201
Retail trade,"Nonveteran, Asian",Personal/family assets other than savings of owner(s),9515,9159628
Retail trade,"Nonveteran, Asian",Personal/family home equity loan,8380,10060344
Retail trade,"Nonveteran, Asian",Personal credit card(s) carrying balances,14252,7962204
Retail trade,"Nonveteran, Asian",Business credit card(s) carrying balances,3844,2232745
Retail trade,"Nonveteran, Asian","Business loan from federal, state, or local government",201,202672
Retail trade,"Nonveteran, Asian",Government-guaranteed business loan from a bank or financial institution,1464,2704645
Retail trade,"Nonveteran, Asian",Business loan from a bank or financial institution,11004,20530809
Retail trade,"Nonveteran, Asian",Business loan/investment from family/friends,6575,7432187
Retail trade,"Nonveteran, Asian",Investment by venture capitalist(s),417,292529
Retail trade,"Nonveteran, Asian",Grants,164,16483
Retail trade,"Nonveteran, Asian",Other source(s) of capital,3802,2491790
Retail trade,"Nonveteran, Asian",Don't know,9510,14817968
Retail trade,"Nonveteran, Asian",None needed,8533,S
Retail trade,"Nonveteran, Asian",Total reporting,119634(r),88751851(r)
Retail trade,"Nonveteran, Asian",Item not reported,1808(r),796583(r)
Retail trade,"Nonveteran, Native Hawaiian and Other Pacific Islander",All firms,4196,757021
Retail trade,"Nonveteran, Native Hawaiian and Other Pacific Islander",Personal/family savings of owner(s),1040,240131
Retail trade,"Nonveteran, Native Hawaiian and Other Pacific Islander",Personal/family assets other than savings of owner(s),118,109725
Retail trade,"Nonveteran, Native Hawaiian and Other Pacific Islander",Personal/family home equity loan,89,43374
Retail trade,"Nonveteran, Native Hawaiian and Other Pacific Islander",Personal credit card(s) carrying balances,238,50340
Retail trade,"Nonveteran, Native Hawaiian and Other Pacific Islander",Business credit card(s) carrying balances,110,45266
Retail trade,"Nonveteran, Native Hawaiian and Other Pacific Islander","Business loan from federal, state, or local government",65,S
Retail trade,"Nonveteran, Native Hawaiian and Other Pacific Islander",Government-guaranteed business loan from a bank or financial institution,64,S
Retail trade,"Nonveteran, Native Hawaiian and Other Pacific Islander",Business loan from a bank or financial institution,156,60176
Retail trade,"Nonveteran, Native Hawaiian and Other Pacific Islander",Business loan/investment from family/friends,88,S
Retail trade,"Nonveteran, Native Hawaiian and Other Pacific Islander",Investment by venture capitalist(s),51,S
Retail trade,"Nonveteran, Native Hawaiian and Other Pacific Islander",Grants,53,S
Retail trade,"Nonveteran, Native Hawaiian and Other Pacific Islander",Other source(s) of capital,64,S
Retail trade,"Nonveteran, Native Hawaiian and Other Pacific Islander",Don't know,233,21009
Retail trade,"Nonveteran, Native Hawaiian and Other Pacific Islander",None needed,432,13834
Retail trade,"Nonveteran, Native Hawaiian and Other Pacific Islander",Total reporting,1813(r),348749(r)
Retail trade,"Nonveteran, Native Hawaiian and Other Pacific Islander",Item not reported,104(r),S
Retail trade,"Nonveteran, some other race",All firms,86465,17676278
Retail trade,"Nonveteran, some other race",Personal/family savings of owner(s),19312,5412549
Retail trade,"Nonveteran, some other race",Personal/family assets other than savings of owner(s),1841,1298243
Retail trade,"Nonveteran, some other race",Personal/family home equity loan,1059,703576
Retail trade,"Nonveteran, some other race",Personal credit card(s) carrying balances,3254,509576
Retail trade,"Nonveteran, some other race",Business credit card(s) carrying balances,885,222654
Retail trade,"Nonveteran, some other race","Business loan from federal, state, or local government",124,S
Retail trade,"Nonveteran, some other race",Government-guaranteed business loan from a bank or financial institution,180,S
Retail trade,"Nonveteran, some other race",Business loan from a bank or financial institution,1762,2795102
Retail trade,"Nonveteran, some other race",Business loan/investment from family/friends,929,969482
Retail trade,"Nonveteran, some other race",Investment by venture capitalist(s),55,S
Retail trade,"Nonveteran, some other race",Grants,122,S
Retail trade,"Nonveteran, some other race",Other source(s) of capital,951,516551
Retail trade,"Nonveteran, some other race",Don't know,2850,2437549
Retail trade,"Nonveteran, some other race",None needed,4394,229278
Retail trade,"Nonveteran, some other race",Total reporting,30575(r),10676967(r)
Retail trade,"Nonveteran, some other race",Item not reported,1055(r),36633(r)
Retail trade,"Nonveteran, minority",All firms,610270,268258013
Retail trade,"Nonveteran, minority",Personal/family savings of owner(s),191044,84677204
Retail trade,"Nonveteran, minority",Personal/family assets other than savings of owner(s),18545,15232888
Retail trade,"Nonveteran, minority",Personal/family home equity loan,13120,13648261
Retail trade,"Nonveteran, minority",Personal credit card(s) carrying balances,34670,11408004
Retail trade,"Nonveteran, minority",Business credit card(s) carrying balances,7836,3205845
Retail trade,"Nonveteran, minority","Business loan from federal, state, or local government",462,437321
Retail trade,"Nonveteran, minority",Government-guaranteed business loan from a bank or financial institution,2320,3451763
Retail trade,"Nonveteran, minority",Business loan from a bank or financial institution,17096,31839503
Retail trade,"Nonveteran, minority",Business loan/investment from family/friends,10803,11136200
Retail trade,"Nonveteran, minority",Investment by venture capitalist(s),806,964955
Retail trade,"Nonveteran, minority",Grants,600,109196
Retail trade,"Nonveteran, minority",Other source(s) of capital,7732,6367792
Retail trade,"Nonveteran, minority",Don't know,19534,26094734
Retail trade,"Nonveteran, minority",None needed,35073,3698855
Retail trade,"Nonveteran, minority",Total reporting,280567(r),140135874(r)
Retail trade,"Nonveteran, minority",Item not reported,8220(r),1236630(r)
Retail trade,"Nonveteran, equally minority/nonminority",All firms,19782,11282797
Retail trade,"Nonveteran, equally minority/nonminority",Personal/family savings of owner(s),10437,3610356
Retail trade,"Nonveteran, equally minority/nonminority",Personal/family assets other than savings of owner(s),1603,635210
Retail trade,"Nonveteran, equally minority/nonminority",Personal/family home equity loan,1443,771746
Retail trade,"Nonveteran, equally minority/nonminority",Personal credit card(s) carrying balances,2300,548634
Retail trade,"Nonveteran, equally minority/nonminority",Business credit card(s) carrying balances,801,240871
Retail trade,"Nonveteran, equally minority/nonminority","Business loan from federal, state, or local government",19,S
Retail trade,"Nonveteran, equally minority/nonminority",Government-guaranteed business loan from a bank or financial institution,204,462443
Retail trade,"Nonveteran, equally minority/nonminority",Business loan from a bank or financial institution,1499,1417843
Retail trade,"Nonveteran, equally minority/nonminority",Business loan/investment from family/friends,589,320494
Retail trade,"Nonveteran, equally minority/nonminority",Investment by venture capitalist(s),77,44438
Retail trade,"Nonveteran, equally minority/nonminority",Grants,63,S
Retail trade,"Nonveteran, equally minority/nonminority",Other source(s) of capital,379,S
Retail trade,"Nonveteran, equally minority/nonminority",Don't know,576,2085107
Retail trade,"Nonveteran, equally minority/nonminority",None needed,925,61342
Retail trade,"Nonveteran, equally minority/nonminority",Total reporting,14156(r),8569184(r)
Retail trade,"Nonveteran, equally minority/nonminority",Item not reported,74(r),88022(r)
Retail trade,"Nonveteran, nonminority",All firms,1588674,1550895614
Retail trade,"Nonveteran, nonminority",Personal/family savings of owner(s),703579,546738907
Retail trade,"Nonveteran, nonminority",Personal/family assets other than savings of owner(s),77541,131227524
Retail trade,"Nonveteran, nonminority",Personal/family home equity loan,45279,49599272
Retail trade,"Nonveteran, nonminority",Personal credit card(s) carrying balances,121052,30718367
Retail trade,"Nonveteran, nonminority",Business credit card(s) carrying balances,37180,16316543
Retail trade,"Nonveteran, nonminority","Business loan from federal, state, or local government",2302,3418017
Retail trade,"Nonveteran, nonminority",Government-guaranteed business loan from a bank or financial institution,9721,16258935
Retail trade,"Nonveteran, nonminority",Business loan from a bank or financial institution,100222,268383252
Retail trade,"Nonveteran, nonminority",Business loan/investment from family/friends,30172,64508534
Retail trade,"Nonveteran, nonminority",Investment by venture capitalist(s),1885,6371972
Retail trade,"Nonveteran, nonminority",Grants,909,394516
Retail trade,"Nonveteran, nonminority",Other source(s) of capital,19535,39249978
Retail trade,"Nonveteran, nonminority",Don't know,68827,276391081
Retail trade,"Nonveteran, nonminority",None needed,176016,51702463
Retail trade,"Nonveteran, nonminority",Total reporting,1104744(r),1092892745(r)
Retail trade,"Nonveteran, nonminority",Item not reported,20652(r),7810265(r)
Retail trade,"All firms classifiable by gender, ethnicity, race, and veteran status",All firms,2499942,2110478896
Retail trade,"All firms classifiable by gender, ethnicity, race, and veteran status",Personal/family savings of owner(s),1024943,754799467
Retail trade,"All firms classifiable by gender, ethnicity, race, and veteran status",Personal/family assets other than savings of owner(s),113297,160916925
Retail trade,"All firms classifiable by gender, ethnicity, race, and veteran status",Personal/family home equity loan,68106,73475112
Retail trade,"All firms classifiable by gender, ethnicity, race, and veteran status",Personal credit card(s) carrying balances,176933,47953812
Retail trade,"All firms classifiable by gender, ethnicity, race, and veteran status",Business credit card(s) carrying balances,52173,21606438
Retail trade,"All firms classifiable by gender, ethnicity, race, and veteran status","Business loan from federal, state, or local government",3075,4581643
Retail trade,"All firms classifiable by gender, ethnicity, race, and veteran status",Government-guaranteed business loan from a bank or financial institution,14497,23713597
Retail trade,"All firms classifiable by gender, ethnicity, race, and veteran status",Business loan from a bank or financial institution,138737,356091749
Retail trade,"All firms classifiable by gender, ethnicity, race, and veteran status",Business loan/investment from family/friends,45974,81273886
Retail trade,"All firms classifiable by gender, ethnicity, race, and veteran status",Investment by venture capitalist(s),3120,8679613
Retail trade,"All firms classifiable by gender, ethnicity, race, and veteran status",Grants,1687,508739
Retail trade,"All firms classifiable by gender, ethnicity, race, and veteran status",Other source(s) of capital,32034,56621181
Retail trade,"All firms classifiable by gender, ethnicity, race, and veteran status",Don't know,98182,340956288
Retail trade,"All firms classifiable by gender, ethnicity, race, and veteran status",None needed,237383,59571991
Retail trade,"All firms classifiable by gender, ethnicity, race, and veteran status",Total reporting,1580077(r),1441111767(r)
Retail trade,"All firms classifiable by gender, ethnicity, race, and veteran status",Item not reported,33668(r),11246702(r)
Retail trade,"Publicly held and other firms not classifiable by gender, ethnicity, race, and veteran status",All firms,18869,2176907111
Retail trade,"Publicly held and other firms not classifiable by gender, ethnicity, race, and veteran status",Personal/family savings of owner(s),923,2827720
Retail trade,"Publicly held and other firms not classifiable by gender, ethnicity, race, and veteran status",Personal/family assets other than savings of owner(s),134,S
Retail trade,"Publicly held and other firms not classifiable by gender, ethnicity, race, and veteran status",Personal/family home equity loan,47,S
Retail trade,"Publicly held and other firms not classifiable by gender, ethnicity, race, and veteran status",Personal credit card(s) carrying balances,124,S
Retail trade,"Publicly held and other firms not classifiable by gender, ethnicity, race, and veteran status",Business credit card(s) carrying balances,2,S
Retail trade,"Publicly held and other firms not classifiable by gender, ethnicity, race, and veteran status","Business loan from federal, state, or local government",0,0
Retail trade,"Publicly held and other firms not classifiable by gender, ethnicity, race, and veteran status",Government-guaranteed business loan from a bank or financial institution,74,S
Retail trade,"Publicly held and other firms not classifiable by gender, ethnicity, race, and veteran status",Business loan from a bank or financial institution,116,S
Retail trade,"Publicly held and other firms not classifiable by gender, ethnicity, race, and veteran status",Business loan/investment from family/friends,107,S
Retail trade,"Publicly held and other firms not classifiable by gender, ethnicity, race, and veteran status",Investment by venture capitalist(s),53,580987
Retail trade,"Publicly held and other firms not classifiable by gender, ethnicity, race, and veteran status",Grants,0,0
Retail trade,"Publicly held and other firms not classifiable by gender, ethnicity, race, and veteran status",Other source(s) of capital,94,S
Retail trade,"Publicly held and other firms not classifiable by gender, ethnicity, race, and veteran status",Don't know,1187,17705990
Retail trade,"Publicly held and other firms not classifiable by gender, ethnicity, race, and veteran status",None needed,1061,1374638
Retail trade,"Publicly held and other firms not classifiable by gender, ethnicity, race, and veteran status",Total reporting,3652(r),25031894(r)
Retail trade,"Publicly held and other firms not classifiable by gender, ethnicity, race, and veteran status",Item not reported,13756(r),991943162(r)
Transportation and warehousing(607),All firms,All firms,1213201,895478583
Transportation and warehousing(607),All firms,Personal/family savings of owner(s),311267,126881943
Transportation and warehousing(607),All firms,Personal/family assets other than savings of owner(s),35888,24277063
Transportation and warehousing(607),All firms,Personal/family home equity loan,25723,10051717
Transportation and warehousing(607),All firms,Personal credit card(s) carrying balances,49194,13450956
Transportation and warehousing(607),All firms,Business credit card(s) carrying balances,15175,5488745
Transportation and warehousing(607),All firms,"Business loan from federal, state, or local government",919,320431
Transportation and warehousing(607),All firms,Government-guaranteed business loan from a bank or financial institution,2185,2442868
Transportation and warehousing(607),All firms,Business loan from a bank or financial institution,82652,61389085
Transportation and warehousing(607),All firms,Business loan/investment from family/friends,14806,9543502
Transportation and warehousing(607),All firms,Investment by venture capitalist(s),1082,2553861
Transportation and warehousing(607),All firms,Grants,639,84861
Transportation and warehousing(607),All firms,Other source(s) of capital,15498,17195266
Transportation and warehousing(607),All firms,Don't know,52601,55003460
Transportation and warehousing(607),All firms,None needed,142691,17638071
Transportation and warehousing(607),All firms,Total reporting,609836(r),255164110(r)
Transportation and warehousing(607),All firms,Item not reported,34666(r),145175814(r)
Transportation and warehousing(607),Female-owned,All firms,158745,44215826
Transportation and warehousing(607),Female-owned,Personal/family savings of owner(s),29315,14028296
Transportation and warehousing(607),Female-owned,Personal/family assets other than savings of owner(s),3795,3413796
Transportation and warehousing(607),Female-owned,Personal/family home equity loan,2355,946740
Transportation and warehousing(607),Female-owned,Personal credit card(s) carrying balances,5255,1648554
Transportation and warehousing(607),Female-owned,Business credit card(s) carrying balances,1751,557460
Transportation and warehousing(607),Female-owned,"Business loan from federal, state, or local government",95,S
Transportation and warehousing(607),Female-owned,Government-guaranteed business loan from a bank or financial institution,208,192126
Transportation and warehousing(607),Female-owned,Business loan from a bank or financial institution,5234,7074917
Transportation and warehousing(607),Female-owned,Business loan/investment from family/friends,1877,1145703
Transportation and warehousing(607),Female-owned,Investment by venture capitalist(s),70,19757
Transportation and warehousing(607),Female-owned,Grants,58,3249
Transportation and warehousing(607),Female-owned,Other source(s) of capital,1582,670167
Transportation and warehousing(607),Female-owned,Don't know,5191,7301611
Transportation and warehousing(607),Female-owned,None needed,22940,2435677
Transportation and warehousing(607),Female-owned,Total reporting,66525(r),30834791(r)
Transportation and warehousing(607),Female-owned,Item not reported,3841(r),248902(r)
Transportation and warehousing(607),Male-owned,All firms,952015,302425736
Transportation and warehousing(607),Male-owned,Personal/family savings of owner(s),241853,97612065
Transportation and warehousing(607),Male-owned,Personal/family assets other than savings of owner(s),25426,17499520
Transportation and warehousing(607),Male-owned,Personal/family home equity loan,18998,7643096
Transportation and warehousing(607),Male-owned,Personal credit card(s) carrying balances,35864,9812618
Transportation and warehousing(607),Male-owned,Business credit card(s) carrying balances,11122,4354055
Transportation and warehousing(607),Male-owned,"Business loan from federal, state, or local government",734,258653
Transportation and warehousing(607),Male-owned,Government-guaranteed business loan from a bank or financial institution,1491,1599403
Transportation and warehousing(607),Male-owned,Business loan from a bank or financial institution,62121,45747347
Transportation and warehousing(607),Male-owned,Business loan/investment from family/friends,10449,7505127
Transportation and warehousing(607),Male-owned,Investment by venture capitalist(s),828,1247282
Transportation and warehousing(607),Male-owned,Grants,448,S
Transportation and warehousing(607),Male-owned,Other source(s) of capital,11949,13945259
Transportation and warehousing(607),Male-owned,Don't know,42935,40990490
Transportation and warehousing(607),Male-owned,None needed,112112,13190229
Transportation and warehousing(607),Male-owned,Total reporting,474849(r),191407702(r)
Transportation and warehousing(607),Male-owned,Item not reported,22363(r),2596649(r)
Transportation and warehousing(607),Equally male-/female-owned,All firms,93333,37568863
Transportation and warehousing(607),Equally male-/female-owned,Personal/family savings of owner(s),39599,14752896
Transportation and warehousing(607),Equally male-/female-owned,Personal/family assets other than savings of owner(s),6502,3209980
Transportation and warehousing(607),Equally male-/female-owned,Personal/family home equity loan,4291,1406622
Transportation and warehousing(607),Equally male-/female-owned,Personal credit card(s) carrying balances,7824,1919511
Transportation and warehousing(607),Equally male-/female-owned,Business credit card(s) carrying balances,2208,576336
Transportation and warehousing(607),Equally male-/female-owned,"Business loan from federal, state, or local government",28,S
Transportation and warehousing(607),Equally male-/female-owned,Government-guaranteed business loan from a bank or financial institution,421,622526
Transportation and warehousing(607),Equally male-/female-owned,Business loan from a bank or financial institution,15092,7446515
Transportation and warehousing(607),Equally male-/female-owned,Business loan/investment from family/friends,2417,887768
Transportation and warehousing(607),Equally male-/female-owned,Investment by venture capitalist(s),109,S
Transportation and warehousing(607),Equally male-/female-owned,Grants,72,S
Transportation and warehousing(607),Equally male-/female-owned,Other source(s) of capital,1788,860114
Transportation and warehousing(607),Equally male-/female-owned,Don't know,3185,4921690
Transportation and warehousing(607),Equally male-/female-owned,None needed,6876,1516813
Transportation and warehousing(607),Equally male-/female-owned,Total reporting,65588(r),27213753(r)
Transportation and warehousing(607),Equally male-/female-owned,Item not reported,562(r),117830(r)
Transportation and warehousing(607),Hispanic,All firms,243123,31178480
Transportation and warehousing(607),Hispanic,Personal/family savings of owner(s),48528,9694568
Transportation and warehousing(607),Hispanic,Personal/family assets other than savings of owner(s),3789,1164917
Transportation and warehousing(607),Hispanic,Personal/family home equity loan,4184,1144639
Transportation and warehousing(607),Hispanic,Personal credit card(s) carrying balances,8068,1726126
Transportation and warehousing(607),Hispanic,Business credit card(s) carrying balances,2550,816235
Transportation and warehousing(607),Hispanic,"Business loan from federal, state, or local government",112,S
Transportation and warehousing(607),Hispanic,Government-guaranteed business loan from a bank or financial institution,209,192489
Transportation and warehousing(607),Hispanic,Business loan from a bank or financial institution,7250,3125391
Transportation and warehousing(607),Hispanic,Business loan/investment from family/friends,1868,690601
Transportation and warehousing(607),Hispanic,Investment by venture capitalist(s),29,S
Transportation and warehousing(607),Hispanic,Grants,101,S
Transportation and warehousing(607),Hispanic,Other source(s) of capital,2071,S
Transportation and warehousing(607),Hispanic,Don't know,7210,1732910
Transportation and warehousing(607),Hispanic,None needed,16673,1049855
Transportation and warehousing(607),Hispanic,Total reporting,85041(r),15404019(r)
Transportation and warehousing(607),Hispanic,Item not reported,5155(r),377014(r)
Transportation and warehousing(607),"Hispanic, female-owned",All firms,32659,3008723
Transportation and warehousing(607),"Hispanic, female-owned",Personal/family savings of owner(s),3091,846761
Transportation and warehousing(607),"Hispanic, female-owned",Personal/family assets other than savings of owner(s),229,S
Transportation and warehousing(607),"Hispanic, female-owned",Personal/family home equity loan,461,80548
Transportation and warehousing(607),"Hispanic, female-owned",Personal credit card(s) carrying balances,489,107220
Transportation and warehousing(607),"Hispanic, female-owned",Business credit card(s) carrying balances,128,8715
Transportation and warehousing(607),"Hispanic, female-owned","Business loan from federal, state, or local government",0,0
Transportation and warehousing(607),"Hispanic, female-owned",Government-guaranteed business loan from a bank or financial institution,30,S
Transportation and warehousing(607),"Hispanic, female-owned",Business loan from a bank or financial institution,304,38552
Transportation and warehousing(607),"Hispanic, female-owned",Business loan/investment from family/friends,153,S
Transportation and warehousing(607),"Hispanic, female-owned",Investment by venture capitalist(s),2,S
Transportation and warehousing(607),"Hispanic, female-owned",Grants,0,0
Transportation and warehousing(607),"Hispanic, female-owned",Other source(s) of capital,227,S
Transportation and warehousing(607),"Hispanic, female-owned",Don't know,651,84242
Transportation and warehousing(607),"Hispanic, female-owned",None needed,2638,147497
Transportation and warehousing(607),"Hispanic, female-owned",Total reporting,7371(r),1170360(r)
Transportation and warehousing(607),"Hispanic, female-owned",Item not reported,748(r),29982(r)
Transportation and warehousing(607),"Hispanic, male-owned",All firms,199626,25415122
Transportation and warehousing(607),"Hispanic, male-owned",Personal/family savings of owner(s),40994,7620426
Transportation and warehousing(607),"Hispanic, male-owned",Personal/family assets other than savings of owner(s),2899,990157
Transportation and warehousing(607),"Hispanic, male-owned",Personal/family home equity loan,3396,988493
Transportation and warehousing(607),"Hispanic, male-owned",Personal credit card(s) carrying balances,6557,1464984
Transportation and warehousing(607),"Hispanic, male-owned",Business credit card(s) carrying balances,2105,761787
Transportation and warehousing(607),"Hispanic, male-owned","Business loan from federal, state, or local government",112,S
Transportation and warehousing(607),"Hispanic, male-owned",Government-guaranteed business loan from a bank or financial institution,138,175013
Transportation and warehousing(607),"Hispanic, male-owned",Business loan from a bank or financial institution,6214,2719146
Transportation and warehousing(607),"Hispanic, male-owned",Business loan/investment from family/friends,1516,496629
Transportation and warehousing(607),"Hispanic, male-owned",Investment by venture capitalist(s),27,S
Transportation and warehousing(607),"Hispanic, male-owned",Grants,101,S
Transportation and warehousing(607),"Hispanic, male-owned",Other source(s) of capital,1674,S
Transportation and warehousing(607),"Hispanic, male-owned",Don't know,6179,1570156
Transportation and warehousing(607),"Hispanic, male-owned",None needed,13587,730749
Transportation and warehousing(607),"Hispanic, male-owned",Total reporting,71371(r),12603729(r)
Transportation and warehousing(607),"Hispanic, male-owned",Item not reported,4258(r),344394(r)
Transportation and warehousing(607),"Hispanic, equally male-/female-owned",All firms,10838,2754634
Transportation and warehousing(607),"Hispanic, equally male-/female-owned",Personal/family savings of owner(s),4443,1227381
Transportation and warehousing(607),"Hispanic, equally male-/female-owned",Personal/family assets other than savings of owner(s),661,86739
Transportation and warehousing(607),"Hispanic, equally male-/female-owned",Personal/family home equity loan,327,75599
Transportation and warehousing(607),"Hispanic, equally male-/female-owned",Personal credit card(s) carrying balances,1022,153922
Transportation and warehousing(607),"Hispanic, equally male-/female-owned",Business credit card(s) carrying balances,316,45734
Transportation and warehousing(607),"Hispanic, equally male-/female-owned","Business loan from federal, state, or local government",0,0
Transportation and warehousing(607),"Hispanic, equally male-/female-owned",Government-guaranteed business loan from a bank or financial institution,40,S
Transportation and warehousing(607),"Hispanic, equally male-/female-owned",Business loan from a bank or financial institution,732,367692
Transportation and warehousing(607),"Hispanic, equally male-/female-owned",Business loan/investment from family/friends,199,8021
Transportation and warehousing(607),"Hispanic, equally male-/female-owned",Investment by venture capitalist(s),0,0
Transportation and warehousing(607),"Hispanic, equally male-/female-owned",Grants,0,0
Transportation and warehousing(607),"Hispanic, equally male-/female-owned",Other source(s) of capital,170,S
Transportation and warehousing(607),"Hispanic, equally male-/female-owned",Don't know,380,78513
Transportation and warehousing(607),"Hispanic, equally male-/female-owned",None needed,448,S
Transportation and warehousing(607),"Hispanic, equally male-/female-owned",Total reporting,6299(r),1629930(r)
Transportation and warehousing(607),"Hispanic, equally male-/female-owned",Item not reported,149(r),S
Transportation and warehousing(607),Equally Hispanic/non-Hispanic,All firms,3802,1284446
Transportation and warehousing(607),Equally Hispanic/non-Hispanic,Personal/family savings of owner(s),1333,403345
Transportation and warehousing(607),Equally Hispanic/non-Hispanic,Personal/family assets other than savings of owner(s),239,113269
Transportation and warehousing(607),Equally Hispanic/non-Hispanic,Personal/family home equity loan,180,72712
Transportation and warehousing(607),Equally Hispanic/non-Hispanic,Personal credit card(s) carrying balances,412,131083
Transportation and warehousing(607),Equally Hispanic/non-Hispanic,Business credit card(s) carrying balances,187,S
Transportation and warehousing(607),Equally Hispanic/non-Hispanic,"Business loan from federal, state, or local government",0,0
Transportation and warehousing(607),Equally Hispanic/non-Hispanic,Government-guaranteed business loan from a bank or financial institution,15,S
Transportation and warehousing(607),Equally Hispanic/non-Hispanic,Business loan from a bank or financial institution,379,140949
Transportation and warehousing(607),Equally Hispanic/non-Hispanic,Business loan/investment from family/friends,125,45995
Transportation and warehousing(607),Equally Hispanic/non-Hispanic,Investment by venture capitalist(s),0,0
Transportation and warehousing(607),Equally Hispanic/non-Hispanic,Grants,61,S
Transportation and warehousing(607),Equally Hispanic/non-Hispanic,Other source(s) of capital,94,13795
Transportation and warehousing(607),Equally Hispanic/non-Hispanic,Don't know,129,108513
Transportation and warehousing(607),Equally Hispanic/non-Hispanic,None needed,234,7207
Transportation and warehousing(607),Equally Hispanic/non-Hispanic,Total reporting,2212(r),672496(r)
Transportation and warehousing(607),Equally Hispanic/non-Hispanic,Item not reported,62(r),S
Transportation and warehousing(607),"Equally Hispanic/non-Hispanic, female-owned",All firms,9,6322
Transportation and warehousing(607),"Equally Hispanic/non-Hispanic, female-owned",Personal/family savings of owner(s),18,S
Transportation and warehousing(607),"Equally Hispanic/non-Hispanic, female-owned",Personal/family assets other than savings of owner(s),6,S
Transportation and warehousing(607),"Equally Hispanic/non-Hispanic, female-owned",Personal/family home equity loan,0,0
Transportation and warehousing(607),"Equally Hispanic/non-Hispanic, female-owned",Personal credit card(s) carrying balances,13,S
Transportation and warehousing(607),"Equally Hispanic/non-Hispanic, female-owned",Business credit card(s) carrying balances,0,0
Transportation and warehousing(607),"Equally Hispanic/non-Hispanic, female-owned","Business loan from federal, state, or local government",0,0
Transportation and warehousing(607),"Equally Hispanic/non-Hispanic, female-owned",Government-guaranteed business loan from a bank or financial institution,6,S
Transportation and warehousing(607),"Equally Hispanic/non-Hispanic, female-owned",Business loan from a bank or financial institution,0,0
Transportation and warehousing(607),"Equally Hispanic/non-Hispanic, female-owned",Business loan/investment from family/friends,0,0
Transportation and warehousing(607),"Equally Hispanic/non-Hispanic, female-owned",Investment by venture capitalist(s),0,0
Transportation and warehousing(607),"Equally Hispanic/non-Hispanic, female-owned",Grants,0,0
Transportation and warehousing(607),"Equally Hispanic/non-Hispanic, female-owned",Other source(s) of capital,0,0
Transportation and warehousing(607),"Equally Hispanic/non-Hispanic, female-owned",Don't know,0,0
Transportation and warehousing(607),"Equally Hispanic/non-Hispanic, female-owned",None needed,0,0
Transportation and warehousing(607),"Equally Hispanic/non-Hispanic, female-owned",Total reporting,18,S
Transportation and warehousing(607),"Equally Hispanic/non-Hispanic, female-owned",Item not reported,0,0
Transportation and warehousing(607),"Equally Hispanic/non-Hispanic, male-owned",All firms,675,385278
Transportation and warehousing(607),"Equally Hispanic/non-Hispanic, male-owned",Personal/family savings of owner(s),239,76926
Transportation and warehousing(607),"Equally Hispanic/non-Hispanic, male-owned",Personal/family assets other than savings of owner(s),19,S
Transportation and warehousing(607),"Equally Hispanic/non-Hispanic, male-owned",Personal/family home equity loan,12,S
Transportation and warehousing(607),"Equally Hispanic/non-Hispanic, male-owned",Personal credit card(s) carrying balances,67,S
Transportation and warehousing(607),"Equally Hispanic/non-Hispanic, male-owned",Business credit card(s) carrying balances,0,0
Transportation and warehousing(607),"Equally Hispanic/non-Hispanic, male-owned","Business loan from federal, state, or local government",0,0
Transportation and warehousing(607),"Equally Hispanic/non-Hispanic, male-owned",Government-guaranteed business loan from a bank or financial institution,0,0
Transportation and warehousing(607),"Equally Hispanic/non-Hispanic, male-owned",Business loan from a bank or financial institution,6,S
Transportation and warehousing(607),"Equally Hispanic/non-Hispanic, male-owned",Business loan/investment from family/friends,8,S
Transportation and warehousing(607),"Equally Hispanic/non-Hispanic, male-owned",Investment by venture capitalist(s),0,0
Transportation and warehousing(607),"Equally Hispanic/non-Hispanic, male-owned",Grants,61,S
Transportation and warehousing(607),"Equally Hispanic/non-Hispanic, male-owned",Other source(s) of capital,61,S
Transportation and warehousing(607),"Equally Hispanic/non-Hispanic, male-owned",Don't know,63,S
Transportation and warehousing(607),"Equally Hispanic/non-Hispanic, male-owned",None needed,0,0
Transportation and warehousing(607),"Equally Hispanic/non-Hispanic, male-owned",Total reporting,318,153815
Transportation and warehousing(607),"Equally Hispanic/non-Hispanic, male-owned",Item not reported,0,0
Transportation and warehousing(607),"Equally Hispanic/non-Hispanic, equally male-/female-owned",All firms,3119,892847
Transportation and warehousing(607),"Equally Hispanic/non-Hispanic, equally male-/female-owned",Personal/family savings of owner(s),1076,313774
Transportation and warehousing(607),"Equally Hispanic/non-Hispanic, equally male-/female-owned",Personal/family assets other than savings of owner(s),214,83460
Transportation and warehousing(607),"Equally Hispanic/non-Hispanic, equally male-/female-owned",Personal/family home equity loan,167,49337
Transportation and warehousing(607),"Equally Hispanic/non-Hispanic, equally male-/female-owned",Personal credit card(s) carrying balances,331,101260
Transportation and warehousing(607),"Equally Hispanic/non-Hispanic, equally male-/female-owned",Business credit card(s) carrying balances,187,S
Transportation and warehousing(607),"Equally Hispanic/non-Hispanic, equally male-/female-owned","Business loan from federal, state, or local government",0,0
Transportation and warehousing(607),"Equally Hispanic/non-Hispanic, equally male-/female-owned",Government-guaranteed business loan from a bank or financial institution,9,S
Transportation and warehousing(607),"Equally Hispanic/non-Hispanic, equally male-/female-owned",Business loan from a bank or financial institution,373,105847
Transportation and warehousing(607),"Equally Hispanic/non-Hispanic, equally male-/female-owned",Business loan/investment from family/friends,116,42826
Transportation and warehousing(607),"Equally Hispanic/non-Hispanic, equally male-/female-owned",Investment by venture capitalist(s),0,0
Transportation and warehousing(607),"Equally Hispanic/non-Hispanic, equally male-/female-owned",Grants,0,0
Transportation and warehousing(607),"Equally Hispanic/non-Hispanic, equally male-/female-owned",Other source(s) of capital,32,S
Transportation and warehousing(607),"Equally Hispanic/non-Hispanic, equally male-/female-owned",Don't know,66,S
Transportation and warehousing(607),"Equally Hispanic/non-Hispanic, equally male-/female-owned",None needed,234,7207
Transportation and warehousing(607),"Equally Hispanic/non-Hispanic, equally male-/female-owned",Total reporting,1877(r),506036(r)
Transportation and warehousing(607),"Equally Hispanic/non-Hispanic, equally male-/female-owned",Item not reported,62(r),S
Transportation and warehousing(607),Non-Hispanic,All firms,957166,351747498
Transportation and warehousing(607),Non-Hispanic,Personal/family savings of owner(s),260907,116295344
Transportation and warehousing(607),Non-Hispanic,Personal/family assets other than savings of owner(s),31695,22845109
Transportation and warehousing(607),Non-Hispanic,Personal/family home equity loan,21280,8779107
Transportation and warehousing(607),Non-Hispanic,Personal credit card(s) carrying balances,40464,11523474
Transportation and warehousing(607),Non-Hispanic,Business credit card(s) carrying balances,12344,4619596
Transportation and warehousing(607),Non-Hispanic,"Business loan from federal, state, or local government",746,309037
Transportation and warehousing(607),Non-Hispanic,Government-guaranteed business loan from a bank or financial institution,1897,2213110
Transportation and warehousing(607),Non-Hispanic,Business loan from a bank or financial institution,74818,57002439
Transportation and warehousing(607),Non-Hispanic,Business loan/investment from family/friends,12750,8802002
Transportation and warehousing(607),Non-Hispanic,Investment by venture capitalist(s),978,1446233
Transportation and warehousing(607),Non-Hispanic,Grants,415,50876
Transportation and warehousing(607),Non-Hispanic,Other source(s) of capital,13153,14166325
Transportation and warehousing(607),Non-Hispanic,Don't know,43971,51372367
Transportation and warehousing(607),Non-Hispanic,None needed,125020,16085657
Transportation and warehousing(607),Non-Hispanic,Total reporting,519708(r),233379730(r)
Transportation and warehousing(607),Non-Hispanic,Item not reported,21549(r),2582849(r)
Transportation and warehousing(607),"Non-Hispanic, female-owned",All firms,126077,41200781
Transportation and warehousing(607),"Non-Hispanic, female-owned",Personal/family savings of owner(s),26206,13168890
Transportation and warehousing(607),"Non-Hispanic, female-owned",Personal/family assets other than savings of owner(s),3560,3319774
Transportation and warehousing(607),"Non-Hispanic, female-owned",Personal/family home equity loan,1894,866193
Transportation and warehousing(607),"Non-Hispanic, female-owned",Personal credit card(s) carrying balances,4754,1535311
Transportation and warehousing(607),"Non-Hispanic, female-owned",Business credit card(s) carrying balances,1623,548745
Transportation and warehousing(607),"Non-Hispanic, female-owned","Business loan from federal, state, or local government",95,S
Transportation and warehousing(607),"Non-Hispanic, female-owned",Government-guaranteed business loan from a bank or financial institution,172,181899
Transportation and warehousing(607),"Non-Hispanic, female-owned",Business loan from a bank or financial institution,4930,7036365
Transportation and warehousing(607),"Non-Hispanic, female-owned",Business loan/investment from family/friends,1724,959752
Transportation and warehousing(607),"Non-Hispanic, female-owned",Investment by venture capitalist(s),68,19665
Transportation and warehousing(607),"Non-Hispanic, female-owned",Grants,58,3249
Transportation and warehousing(607),"Non-Hispanic, female-owned",Other source(s) of capital,1355,654736
Transportation and warehousing(607),"Non-Hispanic, female-owned",Don't know,4540,7217369
Transportation and warehousing(607),"Non-Hispanic, female-owned",None needed,20302,2288180
Transportation and warehousing(607),"Non-Hispanic, female-owned",Total reporting,59136(r),29651786(r)
Transportation and warehousing(607),"Non-Hispanic, female-owned",Item not reported,3093(r),218919(r)
Transportation and warehousing(607),"Non-Hispanic, male-owned",All firms,751714,276625336
Transportation and warehousing(607),"Non-Hispanic, male-owned",Personal/family savings of owner(s),200621,89914713
Transportation and warehousing(607),"Non-Hispanic, male-owned",Personal/family assets other than savings of owner(s),22507,16485555
Transportation and warehousing(607),"Non-Hispanic, male-owned",Personal/family home equity loan,15589,6631228
Transportation and warehousing(607),"Non-Hispanic, male-owned",Personal credit card(s) carrying balances,29240,8323835
Transportation and warehousing(607),"Non-Hispanic, male-owned",Business credit card(s) carrying balances,9017,3592268
Transportation and warehousing(607),"Non-Hispanic, male-owned","Business loan from federal, state, or local government",622,247320
Transportation and warehousing(607),"Non-Hispanic, male-owned",Government-guaranteed business loan from a bank or financial institution,1353,1424391
Transportation and warehousing(607),"Non-Hispanic, male-owned",Business loan from a bank or financial institution,55901,42993099
Transportation and warehousing(607),"Non-Hispanic, male-owned",Business loan/investment from family/friends,8925,7005329
Transportation and warehousing(607),"Non-Hispanic, male-owned",Investment by venture capitalist(s),801,1239690
Transportation and warehousing(607),"Non-Hispanic, male-owned",Grants,285,40105
Transportation and warehousing(607),"Non-Hispanic, male-owned",Other source(s) of capital,10213,12694643
Transportation and warehousing(607),"Non-Hispanic, male-owned",Don't know,36692,39362210
Transportation and warehousing(607),"Non-Hispanic, male-owned",None needed,98525,12459480
Transportation and warehousing(607),"Non-Hispanic, male-owned",Total reporting,403160(r),178650158(r)
Transportation and warehousing(607),"Non-Hispanic, male-owned",Item not reported,18105(r),2252255(r)
Transportation and warehousing(607),"Non-Hispanic, equally male-/female-owned",All firms,79376,33921382
Transportation and warehousing(607),"Non-Hispanic, equally male-/female-owned",Personal/family savings of owner(s),34081,13211741
Transportation and warehousing(607),"Non-Hispanic, equally male-/female-owned",Personal/family assets other than savings of owner(s),5628,3039780
Transportation and warehousing(607),"Non-Hispanic, equally male-/female-owned",Personal/family home equity loan,3797,1281686
Transportation and warehousing(607),"Non-Hispanic, equally male-/female-owned",Personal credit card(s) carrying balances,6471,1664329
Transportation and warehousing(607),"Non-Hispanic, equally male-/female-owned",Business credit card(s) carrying balances,1705,478583
Transportation and warehousing(607),"Non-Hispanic, equally male-/female-owned","Business loan from federal, state, or local government",28,S
Transportation and warehousing(607),"Non-Hispanic, equally male-/female-owned",Government-guaranteed business loan from a bank or financial institution,372,S
Transportation and warehousing(607),"Non-Hispanic, equally male-/female-owned",Business loan from a bank or financial institution,13987,6972975
Transportation and warehousing(607),"Non-Hispanic, equally male-/female-owned",Business loan/investment from family/friends,2101,836921
Transportation and warehousing(607),"Non-Hispanic, equally male-/female-owned",Investment by venture capitalist(s),109,S
Transportation and warehousing(607),"Non-Hispanic, equally male-/female-owned",Grants,72,S
Transportation and warehousing(607),"Non-Hispanic, equally male-/female-owned",Other source(s) of capital,1585,816945
Transportation and warehousing(607),"Non-Hispanic, equally male-/female-owned",Don't know,2739,4792788
Transportation and warehousing(607),"Non-Hispanic, equally male-/female-owned",None needed,6193,1337997
Transportation and warehousing(607),"Non-Hispanic, equally male-/female-owned",Total reporting,57413(r),25077787(r)
Transportation and warehousing(607),"Non-Hispanic, equally male-/female-owned",Item not reported,351(r),111674(r)
Transportation and warehousing(607),White,All firms,836946,347298793
Transportation and warehousing(607),White,Personal/family savings of owner(s),241241,114998479
Transportation and warehousing(607),White,Personal/family assets other than savings of owner(s),29275,22812362
Transportation and warehousing(607),White,Personal/family home equity loan,20647,8914217
Transportation and warehousing(607),White,Personal credit card(s) carrying balances,38167,11597809
Transportation and warehousing(607),White,Business credit card(s) carrying balances,12293,4915313
Transportation and warehousing(607),White,"Business loan from federal, state, or local government",741,272321
Transportation and warehousing(607),White,Government-guaranteed business loan from a bank or financial institution,1606,2246648
Transportation and warehousing(607),White,Business loan from a bank or financial institution,71565,57872112
Transportation and warehousing(607),White,Business loan/investment from family/friends,11736,8901751
Transportation and warehousing(607),White,Investment by venture capitalist(s),883,1410680
Transportation and warehousing(607),White,Grants,196,S
Transportation and warehousing(607),White,Other source(s) of capital,11634,14198283
Transportation and warehousing(607),White,Don't know,38220,50743002
Transportation and warehousing(607),White,None needed,113898,15490388
Transportation and warehousing(607),White,Total reporting,476207(r),230286225(r)
Transportation and warehousing(607),White,Item not reported,17939(r),2361814(r)
Transportation and warehousing(607),"White, female-owned",All firms,112269,40094669
Transportation and warehousing(607),"White, female-owned",Personal/family savings of owner(s),24136,12700410
Transportation and warehousing(607),"White, female-owned",Personal/family assets other than savings of owner(s),3377,3272873
Transportation and warehousing(607),"White, female-owned",Personal/family home equity loan,1980,816945
Transportation and warehousing(607),"White, female-owned",Personal credit card(s) carrying balances,4305,1567324
Transportation and warehousing(607),"White, female-owned",Business credit card(s) carrying balances,1546,526747
Transportation and warehousing(607),"White, female-owned","Business loan from federal, state, or local government",76,S
Transportation and warehousing(607),"White, female-owned",Government-guaranteed business loan from a bank or financial institution,202,166050
Transportation and warehousing(607),"White, female-owned",Business loan from a bank or financial institution,4729,6815442
Transportation and warehousing(607),"White, female-owned",Business loan/investment from family/friends,1529,1088063
Transportation and warehousing(607),"White, female-owned",Investment by venture capitalist(s),65,S
Transportation and warehousing(607),"White, female-owned",Grants,9,S
Transportation and warehousing(607),"White, female-owned",Other source(s) of capital,1248,596125
Transportation and warehousing(607),"White, female-owned",Don't know,3869,6816398
Transportation and warehousing(607),"White, female-owned",None needed,19442,2283610
Transportation and warehousing(607),"White, female-owned",Total reporting,55140(r),28620972(r)
Transportation and warehousing(607),"White, female-owned",Item not reported,2623(r),S
Transportation and warehousing(607),"White, male-owned",All firms,645314,273085011
Transportation and warehousing(607),"White, male-owned",Personal/family savings of owner(s),183519,88928255
Transportation and warehousing(607),"White, male-owned",Personal/family assets other than savings of owner(s),19931,16411890
Transportation and warehousing(607),"White, male-owned",Personal/family home equity loan,14988,6784499
Transportation and warehousing(607),"White, male-owned",Personal credit card(s) carrying balances,27312,8352849
Transportation and warehousing(607),"White, male-owned",Business credit card(s) carrying balances,9172,3925553
Transportation and warehousing(607),"White, male-owned","Business loan from federal, state, or local government",636,226768
Transportation and warehousing(607),"White, male-owned",Government-guaranteed business loan from a bank or financial institution,1044,1475345
Transportation and warehousing(607),"White, male-owned",Business loan from a bank or financial institution,53306,44033964
Transportation and warehousing(607),"White, male-owned",Business loan/investment from family/friends,8127,6972285
Transportation and warehousing(607),"White, male-owned",Investment by venture capitalist(s),766,1217736
Transportation and warehousing(607),"White, male-owned",Grants,181,S
Transportation and warehousing(607),"White, male-owned",Other source(s) of capital,8814,12890715
Transportation and warehousing(607),"White, male-owned",Don't know,31698,39165784
Transportation and warehousing(607),"White, male-owned",None needed,88231,11875389
Transportation and warehousing(607),"White, male-owned",Total reporting,364599(r),176633247(r)
Transportation and warehousing(607),"White, male-owned",Item not reported,14876(r),2045548(r)
Transportation and warehousing(607),"White, equally male-/female-owned",All firms,79364,34119113
Transportation and warehousing(607),"White, equally male-/female-owned",Personal/family savings of owner(s),33586,13369814
Transportation and warehousing(607),"White, equally male-/female-owned",Personal/family assets other than savings of owner(s),5967,3127599
Transportation and warehousing(607),"White, equally male-/female-owned",Personal/family home equity loan,3678,1312773
Transportation and warehousing(607),"White, equally male-/female-owned",Personal credit card(s) carrying balances,6550,1677636
Transportation and warehousing(607),"White, equally male-/female-owned",Business credit card(s) carrying balances,1575,463014
Transportation and warehousing(607),"White, equally male-/female-owned","Business loan from federal, state, or local government",28,S
Transportation and warehousing(607),"White, equally male-/female-owned",Government-guaranteed business loan from a bank or financial institution,360,S
Transportation and warehousing(607),"White, equally male-/female-owned",Business loan from a bank or financial institution,13531,7022706
Transportation and warehousing(607),"White, equally male-/female-owned",Business loan/investment from family/friends,2081,841403
Transportation and warehousing(607),"White, equally male-/female-owned",Investment by venture capitalist(s),53,S
Transportation and warehousing(607),"White, equally male-/female-owned",Grants,6,S
Transportation and warehousing(607),"White, equally male-/female-owned",Other source(s) of capital,1572,711443
Transportation and warehousing(607),"White, equally male-/female-owned",Don't know,2653,4760820
Transportation and warehousing(607),"White, equally male-/female-owned",None needed,6225,1331389
Transportation and warehousing(607),"White, equally male-/female-owned",Total reporting,56468(r),25032006(r)
Transportation and warehousing(607),"White, equally male-/female-owned",Item not reported,440(r),111365(r)
Transportation and warehousing(607),Black or African American,All firms,184777,12248164
Transportation and warehousing(607),Black or African American,Personal/family savings of owner(s),31865,3215303
Transportation and warehousing(607),Black or African American,Personal/family assets other than savings of owner(s),2915,304198
Transportation and warehousing(607),Black or African American,Personal/family home equity loan,1810,393365
Transportation and warehousing(607),Black or African American,Personal credit card(s) carrying balances,4684,535354
Transportation and warehousing(607),Black or African American,Business credit card(s) carrying balances,1368,164351
Transportation and warehousing(607),Black or African American,"Business loan from federal, state, or local government",33,S
Transportation and warehousing(607),Black or African American,Government-guaranteed business loan from a bank or financial institution,398,107062
Transportation and warehousing(607),Black or African American,Business loan from a bank or financial institution,4017,551932
Transportation and warehousing(607),Black or African American,Business loan/investment from family/friends,935,125978
Transportation and warehousing(607),Black or African American,Investment by venture capitalist(s),84,26148
Transportation and warehousing(607),Black or African American,Grants,174,S
Transportation and warehousing(607),Black or African American,Other source(s) of capital,1908,187801
Transportation and warehousing(607),Black or African American,Don't know,4331,332898
Transportation and warehousing(607),Black or African American,None needed,13610,639360
Transportation and warehousing(607),Black or African American,Total reporting,58391(r),5134034(r)
Transportation and warehousing(607),Black or African American,Item not reported,4830(r),294969(r)
Transportation and warehousing(607),"Black or African American, female-owned",All firms,26570,1431418
Transportation and warehousing(607),"Black or African American, female-owned",Personal/family savings of owner(s),2707,407626
Transportation and warehousing(607),"Black or African American, female-owned",Personal/family assets other than savings of owner(s),126,52628
Transportation and warehousing(607),"Black or African American, female-owned",Personal/family home equity loan,36,S
Transportation and warehousing(607),"Black or African American, female-owned",Personal credit card(s) carrying balances,427,45491
Transportation and warehousing(607),"Black or African American, female-owned",Business credit card(s) carrying balances,84,S
Transportation and warehousing(607),"Black or African American, female-owned","Business loan from federal, state, or local government",19,S
Transportation and warehousing(607),"Black or African American, female-owned",Government-guaranteed business loan from a bank or financial institution,12,S
Transportation and warehousing(607),"Black or African American, female-owned",Business loan from a bank or financial institution,251,70906
Transportation and warehousing(607),"Black or African American, female-owned",Business loan/investment from family/friends,149,5668
Transportation and warehousing(607),"Black or African American, female-owned",Investment by venture capitalist(s),6,S
Transportation and warehousing(607),"Black or African American, female-owned",Grants,47,S
Transportation and warehousing(607),"Black or African American, female-owned",Other source(s) of capital,108,31103
Transportation and warehousing(607),"Black or African American, female-owned",Don't know,442,91451
Transportation and warehousing(607),"Black or African American, female-owned",None needed,1916,66567
Transportation and warehousing(607),"Black or African American, female-owned",Total reporting,5610(r),641447(r)
Transportation and warehousing(607),"Black or African American, female-owned",Item not reported,718(r),S
Transportation and warehousing(607),"Black or African American, male-owned",All firms,153459,10266714
Transportation and warehousing(607),"Black or African American, male-owned",Personal/family savings of owner(s),27043,2542408
Transportation and warehousing(607),"Black or African American, male-owned",Personal/family assets other than savings of owner(s),2558,223057
Transportation and warehousing(607),"Black or African American, male-owned",Personal/family home equity loan,1622,299763
Transportation and warehousing(607),"Black or African American, male-owned",Personal credit card(s) carrying balances,3746,439448
Transportation and warehousing(607),"Black or African American, male-owned",Business credit card(s) carrying balances,896,118069
Transportation and warehousing(607),"Black or African American, male-owned","Business loan from federal, state, or local government",14,S
Transportation and warehousing(607),"Black or African American, male-owned",Government-guaranteed business loan from a bank or financial institution,342,S
Transportation and warehousing(607),"Black or African American, male-owned",Business loan from a bank or financial institution,3336,429355
Transportation and warehousing(607),"Black or African American, male-owned",Business loan/investment from family/friends,759,115732
Transportation and warehousing(607),"Black or African American, male-owned",Investment by venture capitalist(s),24,S
Transportation and warehousing(607),"Black or African American, male-owned",Grants,123,S
Transportation and warehousing(607),"Black or African American, male-owned",Other source(s) of capital,1701,140739
Transportation and warehousing(607),"Black or African American, male-owned",Don't know,3668,222642
Transportation and warehousing(607),"Black or African American, male-owned",None needed,11425,554731
Transportation and warehousing(607),"Black or African American, male-owned",Total reporting,49456(r),4108388(r)
Transportation and warehousing(607),"Black or African American, male-owned",Item not reported,4047(r),272869(r)
Transportation and warehousing(607),"Black or African American, equally male-/female-owned",All firms,4749,550032
Transportation and warehousing(607),"Black or African American, equally male-/female-owned",Personal/family savings of owner(s),2115,265269
Transportation and warehousing(607),"Black or African American, equally male-/female-owned",Personal/family assets other than savings of owner(s),231,28513
Transportation and warehousing(607),"Black or African American, equally male-/female-owned",Personal/family home equity loan,152,38909
Transportation and warehousing(607),"Black or African American, equally male-/female-owned",Personal credit card(s) carrying balances,510,50414
Transportation and warehousing(607),"Black or African American, equally male-/female-owned",Business credit card(s) carrying balances,388,32092
Transportation and warehousing(607),"Black or African American, equally male-/female-owned","Business loan from federal, state, or local government",0,0
Transportation and warehousing(607),"Black or African American, equally male-/female-owned",Government-guaranteed business loan from a bank or financial institution,44,S
Transportation and warehousing(607),"Black or African American, equally male-/female-owned",Business loan from a bank or financial institution,430,51671
Transportation and warehousing(607),"Black or African American, equally male-/female-owned",Business loan/investment from family/friends,26,S
Transportation and warehousing(607),"Black or African American, equally male-/female-owned",Investment by venture capitalist(s),54,S
Transportation and warehousing(607),"Black or African American, equally male-/female-owned",Grants,4,S
Transportation and warehousing(607),"Black or African American, equally male-/female-owned",Other source(s) of capital,99,15959
Transportation and warehousing(607),"Black or African American, equally male-/female-owned",Don't know,221,S
Transportation and warehousing(607),"Black or African American, equally male-/female-owned",None needed,268,18063
Transportation and warehousing(607),"Black or African American, equally male-/female-owned",Total reporting,3325,384199
Transportation and warehousing(607),"Black or African American, equally male-/female-owned",Item not reported,65,S
Transportation and warehousing(607),American Indian and Alaska Native,All firms,11370,1466643
Transportation and warehousing(607),American Indian and Alaska Native,Personal/family savings of owner(s),2642,510194
Transportation and warehousing(607),American Indian and Alaska Native,Personal/family assets other than savings of owner(s),566,125854
Transportation and warehousing(607),American Indian and Alaska Native,Personal/family home equity loan,281,46302
Transportation and warehousing(607),American Indian and Alaska Native,Personal credit card(s) carrying balances,634,107362
Transportation and warehousing(607),American Indian and Alaska Native,Business credit card(s) carrying balances,245,44003
Transportation and warehousing(607),American Indian and Alaska Native,"Business loan from federal, state, or local government",0,0
Transportation and warehousing(607),American Indian and Alaska Native,Government-guaranteed business loan from a bank or financial institution,47,3269
Transportation and warehousing(607),American Indian and Alaska Native,Business loan from a bank or financial institution,425,96849
Transportation and warehousing(607),American Indian and Alaska Native,Business loan/investment from family/friends,130,S
Transportation and warehousing(607),American Indian and Alaska Native,Investment by venture capitalist(s),8,S
Transportation and warehousing(607),American Indian and Alaska Native,Grants,0,0
Transportation and warehousing(607),American Indian and Alaska Native,Other source(s) of capital,239,25313
Transportation and warehousing(607),American Indian and Alaska Native,Don't know,358,123777
Transportation and warehousing(607),American Indian and Alaska Native,None needed,1563,95463
Transportation and warehousing(607),American Indian and Alaska Native,Total reporting,5322(r),878263(r)
Transportation and warehousing(607),American Indian and Alaska Native,Item not reported,315(r),S
Transportation and warehousing(607),"American Indian and Alaska Native, female-owned",All firms,2643,440715
Transportation and warehousing(607),"American Indian and Alaska Native, female-owned",Personal/family savings of owner(s),479,61754
Transportation and warehousing(607),"American Indian and Alaska Native, female-owned",Personal/family assets other than savings of owner(s),140,11780
Transportation and warehousing(607),"American Indian and Alaska Native, female-owned",Personal/family home equity loan,65,S
Transportation and warehousing(607),"American Indian and Alaska Native, female-owned",Personal credit card(s) carrying balances,114,4377
Transportation and warehousing(607),"American Indian and Alaska Native, female-owned",Business credit card(s) carrying balances,11,S
Transportation and warehousing(607),"American Indian and Alaska Native, female-owned","Business loan from federal, state, or local government",0,0
Transportation and warehousing(607),"American Indian and Alaska Native, female-owned",Government-guaranteed business loan from a bank or financial institution,36,S
Transportation and warehousing(607),"American Indian and Alaska Native, female-owned",Business loan from a bank or financial institution,14,3592
Transportation and warehousing(607),"American Indian and Alaska Native, female-owned",Business loan/investment from family/friends,4,S
Transportation and warehousing(607),"American Indian and Alaska Native, female-owned",Investment by venture capitalist(s),0,0
Transportation and warehousing(607),"American Indian and Alaska Native, female-owned",Grants,0,0
Transportation and warehousing(607),"American Indian and Alaska Native, female-owned",Other source(s) of capital,150,S
Transportation and warehousing(607),"American Indian and Alaska Native, female-owned",Don't know,80,S
Transportation and warehousing(607),"American Indian and Alaska Native, female-owned",None needed,296,S
Transportation and warehousing(607),"American Indian and Alaska Native, female-owned",Total reporting,1050,219330
Transportation and warehousing(607),"American Indian and Alaska Native, female-owned",Item not reported,86,S
Transportation and warehousing(607),"American Indian and Alaska Native, male-owned",All firms,8538,988058
Transportation and warehousing(607),"American Indian and Alaska Native, male-owned",Personal/family savings of owner(s),2046,431976
Transportation and warehousing(607),"American Indian and Alaska Native, male-owned",Personal/family assets other than savings of owner(s),424,113870
Transportation and warehousing(607),"American Indian and Alaska Native, male-owned",Personal/family home equity loan,205,42914
Transportation and warehousing(607),"American Indian and Alaska Native, male-owned",Personal credit card(s) carrying balances,506,102931
Transportation and warehousing(607),"American Indian and Alaska Native, male-owned",Business credit card(s) carrying balances,232,42680
Transportation and warehousing(607),"American Indian and Alaska Native, male-owned","Business loan from federal, state, or local government",0,0
Transportation and warehousing(607),"American Indian and Alaska Native, male-owned",Government-guaranteed business loan from a bank or financial institution,11,S
Transportation and warehousing(607),"American Indian and Alaska Native, male-owned",Business loan from a bank or financial institution,400,90785
Transportation and warehousing(607),"American Indian and Alaska Native, male-owned",Business loan/investment from family/friends,124,S
Transportation and warehousing(607),"American Indian and Alaska Native, male-owned",Investment by venture capitalist(s),6,S
Transportation and warehousing(607),"American Indian and Alaska Native, male-owned",Grants,0,0
Transportation and warehousing(607),"American Indian and Alaska Native, male-owned",Other source(s) of capital,89,S
Transportation and warehousing(607),"American Indian and Alaska Native, male-owned",Don't know,278,25245
Transportation and warehousing(607),"American Indian and Alaska Native, male-owned",None needed,1267,61534
Transportation and warehousing(607),"American Indian and Alaska Native, male-owned",Total reporting,4131(r),639292(r)
Transportation and warehousing(607),"American Indian and Alaska Native, male-owned",Item not reported,229(r),S
Transportation and warehousing(607),"American Indian and Alaska Native, equally male-/female-owned",All firms,189,37870
Transportation and warehousing(607),"American Indian and Alaska Native, equally male-/female-owned",Personal/family savings of owner(s),116,16464
Transportation and warehousing(607),"American Indian and Alaska Native, equally male-/female-owned",Personal/family assets other than savings of owner(s),2,S
Transportation and warehousing(607),"American Indian and Alaska Native, equally male-/female-owned",Personal/family home equity loan,11,S
Transportation and warehousing(607),"American Indian and Alaska Native, equally male-/female-owned",Personal credit card(s) carrying balances,14,S
Transportation and warehousing(607),"American Indian and Alaska Native, equally male-/female-owned",Business credit card(s) carrying balances,2,S
Transportation and warehousing(607),"American Indian and Alaska Native, equally male-/female-owned","Business loan from federal, state, or local government",0,0
Transportation and warehousing(607),"American Indian and Alaska Native, equally male-/female-owned",Government-guaranteed business loan from a bank or financial institution,0,0
Transportation and warehousing(607),"American Indian and Alaska Native, equally male-/female-owned",Business loan from a bank or financial institution,11,S
Transportation and warehousing(607),"American Indian and Alaska Native, equally male-/female-owned",Business loan/investment from family/friends,2,S
Transportation and warehousing(607),"American Indian and Alaska Native, equally male-/female-owned",Investment by venture capitalist(s),2,S
Transportation and warehousing(607),"American Indian and Alaska Native, equally male-/female-owned",Grants,0,0
Transportation and warehousing(607),"American Indian and Alaska Native, equally male-/female-owned",Other source(s) of capital,0,0
Transportation and warehousing(607),"American Indian and Alaska Native, equally male-/female-owned",Don't know,0,0
Transportation and warehousing(607),"American Indian and Alaska Native, equally male-/female-owned",None needed,0,0
Transportation and warehousing(607),"American Indian and Alaska Native, equally male-/female-owned",Total reporting,141,19642
Transportation and warehousing(607),"American Indian and Alaska Native, equally male-/female-owned",Item not reported,0,0
Transportation and warehousing(607),Asian,All firms,93554,14157250
Transportation and warehousing(607),Asian,Personal/family savings of owner(s),21244,5018577
Transportation and warehousing(607),Asian,Personal/family assets other than savings of owner(s),1859,455889
Transportation and warehousing(607),Asian,Personal/family home equity loan,1424,386989
Transportation and warehousing(607),Asian,Personal credit card(s) carrying balances,3320,571321
Transportation and warehousing(607),Asian,Business credit card(s) carrying balances,751,210317
Transportation and warehousing(607),Asian,"Business loan from federal, state, or local government",79,S
Transportation and warehousing(607),Asian,Government-guaranteed business loan from a bank or financial institution,78,63317
Transportation and warehousing(607),Asian,Business loan from a bank or financial institution,3625,1030458
Transportation and warehousing(607),Asian,Business loan/investment from family/friends,1344,313867
Transportation and warehousing(607),Asian,Investment by venture capitalist(s),37,S
Transportation and warehousing(607),Asian,Grants,208,21612
Transportation and warehousing(607),Asian,Other source(s) of capital,1007,895597
Transportation and warehousing(607),Asian,Don't know,5951,1638076
Transportation and warehousing(607),Asian,None needed,8760,466039
Transportation and warehousing(607),Asian,Total reporting,41649(r),8851678(r)
Transportation and warehousing(607),Asian,Item not reported,1626(r),101726(r)
Transportation and warehousing(607),"Asian, female-owned",All firms,8441,1712270
Transportation and warehousing(607),"Asian, female-owned",Personal/family savings of owner(s),2009,726409
Transportation and warehousing(607),"Asian, female-owned",Personal/family assets other than savings of owner(s),211,23436
Transportation and warehousing(607),"Asian, female-owned",Personal/family home equity loan,138,47036
Transportation and warehousing(607),"Asian, female-owned",Personal credit card(s) carrying balances,296,27765
Transportation and warehousing(607),"Asian, female-owned",Business credit card(s) carrying balances,119,13908
Transportation and warehousing(607),"Asian, female-owned","Business loan from federal, state, or local government",0,0
Transportation and warehousing(607),"Asian, female-owned",Government-guaranteed business loan from a bank or financial institution,2,S
Transportation and warehousing(607),"Asian, female-owned",Business loan from a bank or financial institution,195,171572
Transportation and warehousing(607),"Asian, female-owned",Business loan/investment from family/friends,165,27653
Transportation and warehousing(607),"Asian, female-owned",Investment by venture capitalist(s),0,0
Transportation and warehousing(607),"Asian, female-owned",Grants,2,S
Transportation and warehousing(607),"Asian, female-owned",Other source(s) of capital,69,S
Transportation and warehousing(607),"Asian, female-owned",Don't know,471,277690
Transportation and warehousing(607),"Asian, female-owned",None needed,733,17176
Transportation and warehousing(607),"Asian, female-owned",Total reporting,3597(r),1164228(r)
Transportation and warehousing(607),"Asian, female-owned",Item not reported,56(r),4658(r)
Transportation and warehousing(607),"Asian, male-owned",All firms,82185,11703591
Transportation and warehousing(607),"Asian, male-owned",Personal/family savings of owner(s),17773,4064440
Transportation and warehousing(607),"Asian, male-owned",Personal/family assets other than savings of owner(s),1618,419030
Transportation and warehousing(607),"Asian, male-owned",Personal/family home equity loan,1032,313339
Transportation and warehousing(607),"Asian, male-owned",Personal credit card(s) carrying balances,2722,458125
Transportation and warehousing(607),"Asian, male-owned",Business credit card(s) carrying balances,480,140631
Transportation and warehousing(607),"Asian, male-owned","Business loan from federal, state, or local government",79,S
Transportation and warehousing(607),"Asian, male-owned",Government-guaranteed business loan from a bank or financial institution,67,56217
Transportation and warehousing(607),"Asian, male-owned",Business loan from a bank or financial institution,3075,734223
Transportation and warehousing(607),"Asian, male-owned",Business loan/investment from family/friends,901,256215
Transportation and warehousing(607),"Asian, male-owned",Investment by venture capitalist(s),37,S
Transportation and warehousing(607),"Asian, male-owned",Grants,145,S
Transportation and warehousing(607),"Asian, male-owned",Other source(s) of capital,932,834023
Transportation and warehousing(607),"Asian, male-owned",Don't know,5336,1291483
Transportation and warehousing(607),"Asian, male-owned",None needed,7935,440825
Transportation and warehousing(607),"Asian, male-owned",Total reporting,35882(r),7185337(r)
Transportation and warehousing(607),"Asian, male-owned",Item not reported,1570(r),97067(r)
Transportation and warehousing(607),"Asian, equally male-/female-owned",All firms,2927,741389
Transportation and warehousing(607),"Asian, equally male-/female-owned",Personal/family savings of owner(s),1463,227728
Transportation and warehousing(607),"Asian, equally male-/female-owned",Personal/family assets other than savings of owner(s),30,13423
Transportation and warehousing(607),"Asian, equally male-/female-owned",Personal/family home equity loan,254,26614
Transportation and warehousing(607),"Asian, equally male-/female-owned",Personal credit card(s) carrying balances,302,S
Transportation and warehousing(607),"Asian, equally male-/female-owned",Business credit card(s) carrying balances,152,S
Transportation and warehousing(607),"Asian, equally male-/female-owned","Business loan from federal, state, or local government",0,0
Transportation and warehousing(607),"Asian, equally male-/female-owned",Government-guaranteed business loan from a bank or financial institution,8,S
Transportation and warehousing(607),"Asian, equally male-/female-owned",Business loan from a bank or financial institution,355,124663
Transportation and warehousing(607),"Asian, equally male-/female-owned",Business loan/investment from family/friends,278,S
Transportation and warehousing(607),"Asian, equally male-/female-owned",Investment by venture capitalist(s),0,0
Transportation and warehousing(607),"Asian, equally male-/female-owned",Grants,61,S
Transportation and warehousing(607),"Asian, equally male-/female-owned",Other source(s) of capital,6,S
Transportation and warehousing(607),"Asian, equally male-/female-owned",Don't know,144,68903
Transportation and warehousing(607),"Asian, equally male-/female-owned",None needed,92,8038
Transportation and warehousing(607),"Asian, equally male-/female-owned",Total reporting,2170,502113
Transportation and warehousing(607),"Asian, equally male-/female-owned",Item not reported,0,0
Transportation and warehousing(607),Native Hawaiian and Other Pacific Islander,All firms,2566,545168
Transportation and warehousing(607),Native Hawaiian and Other Pacific Islander,Personal/family savings of owner(s),383,74582
Transportation and warehousing(607),Native Hawaiian and Other Pacific Islander,Personal/family assets other than savings of owner(s),69,10467
Transportation and warehousing(607),Native Hawaiian and Other Pacific Islander,Personal/family home equity loan,10,S
Transportation and warehousing(607),Native Hawaiian and Other Pacific Islander,Personal credit card(s) carrying balances,66,14856
Transportation and warehousing(607),Native Hawaiian and Other Pacific Islander,Business credit card(s) carrying balances,49,S
Transportation and warehousing(607),Native Hawaiian and Other Pacific Islander,"Business loan from federal, state, or local government",0,0
Transportation and warehousing(607),Native Hawaiian and Other Pacific Islander,Government-guaranteed business loan from a bank or financial institution,20,S
Transportation and warehousing(607),Native Hawaiian and Other Pacific Islander,Business loan from a bank or financial institution,32,21037
Transportation and warehousing(607),Native Hawaiian and Other Pacific Islander,Business loan/investment from family/friends,40,S
Transportation and warehousing(607),Native Hawaiian and Other Pacific Islander,Investment by venture capitalist(s),0,0
Transportation and warehousing(607),Native Hawaiian and Other Pacific Islander,Grants,0,0
Transportation and warehousing(607),Native Hawaiian and Other Pacific Islander,Other source(s) of capital,19,S
Transportation and warehousing(607),Native Hawaiian and Other Pacific Islander,Don't know,147,119153
Transportation and warehousing(607),Native Hawaiian and Other Pacific Islander,None needed,286,S
Transportation and warehousing(607),Native Hawaiian and Other Pacific Islander,Total reporting,923(r),288406(r)
Transportation and warehousing(607),Native Hawaiian and Other Pacific Islander,Item not reported,67(r),S
Transportation and warehousing(607),"Native Hawaiian and Other Pacific Islander, female-owned",All firms,393,81546
Transportation and warehousing(607),"Native Hawaiian and Other Pacific Islander, female-owned",Personal/family savings of owner(s),62,18445
Transportation and warehousing(607),"Native Hawaiian and Other Pacific Islander, female-owned",Personal/family assets other than savings of owner(s),21,S
Transportation and warehousing(607),"Native Hawaiian and Other Pacific Islander, female-owned",Personal/family home equity loan,5,S
Transportation and warehousing(607),"Native Hawaiian and Other Pacific Islander, female-owned",Personal credit card(s) carrying balances,26,6525
Transportation and warehousing(607),"Native Hawaiian and Other Pacific Islander, female-owned",Business credit card(s) carrying balances,2,S
Transportation and warehousing(607),"Native Hawaiian and Other Pacific Islander, female-owned","Business loan from federal, state, or local government",0,0
Transportation and warehousing(607),"Native Hawaiian and Other Pacific Islander, female-owned",Government-guaranteed business loan from a bank or financial institution,0,0
Transportation and warehousing(607),"Native Hawaiian and Other Pacific Islander, female-owned",Business loan from a bank or financial institution,6,8160
Transportation and warehousing(607),"Native Hawaiian and Other Pacific Islander, female-owned",Business loan/investment from family/friends,8,S
Transportation and warehousing(607),"Native Hawaiian and Other Pacific Islander, female-owned",Investment by venture capitalist(s),0,0
Transportation and warehousing(607),"Native Hawaiian and Other Pacific Islander, female-owned",Grants,0,0
Transportation and warehousing(607),"Native Hawaiian and Other Pacific Islander, female-owned",Other source(s) of capital,0,0
Transportation and warehousing(607),"Native Hawaiian and Other Pacific Islander, female-owned",Don't know,43,S
Transportation and warehousing(607),"Native Hawaiian and Other Pacific Islander, female-owned",None needed,14,128
Transportation and warehousing(607),"Native Hawaiian and Other Pacific Islander, female-owned",Total reporting,132,54531
Transportation and warehousing(607),"Native Hawaiian and Other Pacific Islander, female-owned",Item not reported,19,S
Transportation and warehousing(607),"Native Hawaiian and Other Pacific Islander, male-owned",All firms,2122,457081
Transportation and warehousing(607),"Native Hawaiian and Other Pacific Islander, male-owned",Personal/family savings of owner(s),296,54232
Transportation and warehousing(607),"Native Hawaiian and Other Pacific Islander, male-owned",Personal/family assets other than savings of owner(s),43,S
Transportation and warehousing(607),"Native Hawaiian and Other Pacific Islander, male-owned",Personal/family home equity loan,2,S
Transportation and warehousing(607),"Native Hawaiian and Other Pacific Islander, male-owned",Personal credit card(s) carrying balances,38,8214
Transportation and warehousing(607),"Native Hawaiian and Other Pacific Islander, male-owned",Business credit card(s) carrying balances,47,S
Transportation and warehousing(607),"Native Hawaiian and Other Pacific Islander, male-owned","Business loan from federal, state, or local government",0,0
Transportation and warehousing(607),"Native Hawaiian and Other Pacific Islander, male-owned",Government-guaranteed business loan from a bank or financial institution,20,S
Transportation and warehousing(607),"Native Hawaiian and Other Pacific Islander, male-owned",Business loan from a bank or financial institution,22,S
Transportation and warehousing(607),"Native Hawaiian and Other Pacific Islander, male-owned",Business loan/investment from family/friends,29,S
Transportation and warehousing(607),"Native Hawaiian and Other Pacific Islander, male-owned",Investment by venture capitalist(s),0,0
Transportation and warehousing(607),"Native Hawaiian and Other Pacific Islander, male-owned",Grants,0,0
Transportation and warehousing(607),"Native Hawaiian and Other Pacific Islander, male-owned",Other source(s) of capital,19,S
Transportation and warehousing(607),"Native Hawaiian and Other Pacific Islander, male-owned",Don't know,104,86567
Transportation and warehousing(607),"Native Hawaiian and Other Pacific Islander, male-owned",None needed,270,S
Transportation and warehousing(607),"Native Hawaiian and Other Pacific Islander, male-owned",Total reporting,759(r),231460(r)
Transportation and warehousing(607),"Native Hawaiian and Other Pacific Islander, male-owned",Item not reported,48(r),S
Transportation and warehousing(607),"Native Hawaiian and Other Pacific Islander, equally male-/female-owned",All firms,51,6541
Transportation and warehousing(607),"Native Hawaiian and Other Pacific Islander, equally male-/female-owned",Personal/family savings of owner(s),25,1905
Transportation and warehousing(607),"Native Hawaiian and Other Pacific Islander, equally male-/female-owned",Personal/family assets other than savings of owner(s),5,S
Transportation and warehousing(607),"Native Hawaiian and Other Pacific Islander, equally male-/female-owned",Personal/family home equity loan,3,S
Transportation and warehousing(607),"Native Hawaiian and Other Pacific Islander, equally male-/female-owned",Personal credit card(s) carrying balances,3,S
Transportation and warehousing(607),"Native Hawaiian and Other Pacific Islander, equally male-/female-owned",Business credit card(s) carrying balances,0,0
Transportation and warehousing(607),"Native Hawaiian and Other Pacific Islander, equally male-/female-owned","Business loan from federal, state, or local government",0,0
Transportation and warehousing(607),"Native Hawaiian and Other Pacific Islander, equally male-/female-owned",Government-guaranteed business loan from a bank or financial institution,0,0
Transportation and warehousing(607),"Native Hawaiian and Other Pacific Islander, equally male-/female-owned",Business loan from a bank or financial institution,5,S
Transportation and warehousing(607),"Native Hawaiian and Other Pacific Islander, equally male-/female-owned",Business loan/investment from family/friends,3,S
Transportation and warehousing(607),"Native Hawaiian and Other Pacific Islander, equally male-/female-owned",Investment by venture capitalist(s),0,0
Transportation and warehousing(607),"Native Hawaiian and Other Pacific Islander, equally male-/female-owned",Grants,0,0
Transportation and warehousing(607),"Native Hawaiian and Other Pacific Islander, equally male-/female-owned",Other source(s) of capital,0,0
Transportation and warehousing(607),"Native Hawaiian and Other Pacific Islander, equally male-/female-owned",Don't know,0,0
Transportation and warehousing(607),"Native Hawaiian and Other Pacific Islander, equally male-/female-owned",None needed,2,S
Transportation and warehousing(607),"Native Hawaiian and Other Pacific Islander, equally male-/female-owned",Total reporting,32,2414
Transportation and warehousing(607),"Native Hawaiian and Other Pacific Islander, equally male-/female-owned",Item not reported,0,0
Transportation and warehousing(607),Some other race,All firms,95107,9268292
Transportation and warehousing(607),Some other race,Personal/family savings of owner(s),16285,2650913
Transportation and warehousing(607),Some other race,Personal/family assets other than savings of owner(s),1664,S
Transportation and warehousing(607),Some other race,Personal/family home equity loan,2042,384698
Transportation and warehousing(607),Some other race,Personal credit card(s) carrying balances,2929,595704
Transportation and warehousing(607),Some other race,Business credit card(s) carrying balances,676,182559
Transportation and warehousing(607),Some other race,"Business loan from federal, state, or local government",2,S
Transportation and warehousing(607),Some other race,Government-guaranteed business loan from a bank or financial institution,45,S
Transportation and warehousing(607),Some other race,Business loan from a bank or financial institution,2841,703257
Transportation and warehousing(607),Some other race,Business loan/investment from family/friends,683,136460
Transportation and warehousing(607),Some other race,Investment by venture capitalist(s),2,S
Transportation and warehousing(607),Some other race,Grants,0,0
Transportation and warehousing(607),Some other race,Other source(s) of capital,565,S
Transportation and warehousing(607),Some other race,Don't know,3286,503053
Transportation and warehousing(607),Some other race,None needed,5822,497100
Transportation and warehousing(607),Some other race,Total reporting,30501(r),4456819(r)
Transportation and warehousing(607),Some other race,Item not reported,2358(r),195836(r)
Transportation and warehousing(607),"Some other race, female-owned",All firms,12127,815925
Transportation and warehousing(607),"Some other race, female-owned",Personal/family savings of owner(s),530,163595
Transportation and warehousing(607),"Some other race, female-owned",Personal/family assets other than savings of owner(s),19,S
Transportation and warehousing(607),"Some other race, female-owned",Personal/family home equity loan,140,26732
Transportation and warehousing(607),"Some other race, female-owned",Personal credit card(s) carrying balances,221,4343
Transportation and warehousing(607),"Some other race, female-owned",Business credit card(s) carrying balances,7,S
Transportation and warehousing(607),"Some other race, female-owned","Business loan from federal, state, or local government",0,0
Transportation and warehousing(607),"Some other race, female-owned",Government-guaranteed business loan from a bank or financial institution,0,0
Transportation and warehousing(607),"Some other race, female-owned",Business loan from a bank or financial institution,61,7312
Transportation and warehousing(607),"Some other race, female-owned",Business loan/investment from family/friends,29,S
Transportation and warehousing(607),"Some other race, female-owned",Investment by venture capitalist(s),0,0
Transportation and warehousing(607),"Some other race, female-owned",Grants,0,0
Transportation and warehousing(607),"Some other race, female-owned",Other source(s) of capital,116,S
Transportation and warehousing(607),"Some other race, female-owned",Don't know,363,62212
Transportation and warehousing(607),"Some other race, female-owned",None needed,919,79026
Transportation and warehousing(607),"Some other race, female-owned",Total reporting,2222(r),328139(r)
Transportation and warehousing(607),"Some other race, female-owned",Item not reported,441(r),S
Transportation and warehousing(607),"Some other race, male-owned",All firms,80155,7377186
Transportation and warehousing(607),"Some other race, male-owned",Personal/family savings of owner(s),14428,1940951
Transportation and warehousing(607),"Some other race, male-owned",Personal/family assets other than savings of owner(s),1485,443402
Transportation and warehousing(607),"Some other race, male-owned",Personal/family home equity loan,1772,339528
Transportation and warehousing(607),"Some other race, male-owned",Personal credit card(s) carrying balances,2473,554081
Transportation and warehousing(607),"Some other race, male-owned",Business credit card(s) carrying balances,667,181530
Transportation and warehousing(607),"Some other race, male-owned","Business loan from federal, state, or local government",2,S
Transportation and warehousing(607),"Some other race, male-owned",Government-guaranteed business loan from a bank or financial institution,40,S
Transportation and warehousing(607),"Some other race, male-owned",Business loan from a bank or financial institution,2468,503531
Transportation and warehousing(607),"Some other race, male-owned",Business loan/investment from family/friends,652,111913
Transportation and warehousing(607),"Some other race, male-owned",Investment by venture capitalist(s),2,S
Transportation and warehousing(607),"Some other race, male-owned",Grants,0,0
Transportation and warehousing(607),"Some other race, male-owned",Other source(s) of capital,441,S
Transportation and warehousing(607),"Some other race, male-owned",Don't know,2884,415225
Transportation and warehousing(607),"Some other race, male-owned",None needed,4720,279085
Transportation and warehousing(607),"Some other race, male-owned",Total reporting,26584(r),3403128(r)
Transportation and warehousing(607),"Some other race, male-owned",Item not reported,1917(r),180533(r)
Transportation and warehousing(607),"Some other race, equally male-/female-owned",All firms,2825,1075181
Transportation and warehousing(607),"Some other race, equally male-/female-owned",Personal/family savings of owner(s),1327,546367
Transportation and warehousing(607),"Some other race, equally male-/female-owned",Personal/family assets other than savings of owner(s),159,28134
Transportation and warehousing(607),"Some other race, equally male-/female-owned",Personal/family home equity loan,130,S
Transportation and warehousing(607),"Some other race, equally male-/female-owned",Personal credit card(s) carrying balances,235,S
Transportation and warehousing(607),"Some other race, equally male-/female-owned",Business credit card(s) carrying balances,2,S
Transportation and warehousing(607),"Some other race, equally male-/female-owned","Business loan from federal, state, or local government",0,0
Transportation and warehousing(607),"Some other race, equally male-/female-owned",Government-guaranteed business loan from a bank or financial institution,5,S
Transportation and warehousing(607),"Some other race, equally male-/female-owned",Business loan from a bank or financial institution,313,S
Transportation and warehousing(607),"Some other race, equally male-/female-owned",Business loan/investment from family/friends,2,S
Transportation and warehousing(607),"Some other race, equally male-/female-owned",Investment by venture capitalist(s),0,0
Transportation and warehousing(607),"Some other race, equally male-/female-owned",Grants,0,0
Transportation and warehousing(607),"Some other race, equally male-/female-owned",Other source(s) of capital,8,S
Transportation and warehousing(607),"Some other race, equally male-/female-owned",Don't know,39,S
Transportation and warehousing(607),"Some other race, equally male-/female-owned",None needed,183,S
Transportation and warehousing(607),"Some other race, equally male-/female-owned",Total reporting,1695,725552
Transportation and warehousing(607),"Some other race, equally male-/female-owned",Item not reported,0,0
Transportation and warehousing(607),Minority,All firms,525734,59168670
Transportation and warehousing(607),Minority,Personal/family savings of owner(s),103478,18403966
Transportation and warehousing(607),Minority,Personal/family assets other than savings of owner(s),9084,2089072
Transportation and warehousing(607),Minority,Personal/family home equity loan,7333,1895848
Transportation and warehousing(607),Minority,Personal credit card(s) carrying balances,16750,2999889
Transportation and warehousing(607),Minority,Business credit card(s) carrying balances,4982,1273299
Transportation and warehousing(607),Minority,"Business loan from federal, state, or local government",224,51458
Transportation and warehousing(607),Minority,Government-guaranteed business loan from a bank or financial institution,714,307077
Transportation and warehousing(607),Minority,Business loan from a bank or financial institution,15384,4899839
Transportation and warehousing(607),Minority,Business loan/investment from family/friends,4279,1200739
Transportation and warehousing(607),Minority,Investment by venture capitalist(s),151,49786
Transportation and warehousing(607),Minority,Grants,484,60083
Transportation and warehousing(607),Minority,Other source(s) of capital,5077,2401239
Transportation and warehousing(607),Minority,Don't know,17816,4046850
Transportation and warehousing(607),Minority,None needed,40164,2282862
Transportation and warehousing(607),Minority,Total reporting,188759(r),30608121(r)
Transportation and warehousing(607),Minority,Item not reported,11850(r),804641(r)
Transportation and warehousing(607),"Minority, female-owned",All firms,69259,6615143
Transportation and warehousing(607),"Minority, female-owned",Personal/family savings of owner(s),8003,2009135
Transportation and warehousing(607),"Minority, female-owned",Personal/family assets other than savings of owner(s),677,165819
Transportation and warehousing(607),"Minority, female-owned",Personal/family home equity loan,699,184919
Transportation and warehousing(607),"Minority, female-owned",Personal credit card(s) carrying balances,1322,188239
Transportation and warehousing(607),"Minority, female-owned",Business credit card(s) carrying balances,345,40744
Transportation and warehousing(607),"Minority, female-owned","Business loan from federal, state, or local government",19,S
Transportation and warehousing(607),"Minority, female-owned",Government-guaranteed business loan from a bank or financial institution,71,30711
Transportation and warehousing(607),"Minority, female-owned",Business loan from a bank or financial institution,770,292782
Transportation and warehousing(607),"Minority, female-owned",Business loan/investment from family/friends,477,225078
Transportation and warehousing(607),"Minority, female-owned",Investment by venture capitalist(s),8,S
Transportation and warehousing(607),"Minority, female-owned",Grants,49,S
Transportation and warehousing(607),"Minority, female-owned",Other source(s) of capital,543,90564
Transportation and warehousing(607),"Minority, female-owned",Don't know,1782,582804
Transportation and warehousing(607),"Minority, female-owned",None needed,5596,265282
Transportation and warehousing(607),"Minority, female-owned",Total reporting,17471(r),3187240(r)
Transportation and warehousing(607),"Minority, female-owned",Item not reported,1526(r),60651(r)
Transportation and warehousing(607),"Minority, male-owned",All firms,437187,48287767
Transportation and warehousing(607),"Minority, male-owned",Personal/family savings of owner(s),87074,14605095
Transportation and warehousing(607),"Minority, male-owned",Personal/family assets other than savings of owner(s),7430,1723829
Transportation and warehousing(607),"Minority, male-owned",Personal/family home equity loan,5842,1548949
Transportation and warehousing(607),"Minority, male-owned",Personal credit card(s) carrying balances,13574,2517496
Transportation and warehousing(607),"Minority, male-owned",Business credit card(s) carrying balances,3780,1098950
Transportation and warehousing(607),"Minority, male-owned","Business loan from federal, state, or local government",205,35295
Transportation and warehousing(607),"Minority, male-owned",Government-guaranteed business loan from a bank or financial institution,546,246471
Transportation and warehousing(607),"Minority, male-owned",Business loan from a bank or financial institution,12983,4052067
Transportation and warehousing(607),"Minority, male-owned",Business loan/investment from family/friends,3294,931986
Transportation and warehousing(607),"Minority, male-owned",Investment by venture capitalist(s),88,36001
Transportation and warehousing(607),"Minority, male-owned",Grants,369,S
Transportation and warehousing(607),"Minority, male-owned",Other source(s) of capital,4258,2234634
Transportation and warehousing(607),"Minority, male-owned",Don't know,15344,3276925
Transportation and warehousing(607),"Minority, male-owned",None needed,33753,1819692
Transportation and warehousing(607),"Minority, male-owned",Total reporting,158985(r),24723383(r)
Transportation and warehousing(607),"Minority, male-owned",Item not reported,10099(r),735296(r)
Transportation and warehousing(607),"Minority, equally male-/female-owned",All firms,19288,4265761
Transportation and warehousing(607),"Minority, equally male-/female-owned",Personal/family savings of owner(s),8401,1789736
Transportation and warehousing(607),"Minority, equally male-/female-owned",Personal/family assets other than savings of owner(s),977,199423
Transportation and warehousing(607),"Minority, equally male-/female-owned",Personal/family home equity loan,792,161980
Transportation and warehousing(607),"Minority, equally male-/female-owned",Personal credit card(s) carrying balances,1855,294155
Transportation and warehousing(607),"Minority, equally male-/female-owned",Business credit card(s) carrying balances,857,133604
Transportation and warehousing(607),"Minority, equally male-/female-owned","Business loan from federal, state, or local government",0,0
Transportation and warehousing(607),"Minority, equally male-/female-owned",Government-guaranteed business loan from a bank or financial institution,97,S
Transportation and warehousing(607),"Minority, equally male-/female-owned",Business loan from a bank or financial institution,1630,554990
Transportation and warehousing(607),"Minority, equally male-/female-owned",Business loan/investment from family/friends,508,43675
Transportation and warehousing(607),"Minority, equally male-/female-owned",Investment by venture capitalist(s),56,S
Transportation and warehousing(607),"Minority, equally male-/female-owned",Grants,65,S
Transportation and warehousing(607),"Minority, equally male-/female-owned",Other source(s) of capital,276,S
Transportation and warehousing(607),"Minority, equally male-/female-owned",Don't know,690,187120
Transportation and warehousing(607),"Minority, equally male-/female-owned",None needed,815,S
Transportation and warehousing(607),"Minority, equally male-/female-owned",Total reporting,12304(r),2697498(r)
Transportation and warehousing(607),"Minority, equally male-/female-owned",Item not reported,225(r),S
Transportation and warehousing(607),Equally minority/nonminority,All firms,6532,2511484
Transportation and warehousing(607),Equally minority/nonminority,Personal/family savings of owner(s),2598,863720
Transportation and warehousing(607),Equally minority/nonminority,Personal/family assets other than savings of owner(s),326,149144
Transportation and warehousing(607),Equally minority/nonminority,Personal/family home equity loan,228,72377
Transportation and warehousing(607),Equally minority/nonminority,Personal credit card(s) carrying balances,694,247317
Transportation and warehousing(607),Equally minority/nonminority,Business credit card(s) carrying balances,336,99112
Transportation and warehousing(607),Equally minority/nonminority,"Business loan from federal, state, or local government",2,S
Transportation and warehousing(607),Equally minority/nonminority,Government-guaranteed business loan from a bank or financial institution,19,S
Transportation and warehousing(607),Equally minority/nonminority,Business loan from a bank or financial institution,861,328179
Transportation and warehousing(607),Equally minority/nonminority,Business loan/investment from family/friends,143,S
Transportation and warehousing(607),Equally minority/nonminority,Investment by venture capitalist(s),5,S
Transportation and warehousing(607),Equally minority/nonminority,Grants,0,0
Transportation and warehousing(607),Equally minority/nonminority,Other source(s) of capital,134,S
Transportation and warehousing(607),Equally minority/nonminority,Don't know,366,197992
Transportation and warehousing(607),Equally minority/nonminority,None needed,574,47665
Transportation and warehousing(607),Equally minority/nonminority,Total reporting,4432(r),1453926(r)
Transportation and warehousing(607),Equally minority/nonminority,Item not reported,189(r),S
Transportation and warehousing(607),"Equally minority/nonminority, female-owned",All firms,106,32342
Transportation and warehousing(607),"Equally minority/nonminority, female-owned",Personal/family savings of owner(s),42,17474
Transportation and warehousing(607),"Equally minority/nonminority, female-owned",Personal/family assets other than savings of owner(s),6,S
Transportation and warehousing(607),"Equally minority/nonminority, female-owned",Personal/family home equity loan,9,S
Transportation and warehousing(607),"Equally minority/nonminority, female-owned",Personal credit card(s) carrying balances,13,S
Transportation and warehousing(607),"Equally minority/nonminority, female-owned",Business credit card(s) carrying balances,0,0
Transportation and warehousing(607),"Equally minority/nonminority, female-owned","Business loan from federal, state, or local government",0,0
Transportation and warehousing(607),"Equally minority/nonminority, female-owned",Government-guaranteed business loan from a bank or financial institution,6,S
Transportation and warehousing(607),"Equally minority/nonminority, female-owned",Business loan from a bank or financial institution,0,0
Transportation and warehousing(607),"Equally minority/nonminority, female-owned",Business loan/investment from family/friends,0,0
Transportation and warehousing(607),"Equally minority/nonminority, female-owned",Investment by venture capitalist(s),0,0
Transportation and warehousing(607),"Equally minority/nonminority, female-owned",Grants,0,0
Transportation and warehousing(607),"Equally minority/nonminority, female-owned",Other source(s) of capital,0,0
Transportation and warehousing(607),"Equally minority/nonminority, female-owned",Don't know,0,0
Transportation and warehousing(607),"Equally minority/nonminority, female-owned",None needed,61,S
Transportation and warehousing(607),"Equally minority/nonminority, female-owned",Total reporting,104,S
Transportation and warehousing(607),"Equally minority/nonminority, female-owned",Item not reported,0,0
Transportation and warehousing(607),"Equally minority/nonminority, male-owned",All firms,996,713035
Transportation and warehousing(607),"Equally minority/nonminority, male-owned",Personal/family savings of owner(s),478,216907
Transportation and warehousing(607),"Equally minority/nonminority, male-owned",Personal/family assets other than savings of owner(s),13,S
Transportation and warehousing(607),"Equally minority/nonminority, male-owned",Personal/family home equity loan,12,28866
Transportation and warehousing(607),"Equally minority/nonminority, male-owned",Personal credit card(s) carrying balances,110,65978
Transportation and warehousing(607),"Equally minority/nonminority, male-owned",Business credit card(s) carrying balances,100,S
Transportation and warehousing(607),"Equally minority/nonminority, male-owned","Business loan from federal, state, or local government",2,S
Transportation and warehousing(607),"Equally minority/nonminority, male-owned",Government-guaranteed business loan from a bank or financial institution,0,0
Transportation and warehousing(607),"Equally minority/nonminority, male-owned",Business loan from a bank or financial institution,87,S
Transportation and warehousing(607),"Equally minority/nonminority, male-owned",Business loan/investment from family/friends,17,S
Transportation and warehousing(607),"Equally minority/nonminority, male-owned",Investment by venture capitalist(s),5,S
Transportation and warehousing(607),"Equally minority/nonminority, male-owned",Grants,0,0
Transportation and warehousing(607),"Equally minority/nonminority, male-owned",Other source(s) of capital,6,S
Transportation and warehousing(607),"Equally minority/nonminority, male-owned",Don't know,149,125399
Transportation and warehousing(607),"Equally minority/nonminority, male-owned",None needed,118,S
Transportation and warehousing(607),"Equally minority/nonminority, male-owned",Total reporting,825,406086
Transportation and warehousing(607),"Equally minority/nonminority, male-owned",Item not reported,121,S
Transportation and warehousing(607),"Equally minority/nonminority, equally male-/female-owned",All firms,5430,1766107
Transportation and warehousing(607),"Equally minority/nonminority, equally male-/female-owned",Personal/family savings of owner(s),2077,629340
Transportation and warehousing(607),"Equally minority/nonminority, equally male-/female-owned",Personal/family assets other than savings of owner(s),307,121362
Transportation and warehousing(607),"Equally minority/nonminority, equally male-/female-owned",Personal/family home equity loan,207,43239
Transportation and warehousing(607),"Equally minority/nonminority, equally male-/female-owned",Personal credit card(s) carrying balances,571,175316
Transportation and warehousing(607),"Equally minority/nonminority, equally male-/female-owned",Business credit card(s) carrying balances,235,87111
Transportation and warehousing(607),"Equally minority/nonminority, equally male-/female-owned","Business loan from federal, state, or local government",0,0
Transportation and warehousing(607),"Equally minority/nonminority, equally male-/female-owned",Government-guaranteed business loan from a bank or financial institution,13,S
Transportation and warehousing(607),"Equally minority/nonminority, equally male-/female-owned",Business loan from a bank or financial institution,774,217313
Transportation and warehousing(607),"Equally minority/nonminority, equally male-/female-owned",Business loan/investment from family/friends,125,45507
Transportation and warehousing(607),"Equally minority/nonminority, equally male-/female-owned",Investment by venture capitalist(s),0,0
Transportation and warehousing(607),"Equally minority/nonminority, equally male-/female-owned",Grants,0,0
Transportation and warehousing(607),"Equally minority/nonminority, equally male-/female-owned",Other source(s) of capital,128,S
Transportation and warehousing(607),"Equally minority/nonminority, equally male-/female-owned",Don't know,216,S
Transportation and warehousing(607),"Equally minority/nonminority, equally male-/female-owned",None needed,395,28347
Transportation and warehousing(607),"Equally minority/nonminority, equally male-/female-owned",Total reporting,3503(r),1020659(r)
Transportation and warehousing(607),"Equally minority/nonminority, equally male-/female-owned",Item not reported,68(r),S
Transportation and warehousing(607),Nonminority,All firms,671826,322530271
Transportation and warehousing(607),Nonminority,Personal/family savings of owner(s),204692,107125571
Transportation and warehousing(607),Nonminority,Personal/family assets other than savings of owner(s),26312,21885080
Transportation and warehousing(607),Nonminority,Personal/family home equity loan,18083,8028233
Transportation and warehousing(607),Nonminority,Personal credit card(s) carrying balances,31498,10133477
Transportation and warehousing(607),Nonminority,Business credit card(s) carrying balances,9763,4115439
Transportation and warehousing(607),Nonminority,"Business loan from federal, state, or local government",631,262126
Transportation and warehousing(607),Nonminority,Government-guaranteed business loan from a bank or financial institution,1387,2097894
Transportation and warehousing(607),Nonminority,Business loan from a bank or financial institution,66203,55040760
Transportation and warehousing(607),Nonminority,Business loan/investment from family/friends,10321,8271268
Transportation and warehousing(607),Nonminority,Investment by venture capitalist(s),851,1401535
Transportation and warehousing(607),Nonminority,Grants,95,S
Transportation and warehousing(607),Nonminority,Other source(s) of capital,10107,12951494
Transportation and warehousing(607),Nonminority,Don't know,33128,48968949
Transportation and warehousing(607),Nonminority,None needed,101189,14812191
Transportation and warehousing(607),Nonminority,Total reporting,413771(r),217394198(r)
Transportation and warehousing(607),Nonminority,Item not reported,14728(r),2142310(r)
Transportation and warehousing(607),"Nonminority, female-owned",All firms,89379,37568341
Transportation and warehousing(607),"Nonminority, female-owned",Personal/family savings of owner(s),21269,12001688
Transportation and warehousing(607),"Nonminority, female-owned",Personal/family assets other than savings of owner(s),3112,3241975
Transportation and warehousing(607),"Nonminority, female-owned",Personal/family home equity loan,1646,761549
Transportation and warehousing(607),"Nonminority, female-owned",Personal credit card(s) carrying balances,3920,1454292
Transportation and warehousing(607),"Nonminority, female-owned",Business credit card(s) carrying balances,1406,516715
Transportation and warehousing(607),"Nonminority, female-owned","Business loan from federal, state, or local government",76,S
Transportation and warehousing(607),"Nonminority, female-owned",Government-guaranteed business loan from a bank or financial institution,132,155414
Transportation and warehousing(607),"Nonminority, female-owned",Business loan from a bank or financial institution,4464,6782134
Transportation and warehousing(607),"Nonminority, female-owned",Business loan/investment from family/friends,1400,920625
Transportation and warehousing(607),"Nonminority, female-owned",Investment by venture capitalist(s),63,S
Transportation and warehousing(607),"Nonminority, female-owned",Grants,9,S
Transportation and warehousing(607),"Nonminority, female-owned",Other source(s) of capital,1039,579604
Transportation and warehousing(607),"Nonminority, female-owned",Don't know,3409,6718806
Transportation and warehousing(607),"Nonminority, female-owned",None needed,17282,2160687
Transportation and warehousing(607),"Nonminority, female-owned",Total reporting,48950(r),27620370(r)
Transportation and warehousing(607),"Nonminority, female-owned",Item not reported,2316(r),S
Transportation and warehousing(607),"Nonminority, male-owned",All firms,513831,253424934
Transportation and warehousing(607),"Nonminority, male-owned",Personal/family savings of owner(s),154301,82790063
Transportation and warehousing(607),"Nonminority, male-owned",Personal/family assets other than savings of owner(s),17983,15753911
Transportation and warehousing(607),"Nonminority, male-owned",Personal/family home equity loan,13143,6065281
Transportation and warehousing(607),"Nonminority, male-owned",Personal credit card(s) carrying balances,22179,7229145
Transportation and warehousing(607),"Nonminority, male-owned",Business credit card(s) carrying balances,7242,3243103
Transportation and warehousing(607),"Nonminority, male-owned","Business loan from federal, state, or local government",527,216572
Transportation and warehousing(607),"Nonminority, male-owned",Government-guaranteed business loan from a bank or financial institution,945,1352932
Transportation and warehousing(607),"Nonminority, male-owned",Business loan from a bank or financial institution,49051,41584413
Transportation and warehousing(607),"Nonminority, male-owned",Business loan/investment from family/friends,7138,6552057
Transportation and warehousing(607),"Nonminority, male-owned",Investment by venture capitalist(s),735,1208684
Transportation and warehousing(607),"Nonminority, male-owned",Grants,79,S
Transportation and warehousing(607),"Nonminority, male-owned",Other source(s) of capital,7685,11705724
Transportation and warehousing(607),"Nonminority, male-owned",Don't know,27442,37588165
Transportation and warehousing(607),"Nonminority, male-owned",None needed,78240,11360926
Transportation and warehousing(607),"Nonminority, male-owned",Total reporting,315039(r),166278233(r)
Transportation and warehousing(607),"Nonminority, male-owned",Item not reported,12143(r),1847154(r)
Transportation and warehousing(607),"Nonminority, equally male-/female-owned",All firms,68615,31536995
Transportation and warehousing(607),"Nonminority, equally male-/female-owned",Personal/family savings of owner(s),29121,12333820
Transportation and warehousing(607),"Nonminority, equally male-/female-owned",Personal/family assets other than savings of owner(s),5218,2889194
Transportation and warehousing(607),"Nonminority, equally male-/female-owned",Personal/family home equity loan,3293,1201403
Transportation and warehousing(607),"Nonminority, equally male-/female-owned",Personal credit card(s) carrying balances,5398,1450040
Transportation and warehousing(607),"Nonminority, equally male-/female-owned",Business credit card(s) carrying balances,1115,355621
Transportation and warehousing(607),"Nonminority, equally male-/female-owned","Business loan from federal, state, or local government",28,S
Transportation and warehousing(607),"Nonminority, equally male-/female-owned",Government-guaranteed business loan from a bank or financial institution,311,S
Transportation and warehousing(607),"Nonminority, equally male-/female-owned",Business loan from a bank or financial institution,12687,6674212
Transportation and warehousing(607),"Nonminority, equally male-/female-owned",Business loan/investment from family/friends,1783,798587
Transportation and warehousing(607),"Nonminority, equally male-/female-owned",Investment by venture capitalist(s),53,S
Transportation and warehousing(607),"Nonminority, equally male-/female-owned",Grants,6,S
Transportation and warehousing(607),"Nonminority, equally male-/female-owned",Other source(s) of capital,1383,666166
Transportation and warehousing(607),"Nonminority, equally male-/female-owned",Don't know,2278,4661977
Transportation and warehousing(607),"Nonminority, equally male-/female-owned",None needed,5666,1290578
Transportation and warehousing(607),"Nonminority, equally male-/female-owned",Total reporting,49782(r),23495595(r)
Transportation and warehousing(607),"Nonminority, equally male-/female-owned",Item not reported,269(r),106905(r)
Transportation and warehousing(607),Veteran,All firms,147038,43894480
Transportation and warehousing(607),Veteran,Personal/family savings of owner(s),34542,12141820
Transportation and warehousing(607),Veteran,Personal/family assets other than savings of owner(s),4748,1849571
Transportation and warehousing(607),Veteran,Personal/family home equity loan,2594,945321
Transportation and warehousing(607),Veteran,Personal credit card(s) carrying balances,5378,1684917
Transportation and warehousing(607),Veteran,Business credit card(s) carrying balances,1933,809264
Transportation and warehousing(607),Veteran,"Business loan from federal, state, or local government",215,S
Transportation and warehousing(607),Veteran,Government-guaranteed business loan from a bank or financial institution,304,320001
Transportation and warehousing(607),Veteran,Business loan from a bank or financial institution,9054,4140389
Transportation and warehousing(607),Veteran,Business loan/investment from family/friends,1390,527043
Transportation and warehousing(607),Veteran,Investment by venture capitalist(s),133,59731
Transportation and warehousing(607),Veteran,Grants,18,S
Transportation and warehousing(607),Veteran,Other source(s) of capital,2239,576660
Transportation and warehousing(607),Veteran,Don't know,4131,5833132
Transportation and warehousing(607),Veteran,None needed,23728,3009183
Transportation and warehousing(607),Veteran,Total reporting,74397(r),24556085(r)
Transportation and warehousing(607),Veteran,Item not reported,4682(r),435855(r)
Transportation and warehousing(607),"Veteran, female-owned",All firms,9223,1661185
Transportation and warehousing(607),"Veteran, female-owned",Personal/family savings of owner(s),564,349073
Transportation and warehousing(607),"Veteran, female-owned",Personal/family assets other than savings of owner(s),38,S
Transportation and warehousing(607),"Veteran, female-owned",Personal/family home equity loan,41,S
Transportation and warehousing(607),"Veteran, female-owned",Personal credit card(s) carrying balances,173,S
Transportation and warehousing(607),"Veteran, female-owned",Business credit card(s) carrying balances,46,S
Transportation and warehousing(607),"Veteran, female-owned","Business loan from federal, state, or local government",19,S
Transportation and warehousing(607),"Veteran, female-owned",Government-guaranteed business loan from a bank or financial institution,5,S
Transportation and warehousing(607),"Veteran, female-owned",Business loan from a bank or financial institution,146,166406
Transportation and warehousing(607),"Veteran, female-owned",Business loan/investment from family/friends,6,S
Transportation and warehousing(607),"Veteran, female-owned",Investment by venture capitalist(s),0,0
Transportation and warehousing(607),"Veteran, female-owned",Grants,0,0
Transportation and warehousing(607),"Veteran, female-owned",Other source(s) of capital,64,S
Transportation and warehousing(607),"Veteran, female-owned",Don't know,93,S
Transportation and warehousing(607),"Veteran, female-owned",None needed,679,S
Transportation and warehousing(607),"Veteran, female-owned",Total reporting,1543(r),478043(r)
Transportation and warehousing(607),"Veteran, female-owned",Item not reported,534(r),20662(r)
Transportation and warehousing(607),"Veteran, male-owned",All firms,137218,42155640
Transportation and warehousing(607),"Veteran, male-owned",Personal/family savings of owner(s),33701,11750069
Transportation and warehousing(607),"Veteran, male-owned",Personal/family assets other than savings of owner(s),4711,1836319
Transportation and warehousing(607),"Veteran, male-owned",Personal/family home equity loan,2542,929422
Transportation and warehousing(607),"Veteran, male-owned",Personal credit card(s) carrying balances,5204,1661916
Transportation and warehousing(607),"Veteran, male-owned",Business credit card(s) carrying balances,1888,798508
Transportation and warehousing(607),"Veteran, male-owned","Business loan from federal, state, or local government",196,S
Transportation and warehousing(607),"Veteran, male-owned",Government-guaranteed business loan from a bank or financial institution,298,319556
Transportation and warehousing(607),"Veteran, male-owned",Business loan from a bank or financial institution,8905,3973327
Transportation and warehousing(607),"Veteran, male-owned",Business loan/investment from family/friends,1382,506919
Transportation and warehousing(607),"Veteran, male-owned",Investment by venture capitalist(s),133,59731
Transportation and warehousing(607),"Veteran, male-owned",Grants,18,S
Transportation and warehousing(607),"Veteran, male-owned",Other source(s) of capital,2175,565858
Transportation and warehousing(607),"Veteran, male-owned",Don't know,4039,5830633
Transportation and warehousing(607),"Veteran, male-owned",None needed,23035,2997906
Transportation and warehousing(607),"Veteran, male-owned",Total reporting,72550(r),24028499(r)
Transportation and warehousing(607),"Veteran, male-owned",Item not reported,4088(r),415133(r)
Transportation and warehousing(607),"Veteran, equally male-/female-owned",All firms,597,77654
Transportation and warehousing(607),"Veteran, equally male-/female-owned",Personal/family savings of owner(s),277,42678
Transportation and warehousing(607),"Veteran, equally male-/female-owned",Personal/family assets other than savings of owner(s),0,0
Transportation and warehousing(607),"Veteran, equally male-/female-owned",Personal/family home equity loan,11,S
Transportation and warehousing(607),"Veteran, equally male-/female-owned",Personal credit card(s) carrying balances,2,S
Transportation and warehousing(607),"Veteran, equally male-/female-owned",Business credit card(s) carrying balances,0,0
Transportation and warehousing(607),"Veteran, equally male-/female-owned","Business loan from federal, state, or local government",0,0
Transportation and warehousing(607),"Veteran, equally male-/female-owned",Government-guaranteed business loan from a bank or financial institution,0,0
Transportation and warehousing(607),"Veteran, equally male-/female-owned",Business loan from a bank or financial institution,2,S
Transportation and warehousing(607),"Veteran, equally male-/female-owned",Business loan/investment from family/friends,2,S
Transportation and warehousing(607),"Veteran, equally male-/female-owned",Investment by venture capitalist(s),0,0
Transportation and warehousing(607),"Veteran, equally male-/female-owned",Grants,0,0
Transportation and warehousing(607),"Veteran, equally male-/female-owned",Other source(s) of capital,0,0
Transportation and warehousing(607),"Veteran, equally male-/female-owned",Don't know,0,0
Transportation and warehousing(607),"Veteran, equally male-/female-owned",None needed,14,S
Transportation and warehousing(607),"Veteran, equally male-/female-owned",Total reporting,305,49543
Transportation and warehousing(607),"Veteran, equally male-/female-owned",Item not reported,60,S
Transportation and warehousing(607),"Veteran, Hispanic",All firms,12296,1236849
Transportation and warehousing(607),"Veteran, Hispanic",Personal/family savings of owner(s),1955,381442
Transportation and warehousing(607),"Veteran, Hispanic",Personal/family assets other than savings of owner(s),257,19691
Transportation and warehousing(607),"Veteran, Hispanic",Personal/family home equity loan,107,S
Transportation and warehousing(607),"Veteran, Hispanic",Personal credit card(s) carrying balances,581,53133
Transportation and warehousing(607),"Veteran, Hispanic",Business credit card(s) carrying balances,246,15180
Transportation and warehousing(607),"Veteran, Hispanic","Business loan from federal, state, or local government",0,0
Transportation and warehousing(607),"Veteran, Hispanic",Government-guaranteed business loan from a bank or financial institution,10,S
Transportation and warehousing(607),"Veteran, Hispanic",Business loan from a bank or financial institution,94,S
Transportation and warehousing(607),"Veteran, Hispanic",Business loan/investment from family/friends,63,S
Transportation and warehousing(607),"Veteran, Hispanic",Investment by venture capitalist(s),17,S
Transportation and warehousing(607),"Veteran, Hispanic",Grants,0,0
Transportation and warehousing(607),"Veteran, Hispanic",Other source(s) of capital,82,1641
Transportation and warehousing(607),"Veteran, Hispanic",Don't know,99,S
Transportation and warehousing(607),"Veteran, Hispanic",None needed,628,17117
Transportation and warehousing(607),"Veteran, Hispanic",Total reporting,2987(r),562302(r)
Transportation and warehousing(607),"Veteran, Hispanic",Item not reported,230(r),S
Transportation and warehousing(607),"Veteran, equally Hispanic/non-Hispanic",All firms,130,S
Transportation and warehousing(607),"Veteran, equally Hispanic/non-Hispanic",Personal/family savings of owner(s),100,S
Transportation and warehousing(607),"Veteran, equally Hispanic/non-Hispanic",Personal/family assets other than savings of owner(s),0,S
Transportation and warehousing(607),"Veteran, equally Hispanic/non-Hispanic",Personal/family home equity loan,0,S
Transportation and warehousing(607),"Veteran, equally Hispanic/non-Hispanic",Personal credit card(s) carrying balances,0,S
Transportation and warehousing(607),"Veteran, equally Hispanic/non-Hispanic",Business credit card(s) carrying balances,0,S
Transportation and warehousing(607),"Veteran, equally Hispanic/non-Hispanic","Business loan from federal, state, or local government",0,S
Transportation and warehousing(607),"Veteran, equally Hispanic/non-Hispanic",Government-guaranteed business loan from a bank or financial institution,0,S
Transportation and warehousing(607),"Veteran, equally Hispanic/non-Hispanic",Business loan from a bank or financial institution,0,S
Transportation and warehousing(607),"Veteran, equally Hispanic/non-Hispanic",Business loan/investment from family/friends,0,S
Transportation and warehousing(607),"Veteran, equally Hispanic/non-Hispanic",Investment by venture capitalist(s),0,S
Transportation and warehousing(607),"Veteran, equally Hispanic/non-Hispanic",Grants,0,S
Transportation and warehousing(607),"Veteran, equally Hispanic/non-Hispanic",Other source(s) of capital,0,S
Transportation and warehousing(607),"Veteran, equally Hispanic/non-Hispanic",Don't know,0,S
Transportation and warehousing(607),"Veteran, equally Hispanic/non-Hispanic",None needed,0,S
Transportation and warehousing(607),"Veteran, equally Hispanic/non-Hispanic",Total reporting,100,S
Transportation and warehousing(607),"Veteran, equally Hispanic/non-Hispanic",Item not reported,0,S
Transportation and warehousing(607),"Veteran, non-Hispanic",All firms,134612,42638998
Transportation and warehousing(607),"Veteran, non-Hispanic",Personal/family savings of owner(s),32488,11754827
Transportation and warehousing(607),"Veteran, non-Hispanic",Personal/family assets other than savings of owner(s),4492,1829880
Transportation and warehousing(607),"Veteran, non-Hispanic",Personal/family home equity loan,2487,896144
Transportation and warehousing(607),"Veteran, non-Hispanic",Personal credit card(s) carrying balances,4798,1631784
Transportation and warehousing(607),"Veteran, non-Hispanic",Business credit card(s) carrying balances,1688,794084
Transportation and warehousing(607),"Veteran, non-Hispanic","Business loan from federal, state, or local government",215,S
Transportation and warehousing(607),"Veteran, non-Hispanic",Government-guaranteed business loan from a bank or financial institution,293,303061
Transportation and warehousing(607),"Veteran, non-Hispanic",Business loan from a bank or financial institution,8959,4000725
Transportation and warehousing(607),"Veteran, non-Hispanic",Business loan/investment from family/friends,1327,522557
Transportation and warehousing(607),"Veteran, non-Hispanic",Investment by venture capitalist(s),115,54043
Transportation and warehousing(607),"Veteran, non-Hispanic",Grants,18,S
Transportation and warehousing(607),"Veteran, non-Hispanic",Other source(s) of capital,2157,575020
Transportation and warehousing(607),"Veteran, non-Hispanic",Don't know,4033,5822342
Transportation and warehousing(607),"Veteran, non-Hispanic",None needed,23101,2992066
Transportation and warehousing(607),"Veteran, non-Hispanic",Total reporting,71310(r),23988233(r)
Transportation and warehousing(607),"Veteran, non-Hispanic",Item not reported,4452(r),427883(r)
Transportation and warehousing(607),"Veteran, White",All firms,115270,41503612
Transportation and warehousing(607),"Veteran, White",Personal/family savings of owner(s),29954,11524748
Transportation and warehousing(607),"Veteran, White",Personal/family assets other than savings of owner(s),4219,1727807
Transportation and warehousing(607),"Veteran, White",Personal/family home equity loan,2295,866992
Transportation and warehousing(607),"Veteran, White",Personal credit card(s) carrying balances,4763,1585618
Transportation and warehousing(607),"Veteran, White",Business credit card(s) carrying balances,1616,767913
Transportation and warehousing(607),"Veteran, White","Business loan from federal, state, or local government",196,S
Transportation and warehousing(607),"Veteran, White",Government-guaranteed business loan from a bank or financial institution,268,313136
Transportation and warehousing(607),"Veteran, White",Business loan from a bank or financial institution,8201,3912765
Transportation and warehousing(607),"Veteran, White",Business loan/investment from family/friends,1243,510969
Transportation and warehousing(607),"Veteran, White",Investment by venture capitalist(s),133,59731
Transportation and warehousing(607),"Veteran, White",Grants,18,S
Transportation and warehousing(607),"Veteran, White",Other source(s) of capital,1953,551060
Transportation and warehousing(607),"Veteran, White",Don't know,3747,5753141
Transportation and warehousing(607),"Veteran, White",None needed,21265,2888853
Transportation and warehousing(607),"Veteran, White",Total reporting,65635(r),23490649(r)
Transportation and warehousing(607),"Veteran, White",Item not reported,3920(r),385775(r)
Transportation and warehousing(607),"Veteran, Black or African American",All firms,24290,1651116
Transportation and warehousing(607),"Veteran, Black or African American",Personal/family savings of owner(s),3877,500474
Transportation and warehousing(607),"Veteran, Black or African American",Personal/family assets other than savings of owner(s),530,96565
Transportation and warehousing(607),"Veteran, Black or African American",Personal/family home equity loan,344,41857
Transportation and warehousing(607),"Veteran, Black or African American",Personal credit card(s) carrying balances,644,84496
Transportation and warehousing(607),"Veteran, Black or African American",Business credit card(s) carrying balances,224,22597
Transportation and warehousing(607),"Veteran, Black or African American","Business loan from federal, state, or local government",19,S
Transportation and warehousing(607),"Veteran, Black or African American",Government-guaranteed business loan from a bank or financial institution,29,S
Transportation and warehousing(607),"Veteran, Black or African American",Business loan from a bank or financial institution,717,90151
Transportation and warehousing(607),"Veteran, Black or African American",Business loan/investment from family/friends,133,S
Transportation and warehousing(607),"Veteran, Black or African American",Investment by venture capitalist(s),0,0
Transportation and warehousing(607),"Veteran, Black or African American",Grants,0,0
Transportation and warehousing(607),"Veteran, Black or African American",Other source(s) of capital,259,24916
Transportation and warehousing(607),"Veteran, Black or African American",Don't know,402,S
Transportation and warehousing(607),"Veteran, Black or African American",None needed,1925,100274
Transportation and warehousing(607),"Veteran, Black or African American",Total reporting,7297(r),798477(r)
Transportation and warehousing(607),"Veteran, Black or African American",Item not reported,679(r),S
Transportation and warehousing(607),"Veteran, American Indian and Alaska Native",All firms,2326,227351
Transportation and warehousing(607),"Veteran, American Indian and Alaska Native",Personal/family savings of owner(s),534,55211
Transportation and warehousing(607),"Veteran, American Indian and Alaska Native",Personal/family assets other than savings of owner(s),85,S
Transportation and warehousing(607),"Veteran, American Indian and Alaska Native",Personal/family home equity loan,10,4230
Transportation and warehousing(607),"Veteran, American Indian and Alaska Native",Personal credit card(s) carrying balances,129,S
Transportation and warehousing(607),"Veteran, American Indian and Alaska Native",Business credit card(s) carrying balances,101,S
Transportation and warehousing(607),"Veteran, American Indian and Alaska Native","Business loan from federal, state, or local government",0,0
Transportation and warehousing(607),"Veteran, American Indian and Alaska Native",Government-guaranteed business loan from a bank or financial institution,7,S
Transportation and warehousing(607),"Veteran, American Indian and Alaska Native",Business loan from a bank or financial institution,172,S
Transportation and warehousing(607),"Veteran, American Indian and Alaska Native",Business loan/investment from family/friends,15,S
Transportation and warehousing(607),"Veteran, American Indian and Alaska Native",Investment by venture capitalist(s),0,0
Transportation and warehousing(607),"Veteran, American Indian and Alaska Native",Grants,0,0
Transportation and warehousing(607),"Veteran, American Indian and Alaska Native",Other source(s) of capital,9,S
Transportation and warehousing(607),"Veteran, American Indian and Alaska Native",Don't know,72,S
Transportation and warehousing(607),"Veteran, American Indian and Alaska Native",None needed,458,S
Transportation and warehousing(607),"Veteran, American Indian and Alaska Native",Total reporting,1155(r),123900(r)
Transportation and warehousing(607),"Veteran, American Indian and Alaska Native",Item not reported,93(r),S
Transportation and warehousing(607),"Veteran, Asian",All firms,2917,251370
Transportation and warehousing(607),"Veteran, Asian",Personal/family savings of owner(s),326,43780
Transportation and warehousing(607),"Veteran, Asian",Personal/family assets other than savings of owner(s),2,S
Transportation and warehousing(607),"Veteran, Asian",Personal/family home equity loan,26,S
Transportation and warehousing(607),"Veteran, Asian",Personal credit card(s) carrying balances,87,S
Transportation and warehousing(607),"Veteran, Asian",Business credit card(s) carrying balances,2,S
Transportation and warehousing(607),"Veteran, Asian","Business loan from federal, state, or local government",0,0
Transportation and warehousing(607),"Veteran, Asian",Government-guaranteed business loan from a bank or financial institution,0,0
Transportation and warehousing(607),"Veteran, Asian",Business loan from a bank or financial institution,110,S
Transportation and warehousing(607),"Veteran, Asian",Business loan/investment from family/friends,0,0
Transportation and warehousing(607),"Veteran, Asian",Investment by venture capitalist(s),0,0
Transportation and warehousing(607),"Veteran, Asian",Grants,0,0
Transportation and warehousing(607),"Veteran, Asian",Other source(s) of capital,27,S
Transportation and warehousing(607),"Veteran, Asian",Don't know,4,S
Transportation and warehousing(607),"Veteran, Asian",None needed,200,S
Transportation and warehousing(607),"Veteran, Asian",Total reporting,650,134419
Transportation and warehousing(607),"Veteran, Asian",Item not reported,8,S
Transportation and warehousing(607),"Veteran, Native Hawaiian and Other Pacific Islander",All firms,419,56536
Transportation and warehousing(607),"Veteran, Native Hawaiian and Other Pacific Islander",Personal/family savings of owner(s),49,S
Transportation and warehousing(607),"Veteran, Native Hawaiian and Other Pacific Islander",Personal/family assets other than savings of owner(s),6,S
Transportation and warehousing(607),"Veteran, Native Hawaiian and Other Pacific Islander",Personal/family home equity loan,0,0
Transportation and warehousing(607),"Veteran, Native Hawaiian and Other Pacific Islander",Personal credit card(s) carrying balances,0,0
Transportation and warehousing(607),"Veteran, Native Hawaiian and Other Pacific Islander",Business credit card(s) carrying balances,0,0
Transportation and warehousing(607),"Veteran, Native Hawaiian and Other Pacific Islander","Business loan from federal, state, or local government",0,0
Transportation and warehousing(607),"Veteran, Native Hawaiian and Other Pacific Islander",Government-guaranteed business loan from a bank or financial institution,0,0
Transportation and warehousing(607),"Veteran, Native Hawaiian and Other Pacific Islander",Business loan from a bank or financial institution,0,0
Transportation and warehousing(607),"Veteran, Native Hawaiian and Other Pacific Islander",Business loan/investment from family/friends,0,0
Transportation and warehousing(607),"Veteran, Native Hawaiian and Other Pacific Islander",Investment by venture capitalist(s),0,0
Transportation and warehousing(607),"Veteran, Native Hawaiian and Other Pacific Islander",Grants,0,0
Transportation and warehousing(607),"Veteran, Native Hawaiian and Other Pacific Islander",Other source(s) of capital,0,0
Transportation and warehousing(607),"Veteran, Native Hawaiian and Other Pacific Islander",Don't know,9,S
Transportation and warehousing(607),"Veteran, Native Hawaiian and Other Pacific Islander",None needed,22,692
Transportation and warehousing(607),"Veteran, Native Hawaiian and Other Pacific Islander",Total reporting,86,15346
Transportation and warehousing(607),"Veteran, Native Hawaiian and Other Pacific Islander",Item not reported,0,0
Transportation and warehousing(607),"Veteran, some other race",All firms,4527,423094
Transportation and warehousing(607),"Veteran, some other race",Personal/family savings of owner(s),303,46035
Transportation and warehousing(607),"Veteran, some other race",Personal/family assets other than savings of owner(s),75,S
Transportation and warehousing(607),"Veteran, some other race",Personal/family home equity loan,24,S
Transportation and warehousing(607),"Veteran, some other race",Personal credit card(s) carrying balances,4,S
Transportation and warehousing(607),"Veteran, some other race",Business credit card(s) carrying balances,64,S
Transportation and warehousing(607),"Veteran, some other race","Business loan from federal, state, or local government",0,0
Transportation and warehousing(607),"Veteran, some other race",Government-guaranteed business loan from a bank or financial institution,0,0
Transportation and warehousing(607),"Veteran, some other race",Business loan from a bank or financial institution,27,30129
Transportation and warehousing(607),"Veteran, some other race",Business loan/investment from family/friends,2,S
Transportation and warehousing(607),"Veteran, some other race",Investment by venture capitalist(s),0,0
Transportation and warehousing(607),"Veteran, some other race",Grants,0,0
Transportation and warehousing(607),"Veteran, some other race",Other source(s) of capital,31,S
Transportation and warehousing(607),"Veteran, some other race",Don't know,2,S
Transportation and warehousing(607),"Veteran, some other race",None needed,231,S
Transportation and warehousing(607),"Veteran, some other race",Total reporting,605(r),77825(r)
Transportation and warehousing(607),"Veteran, some other race",Item not reported,180(r),S
Transportation and warehousing(607),"Veteran, minority",All firms,40962,3351345
Transportation and warehousing(607),"Veteran, minority",Personal/family savings of owner(s),6422,980919
Transportation and warehousing(607),"Veteran, minority",Personal/family assets other than savings of owner(s),876,145302
Transportation and warehousing(607),"Veteran, minority",Personal/family home equity loan,489,120158
Transportation and warehousing(607),"Veteran, minority",Personal credit card(s) carrying balances,1431,173061
Transportation and warehousing(607),"Veteran, minority",Business credit card(s) carrying balances,572,68685
Transportation and warehousing(607),"Veteran, minority","Business loan from federal, state, or local government",19,S
Transportation and warehousing(607),"Veteran, minority",Government-guaranteed business loan from a bank or financial institution,46,S
Transportation and warehousing(607),"Veteran, minority",Business loan from a bank or financial institution,1095,368044
Transportation and warehousing(607),"Veteran, minority",Business loan/investment from family/friends,211,S
Transportation and warehousing(607),"Veteran, minority",Investment by venture capitalist(s),17,S
Transportation and warehousing(607),"Veteran, minority",Grants,0,0
Transportation and warehousing(607),"Veteran, minority",Other source(s) of capital,364,27558
Transportation and warehousing(607),"Veteran, minority",Don't know,582,91667
Transportation and warehousing(607),"Veteran, minority",None needed,3106,154114
Transportation and warehousing(607),"Veteran, minority",Total reporting,11710(r),1607798(r)
Transportation and warehousing(607),"Veteran, minority",Item not reported,1010(r),55398(r)
Transportation and warehousing(607),"Veteran, equally minority/nonminority",All firms,154,S
Transportation and warehousing(607),"Veteran, equally minority/nonminority",Personal/family savings of owner(s),144,S
Transportation and warehousing(607),"Veteran, equally minority/nonminority",Personal/family assets other than savings of owner(s),0,S
Transportation and warehousing(607),"Veteran, equally minority/nonminority",Personal/family home equity loan,0,S
Transportation and warehousing(607),"Veteran, equally minority/nonminority",Personal credit card(s) carrying balances,2,S
Transportation and warehousing(607),"Veteran, equally minority/nonminority",Business credit card(s) carrying balances,0,S
Transportation and warehousing(607),"Veteran, equally minority/nonminority","Business loan from federal, state, or local government",0,S
Transportation and warehousing(607),"Veteran, equally minority/nonminority",Government-guaranteed business loan from a bank or financial institution,0,S
Transportation and warehousing(607),"Veteran, equally minority/nonminority",Business loan from a bank or financial institution,0,S
Transportation and warehousing(607),"Veteran, equally minority/nonminority",Business loan/investment from family/friends,0,S
Transportation and warehousing(607),"Veteran, equally minority/nonminority",Investment by venture capitalist(s),0,S
Transportation and warehousing(607),"Veteran, equally minority/nonminority",Grants,0,S
Transportation and warehousing(607),"Veteran, equally minority/nonminority",Other source(s) of capital,0,S
Transportation and warehousing(607),"Veteran, equally minority/nonminority",Don't know,0,S
Transportation and warehousing(607),"Veteran, equally minority/nonminority",None needed,0,S
Transportation and warehousing(607),"Veteran, equally minority/nonminority",Total reporting,144,S
Transportation and warehousing(607),"Veteran, equally minority/nonminority",Item not reported,0,S
Transportation and warehousing(607),"Veteran, nonminority",All firms,105921,40524501
Transportation and warehousing(607),"Veteran, nonminority",Personal/family savings of owner(s),27977,11145211
Transportation and warehousing(607),"Veteran, nonminority",Personal/family assets other than savings of owner(s),3873,1704269
Transportation and warehousing(607),"Veteran, nonminority",Personal/family home equity loan,2105,825163
Transportation and warehousing(607),"Veteran, nonminority",Personal credit card(s) carrying balances,3945,1511661
Transportation and warehousing(607),"Veteran, nonminority",Business credit card(s) carrying balances,1361,740579
Transportation and warehousing(607),"Veteran, nonminority","Business loan from federal, state, or local government",196,S
Transportation and warehousing(607),"Veteran, nonminority",Government-guaranteed business loan from a bank or financial institution,257,296196
Transportation and warehousing(607),"Veteran, nonminority",Business loan from a bank or financial institution,7958,3772345
Transportation and warehousing(607),"Veteran, nonminority",Business loan/investment from family/friends,1179,505648
Transportation and warehousing(607),"Veteran, nonminority",Investment by venture capitalist(s),115,54043
Transportation and warehousing(607),"Veteran, nonminority",Grants,18,S
Transportation and warehousing(607),"Veteran, nonminority",Other source(s) of capital,1875,549103
Transportation and warehousing(607),"Veteran, nonminority",Don't know,3549,5741466
Transportation and warehousing(607),"Veteran, nonminority",None needed,20623,2855069
Transportation and warehousing(607),"Veteran, nonminority",Total reporting,62543(r),22932597(r)
Transportation and warehousing(607),"Veteran, nonminority",Item not reported,3672(r),380457(r)
Transportation and warehousing(607),Equally veteran/nonveteran,All firms,22257,9979498
Transportation and warehousing(607),Equally veteran/nonveteran,Personal/family savings of owner(s),10693,4361512
Transportation and warehousing(607),Equally veteran/nonveteran,Personal/family assets other than savings of owner(s),1689,713321
Transportation and warehousing(607),Equally veteran/nonveteran,Personal/family home equity loan,760,278707
Transportation and warehousing(607),Equally veteran/nonveteran,Personal credit card(s) carrying balances,2232,501165
Transportation and warehousing(607),Equally veteran/nonveteran,Business credit card(s) carrying balances,403,180758
Transportation and warehousing(607),Equally veteran/nonveteran,"Business loan from federal, state, or local government",8,1698
Transportation and warehousing(607),Equally veteran/nonveteran,Government-guaranteed business loan from a bank or financial institution,38,S
Transportation and warehousing(607),Equally veteran/nonveteran,Business loan from a bank or financial institution,3207,1497446
Transportation and warehousing(607),Equally veteran/nonveteran,Business loan/investment from family/friends,460,426059
Transportation and warehousing(607),Equally veteran/nonveteran,Investment by venture capitalist(s),4,S
Transportation and warehousing(607),Equally veteran/nonveteran,Grants,10,S
Transportation and warehousing(607),Equally veteran/nonveteran,Other source(s) of capital,655,318061
Transportation and warehousing(607),Equally veteran/nonveteran,Don't know,683,S
Transportation and warehousing(607),Equally veteran/nonveteran,None needed,1743,255320
Transportation and warehousing(607),Equally veteran/nonveteran,Total reporting,16537(r),6985063(r)
Transportation and warehousing(607),Equally veteran/nonveteran,Item not reported,253(r),38662(r)
Transportation and warehousing(607),"Equally veteran/nonveteran, female-owned",All firms,71,38363
Transportation and warehousing(607),"Equally veteran/nonveteran, female-owned",Personal/family savings of owner(s),17,S
Transportation and warehousing(607),"Equally veteran/nonveteran, female-owned",Personal/family assets other than savings of owner(s),0,0
Transportation and warehousing(607),"Equally veteran/nonveteran, female-owned",Personal/family home equity loan,2,S
Transportation and warehousing(607),"Equally veteran/nonveteran, female-owned",Personal credit card(s) carrying balances,4,S
Transportation and warehousing(607),"Equally veteran/nonveteran, female-owned",Business credit card(s) carrying balances,2,S
Transportation and warehousing(607),"Equally veteran/nonveteran, female-owned","Business loan from federal, state, or local government",0,0
Transportation and warehousing(607),"Equally veteran/nonveteran, female-owned",Government-guaranteed business loan from a bank or financial institution,0,0
Transportation and warehousing(607),"Equally veteran/nonveteran, female-owned",Business loan from a bank or financial institution,11,3500
Transportation and warehousing(607),"Equally veteran/nonveteran, female-owned",Business loan/investment from family/friends,0,0
Transportation and warehousing(607),"Equally veteran/nonveteran, female-owned",Investment by venture capitalist(s),0,0
Transportation and warehousing(607),"Equally veteran/nonveteran, female-owned",Grants,0,0
Transportation and warehousing(607),"Equally veteran/nonveteran, female-owned",Other source(s) of capital,0,0
Transportation and warehousing(607),"Equally veteran/nonveteran, female-owned",Don't know,0,0
Transportation and warehousing(607),"Equally veteran/nonveteran, female-owned",None needed,47,S
Transportation and warehousing(607),"Equally veteran/nonveteran, female-owned",Total reporting,73,60820
Transportation and warehousing(607),"Equally veteran/nonveteran, female-owned",Item not reported,0,0
Transportation and warehousing(607),"Equally veteran/nonveteran, male-owned",All firms,3638,3621262
Transportation and warehousing(607),"Equally veteran/nonveteran, male-owned",Personal/family savings of owner(s),1966,1556244
Transportation and warehousing(607),"Equally veteran/nonveteran, male-owned",Personal/family assets other than savings of owner(s),313,332055
Transportation and warehousing(607),"Equally veteran/nonveteran, male-owned",Personal/family home equity loan,54,39937
Transportation and warehousing(607),"Equally veteran/nonveteran, male-owned",Personal credit card(s) carrying balances,236,42593
Transportation and warehousing(607),"Equally veteran/nonveteran, male-owned",Business credit card(s) carrying balances,17,31728
Transportation and warehousing(607),"Equally veteran/nonveteran, male-owned","Business loan from federal, state, or local government",0,0
Transportation and warehousing(607),"Equally veteran/nonveteran, male-owned",Government-guaranteed business loan from a bank or financial institution,12,S
Transportation and warehousing(607),"Equally veteran/nonveteran, male-owned",Business loan from a bank or financial institution,499,360746
Transportation and warehousing(607),"Equally veteran/nonveteran, male-owned",Business loan/investment from family/friends,13,150902
Transportation and warehousing(607),"Equally veteran/nonveteran, male-owned",Investment by venture capitalist(s),2,S
Transportation and warehousing(607),"Equally veteran/nonveteran, male-owned",Grants,0,0
Transportation and warehousing(607),"Equally veteran/nonveteran, male-owned",Other source(s) of capital,123,84800
Transportation and warehousing(607),"Equally veteran/nonveteran, male-owned",Don't know,148,226995
Transportation and warehousing(607),"Equally veteran/nonveteran, male-owned",None needed,326,108249
Transportation and warehousing(607),"Equally veteran/nonveteran, male-owned",Total reporting,2872,2177534
Transportation and warehousing(607),"Equally veteran/nonveteran, male-owned",Item not reported,96,S
Transportation and warehousing(607),"Equally veteran/nonveteran, equally male-/female-owned",All firms,18548,6319873
Transportation and warehousing(607),"Equally veteran/nonveteran, equally male-/female-owned",Personal/family savings of owner(s),8710,2763053
Transportation and warehousing(607),"Equally veteran/nonveteran, equally male-/female-owned",Personal/family assets other than savings of owner(s),1376,381266
Transportation and warehousing(607),"Equally veteran/nonveteran, equally male-/female-owned",Personal/family home equity loan,704,238457
Transportation and warehousing(607),"Equally veteran/nonveteran, equally male-/female-owned",Personal credit card(s) carrying balances,1992,456149
Transportation and warehousing(607),"Equally veteran/nonveteran, equally male-/female-owned",Business credit card(s) carrying balances,384,148717
Transportation and warehousing(607),"Equally veteran/nonveteran, equally male-/female-owned","Business loan from federal, state, or local government",8,1698
Transportation and warehousing(607),"Equally veteran/nonveteran, equally male-/female-owned",Government-guaranteed business loan from a bank or financial institution,26,8240
Transportation and warehousing(607),"Equally veteran/nonveteran, equally male-/female-owned",Business loan from a bank or financial institution,2696,1133201
Transportation and warehousing(607),"Equally veteran/nonveteran, equally male-/female-owned",Business loan/investment from family/friends,447,275157
Transportation and warehousing(607),"Equally veteran/nonveteran, equally male-/female-owned",Investment by venture capitalist(s),2,S
Transportation and warehousing(607),"Equally veteran/nonveteran, equally male-/female-owned",Grants,10,S
Transportation and warehousing(607),"Equally veteran/nonveteran, equally male-/female-owned",Other source(s) of capital,531,233261
Transportation and warehousing(607),"Equally veteran/nonveteran, equally male-/female-owned",Don't know,535,S
Transportation and warehousing(607),"Equally veteran/nonveteran, equally male-/female-owned",None needed,1370,131651
Transportation and warehousing(607),"Equally veteran/nonveteran, equally male-/female-owned",Total reporting,13592(r),4746709(r)
Transportation and warehousing(607),"Equally veteran/nonveteran, equally male-/female-owned",Item not reported,157(r),S
Transportation and warehousing(607),"Equally veteran/nonveteran, Hispanic",All firms,844,494769
Transportation and warehousing(607),"Equally veteran/nonveteran, Hispanic",Personal/family savings of owner(s),307,162111
Transportation and warehousing(607),"Equally veteran/nonveteran, Hispanic",Personal/family assets other than savings of owner(s),11,S
Transportation and warehousing(607),"Equally veteran/nonveteran, Hispanic",Personal/family home equity loan,11,S
Transportation and warehousing(607),"Equally veteran/nonveteran, Hispanic",Personal credit card(s) carrying balances,15,S
Transportation and warehousing(607),"Equally veteran/nonveteran, Hispanic",Business credit card(s) carrying balances,11,S
Transportation and warehousing(607),"Equally veteran/nonveteran, Hispanic","Business loan from federal, state, or local government",0,0
Transportation and warehousing(607),"Equally veteran/nonveteran, Hispanic",Government-guaranteed business loan from a bank or financial institution,0,0
Transportation and warehousing(607),"Equally veteran/nonveteran, Hispanic",Business loan from a bank or financial institution,0,0
Transportation and warehousing(607),"Equally veteran/nonveteran, Hispanic",Business loan/investment from family/friends,0,0
Transportation and warehousing(607),"Equally veteran/nonveteran, Hispanic",Investment by venture capitalist(s),0,0
Transportation and warehousing(607),"Equally veteran/nonveteran, Hispanic",Grants,0,0
Transportation and warehousing(607),"Equally veteran/nonveteran, Hispanic",Other source(s) of capital,0,0
Transportation and warehousing(607),"Equally veteran/nonveteran, Hispanic",Don't know,0,0
Transportation and warehousing(607),"Equally veteran/nonveteran, Hispanic",None needed,24,S
Transportation and warehousing(607),"Equally veteran/nonveteran, Hispanic",Total reporting,331,168035
Transportation and warehousing(607),"Equally veteran/nonveteran, Hispanic",Item not reported,17,S
Transportation and warehousing(607),"Equally veteran/nonveteran, equally Hispanic/non-Hispanic",All firms,573,116303
Transportation and warehousing(607),"Equally veteran/nonveteran, equally Hispanic/non-Hispanic",Personal/family savings of owner(s),208,61867
Transportation and warehousing(607),"Equally veteran/nonveteran, equally Hispanic/non-Hispanic",Personal/family assets other than savings of owner(s),12,S
Transportation and warehousing(607),"Equally veteran/nonveteran, equally Hispanic/non-Hispanic",Personal/family home equity loan,44,S
Transportation and warehousing(607),"Equally veteran/nonveteran, equally Hispanic/non-Hispanic",Personal credit card(s) carrying balances,40,S
Transportation and warehousing(607),"Equally veteran/nonveteran, equally Hispanic/non-Hispanic",Business credit card(s) carrying balances,4,1745
Transportation and warehousing(607),"Equally veteran/nonveteran, equally Hispanic/non-Hispanic","Business loan from federal, state, or local government",0,0
Transportation and warehousing(607),"Equally veteran/nonveteran, equally Hispanic/non-Hispanic",Government-guaranteed business loan from a bank or financial institution,0,0
Transportation and warehousing(607),"Equally veteran/nonveteran, equally Hispanic/non-Hispanic",Business loan from a bank or financial institution,136,S
Transportation and warehousing(607),"Equally veteran/nonveteran, equally Hispanic/non-Hispanic",Business loan/investment from family/friends,12,S
Transportation and warehousing(607),"Equally veteran/nonveteran, equally Hispanic/non-Hispanic",Investment by venture capitalist(s),0,0
Transportation and warehousing(607),"Equally veteran/nonveteran, equally Hispanic/non-Hispanic",Grants,0,0
Transportation and warehousing(607),"Equally veteran/nonveteran, equally Hispanic/non-Hispanic",Other source(s) of capital,20,S
Transportation and warehousing(607),"Equally veteran/nonveteran, equally Hispanic/non-Hispanic",Don't know,2,S
Transportation and warehousing(607),"Equally veteran/nonveteran, equally Hispanic/non-Hispanic",None needed,119,2114
Transportation and warehousing(607),"Equally veteran/nonveteran, equally Hispanic/non-Hispanic",Total reporting,557,129436
Transportation and warehousing(607),"Equally veteran/nonveteran, equally Hispanic/non-Hispanic",Item not reported,0,0
Transportation and warehousing(607),"Equally veteran/nonveteran, non-Hispanic",All firms,20841,9368426
Transportation and warehousing(607),"Equally veteran/nonveteran, non-Hispanic",Personal/family savings of owner(s),10178,4137533
Transportation and warehousing(607),"Equally veteran/nonveteran, non-Hispanic",Personal/family assets other than savings of owner(s),1666,702859
Transportation and warehousing(607),"Equally veteran/nonveteran, non-Hispanic",Personal/family home equity loan,705,232200
Transportation and warehousing(607),"Equally veteran/nonveteran, non-Hispanic",Personal credit card(s) carrying balances,2176,491232
Transportation and warehousing(607),"Equally veteran/nonveteran, non-Hispanic",Business credit card(s) carrying balances,388,170024
Transportation and warehousing(607),"Equally veteran/nonveteran, non-Hispanic","Business loan from federal, state, or local government",8,1698
Transportation and warehousing(607),"Equally veteran/nonveteran, non-Hispanic",Government-guaranteed business loan from a bank or financial institution,38,S
Transportation and warehousing(607),"Equally veteran/nonveteran, non-Hispanic",Business loan from a bank or financial institution,3071,1464678
Transportation and warehousing(607),"Equally veteran/nonveteran, non-Hispanic",Business loan/investment from family/friends,447,424231
Transportation and warehousing(607),"Equally veteran/nonveteran, non-Hispanic",Investment by venture capitalist(s),4,S
Transportation and warehousing(607),"Equally veteran/nonveteran, non-Hispanic",Grants,10,S
Transportation and warehousing(607),"Equally veteran/nonveteran, non-Hispanic",Other source(s) of capital,635,306501
Transportation and warehousing(607),"Equally veteran/nonveteran, non-Hispanic",Don't know,681,S
Transportation and warehousing(607),"Equally veteran/nonveteran, non-Hispanic",None needed,1600,247283
Transportation and warehousing(607),"Equally veteran/nonveteran, non-Hispanic",Total reporting,15650(r),6687592(r)
Transportation and warehousing(607),"Equally veteran/nonveteran, non-Hispanic",Item not reported,235(r),38507(r)
Transportation and warehousing(607),"Equally veteran/nonveteran, White",All firms,19953,9410611
Transportation and warehousing(607),"Equally veteran/nonveteran, White",Personal/family savings of owner(s),9638,4073693
Transportation and warehousing(607),"Equally veteran/nonveteran, White",Personal/family assets other than savings of owner(s),1548,681423
Transportation and warehousing(607),"Equally veteran/nonveteran, White",Personal/family home equity loan,727,261705
Transportation and warehousing(607),"Equally veteran/nonveteran, White",Personal credit card(s) carrying balances,2013,445201
Transportation and warehousing(607),"Equally veteran/nonveteran, White",Business credit card(s) carrying balances,263,111790
Transportation and warehousing(607),"Equally veteran/nonveteran, White","Business loan from federal, state, or local government",8,1698
Transportation and warehousing(607),"Equally veteran/nonveteran, White",Government-guaranteed business loan from a bank or financial institution,38,S
Transportation and warehousing(607),"Equally veteran/nonveteran, White",Business loan from a bank or financial institution,2984,1464428
Transportation and warehousing(607),"Equally veteran/nonveteran, White",Business loan/investment from family/friends,441,424450
Transportation and warehousing(607),"Equally veteran/nonveteran, White",Investment by venture capitalist(s),4,S
Transportation and warehousing(607),"Equally veteran/nonveteran, White",Grants,6,S
Transportation and warehousing(607),"Equally veteran/nonveteran, White",Other source(s) of capital,648,289323
Transportation and warehousing(607),"Equally veteran/nonveteran, White",Don't know,618,S
Transportation and warehousing(607),"Equally veteran/nonveteran, White",None needed,1690,254958
Transportation and warehousing(607),"Equally veteran/nonveteran, White",Total reporting,15014(r),6559923(r)
Transportation and warehousing(607),"Equally veteran/nonveteran, White",Item not reported,175(r),S
Transportation and warehousing(607),"Equally veteran/nonveteran, Black or African American",All firms,1163,148762
Transportation and warehousing(607),"Equally veteran/nonveteran, Black or African American",Personal/family savings of owner(s),585,S
Transportation and warehousing(607),"Equally veteran/nonveteran, Black or African American",Personal/family assets other than savings of owner(s),99,11800
Transportation and warehousing(607),"Equally veteran/nonveteran, Black or African American",Personal/family home equity loan,4,S
Transportation and warehousing(607),"Equally veteran/nonveteran, Black or African American",Personal credit card(s) carrying balances,119,S
Transportation and warehousing(607),"Equally veteran/nonveteran, Black or African American",Business credit card(s) carrying balances,63,S
Transportation and warehousing(607),"Equally veteran/nonveteran, Black or African American","Business loan from federal, state, or local government",0,0
Transportation and warehousing(607),"Equally veteran/nonveteran, Black or African American",Government-guaranteed business loan from a bank or financial institution,0,0
Transportation and warehousing(607),"Equally veteran/nonveteran, Black or African American",Business loan from a bank or financial institution,102,22901
Transportation and warehousing(607),"Equally veteran/nonveteran, Black or African American",Business loan/investment from family/friends,4,S
Transportation and warehousing(607),"Equally veteran/nonveteran, Black or African American",Investment by venture capitalist(s),0,0
Transportation and warehousing(607),"Equally veteran/nonveteran, Black or African American",Grants,4,S
Transportation and warehousing(607),"Equally veteran/nonveteran, Black or African American",Other source(s) of capital,0,0
Transportation and warehousing(607),"Equally veteran/nonveteran, Black or African American",Don't know,8,S
Transportation and warehousing(607),"Equally veteran/nonveteran, Black or African American",None needed,2,S
Transportation and warehousing(607),"Equally veteran/nonveteran, Black or African American",Total reporting,741,121636
Transportation and warehousing(607),"Equally veteran/nonveteran, Black or African American",Item not reported,0,0
Transportation and warehousing(607),"Equally veteran/nonveteran, American Indian and Alaska Native",All firms,48,S
Transportation and warehousing(607),"Equally veteran/nonveteran, American Indian and Alaska Native",Personal/family savings of owner(s),29,S
Transportation and warehousing(607),"Equally veteran/nonveteran, American Indian and Alaska Native",Personal/family assets other than savings of owner(s),0,S
Transportation and warehousing(607),"Equally veteran/nonveteran, American Indian and Alaska Native",Personal/family home equity loan,9,S
Transportation and warehousing(607),"Equally veteran/nonveteran, American Indian and Alaska Native",Personal credit card(s) carrying balances,12,S
Transportation and warehousing(607),"Equally veteran/nonveteran, American Indian and Alaska Native",Business credit card(s) carrying balances,0,S
Transportation and warehousing(607),"Equally veteran/nonveteran, American Indian and Alaska Native","Business loan from federal, state, or local government",0,S
Transportation and warehousing(607),"Equally veteran/nonveteran, American Indian and Alaska Native",Government-guaranteed business loan from a bank or financial institution,0,S
Transportation and warehousing(607),"Equally veteran/nonveteran, American Indian and Alaska Native",Business loan from a bank or financial institution,9,S
Transportation and warehousing(607),"Equally veteran/nonveteran, American Indian and Alaska Native",Business loan/investment from family/friends,0,S
Transportation and warehousing(607),"Equally veteran/nonveteran, American Indian and Alaska Native",Investment by venture capitalist(s),0,S
Transportation and warehousing(607),"Equally veteran/nonveteran, American Indian and Alaska Native",Grants,0,S
Transportation and warehousing(607),"Equally veteran/nonveteran, American Indian and Alaska Native",Other source(s) of capital,0,S
Transportation and warehousing(607),"Equally veteran/nonveteran, American Indian and Alaska Native",Don't know,0,S
Transportation and warehousing(607),"Equally veteran/nonveteran, American Indian and Alaska Native",None needed,0,S
Transportation and warehousing(607),"Equally veteran/nonveteran, American Indian and Alaska Native",Total reporting,50,S
Transportation and warehousing(607),"Equally veteran/nonveteran, American Indian and Alaska Native",Item not reported,0,S
Transportation and warehousing(607),"Equally veteran/nonveteran, Asian",All firms,114,S
Transportation and warehousing(607),"Equally veteran/nonveteran, Asian",Personal/family savings of owner(s),10,S
Transportation and warehousing(607),"Equally veteran/nonveteran, Asian",Personal/family assets other than savings of owner(s),4,S
Transportation and warehousing(607),"Equally veteran/nonveteran, Asian",Personal/family home equity loan,2,S
Transportation and warehousing(607),"Equally veteran/nonveteran, Asian",Personal credit card(s) carrying balances,61,S
Transportation and warehousing(607),"Equally veteran/nonveteran, Asian",Business credit card(s) carrying balances,63,S
Transportation and warehousing(607),"Equally veteran/nonveteran, Asian","Business loan from federal, state, or local government",0,S
Transportation and warehousing(607),"Equally veteran/nonveteran, Asian",Government-guaranteed business loan from a bank or financial institution,0,S
Transportation and warehousing(607),"Equally veteran/nonveteran, Asian",Business loan from a bank or financial institution,4,S
Transportation and warehousing(607),"Equally veteran/nonveteran, Asian",Business loan/investment from family/friends,0,S
Transportation and warehousing(607),"Equally veteran/nonveteran, Asian",Investment by venture capitalist(s),0,S
Transportation and warehousing(607),"Equally veteran/nonveteran, Asian",Grants,0,S
Transportation and warehousing(607),"Equally veteran/nonveteran, Asian",Other source(s) of capital,2,S
Transportation and warehousing(607),"Equally veteran/nonveteran, Asian",Don't know,2,S
Transportation and warehousing(607),"Equally veteran/nonveteran, Asian",None needed,0,S
Transportation and warehousing(607),"Equally veteran/nonveteran, Asian",Total reporting,76,S
Transportation and warehousing(607),"Equally veteran/nonveteran, Asian",Item not reported,0,S
Transportation and warehousing(607),"Equally veteran/nonveteran, Native Hawaiian and Other Pacific Islander",All firms,32,S
Transportation and warehousing(607),"Equally veteran/nonveteran, Native Hawaiian and Other Pacific Islander",Personal/family savings of owner(s),2,S
Transportation and warehousing(607),"Equally veteran/nonveteran, Native Hawaiian and Other Pacific Islander",Personal/family assets other than savings of owner(s),0,S
Transportation and warehousing(607),"Equally veteran/nonveteran, Native Hawaiian and Other Pacific Islander",Personal/family home equity loan,0,S
Transportation and warehousing(607),"Equally veteran/nonveteran, Native Hawaiian and Other Pacific Islander",Personal credit card(s) carrying balances,0,S
Transportation and warehousing(607),"Equally veteran/nonveteran, Native Hawaiian and Other Pacific Islander",Business credit card(s) carrying balances,0,S
Transportation and warehousing(607),"Equally veteran/nonveteran, Native Hawaiian and Other Pacific Islander","Business loan from federal, state, or local government",0,S
Transportation and warehousing(607),"Equally veteran/nonveteran, Native Hawaiian and Other Pacific Islander",Government-guaranteed business loan from a bank or financial institution,0,S
Transportation and warehousing(607),"Equally veteran/nonveteran, Native Hawaiian and Other Pacific Islander",Business loan from a bank or financial institution,0,S
Transportation and warehousing(607),"Equally veteran/nonveteran, Native Hawaiian and Other Pacific Islander",Business loan/investment from family/friends,0,S
Transportation and warehousing(607),"Equally veteran/nonveteran, Native Hawaiian and Other Pacific Islander",Investment by venture capitalist(s),0,S
Transportation and warehousing(607),"Equally veteran/nonveteran, Native Hawaiian and Other Pacific Islander",Grants,0,S
Transportation and warehousing(607),"Equally veteran/nonveteran, Native Hawaiian and Other Pacific Islander",Other source(s) of capital,0,S
Transportation and warehousing(607),"Equally veteran/nonveteran, Native Hawaiian and Other Pacific Islander",Don't know,9,S
Transportation and warehousing(607),"Equally veteran/nonveteran, Native Hawaiian and Other Pacific Islander",None needed,0,S
Transportation and warehousing(607),"Equally veteran/nonveteran, Native Hawaiian and Other Pacific Islander",Total reporting,11,S
Transportation and warehousing(607),"Equally veteran/nonveteran, Native Hawaiian and Other Pacific Islander",Item not reported,0,S
Transportation and warehousing(607),"Equally veteran/nonveteran, some other race",All firms,180,S
Transportation and warehousing(607),"Equally veteran/nonveteran, some other race",Personal/family savings of owner(s),71,S
Transportation and warehousing(607),"Equally veteran/nonveteran, some other race",Personal/family assets other than savings of owner(s),11,S
Transportation and warehousing(607),"Equally veteran/nonveteran, some other race",Personal/family home equity loan,9,S
Transportation and warehousing(607),"Equally veteran/nonveteran, some other race",Personal credit card(s) carrying balances,13,S
Transportation and warehousing(607),"Equally veteran/nonveteran, some other race",Business credit card(s) carrying balances,9,S
Transportation and warehousing(607),"Equally veteran/nonveteran, some other race","Business loan from federal, state, or local government",0,S
Transportation and warehousing(607),"Equally veteran/nonveteran, some other race",Government-guaranteed business loan from a bank or financial institution,0,S
Transportation and warehousing(607),"Equally veteran/nonveteran, some other race",Business loan from a bank or financial institution,0,S
Transportation and warehousing(607),"Equally veteran/nonveteran, some other race",Business loan/investment from family/friends,2,S
Transportation and warehousing(607),"Equally veteran/nonveteran, some other race",Investment by venture capitalist(s),0,S
Transportation and warehousing(607),"Equally veteran/nonveteran, some other race",Grants,0,S
Transportation and warehousing(607),"Equally veteran/nonveteran, some other race",Other source(s) of capital,0,S
Transportation and warehousing(607),"Equally veteran/nonveteran, some other race",Don't know,0,S
Transportation and warehousing(607),"Equally veteran/nonveteran, some other race",None needed,15,S
Transportation and warehousing(607),"Equally veteran/nonveteran, some other race",Total reporting,88,S
Transportation and warehousing(607),"Equally veteran/nonveteran, some other race",Item not reported,0,S
Transportation and warehousing(607),"Equally veteran/nonveteran, minority",All firms,2314,738732
Transportation and warehousing(607),"Equally veteran/nonveteran, minority",Personal/family savings of owner(s),1020,312435
Transportation and warehousing(607),"Equally veteran/nonveteran, minority",Personal/family assets other than savings of owner(s),125,38031
Transportation and warehousing(607),"Equally veteran/nonveteran, minority",Personal/family home equity loan,68,S
Transportation and warehousing(607),"Equally veteran/nonveteran, minority",Personal credit card(s) carrying balances,208,S
Transportation and warehousing(607),"Equally veteran/nonveteran, minority",Business credit card(s) carrying balances,137,S
Transportation and warehousing(607),"Equally veteran/nonveteran, minority","Business loan from federal, state, or local government",0,0
Transportation and warehousing(607),"Equally veteran/nonveteran, minority",Government-guaranteed business loan from a bank or financial institution,0,0
Transportation and warehousing(607),"Equally veteran/nonveteran, minority",Business loan from a bank or financial institution,115,24481
Transportation and warehousing(607),"Equally veteran/nonveteran, minority",Business loan/investment from family/friends,6,S
Transportation and warehousing(607),"Equally veteran/nonveteran, minority",Investment by venture capitalist(s),0,0
Transportation and warehousing(607),"Equally veteran/nonveteran, minority",Grants,4,S
Transportation and warehousing(607),"Equally veteran/nonveteran, minority",Other source(s) of capital,2,S
Transportation and warehousing(607),"Equally veteran/nonveteran, minority",Don't know,19,S
Transportation and warehousing(607),"Equally veteran/nonveteran, minority",None needed,26,S
Transportation and warehousing(607),"Equally veteran/nonveteran, minority",Total reporting,1338,443040
Transportation and warehousing(607),"Equally veteran/nonveteran, minority",Item not reported,17,S
Transportation and warehousing(607),"Equally veteran/nonveteran, equally minority/nonminority",All firms,1297,392370
Transportation and warehousing(607),"Equally veteran/nonveteran, equally minority/nonminority",Personal/family savings of owner(s),527,109511
Transportation and warehousing(607),"Equally veteran/nonveteran, equally minority/nonminority",Personal/family assets other than savings of owner(s),39,S
Transportation and warehousing(607),"Equally veteran/nonveteran, equally minority/nonminority",Personal/family home equity loan,20,S
Transportation and warehousing(607),"Equally veteran/nonveteran, equally minority/nonminority",Personal credit card(s) carrying balances,63,9524
Transportation and warehousing(607),"Equally veteran/nonveteran, equally minority/nonminority",Business credit card(s) carrying balances,9,3154
Transportation and warehousing(607),"Equally veteran/nonveteran, equally minority/nonminority","Business loan from federal, state, or local government",0,0
Transportation and warehousing(607),"Equally veteran/nonveteran, equally minority/nonminority",Government-guaranteed business loan from a bank or financial institution,0,0
Transportation and warehousing(607),"Equally veteran/nonveteran, equally minority/nonminority",Business loan from a bank or financial institution,201,S
Transportation and warehousing(607),"Equally veteran/nonveteran, equally minority/nonminority",Business loan/investment from family/friends,16,2391
Transportation and warehousing(607),"Equally veteran/nonveteran, equally minority/nonminority",Investment by venture capitalist(s),0,0
Transportation and warehousing(607),"Equally veteran/nonveteran, equally minority/nonminority",Grants,0,0
Transportation and warehousing(607),"Equally veteran/nonveteran, equally minority/nonminority",Other source(s) of capital,24,12680
Transportation and warehousing(607),"Equally veteran/nonveteran, equally minority/nonminority",Don't know,48,S
Transportation and warehousing(607),"Equally veteran/nonveteran, equally minority/nonminority",None needed,148,2603
Transportation and warehousing(607),"Equally veteran/nonveteran, equally minority/nonminority",Total reporting,973,217092
Transportation and warehousing(607),"Equally veteran/nonveteran, equally minority/nonminority",Item not reported,78,S
Transportation and warehousing(607),"Equally veteran/nonveteran, nonminority",All firms,18646,8848397
Transportation and warehousing(607),"Equally veteran/nonveteran, nonminority",Personal/family savings of owner(s),9146,3939566
Transportation and warehousing(607),"Equally veteran/nonveteran, nonminority",Personal/family assets other than savings of owner(s),1525,667673
Transportation and warehousing(607),"Equally veteran/nonveteran, nonminority",Personal/family home equity loan,672,219806
Transportation and warehousing(607),"Equally veteran/nonveteran, nonminority",Personal credit card(s) carrying balances,1961,434499
Transportation and warehousing(607),"Equally veteran/nonveteran, nonminority",Business credit card(s) carrying balances,257,106404
Transportation and warehousing(607),"Equally veteran/nonveteran, nonminority","Business loan from federal, state, or local government",8,1698
Transportation and warehousing(607),"Equally veteran/nonveteran, nonminority",Government-guaranteed business loan from a bank or financial institution,38,S
Transportation and warehousing(607),"Equally veteran/nonveteran, nonminority",Business loan from a bank or financial institution,2891,1410760
Transportation and warehousing(607),"Equally veteran/nonveteran, nonminority",Business loan/investment from family/friends,437,421905
Transportation and warehousing(607),"Equally veteran/nonveteran, nonminority",Investment by venture capitalist(s),4,S
Transportation and warehousing(607),"Equally veteran/nonveteran, nonminority",Grants,6,S
Transportation and warehousing(607),"Equally veteran/nonveteran, nonminority",Other source(s) of capital,628,277764
Transportation and warehousing(607),"Equally veteran/nonveteran, nonminority",Don't know,616,S
Transportation and warehousing(607),"Equally veteran/nonveteran, nonminority",None needed,1569,246788
Transportation and warehousing(607),"Equally veteran/nonveteran, nonminority",Total reporting,14226(r),6324930(r)
Transportation and warehousing(607),"Equally veteran/nonveteran, nonminority",Item not reported,158(r),S
Transportation and warehousing(607),Nonveteran,All firms,1034797,330336447
Transportation and warehousing(607),Nonveteran,Personal/family savings of owner(s),265532,109889926
Transportation and warehousing(607),Nonveteran,Personal/family assets other than savings of owner(s),29285,21560403
Transportation and warehousing(607),Nonveteran,Personal/family home equity loan,22290,8772429
Transportation and warehousing(607),Nonveteran,Personal credit card(s) carrying balances,41333,11194601
Transportation and warehousing(607),Nonveteran,Business credit card(s) carrying balances,12744,4497828
Transportation and warehousing(607),Nonveteran,"Business loan from federal, state, or local government",634,229362
Transportation and warehousing(607),Nonveteran,Government-guaranteed business loan from a bank or financial institution,1779,2031403
Transportation and warehousing(607),Nonveteran,Business loan from a bank or financial institution,70186,54630944
Transportation and warehousing(607),Nonveteran,Business loan/investment from family/friends,12893,8585496
Transportation and warehousing(607),Nonveteran,Investment by venture capitalist(s),870,1342823
Transportation and warehousing(607),Nonveteran,Grants,550,76775
Transportation and warehousing(607),Nonveteran,Other source(s) of capital,12425,14580819
Transportation and warehousing(607),Nonveteran,Don't know,46496,46451708
Transportation and warehousing(607),Nonveteran,None needed,116456,13878216
Transportation and warehousing(607),Nonveteran,Total reporting,516027(r),217915098(r)
Transportation and warehousing(607),Nonveteran,Item not reported,21831(r),2488863(r)
Transportation and warehousing(607),"Nonveteran, female-owned",All firms,149451,42516277
Transportation and warehousing(607),"Nonveteran, female-owned",Personal/family savings of owner(s),28734,13637009
Transportation and warehousing(607),"Nonveteran, female-owned",Personal/family assets other than savings of owner(s),3757,3400543
Transportation and warehousing(607),"Nonveteran, female-owned",Personal/family home equity loan,2312,935319
Transportation and warehousing(607),"Nonveteran, female-owned",Personal credit card(s) carrying balances,5079,1623325
Transportation and warehousing(607),"Nonveteran, female-owned",Business credit card(s) carrying balances,1704,546390
Transportation and warehousing(607),"Nonveteran, female-owned","Business loan from federal, state, or local government",76,S
Transportation and warehousing(607),"Nonveteran, female-owned",Government-guaranteed business loan from a bank or financial institution,203,191682
Transportation and warehousing(607),"Nonveteran, female-owned",Business loan from a bank or financial institution,5076,6905012
Transportation and warehousing(607),"Nonveteran, female-owned",Business loan/investment from family/friends,1871,1126235
Transportation and warehousing(607),"Nonveteran, female-owned",Investment by venture capitalist(s),70,19757
Transportation and warehousing(607),"Nonveteran, female-owned",Grants,58,3249
Transportation and warehousing(607),"Nonveteran, female-owned",Other source(s) of capital,1518,659365
Transportation and warehousing(607),"Nonveteran, female-owned",Don't know,5098,7299112
Transportation and warehousing(607),"Nonveteran, female-owned",None needed,22214,2410399
Transportation and warehousing(607),"Nonveteran, female-owned",Total reporting,64909(r),30295928(r)
Transportation and warehousing(607),"Nonveteran, female-owned",Item not reported,3307(r),228239(r)
Transportation and warehousing(607),"Nonveteran, male-owned",All firms,811159,256648834
Transportation and warehousing(607),"Nonveteran, male-owned",Personal/family savings of owner(s),206187,84305751
Transportation and warehousing(607),"Nonveteran, male-owned",Personal/family assets other than savings of owner(s),20402,15331146
Transportation and warehousing(607),"Nonveteran, male-owned",Personal/family home equity loan,16402,6673737
Transportation and warehousing(607),"Nonveteran, male-owned",Personal credit card(s) carrying balances,30424,8108109
Transportation and warehousing(607),"Nonveteran, male-owned",Business credit card(s) carrying balances,9218,3523818
Transportation and warehousing(607),"Nonveteran, male-owned","Business loan from federal, state, or local government",538,185506
Transportation and warehousing(607),"Nonveteran, male-owned",Government-guaranteed business loan from a bank or financial institution,1180,1225435
Transportation and warehousing(607),"Nonveteran, male-owned",Business loan from a bank or financial institution,52716,41413274
Transportation and warehousing(607),"Nonveteran, male-owned",Business loan/investment from family/friends,9054,6847306
Transportation and warehousing(607),"Nonveteran, male-owned",Investment by venture capitalist(s),693,1177995
Transportation and warehousing(607),"Nonveteran, male-owned",Grants,430,66829
Transportation and warehousing(607),"Nonveteran, male-owned",Other source(s) of capital,9650,13294601
Transportation and warehousing(607),"Nonveteran, male-owned",Don't know,38748,34932861
Transportation and warehousing(607),"Nonveteran, male-owned",None needed,88751,10084073
Transportation and warehousing(607),"Nonveteran, male-owned",Total reporting,399427(r),165201669(r)
Transportation and warehousing(607),"Nonveteran, male-owned",Item not reported,18179(r),2164424(r)
Transportation and warehousing(607),"Nonveteran, equally male-/female-owned",All firms,74187,31171335
Transportation and warehousing(607),"Nonveteran, equally male-/female-owned",Personal/family savings of owner(s),30612,11947165
Transportation and warehousing(607),"Nonveteran, equally male-/female-owned",Personal/family assets other than savings of owner(s),5126,2828714
Transportation and warehousing(607),"Nonveteran, equally male-/female-owned",Personal/family home equity loan,3577,1163374
Transportation and warehousing(607),"Nonveteran, equally male-/female-owned",Personal credit card(s) carrying balances,5830,1463167
Transportation and warehousing(607),"Nonveteran, equally male-/female-owned",Business credit card(s) carrying balances,1823,427619
Transportation and warehousing(607),"Nonveteran, equally male-/female-owned","Business loan from federal, state, or local government",20,S
Transportation and warehousing(607),"Nonveteran, equally male-/female-owned",Government-guaranteed business loan from a bank or financial institution,395,S
Transportation and warehousing(607),"Nonveteran, equally male-/female-owned",Business loan from a bank or financial institution,12393,6312658
Transportation and warehousing(607),"Nonveteran, equally male-/female-owned",Business loan/investment from family/friends,1968,611955
Transportation and warehousing(607),"Nonveteran, equally male-/female-owned",Investment by venture capitalist(s),107,S
Transportation and warehousing(607),"Nonveteran, equally male-/female-owned",Grants,61,S
Transportation and warehousing(607),"Nonveteran, equally male-/female-owned",Other source(s) of capital,1256,626853
Transportation and warehousing(607),"Nonveteran, equally male-/female-owned",Don't know,2649,4219735
Transportation and warehousing(607),"Nonveteran, equally male-/female-owned",None needed,5491,1383744
Transportation and warehousing(607),"Nonveteran, equally male-/female-owned",Total reporting,51692(r),22417501(r)
Transportation and warehousing(607),"Nonveteran, equally male-/female-owned",Item not reported,345(r),96200(r)
Transportation and warehousing(607),"Nonveteran, Hispanic",All firms,229984,29446863
Transportation and warehousing(607),"Nonveteran, Hispanic",Personal/family savings of owner(s),46267,9151014
Transportation and warehousing(607),"Nonveteran, Hispanic",Personal/family assets other than savings of owner(s),3521,1136237
Transportation and warehousing(607),"Nonveteran, Hispanic",Personal/family home equity loan,4067,1065833
Transportation and warehousing(607),"Nonveteran, Hispanic",Personal credit card(s) carrying balances,7472,1669326
Transportation and warehousing(607),"Nonveteran, Hispanic",Business credit card(s) carrying balances,2293,792066
Transportation and warehousing(607),"Nonveteran, Hispanic","Business loan from federal, state, or local government",112,S
Transportation and warehousing(607),"Nonveteran, Hispanic",Government-guaranteed business loan from a bank or financial institution,198,175549
Transportation and warehousing(607),"Nonveteran, Hispanic",Business loan from a bank or financial institution,7156,2985727
Transportation and warehousing(607),"Nonveteran, Hispanic",Business loan/investment from family/friends,1805,686115
Transportation and warehousing(607),"Nonveteran, Hispanic",Investment by venture capitalist(s),11,S
Transportation and warehousing(607),"Nonveteran, Hispanic",Grants,101,S
Transportation and warehousing(607),"Nonveteran, Hispanic",Other source(s) of capital,1989,S
Transportation and warehousing(607),"Nonveteran, Hispanic",Don't know,7112,1722120
Transportation and warehousing(607),"Nonveteran, Hispanic",None needed,16021,1026815
Transportation and warehousing(607),"Nonveteran, Hispanic",Total reporting,81723(r),14673681(r)
Transportation and warehousing(607),"Nonveteran, Hispanic",Item not reported,4908(r),368887(r)
Transportation and warehousing(607),"Nonveteran, equally Hispanic/non-Hispanic",All firms,3100,1149510
Transportation and warehousing(607),"Nonveteran, equally Hispanic/non-Hispanic",Personal/family savings of owner(s),1025,335928
Transportation and warehousing(607),"Nonveteran, equally Hispanic/non-Hispanic",Personal/family assets other than savings of owner(s),227,111796
Transportation and warehousing(607),"Nonveteran, equally Hispanic/non-Hispanic",Personal/family home equity loan,136,55833
Transportation and warehousing(607),"Nonveteran, equally Hispanic/non-Hispanic",Personal credit card(s) carrying balances,371,124817
Transportation and warehousing(607),"Nonveteran, equally Hispanic/non-Hispanic",Business credit card(s) carrying balances,183,S
Transportation and warehousing(607),"Nonveteran, equally Hispanic/non-Hispanic","Business loan from federal, state, or local government",0,0
Transportation and warehousing(607),"Nonveteran, equally Hispanic/non-Hispanic",Government-guaranteed business loan from a bank or financial institution,15,S
Transportation and warehousing(607),"Nonveteran, equally Hispanic/non-Hispanic",Business loan from a bank or financial institution,242,108181
Transportation and warehousing(607),"Nonveteran, equally Hispanic/non-Hispanic",Business loan/investment from family/friends,112,44167
Transportation and warehousing(607),"Nonveteran, equally Hispanic/non-Hispanic",Investment by venture capitalist(s),0,0
Transportation and warehousing(607),"Nonveteran, equally Hispanic/non-Hispanic",Grants,61,S
Transportation and warehousing(607),"Nonveteran, equally Hispanic/non-Hispanic",Other source(s) of capital,74,S
Transportation and warehousing(607),"Nonveteran, equally Hispanic/non-Hispanic",Don't know,127,106552
Transportation and warehousing(607),"Nonveteran, equally Hispanic/non-Hispanic",None needed,115,5093
Transportation and warehousing(607),"Nonveteran, equally Hispanic/non-Hispanic",Total reporting,1555(r),537510(r)
Transportation and warehousing(607),"Nonveteran, equally Hispanic/non-Hispanic",Item not reported,62(r),S
Transportation and warehousing(607),"Nonveteran, non-Hispanic",All firms,801713,299740074
Transportation and warehousing(607),"Nonveteran, non-Hispanic",Personal/family savings of owner(s),218241,100402983
Transportation and warehousing(607),"Nonveteran, non-Hispanic",Personal/family assets other than savings of owner(s),25537,20312370
Transportation and warehousing(607),"Nonveteran, non-Hispanic",Personal/family home equity loan,18088,7650763
Transportation and warehousing(607),"Nonveteran, non-Hispanic",Personal credit card(s) carrying balances,33490,9400459
Transportation and warehousing(607),"Nonveteran, non-Hispanic",Business credit card(s) carrying balances,10268,3655488
Transportation and warehousing(607),"Nonveteran, non-Hispanic","Business loan from federal, state, or local government",522,218029
Transportation and warehousing(607),"Nonveteran, non-Hispanic",Government-guaranteed business loan from a bank or financial institution,1565,1847398
Transportation and warehousing(607),"Nonveteran, non-Hispanic",Business loan from a bank or financial institution,62788,51537036
Transportation and warehousing(607),"Nonveteran, non-Hispanic",Business loan/investment from family/friends,10976,7855214
Transportation and warehousing(607),"Nonveteran, non-Hispanic",Investment by venture capitalist(s),859,1340825
Transportation and warehousing(607),"Nonveteran, non-Hispanic",Grants,387,42851
Transportation and warehousing(607),"Nonveteran, non-Hispanic",Other source(s) of capital,10362,13284804
Transportation and warehousing(607),"Nonveteran, non-Hispanic",Don't know,39257,44623036
Transportation and warehousing(607),"Nonveteran, non-Hispanic",None needed,100320,12846308
Transportation and warehousing(607),"Nonveteran, non-Hispanic",Total reporting,432748(r),202703906(r)
Transportation and warehousing(607),"Nonveteran, non-Hispanic",Item not reported,16862(r),2116459(r)
Transportation and warehousing(607),"Nonveteran, White",All firms,701723,296384571
Transportation and warehousing(607),"Nonveteran, White",Personal/family savings of owner(s),201649,99400038
Transportation and warehousing(607),"Nonveteran, White",Personal/family assets other than savings of owner(s),23508,20403131
Transportation and warehousing(607),"Nonveteran, White",Personal/family home equity loan,17625,7785519
Transportation and warehousing(607),"Nonveteran, White",Personal credit card(s) carrying balances,31390,9566990
Transportation and warehousing(607),"Nonveteran, White",Business credit card(s) carrying balances,10414,4035611
Transportation and warehousing(607),"Nonveteran, White","Business loan from federal, state, or local government",536,197477
Transportation and warehousing(607),"Nonveteran, White",Government-guaranteed business loan from a bank or financial institution,1299,1870861
Transportation and warehousing(607),"Nonveteran, White",Business loan from a bank or financial institution,60379,52494919
Transportation and warehousing(607),"Nonveteran, White",Business loan/investment from family/friends,10052,7966332
Transportation and warehousing(607),"Nonveteran, White",Investment by venture capitalist(s),747,1299585
Transportation and warehousing(607),"Nonveteran, White",Grants,172,S
Transportation and warehousing(607),"Nonveteran, White",Other source(s) of capital,9033,13357900
Transportation and warehousing(607),"Nonveteran, White",Don't know,33856,44089152
Transportation and warehousing(607),"Nonveteran, White",None needed,90942,12346578
Transportation and warehousing(607),"Nonveteran, White",Total reporting,395559(r),200235653(r)
Transportation and warehousing(607),"Nonveteran, White",Item not reported,13844(r),1949384(r)
Transportation and warehousing(607),"Nonveteran, Black or African American",All firms,159324,10448285
Transportation and warehousing(607),"Nonveteran, Black or African American",Personal/family savings of owner(s),27404,2616650
Transportation and warehousing(607),"Nonveteran, Black or African American",Personal/family assets other than savings of owner(s),2286,195833
Transportation and warehousing(607),"Nonveteran, Black or African American",Personal/family home equity loan,1462,351320
Transportation and warehousing(607),"Nonveteran, Black or African American",Personal credit card(s) carrying balances,3920,446521
Transportation and warehousing(607),"Nonveteran, Black or African American",Business credit card(s) carrying balances,1082,139921
Transportation and warehousing(607),"Nonveteran, Black or African American","Business loan from federal, state, or local government",14,S
Transportation and warehousing(607),"Nonveteran, Black or African American",Government-guaranteed business loan from a bank or financial institution,369,101765
Transportation and warehousing(607),"Nonveteran, Black or African American",Business loan from a bank or financial institution,3199,438880
Transportation and warehousing(607),"Nonveteran, Black or African American",Business loan/investment from family/friends,798,110643
Transportation and warehousing(607),"Nonveteran, Black or African American",Investment by venture capitalist(s),84,26148
Transportation and warehousing(607),"Nonveteran, Black or African American",Grants,170,S
Transportation and warehousing(607),"Nonveteran, Black or African American",Other source(s) of capital,1649,162885
Transportation and warehousing(607),"Nonveteran, Black or African American",Don't know,3921,268312
Transportation and warehousing(607),"Nonveteran, Black or African American",None needed,11683,539080
Transportation and warehousing(607),"Nonveteran, Black or African American",Total reporting,50353(r),4213921(r)
Transportation and warehousing(607),"Nonveteran, Black or African American",Item not reported,4152(r),256940(r)
Transportation and warehousing(607),"Nonveteran, American Indian and Alaska Native",All firms,8996,1232186
Transportation and warehousing(607),"Nonveteran, American Indian and Alaska Native",Personal/family savings of owner(s),2079,445036
Transportation and warehousing(607),"Nonveteran, American Indian and Alaska Native",Personal/family assets other than savings of owner(s),480,101906
Transportation and warehousing(607),"Nonveteran, American Indian and Alaska Native",Personal/family home equity loan,262,41332
Transportation and warehousing(607),"Nonveteran, American Indian and Alaska Native",Personal credit card(s) carrying balances,493,87519
Transportation and warehousing(607),"Nonveteran, American Indian and Alaska Native",Business credit card(s) carrying balances,144,S
Transportation and warehousing(607),"Nonveteran, American Indian and Alaska Native","Business loan from federal, state, or local government",0,0
Transportation and warehousing(607),"Nonveteran, American Indian and Alaska Native",Government-guaranteed business loan from a bank or financial institution,40,1701
Transportation and warehousing(607),"Nonveteran, American Indian and Alaska Native",Business loan from a bank or financial institution,244,72797
Transportation and warehousing(607),"Nonveteran, American Indian and Alaska Native",Business loan/investment from family/friends,115,S
Transportation and warehousing(607),"Nonveteran, American Indian and Alaska Native",Investment by venture capitalist(s),8,S
Transportation and warehousing(607),"Nonveteran, American Indian and Alaska Native",Grants,0,0
Transportation and warehousing(607),"Nonveteran, American Indian and Alaska Native",Other source(s) of capital,231,25245
Transportation and warehousing(607),"Nonveteran, American Indian and Alaska Native",Don't know,286,110677
Transportation and warehousing(607),"Nonveteran, American Indian and Alaska Native",None needed,1105,61401
Transportation and warehousing(607),"Nonveteran, American Indian and Alaska Native",Total reporting,4117(r),743629(r)
Transportation and warehousing(607),"Nonveteran, American Indian and Alaska Native",Item not reported,223(r),S
Transportation and warehousing(607),"Nonveteran, Asian",All firms,90523,13846467
Transportation and warehousing(607),"Nonveteran, Asian",Personal/family savings of owner(s),20908,4959319
Transportation and warehousing(607),"Nonveteran, Asian",Personal/family assets other than savings of owner(s),1853,426310
Transportation and warehousing(607),"Nonveteran, Asian",Personal/family home equity loan,1396,358539
Transportation and warehousing(607),"Nonveteran, Asian",Personal credit card(s) carrying balances,3171,505579
Transportation and warehousing(607),"Nonveteran, Asian",Business credit card(s) carrying balances,686,134731
Transportation and warehousing(607),"Nonveteran, Asian","Business loan from federal, state, or local government",79,S
Transportation and warehousing(607),"Nonveteran, Asian",Government-guaranteed business loan from a bank or financial institution,78,63317
Transportation and warehousing(607),"Nonveteran, Asian",Business loan from a bank or financial institution,3510,922429
Transportation and warehousing(607),"Nonveteran, Asian",Business loan/investment from family/friends,1344,313867
Transportation and warehousing(607),"Nonveteran, Asian",Investment by venture capitalist(s),37,S
Transportation and warehousing(607),"Nonveteran, Asian",Grants,208,21612
Transportation and warehousing(607),"Nonveteran, Asian",Other source(s) of capital,978,865138
Transportation and warehousing(607),"Nonveteran, Asian",Don't know,5945,1634033
Transportation and warehousing(607),"Nonveteran, Asian",None needed,8560,461742
Transportation and warehousing(607),"Nonveteran, Asian",Total reporting,40923(r),8624273(r)
Transportation and warehousing(607),"Nonveteran, Asian",Item not reported,1618(r),101439(r)
Transportation and warehousing(607),"Nonveteran, Native Hawaiian and Other Pacific Islander",All firms,2116,484232
Transportation and warehousing(607),"Nonveteran, Native Hawaiian and Other Pacific Islander",Personal/family savings of owner(s),332,63742
Transportation and warehousing(607),"Nonveteran, Native Hawaiian and Other Pacific Islander",Personal/family assets other than savings of owner(s),63,10185
Transportation and warehousing(607),"Nonveteran, Native Hawaiian and Other Pacific Islander",Personal/family home equity loan,10,S
Transportation and warehousing(607),"Nonveteran, Native Hawaiian and Other Pacific Islander",Personal credit card(s) carrying balances,66,14856
Transportation and warehousing(607),"Nonveteran, Native Hawaiian and Other Pacific Islander",Business credit card(s) carrying balances,49,S
Transportation and warehousing(607),"Nonveteran, Native Hawaiian and Other Pacific Islander","Business loan from federal, state, or local government",0,0
Transportation and warehousing(607),"Nonveteran, Native Hawaiian and Other Pacific Islander",Government-guaranteed business loan from a bank or financial institution,20,S
Transportation and warehousing(607),"Nonveteran, Native Hawaiian and Other Pacific Islander",Business loan from a bank or financial institution,32,21037
Transportation and warehousing(607),"Nonveteran, Native Hawaiian and Other Pacific Islander",Business loan/investment from family/friends,40,S
Transportation and warehousing(607),"Nonveteran, Native Hawaiian and Other Pacific Islander",Investment by venture capitalist(s),0,0
Transportation and warehousing(607),"Nonveteran, Native Hawaiian and Other Pacific Islander",Grants,0,0
Transportation and warehousing(607),"Nonveteran, Native Hawaiian and Other Pacific Islander",Other source(s) of capital,19,S
Transportation and warehousing(607),"Nonveteran, Native Hawaiian and Other Pacific Islander",Don't know,129,108448
Transportation and warehousing(607),"Nonveteran, Native Hawaiian and Other Pacific Islander",None needed,264,S
Transportation and warehousing(607),"Nonveteran, Native Hawaiian and Other Pacific Islander",Total reporting,825(r),265888(r)
Transportation and warehousing(607),"Nonveteran, Native Hawaiian and Other Pacific Islander",Item not reported,67(r),S
Transportation and warehousing(607),"Nonveteran, some other race",All firms,90401,8654702
Transportation and warehousing(607),"Nonveteran, some other race",Personal/family savings of owner(s),15911,2528753
Transportation and warehousing(607),"Nonveteran, some other race",Personal/family assets other than savings of owner(s),1577,S
Transportation and warehousing(607),"Nonveteran, some other race",Personal/family home equity loan,2009,352554
Transportation and warehousing(607),"Nonveteran, some other race",Personal credit card(s) carrying balances,2912,595638
Transportation and warehousing(607),"Nonveteran, some other race",Business credit card(s) carrying balances,603,169986
Transportation and warehousing(607),"Nonveteran, some other race","Business loan from federal, state, or local government",2,S
Transportation and warehousing(607),"Nonveteran, some other race",Government-guaranteed business loan from a bank or financial institution,45,S
Transportation and warehousing(607),"Nonveteran, some other race",Business loan from a bank or financial institution,2814,673129
Transportation and warehousing(607),"Nonveteran, some other race",Business loan/investment from family/friends,679,134654
Transportation and warehousing(607),"Nonveteran, some other race",Investment by venture capitalist(s),2,S
Transportation and warehousing(607),"Nonveteran, some other race",Grants,0,0
Transportation and warehousing(607),"Nonveteran, some other race",Other source(s) of capital,534,S
Transportation and warehousing(607),"Nonveteran, some other race",Don't know,3284,502469
Transportation and warehousing(607),"Nonveteran, some other race",None needed,5575,488442
Transportation and warehousing(607),"Nonveteran, some other race",Total reporting,29807(r),4301283(r)
Transportation and warehousing(607),"Nonveteran, some other race",Item not reported,2178(r),188177(r)
Transportation and warehousing(607),"Nonveteran, minority",All firms,482458,55078593
Transportation and warehousing(607),"Nonveteran, minority",Personal/family savings of owner(s),96037,17110611
Transportation and warehousing(607),"Nonveteran, minority",Personal/family assets other than savings of owner(s),8084,1905738
Transportation and warehousing(607),"Nonveteran, minority",Personal/family home equity loan,6776,1717784
Transportation and warehousing(607),"Nonveteran, minority",Personal credit card(s) carrying balances,15111,2769686
Transportation and warehousing(607),"Nonveteran, minority",Business credit card(s) carrying balances,4273,1133414
Transportation and warehousing(607),"Nonveteran, minority","Business loan from federal, state, or local government",205,35295
Transportation and warehousing(607),"Nonveteran, minority",Government-guaranteed business loan from a bank or financial institution,668,283273
Transportation and warehousing(607),"Nonveteran, minority",Business loan from a bank or financial institution,14173,4507315
Transportation and warehousing(607),"Nonveteran, minority",Business loan/investment from family/friends,4062,1177581
Transportation and warehousing(607),"Nonveteran, minority",Investment by venture capitalist(s),134,44098
Transportation and warehousing(607),"Nonveteran, minority",Grants,480,59875
Transportation and warehousing(607),"Nonveteran, minority",Other source(s) of capital,4711,2346065
Transportation and warehousing(607),"Nonveteran, minority",Don't know,17215,3945382
Transportation and warehousing(607),"Nonveteran, minority",None needed,37033,2122819
Transportation and warehousing(607),"Nonveteran, minority",Total reporting,175710(r),28557283(r)
Transportation and warehousing(607),"Nonveteran, minority",Item not reported,10823(r),749088(r)
Transportation and warehousing(607),"Nonveteran, equally minority/nonminority",All firms,5081,2100480
Transportation and warehousing(607),"Nonveteran, equally minority/nonminority",Personal/family savings of owner(s),1928,738520
Transportation and warehousing(607),"Nonveteran, equally minority/nonminority",Personal/family assets other than savings of owner(s),288,141527
Transportation and warehousing(607),"Nonveteran, equally minority/nonminority",Personal/family home equity loan,208,71383
Transportation and warehousing(607),"Nonveteran, equally minority/nonminority",Personal credit card(s) carrying balances,629,237598
Transportation and warehousing(607),"Nonveteran, equally minority/nonminority",Business credit card(s) carrying balances,326,95957
Transportation and warehousing(607),"Nonveteran, equally minority/nonminority","Business loan from federal, state, or local government",2,S
Transportation and warehousing(607),"Nonveteran, equally minority/nonminority",Government-guaranteed business loan from a bank or financial institution,19,S
Transportation and warehousing(607),"Nonveteran, equally minority/nonminority",Business loan from a bank or financial institution,660,265975
Transportation and warehousing(607),"Nonveteran, equally minority/nonminority",Business loan/investment from family/friends,126,S
Transportation and warehousing(607),"Nonveteran, equally minority/nonminority",Investment by venture capitalist(s),5,S
Transportation and warehousing(607),"Nonveteran, equally minority/nonminority",Grants,0,0
Transportation and warehousing(607),"Nonveteran, equally minority/nonminority",Other source(s) of capital,110,S
Transportation and warehousing(607),"Nonveteran, equally minority/nonminority",Don't know,318,177592
Transportation and warehousing(607),"Nonveteran, equally minority/nonminority",None needed,426,45062
Transportation and warehousing(607),"Nonveteran, equally minority/nonminority",Total reporting,3315(r),1221144(r)
Transportation and warehousing(607),"Nonveteran, equally minority/nonminority",Item not reported,111(r),S
Transportation and warehousing(607),"Nonveteran, nonminority",All firms,547258,273157374
Transportation and warehousing(607),"Nonveteran, nonminority",Personal/family savings of owner(s),167568,92040795
Transportation and warehousing(607),"Nonveteran, nonminority",Personal/family assets other than savings of owner(s),20914,19513138
Transportation and warehousing(607),"Nonveteran, nonminority",Personal/family home equity loan,15306,6983263
Transportation and warehousing(607),"Nonveteran, nonminority",Personal credit card(s) carrying balances,25592,8187317
Transportation and warehousing(607),"Nonveteran, nonminority",Business credit card(s) carrying balances,8146,3268457
Transportation and warehousing(607),"Nonveteran, nonminority","Business loan from federal, state, or local government",427,187282
Transportation and warehousing(607),"Nonveteran, nonminority",Government-guaranteed business loan from a bank or financial institution,1092,1739047
Transportation and warehousing(607),"Nonveteran, nonminority",Business loan from a bank or financial institution,55354,49857655
Transportation and warehousing(607),"Nonveteran, nonminority",Business loan/investment from family/friends,8704,7343716
Transportation and warehousing(607),"Nonveteran, nonminority",Investment by venture capitalist(s),732,1296128
Transportation and warehousing(607),"Nonveteran, nonminority",Grants,70,16900
Transportation and warehousing(607),"Nonveteran, nonminority",Other source(s) of capital,7604,12124627
Transportation and warehousing(607),"Nonveteran, nonminority",Don't know,28963,42328735
Transportation and warehousing(607),"Nonveteran, nonminority",None needed,78997,11710335
Transportation and warehousing(607),"Nonveteran, nonminority",Total reporting,337002(r),188136671(r)
Transportation and warehousing(607),"Nonveteran, nonminority",Item not reported,10898(r),1735351(r)
Transportation and warehousing(607),"All firms classifiable by gender, ethnicity, race, and veteran status",All firms,1204092,384210425
Transportation and warehousing(607),"All firms classifiable by gender, ethnicity, race, and veteran status",Personal/family savings of owner(s),310768,126393257
Transportation and warehousing(607),"All firms classifiable by gender, ethnicity, race, and veteran status",Personal/family assets other than savings of owner(s),35723,24123295
Transportation and warehousing(607),"All firms classifiable by gender, ethnicity, race, and veteran status",Personal/family home equity loan,25644,9996458
Transportation and warehousing(607),"All firms classifiable by gender, ethnicity, race, and veteran status",Personal credit card(s) carrying balances,48943,13380683
Transportation and warehousing(607),"All firms classifiable by gender, ethnicity, race, and veteran status",Business credit card(s) carrying balances,15081,5487850
Transportation and warehousing(607),"All firms classifiable by gender, ethnicity, race, and veteran status","Business loan from federal, state, or local government",858,320370
Transportation and warehousing(607),"All firms classifiable by gender, ethnicity, race, and veteran status",Government-guaranteed business loan from a bank or financial institution,2120,2414055
Transportation and warehousing(607),"All firms classifiable by gender, ethnicity, race, and veteran status",Business loan from a bank or financial institution,82447,60268779
Transportation and warehousing(607),"All firms classifiable by gender, ethnicity, race, and veteran status",Business loan/investment from family/friends,14743,9538598
Transportation and warehousing(607),"All firms classifiable by gender, ethnicity, race, and veteran status",Investment by venture capitalist(s),1007,1453918
Transportation and warehousing(607),"All firms classifiable by gender, ethnicity, race, and veteran status",Grants,578,84800
Transportation and warehousing(607),"All firms classifiable by gender, ethnicity, race, and veteran status",Other source(s) of capital,15318,15475540
Transportation and warehousing(607),"All firms classifiable by gender, ethnicity, race, and veteran status",Don't know,51310,53213791
Transportation and warehousing(607),"All firms classifiable by gender, ethnicity, race, and veteran status",None needed,141927,17142719
Transportation and warehousing(607),"All firms classifiable by gender, ethnicity, race, and veteran status",Total reporting,606962(r),249456246(r)
Transportation and warehousing(607),"All firms classifiable by gender, ethnicity, race, and veteran status",Item not reported,26766(r),2963381(r)
Transportation and warehousing(607),"Publicly held and other firms not classifiable by gender, ethnicity, race, and veteran status",All firms,9109,511268158
Transportation and warehousing(607),"Publicly held and other firms not classifiable by gender, ethnicity, race, and veteran status",Personal/family savings of owner(s),499,488686
Transportation and warehousing(607),"Publicly held and other firms not classifiable by gender, ethnicity, race, and veteran status",Personal/family assets other than savings of owner(s),166,153767
Transportation and warehousing(607),"Publicly held and other firms not classifiable by gender, ethnicity, race, and veteran status",Personal/family home equity loan,80,S
Transportation and warehousing(607),"Publicly held and other firms not classifiable by gender, ethnicity, race, and veteran status",Personal credit card(s) carrying balances,251,S
Transportation and warehousing(607),"Publicly held and other firms not classifiable by gender, ethnicity, race, and veteran status",Business credit card(s) carrying balances,94,S
Transportation and warehousing(607),"Publicly held and other firms not classifiable by gender, ethnicity, race, and veteran status","Business loan from federal, state, or local government",61,S
Transportation and warehousing(607),"Publicly held and other firms not classifiable by gender, ethnicity, race, and veteran status",Government-guaranteed business loan from a bank or financial institution,65,S
Transportation and warehousing(607),"Publicly held and other firms not classifiable by gender, ethnicity, race, and veteran status",Business loan from a bank or financial institution,205,S
Transportation and warehousing(607),"Publicly held and other firms not classifiable by gender, ethnicity, race, and veteran status",Business loan/investment from family/friends,63,S
Transportation and warehousing(607),"Publicly held and other firms not classifiable by gender, ethnicity, race, and veteran status",Investment by venture capitalist(s),75,S
Transportation and warehousing(607),"Publicly held and other firms not classifiable by gender, ethnicity, race, and veteran status",Grants,61,S
Transportation and warehousing(607),"Publicly held and other firms not classifiable by gender, ethnicity, race, and veteran status",Other source(s) of capital,180,1719726
Transportation and warehousing(607),"Publicly held and other firms not classifiable by gender, ethnicity, race, and veteran status",Don't know,1290,1789669
Transportation and warehousing(607),"Publicly held and other firms not classifiable by gender, ethnicity, race, and veteran status",None needed,764,S
Transportation and warehousing(607),"Publicly held and other firms not classifiable by gender, ethnicity, race, and veteran status",Total reporting,2875(r),5707864(r)
Transportation and warehousing(607),"Publicly held and other firms not classifiable by gender, ethnicity, race, and veteran status",Item not reported,7900(r),142212433(r)
Information,All firms,All firms,388089,1254738623
Information,All firms,Personal/family savings of owner(s),150723,76048440
Information,All firms,Personal/family assets other than savings of owner(s),13463,28892442
Information,All firms,Personal/family home equity loan,5521,3053314
Information,All firms,Personal credit card(s) carrying balances,24216,6512601
Information,All firms,Business credit card(s) carrying balances,7296,2818238
Information,All firms,"Business loan from federal, state, or local government",339,228464
Information,All firms,Government-guaranteed business loan from a bank or financial institution,852,1179932
Information,All firms,Business loan from a bank or financial institution,8285,12799868
Information,All firms,Business loan/investment from family/friends,4409,5092762
Information,All firms,Investment by venture capitalist(s),1662,7281577
Information,All firms,Grants,763,204126
Information,All firms,Other source(s) of capital,4808,S
Information,All firms,Don't know,15753,47605947
Information,All firms,None needed,74791,13481166
Information,All firms,Total reporting,257730(r),153133325(r)
Information,All firms,Item not reported,9521(r),188708083(r)
Information,Female-owned,All firms,114484,28816301
Information,Female-owned,Personal/family savings of owner(s),33145,4446910
Information,Female-owned,Personal/family assets other than savings of owner(s),2649,748155
Information,Female-owned,Personal/family home equity loan,997,318696
Information,Female-owned,Personal credit card(s) carrying balances,4553,561232
Information,Female-owned,Business credit card(s) carrying balances,1443,254090
Information,Female-owned,"Business loan from federal, state, or local government",42,S
Information,Female-owned,Government-guaranteed business loan from a bank or financial institution,112,126303
Information,Female-owned,Business loan from a bank or financial institution,830,922061
Information,Female-owned,Business loan/investment from family/friends,919,292328
Information,Female-owned,Investment by venture capitalist(s),195,67017
Information,Female-owned,Grants,391,9735
Information,Female-owned,Other source(s) of capital,854,473978
Information,Female-owned,Don't know,3679,2723766
Information,Female-owned,None needed,31986,1776752
Information,Female-owned,Total reporting,72542(r),10236738(r)
Information,Female-owned,Item not reported,1741(r),97301(r)
Information,Male-owned,All firms,235222,173216610
Information,Male-owned,Personal/family savings of owner(s),100573,66939539
Information,Male-owned,Personal/family assets other than savings of owner(s),8895,27274963
Information,Male-owned,Personal/family home equity loan,3433,2314191
Information,Male-owned,Personal credit card(s) carrying balances,16284,5288338
Information,Male-owned,Business credit card(s) carrying balances,4856,2303353
Information,Male-owned,"Business loan from federal, state, or local government",242,153038
Information,Male-owned,Government-guaranteed business loan from a bank or financial institution,563,458149
Information,Male-owned,Business loan from a bank or financial institution,5860,10653302
Information,Male-owned,Business loan/investment from family/friends,2844,2790280
Information,Male-owned,Investment by venture capitalist(s),1262,5415939
Information,Male-owned,Grants,329,186179
Information,Male-owned,Other source(s) of capital,3245,S
Information,Male-owned,Don't know,10753,27896784
Information,Male-owned,None needed,39448,9613363
Information,Male-owned,Total reporting,161008(r),113839771(r)
Information,Male-owned,Item not reported,2370(r),720353(r)
Information,Equally male-/female-owned,All firms,27957,13055574
Information,Equally male-/female-owned,Personal/family savings of owner(s),16947,4536452
Information,Equally male-/female-owned,Personal/family assets other than savings of owner(s),1896,781663
Information,Equally male-/female-owned,Personal/family home equity loan,1090,420427
Information,Equally male-/female-owned,Personal credit card(s) carrying balances,3378,663031
Information,Equally male-/female-owned,Business credit card(s) carrying balances,996,260796
Information,Equally male-/female-owned,"Business loan from federal, state, or local government",52,S
Information,Equally male-/female-owned,Government-guaranteed business loan from a bank or financial institution,177,S
Information,Equally male-/female-owned,Business loan from a bank or financial institution,1589,626001
Information,Equally male-/female-owned,Business loan/investment from family/friends,642,S
Information,Equally male-/female-owned,Investment by venture capitalist(s),173,S
Information,Equally male-/female-owned,Grants,42,S
Information,Equally male-/female-owned,Other source(s) of capital,689,181388
Information,Equally male-/female-owned,Don't know,1073,1973474
Information,Equally male-/female-owned,None needed,3262,1084372
Information,Equally male-/female-owned,Total reporting,23698(r),9816605(r)
Information,Equally male-/female-owned,Item not reported,374(r),S
Information,Hispanic,All firms,30315,4084576
Information,Hispanic,Personal/family savings of owner(s),7758,1291515
Information,Hispanic,Personal/family assets other than savings of owner(s),677,145603
Information,Hispanic,Personal/family home equity loan,121,33038
Information,Hispanic,Personal credit card(s) carrying balances,1271,308954
Information,Hispanic,Business credit card(s) carrying balances,380,61979
Information,Hispanic,"Business loan from federal, state, or local government",21,S
Information,Hispanic,Government-guaranteed business loan from a bank or financial institution,54,S
Information,Hispanic,Business loan from a bank or financial institution,125,132354
Information,Hispanic,Business loan/investment from family/friends,244,70741
Information,Hispanic,Investment by venture capitalist(s),74,24597
Information,Hispanic,Grants,4,S
Information,Hispanic,Other source(s) of capital,179,S
Information,Hispanic,Don't know,716,313764
Information,Hispanic,None needed,4806,115975
Information,Hispanic,Total reporting,14041(r),1917391(r)
Information,Hispanic,Item not reported,371(r),10210(r)
Information,"Hispanic, female-owned",All firms,10891,616738
Information,"Hispanic, female-owned",Personal/family savings of owner(s),1847,221938
Information,"Hispanic, female-owned",Personal/family assets other than savings of owner(s),100,14331
Information,"Hispanic, female-owned",Personal/family home equity loan,15,S
Information,"Hispanic, female-owned",Personal credit card(s) carrying balances,174,28519
Information,"Hispanic, female-owned",Business credit card(s) carrying balances,114,S
Information,"Hispanic, female-owned","Business loan from federal, state, or local government",21,S
Information,"Hispanic, female-owned",Government-guaranteed business loan from a bank or financial institution,0,0
Information,"Hispanic, female-owned",Business loan from a bank or financial institution,32,12739
Information,"Hispanic, female-owned",Business loan/investment from family/friends,125,S
Information,"Hispanic, female-owned",Investment by venture capitalist(s),0,0
Information,"Hispanic, female-owned",Grants,2,S
Information,"Hispanic, female-owned",Other source(s) of capital,100,1966
Information,"Hispanic, female-owned",Don't know,207,16045
Information,"Hispanic, female-owned",None needed,1993,33716
Information,"Hispanic, female-owned",Total reporting,4344(r),296774(r)
Information,"Hispanic, female-owned",Item not reported,177(r),S
Information,"Hispanic, male-owned",All firms,18275,3252478
Information,"Hispanic, male-owned",Personal/family savings of owner(s),5443,1010550
Information,"Hispanic, male-owned",Personal/family assets other than savings of owner(s),457,127175
Information,"Hispanic, male-owned",Personal/family home equity loan,82,15524
Information,"Hispanic, male-owned",Personal credit card(s) carrying balances,1024,268015
Information,"Hispanic, male-owned",Business credit card(s) carrying balances,264,49855
Information,"Hispanic, male-owned","Business loan from federal, state, or local government",0,0
Information,"Hispanic, male-owned",Government-guaranteed business loan from a bank or financial institution,54,S
Information,"Hispanic, male-owned",Business loan from a bank or financial institution,81,115801
Information,"Hispanic, male-owned",Business loan/investment from family/friends,119,58417
Information,"Hispanic, male-owned",Investment by venture capitalist(s),66,S
Information,"Hispanic, male-owned",Grants,0,0
Information,"Hispanic, male-owned",Other source(s) of capital,72,S
Information,"Hispanic, male-owned",Don't know,458,290721
Information,"Hispanic, male-owned",None needed,2732,78866
Information,"Hispanic, male-owned",Total reporting,9084,1544462
Information,"Hispanic, male-owned",Item not reported,194,6564
Information,"Hispanic, equally male-/female-owned",All firms,1148,215361
Information,"Hispanic, equally male-/female-owned",Personal/family savings of owner(s),468,59027
Information,"Hispanic, equally male-/female-owned",Personal/family assets other than savings of owner(s),120,4097
Information,"Hispanic, equally male-/female-owned",Personal/family home equity loan,24,S
Information,"Hispanic, equally male-/female-owned",Personal credit card(s) carrying balances,72,12421
Information,"Hispanic, equally male-/female-owned",Business credit card(s) carrying balances,2,S
Information,"Hispanic, equally male-/female-owned","Business loan from federal, state, or local government",0,0
Information,"Hispanic, equally male-/female-owned",Government-guaranteed business loan from a bank or financial institution,0,0
Information,"Hispanic, equally male-/female-owned",Business loan from a bank or financial institution,13,S
Information,"Hispanic, equally male-/female-owned",Business loan/investment from family/friends,0,0
Information,"Hispanic, equally male-/female-owned",Investment by venture capitalist(s),8,S
Information,"Hispanic, equally male-/female-owned",Grants,2,S
Information,"Hispanic, equally male-/female-owned",Other source(s) of capital,6,S
Information,"Hispanic, equally male-/female-owned",Don't know,51,6998
Information,"Hispanic, equally male-/female-owned",None needed,81,S
Information,"Hispanic, equally male-/female-owned",Total reporting,614,76155
Information,"Hispanic, equally male-/female-owned",Item not reported,0,0
Information,Equally Hispanic/non-Hispanic,All firms,1629,520908
Information,Equally Hispanic/non-Hispanic,Personal/family savings of owner(s),1330,178690
Information,Equally Hispanic/non-Hispanic,Personal/family assets other than savings of owner(s),90,6424
Information,Equally Hispanic/non-Hispanic,Personal/family home equity loan,27,11875
Information,Equally Hispanic/non-Hispanic,Personal credit card(s) carrying balances,204,21312
Information,Equally Hispanic/non-Hispanic,Business credit card(s) carrying balances,26,10558
Information,Equally Hispanic/non-Hispanic,"Business loan from federal, state, or local government",0,0
Information,Equally Hispanic/non-Hispanic,Government-guaranteed business loan from a bank or financial institution,50,19829
Information,Equally Hispanic/non-Hispanic,Business loan from a bank or financial institution,40,25353
Information,Equally Hispanic/non-Hispanic,Business loan/investment from family/friends,0,0
Information,Equally Hispanic/non-Hispanic,Investment by venture capitalist(s),0,0
Information,Equally Hispanic/non-Hispanic,Grants,2,S
Information,Equally Hispanic/non-Hispanic,Other source(s) of capital,64,S
Information,Equally Hispanic/non-Hispanic,Don't know,17,43227
Information,Equally Hispanic/non-Hispanic,None needed,123,S
Information,Equally Hispanic/non-Hispanic,Total reporting,1584,241238
Information,Equally Hispanic/non-Hispanic,Item not reported,2,S
Information,"Equally Hispanic/non-Hispanic, female-owned",All firms,41,3718
Information,"Equally Hispanic/non-Hispanic, female-owned",Personal/family savings of owner(s),3,S
Information,"Equally Hispanic/non-Hispanic, female-owned",Personal/family assets other than savings of owner(s),0,0
Information,"Equally Hispanic/non-Hispanic, female-owned",Personal/family home equity loan,0,0
Information,"Equally Hispanic/non-Hispanic, female-owned",Personal credit card(s) carrying balances,0,0
Information,"Equally Hispanic/non-Hispanic, female-owned",Business credit card(s) carrying balances,0,0
Information,"Equally Hispanic/non-Hispanic, female-owned","Business loan from federal, state, or local government",0,0
Information,"Equally Hispanic/non-Hispanic, female-owned",Government-guaranteed business loan from a bank or financial institution,0,0
Information,"Equally Hispanic/non-Hispanic, female-owned",Business loan from a bank or financial institution,0,0
Information,"Equally Hispanic/non-Hispanic, female-owned",Business loan/investment from family/friends,0,0
Information,"Equally Hispanic/non-Hispanic, female-owned",Investment by venture capitalist(s),0,0
Information,"Equally Hispanic/non-Hispanic, female-owned",Grants,2,S
Information,"Equally Hispanic/non-Hispanic, female-owned",Other source(s) of capital,0,0
Information,"Equally Hispanic/non-Hispanic, female-owned",Don't know,0,0
Information,"Equally Hispanic/non-Hispanic, female-owned",None needed,0,0
Information,"Equally Hispanic/non-Hispanic, female-owned",Total reporting,5,S
Information,"Equally Hispanic/non-Hispanic, female-owned",Item not reported,0,0
Information,"Equally Hispanic/non-Hispanic, male-owned",All firms,346,331439
Information,"Equally Hispanic/non-Hispanic, male-owned",Personal/family savings of owner(s),265,104413
Information,"Equally Hispanic/non-Hispanic, male-owned",Personal/family assets other than savings of owner(s),16,S
Information,"Equally Hispanic/non-Hispanic, male-owned",Personal/family home equity loan,7,S
Information,"Equally Hispanic/non-Hispanic, male-owned",Personal credit card(s) carrying balances,2,S
Information,"Equally Hispanic/non-Hispanic, male-owned",Business credit card(s) carrying balances,2,S
Information,"Equally Hispanic/non-Hispanic, male-owned","Business loan from federal, state, or local government",0,0
Information,"Equally Hispanic/non-Hispanic, male-owned",Government-guaranteed business loan from a bank or financial institution,2,S
Information,"Equally Hispanic/non-Hispanic, male-owned",Business loan from a bank or financial institution,2,S
Information,"Equally Hispanic/non-Hispanic, male-owned",Business loan/investment from family/friends,0,0
Information,"Equally Hispanic/non-Hispanic, male-owned",Investment by venture capitalist(s),0,0
Information,"Equally Hispanic/non-Hispanic, male-owned",Grants,0,0
Information,"Equally Hispanic/non-Hispanic, male-owned",Other source(s) of capital,64,S
Information,"Equally Hispanic/non-Hispanic, male-owned",Don't know,10,S
Information,"Equally Hispanic/non-Hispanic, male-owned",None needed,0,0
Information,"Equally Hispanic/non-Hispanic, male-owned",Total reporting,295,125573
Information,"Equally Hispanic/non-Hispanic, male-owned",Item not reported,0,0
Information,"Equally Hispanic/non-Hispanic, equally male-/female-owned",All firms,1241,185750
Information,"Equally Hispanic/non-Hispanic, equally male-/female-owned",Personal/family savings of owner(s),1061,74243
Information,"Equally Hispanic/non-Hispanic, equally male-/female-owned",Personal/family assets other than savings of owner(s),74,4575
Information,"Equally Hispanic/non-Hispanic, equally male-/female-owned",Personal/family home equity loan,20,S
Information,"Equally Hispanic/non-Hispanic, equally male-/female-owned",Personal credit card(s) carrying balances,202,18569
Information,"Equally Hispanic/non-Hispanic, equally male-/female-owned",Business credit card(s) carrying balances,23,S
Information,"Equally Hispanic/non-Hispanic, equally male-/female-owned","Business loan from federal, state, or local government",0,0
Information,"Equally Hispanic/non-Hispanic, equally male-/female-owned",Government-guaranteed business loan from a bank or financial institution,48,S
Information,"Equally Hispanic/non-Hispanic, equally male-/female-owned",Business loan from a bank or financial institution,38,14829
Information,"Equally Hispanic/non-Hispanic, equally male-/female-owned",Business loan/investment from family/friends,0,0
Information,"Equally Hispanic/non-Hispanic, equally male-/female-owned",Investment by venture capitalist(s),0,0
Information,"Equally Hispanic/non-Hispanic, equally male-/female-owned",Grants,0,0
Information,"Equally Hispanic/non-Hispanic, equally male-/female-owned",Other source(s) of capital,0,0
Information,"Equally Hispanic/non-Hispanic, equally male-/female-owned",Don't know,7,S
Information,"Equally Hispanic/non-Hispanic, equally male-/female-owned",None needed,123,S
Information,"Equally Hispanic/non-Hispanic, equally male-/female-owned",Total reporting,1284,115164
Information,"Equally Hispanic/non-Hispanic, equally male-/female-owned",Item not reported,2,S
Information,Non-Hispanic,All firms,345719,210483002
Information,Non-Hispanic,Personal/family savings of owner(s),141576,74452697
Information,Non-Hispanic,Personal/family assets other than savings of owner(s),12674,28652754
Information,Non-Hispanic,Personal/family home equity loan,5372,3008401
Information,Non-Hispanic,Personal credit card(s) carrying balances,22741,6182334
Information,Non-Hispanic,Business credit card(s) carrying balances,6890,2745702
Information,Non-Hispanic,"Business loan from federal, state, or local government",316,223400
Information,Non-Hispanic,Government-guaranteed business loan from a bank or financial institution,748,1150165
Information,Non-Hispanic,Business loan from a bank or financial institution,8113,12043657
Information,Non-Hispanic,Business loan/investment from family/friends,4161,4842349
Information,Non-Hispanic,Investment by venture capitalist(s),1557,5550353
Information,Non-Hispanic,Grants,757,203509
Information,Non-Hispanic,Other source(s) of capital,4544,S
Information,Non-Hispanic,Don't know,14773,32237033
Information,Non-Hispanic,None needed,69767,12349305
Information,Non-Hispanic,Total reporting,241623(r),131734485(r)
Information,Non-Hispanic,Item not reported,4112(r),846885(r)
Information,"Non-Hispanic, female-owned",All firms,103551,28195846
Information,"Non-Hispanic, female-owned",Personal/family savings of owner(s),31294,4224939
Information,"Non-Hispanic, female-owned",Personal/family assets other than savings of owner(s),2549,733824
Information,"Non-Hispanic, female-owned",Personal/family home equity loan,982,309256
Information,"Non-Hispanic, female-owned",Personal credit card(s) carrying balances,4379,532714
Information,"Non-Hispanic, female-owned",Business credit card(s) carrying balances,1330,242110
Information,"Non-Hispanic, female-owned","Business loan from federal, state, or local government",21,S
Information,"Non-Hispanic, female-owned",Government-guaranteed business loan from a bank or financial institution,112,126303
Information,"Non-Hispanic, female-owned",Business loan from a bank or financial institution,797,909323
Information,"Non-Hispanic, female-owned",Business loan/investment from family/friends,794,280004
Information,"Non-Hispanic, female-owned",Investment by venture capitalist(s),195,67017
Information,"Non-Hispanic, female-owned",Grants,387,9256
Information,"Non-Hispanic, female-owned",Other source(s) of capital,753,472012
Information,"Non-Hispanic, female-owned",Don't know,3472,2707722
Information,"Non-Hispanic, female-owned",None needed,29993,1743036
Information,"Non-Hispanic, female-owned",Total reporting,68193(r),9939462(r)
Information,"Non-Hispanic, female-owned",Item not reported,1564(r),93655(r)
Information,"Non-Hispanic, male-owned",All firms,216601,169632694
Information,"Non-Hispanic, male-owned",Personal/family savings of owner(s),94865,65824576
Information,"Non-Hispanic, male-owned",Personal/family assets other than savings of owner(s),8423,27145939
Information,"Non-Hispanic, male-owned",Personal/family home equity loan,3345,2293782
Information,"Non-Hispanic, male-owned",Personal credit card(s) carrying balances,15258,5017579
Information,"Non-Hispanic, male-owned",Business credit card(s) carrying balances,4590,2250754
Information,"Non-Hispanic, male-owned","Business loan from federal, state, or local government",242,153038
Information,"Non-Hispanic, male-owned",Government-guaranteed business loan from a bank or financial institution,507,437686
Information,"Non-Hispanic, male-owned",Business loan from a bank or financial institution,5777,10526976
Information,"Non-Hispanic, male-owned",Business loan/investment from family/friends,2725,2731863
Information,"Non-Hispanic, male-owned",Investment by venture capitalist(s),1196,5395763
Information,"Non-Hispanic, male-owned",Grants,329,186179
Information,"Non-Hispanic, male-owned",Other source(s) of capital,3108,S
Information,"Non-Hispanic, male-owned",Don't know,10285,27588361
Information,"Non-Hispanic, male-owned",None needed,36716,9534497
Information,"Non-Hispanic, male-owned",Total reporting,151629(r),112169737(r)
Information,"Non-Hispanic, male-owned",Item not reported,2176(r),713789(r)
Information,"Non-Hispanic, equally male-/female-owned",All firms,25568,12654463
Information,"Non-Hispanic, equally male-/female-owned",Personal/family savings of owner(s),15418,4403182
Information,"Non-Hispanic, equally male-/female-owned",Personal/family assets other than savings of owner(s),1702,772991
Information,"Non-Hispanic, equally male-/female-owned",Personal/family home equity loan,1046,405362
Information,"Non-Hispanic, equally male-/female-owned",Personal credit card(s) carrying balances,3104,632041
Information,"Non-Hispanic, equally male-/female-owned",Business credit card(s) carrying balances,970,252838
Information,"Non-Hispanic, equally male-/female-owned","Business loan from federal, state, or local government",52,S
Information,"Non-Hispanic, equally male-/female-owned",Government-guaranteed business loan from a bank or financial institution,129,S
Information,"Non-Hispanic, equally male-/female-owned",Business loan from a bank or financial institution,1539,607358
Information,"Non-Hispanic, equally male-/female-owned",Business loan/investment from family/friends,642,S
Information,"Non-Hispanic, equally male-/female-owned",Investment by venture capitalist(s),165,S
Information,"Non-Hispanic, equally male-/female-owned",Grants,40,S
Information,"Non-Hispanic, equally male-/female-owned",Other source(s) of capital,683,180532
Information,"Non-Hispanic, equally male-/female-owned",Don't know,1015,1940951
Information,"Non-Hispanic, equally male-/female-owned",None needed,3058,1071773
Information,"Non-Hispanic, equally male-/female-owned",Total reporting,21801(r),9625286(r)
Information,"Non-Hispanic, equally male-/female-owned",Item not reported,372(r),S
Information,White,All firms,319248,200591136
Information,White,Personal/family savings of owner(s),132646,72136825
Information,White,Personal/family assets other than savings of owner(s),11905,28549027
Information,White,Personal/family home equity loan,5066,2863132
Information,White,Personal credit card(s) carrying balances,20834,6018497
Information,White,Business credit card(s) carrying balances,6324,2665585
Information,White,"Business loan from federal, state, or local government",316,223400
Information,White,Government-guaranteed business loan from a bank or financial institution,751,1133660
Information,White,Business loan from a bank or financial institution,7702,11871058
Information,White,Business loan/investment from family/friends,3959,4781082
Information,White,Investment by venture capitalist(s),1248,5240145
Information,White,Grants,605,177998
Information,White,Other source(s) of capital,4014,S
Information,White,Don't know,13603,30439726
Information,White,None needed,67142,12118964
Information,White,Total reporting,228059(r),126982516(r)
Information,White,Item not reported,3932(r),833138(r)
Information,"White, female-owned",All firms,93058,26995903
Information,"White, female-owned",Personal/family savings of owner(s),28229,3989633
Information,"White, female-owned",Personal/family assets other than savings of owner(s),2141,698081
Information,"White, female-owned",Personal/family home equity loan,893,285382
Information,"White, female-owned",Personal credit card(s) carrying balances,3739,517931
Information,"White, female-owned",Business credit card(s) carrying balances,1181,228783
Information,"White, female-owned","Business loan from federal, state, or local government",21,S
Information,"White, female-owned",Government-guaranteed business loan from a bank or financial institution,98,108632
Information,"White, female-owned",Business loan from a bank or financial institution,721,901169
Information,"White, female-owned",Business loan/investment from family/friends,789,265890
Information,"White, female-owned",Investment by venture capitalist(s),132,58695
Information,"White, female-owned",Grants,283,7996
Information,"White, female-owned",Other source(s) of capital,705,469931
Information,"White, female-owned",Don't know,3043,2403829
Information,"White, female-owned",None needed,28729,1675945
Information,"White, female-owned",Total reporting,63287(r),9305946(r)
Information,"White, female-owned",Item not reported,1497(r),92209(r)
Information,"White, male-owned",All firms,202240,161588079
Information,"White, male-owned",Personal/family savings of owner(s),90134,64027848
Information,"White, male-owned",Personal/family assets other than savings of owner(s),8154,27092855
Information,"White, male-owned",Personal/family home equity loan,3118,2164953
Information,"White, male-owned",Personal credit card(s) carrying balances,14239,4899947
Information,"White, male-owned",Business credit card(s) carrying balances,4321,2199759
Information,"White, male-owned","Business loan from federal, state, or local government",242,153038
Information,"White, male-owned",Government-guaranteed business loan from a bank or financial institution,518,432750
Information,"White, male-owned",Business loan from a bank or financial institution,5469,10349705
Information,"White, male-owned",Business loan/investment from family/friends,2562,2686131
Information,"White, male-owned",Investment by venture capitalist(s),976,5097079
Information,"White, male-owned",Grants,284,166444
Information,"White, male-owned",Other source(s) of capital,2787,S
Information,"White, male-owned",Don't know,9717,26145605
Information,"White, male-owned",None needed,35515,9428903
Information,"White, male-owned",Total reporting,144600(r),108459848(r)
Information,"White, male-owned",Item not reported,2087(r),701513(r)
Information,"White, equally male-/female-owned",All firms,23951,12007154
Information,"White, equally male-/female-owned",Personal/family savings of owner(s),14282,4119344
Information,"White, equally male-/female-owned",Personal/family assets other than savings of owner(s),1611,758091
Information,"White, equally male-/female-owned",Personal/family home equity loan,1055,412796
Information,"White, equally male-/female-owned",Personal credit card(s) carrying balances,2855,600620
Information,"White, equally male-/female-owned",Business credit card(s) carrying balances,822,237044
Information,"White, equally male-/female-owned","Business loan from federal, state, or local government",52,S
Information,"White, equally male-/female-owned",Government-guaranteed business loan from a bank or financial institution,136,S
Information,"White, equally male-/female-owned",Business loan from a bank or financial institution,1512,620183
Information,"White, equally male-/female-owned",Business loan/investment from family/friends,609,S
Information,"White, equally male-/female-owned",Investment by venture capitalist(s),140,S
Information,"White, equally male-/female-owned",Grants,38,S
Information,"White, equally male-/female-owned",Other source(s) of capital,522,163507
Information,"White, equally male-/female-owned",Don't know,843,1890292
Information,"White, equally male-/female-owned",None needed,2898,1014115
Information,"White, equally male-/female-owned",Total reporting,20173(r),9216721(r)
Information,"White, equally male-/female-owned",Item not reported,347(r),S
Information,Black or African American,All firms,28459,2497076
Information,Black or African American,Personal/family savings of owner(s),7098,605088
Information,Black or African American,Personal/family assets other than savings of owner(s),677,33466
Information,Black or African American,Personal/family home equity loan,244,S
Information,Black or African American,Personal credit card(s) carrying balances,1814,103981
Information,Black or African American,Business credit card(s) carrying balances,353,16647
Information,Black or African American,"Business loan from federal, state, or local government",0,0
Information,Black or African American,Government-guaranteed business loan from a bank or financial institution,22,5619
Information,Black or African American,Business loan from a bank or financial institution,258,196588
Information,Black or African American,Business loan/investment from family/friends,207,39895
Information,Black or African American,Investment by venture capitalist(s),11,S
Information,Black or African American,Grants,26,S
Information,Black or African American,Other source(s) of capital,297,39673
Information,Black or African American,Don't know,727,185444
Information,Black or African American,None needed,3410,87717
Information,Black or African American,Total reporting,11891(r),1159388(r)
Information,Black or African American,Item not reported,323(r),6337(r)
Information,"Black or African American, female-owned",All firms,12405,595059
Information,"Black or African American, female-owned",Personal/family savings of owner(s),2712,162676
Information,"Black or African American, female-owned",Personal/family assets other than savings of owner(s),207,23495
Information,"Black or African American, female-owned",Personal/family home equity loan,49,S
Information,"Black or African American, female-owned",Personal credit card(s) carrying balances,537,15840
Information,"Black or African American, female-owned",Business credit card(s) carrying balances,85,3177
Information,"Black or African American, female-owned","Business loan from federal, state, or local government",0,0
Information,"Black or African American, female-owned",Government-guaranteed business loan from a bank or financial institution,2,S
Information,"Black or African American, female-owned",Business loan from a bank or financial institution,75,S
Information,"Black or African American, female-owned",Business loan/investment from family/friends,92,S
Information,"Black or African American, female-owned",Investment by venture capitalist(s),0,0
Information,"Black or African American, female-owned",Grants,24,S
Information,"Black or African American, female-owned",Other source(s) of capital,112,S
Information,"Black or African American, female-owned",Don't know,267,S
Information,"Black or African American, female-owned",None needed,1318,17889
Information,"Black or African American, female-owned",Total reporting,4405(r),353772(r)
Information,"Black or African American, female-owned",Item not reported,203(r),S
Information,"Black or African American, male-owned",All firms,15469,1824993
Information,"Black or African American, male-owned",Personal/family savings of owner(s),4044,435642
Information,"Black or African American, male-owned",Personal/family assets other than savings of owner(s),346,9573
Information,"Black or African American, male-owned",Personal/family home equity loan,195,S
Information,"Black or African American, male-owned",Personal credit card(s) carrying balances,1147,87468
Information,"Black or African American, male-owned",Business credit card(s) carrying balances,268,13471
Information,"Black or African American, male-owned","Business loan from federal, state, or local government",0,0
Information,"Black or African American, male-owned",Government-guaranteed business loan from a bank or financial institution,20,S
Information,"Black or African American, male-owned",Business loan from a bank or financial institution,161,S
Information,"Black or African American, male-owned",Business loan/investment from family/friends,115,18391
Information,"Black or African American, male-owned",Investment by venture capitalist(s),11,S
Information,"Black or African American, male-owned",Grants,2,S
Information,"Black or African American, male-owned",Other source(s) of capital,145,28483
Information,"Black or African American, male-owned",Don't know,424,35297
Information,"Black or African American, male-owned",None needed,2017,69118
Information,"Black or African American, male-owned",Total reporting,6954(r),787493(r)
Information,"Black or African American, male-owned",Item not reported,95(r),2505(r)
Information,"Black or African American, equally male-/female-owned",All firms,585,S
Information,"Black or African American, equally male-/female-owned",Personal/family savings of owner(s),343,S
Information,"Black or African American, equally male-/female-owned",Personal/family assets other than savings of owner(s),124,S
Information,"Black or African American, equally male-/female-owned",Personal/family home equity loan,0,S
Information,"Black or African American, equally male-/female-owned",Personal credit card(s) carrying balances,130,S
Information,"Black or African American, equally male-/female-owned",Business credit card(s) carrying balances,0,S
Information,"Black or African American, equally male-/female-owned","Business loan from federal, state, or local government",0,S
Information,"Black or African American, equally male-/female-owned",Government-guaranteed business loan from a bank or financial institution,0,S
Information,"Black or African American, equally male-/female-owned",Business loan from a bank or financial institution,22,S
Information,"Black or African American, equally male-/female-owned",Business loan/investment from family/friends,0,S
Information,"Black or African American, equally male-/female-owned",Investment by venture capitalist(s),0,S
Information,"Black or African American, equally male-/female-owned",Grants,0,S
Information,"Black or African American, equally male-/female-owned",Other source(s) of capital,40,S
Information,"Black or African American, equally male-/female-owned",Don't know,37,S
Information,"Black or African American, equally male-/female-owned",None needed,75,S
Information,"Black or African American, equally male-/female-owned",Total reporting,532,S
Information,"Black or African American, equally male-/female-owned",Item not reported,24,S
Information,American Indian and Alaska Native,All firms,3457,444984
Information,American Indian and Alaska Native,Personal/family savings of owner(s),1672,75943
Information,American Indian and Alaska Native,Personal/family assets other than savings of owner(s),180,19900
Information,American Indian and Alaska Native,Personal/family home equity loan,107,9105
Information,American Indian and Alaska Native,Personal credit card(s) carrying balances,379,22145
Information,American Indian and Alaska Native,Business credit card(s) carrying balances,155,9468
Information,American Indian and Alaska Native,"Business loan from federal, state, or local government",2,S
Information,American Indian and Alaska Native,Government-guaranteed business loan from a bank or financial institution,8,S
Information,American Indian and Alaska Native,Business loan from a bank or financial institution,48,S
Information,American Indian and Alaska Native,Business loan/investment from family/friends,32,782
Information,American Indian and Alaska Native,Investment by venture capitalist(s),0,0
Information,American Indian and Alaska Native,Grants,12,281
Information,American Indian and Alaska Native,Other source(s) of capital,88,S
Information,American Indian and Alaska Native,Don't know,54,S
Information,American Indian and Alaska Native,None needed,748,14326
Information,American Indian and Alaska Native,Total reporting,2606(r),188748(r)
Information,American Indian and Alaska Native,Item not reported,5(r),S
Information,"American Indian and Alaska Native, female-owned",All firms,1256,85308
Information,"American Indian and Alaska Native, female-owned",Personal/family savings of owner(s),427,13491
Information,"American Indian and Alaska Native, female-owned",Personal/family assets other than savings of owner(s),31,S
Information,"American Indian and Alaska Native, female-owned",Personal/family home equity loan,17,S
Information,"American Indian and Alaska Native, female-owned",Personal credit card(s) carrying balances,76,5740
Information,"American Indian and Alaska Native, female-owned",Business credit card(s) carrying balances,25,S
Information,"American Indian and Alaska Native, female-owned","Business loan from federal, state, or local government",2,S
Information,"American Indian and Alaska Native, female-owned",Government-guaranteed business loan from a bank or financial institution,2,S
Information,"American Indian and Alaska Native, female-owned",Business loan from a bank or financial institution,7,S
Information,"American Indian and Alaska Native, female-owned",Business loan/investment from family/friends,14,S
Information,"American Indian and Alaska Native, female-owned",Investment by venture capitalist(s),0,0
Information,"American Indian and Alaska Native, female-owned",Grants,9,266
Information,"American Indian and Alaska Native, female-owned",Other source(s) of capital,19,S
Information,"American Indian and Alaska Native, female-owned",Don't know,18,S
Information,"American Indian and Alaska Native, female-owned",None needed,279,3508
Information,"American Indian and Alaska Native, female-owned",Total reporting,748(r),S
Information,"American Indian and Alaska Native, female-owned",Item not reported,3(r),S
Information,"American Indian and Alaska Native, male-owned",All firms,2156,351632
Information,"American Indian and Alaska Native, male-owned",Personal/family savings of owner(s),1174,46857
Information,"American Indian and Alaska Native, male-owned",Personal/family assets other than savings of owner(s),147,S
Information,"American Indian and Alaska Native, male-owned",Personal/family home equity loan,86,6517
Information,"American Indian and Alaska Native, male-owned",Personal credit card(s) carrying balances,267,12106
Information,"American Indian and Alaska Native, male-owned",Business credit card(s) carrying balances,130,6272
Information,"American Indian and Alaska Native, male-owned","Business loan from federal, state, or local government",0,0
Information,"American Indian and Alaska Native, male-owned",Government-guaranteed business loan from a bank or financial institution,6,S
Information,"American Indian and Alaska Native, male-owned",Business loan from a bank or financial institution,41,S
Information,"American Indian and Alaska Native, male-owned",Business loan/investment from family/friends,18,S
Information,"American Indian and Alaska Native, male-owned",Investment by venture capitalist(s),0,0
Information,"American Indian and Alaska Native, male-owned",Grants,3,S
Information,"American Indian and Alaska Native, male-owned",Other source(s) of capital,69,S
Information,"American Indian and Alaska Native, male-owned",Don't know,36,S
Information,"American Indian and Alaska Native, male-owned",None needed,468,10819
Information,"American Indian and Alaska Native, male-owned",Total reporting,1785(r),77489(r)
Information,"American Indian and Alaska Native, male-owned",Item not reported,2(r),S
Information,"American Indian and Alaska Native, equally male-/female-owned",All firms,45,8044
Information,"American Indian and Alaska Native, equally male-/female-owned",Personal/family savings of owner(s),71,S
Information,"American Indian and Alaska Native, equally male-/female-owned",Personal/family assets other than savings of owner(s),2,S
Information,"American Indian and Alaska Native, equally male-/female-owned",Personal/family home equity loan,4,S
Information,"American Indian and Alaska Native, equally male-/female-owned",Personal credit card(s) carrying balances,36,S
Information,"American Indian and Alaska Native, equally male-/female-owned",Business credit card(s) carrying balances,0,0
Information,"American Indian and Alaska Native, equally male-/female-owned","Business loan from federal, state, or local government",0,0
Information,"American Indian and Alaska Native, equally male-/female-owned",Government-guaranteed business loan from a bank or financial institution,0,0
Information,"American Indian and Alaska Native, equally male-/female-owned",Business loan from a bank or financial institution,0,0
Information,"American Indian and Alaska Native, equally male-/female-owned",Business loan/investment from family/friends,0,0
Information,"American Indian and Alaska Native, equally male-/female-owned",Investment by venture capitalist(s),0,0
Information,"American Indian and Alaska Native, equally male-/female-owned",Grants,0,0
Information,"American Indian and Alaska Native, equally male-/female-owned",Other source(s) of capital,0,0
Information,"American Indian and Alaska Native, equally male-/female-owned",Don't know,0,0
Information,"American Indian and Alaska Native, equally male-/female-owned",None needed,0,0
Information,"American Indian and Alaska Native, equally male-/female-owned",Total reporting,73,S
Information,"American Indian and Alaska Native, equally male-/female-owned",Item not reported,0,0
Information,Asian,All firms,23031,10259865
Information,Asian,Personal/family savings of owner(s),9124,2625340
Information,Asian,Personal/family assets other than savings of owner(s),676,163106
Information,Asian,Personal/family home equity loan,175,141924
Information,Asian,Personal credit card(s) carrying balances,1079,212125
Information,Asian,Business credit card(s) carrying balances,399,109904
Information,Asian,"Business loan from federal, state, or local government",0,0
Information,Asian,Government-guaranteed business loan from a bank or financial institution,26,S
Information,Asian,Business loan from a bank or financial institution,182,78265
Information,Asian,Business loan/investment from family/friends,154,S
Information,Asian,Investment by venture capitalist(s),286,297028
Information,Asian,Grants,106,S
Information,Asian,Other source(s) of capital,194,S
Information,Asian,Don't know,967,1620981
Information,Asian,None needed,3390,213624
Information,Asian,Total reporting,14076(r),4750386(r)
Information,Asian,Item not reported,225(r),S
Information,"Asian, female-owned",All firms,7539,1116360
Information,"Asian, female-owned",Personal/family savings of owner(s),2326,237400
Information,"Asian, female-owned",Personal/family assets other than savings of owner(s),249,S
Information,"Asian, female-owned",Personal/family home equity loan,36,S
Information,"Asian, female-owned",Personal credit card(s) carrying balances,196,S
Information,"Asian, female-owned",Business credit card(s) carrying balances,68,S
Information,"Asian, female-owned","Business loan from federal, state, or local government",0,0
Information,"Asian, female-owned",Government-guaranteed business loan from a bank or financial institution,12,S
Information,"Asian, female-owned",Business loan from a bank or financial institution,29,S
Information,"Asian, female-owned",Business loan/investment from family/friends,51,8927
Information,"Asian, female-owned",Investment by venture capitalist(s),63,S
Information,"Asian, female-owned",Grants,66,S
Information,"Asian, female-owned",Other source(s) of capital,6,S
Information,"Asian, female-owned",Don't know,328,149643
Information,"Asian, female-owned",None needed,1702,79519
Information,"Asian, female-owned",Total reporting,4595(r),484454(r)
Information,"Asian, female-owned",Item not reported,57(r),S
Information,"Asian, male-owned",All firms,13878,8566937
Information,"Asian, male-owned",Personal/family savings of owner(s),5614,2209176
Information,"Asian, male-owned",Personal/family assets other than savings of owner(s),340,124688
Information,"Asian, male-owned",Personal/family home equity loan,112,121784
Information,"Asian, male-owned",Personal credit card(s) carrying balances,753,148814
Information,"Asian, male-owned",Business credit card(s) carrying balances,264,77888
Information,"Asian, male-owned","Business loan from federal, state, or local government",0,0
Information,"Asian, male-owned",Government-guaranteed business loan from a bank or financial institution,11,S
Information,"Asian, male-owned",Business loan from a bank or financial institution,140,58183
Information,"Asian, male-owned",Business loan/investment from family/friends,103,S
Information,"Asian, male-owned",Investment by venture capitalist(s),223,288706
Information,"Asian, male-owned",Grants,40,S
Information,"Asian, male-owned",Other source(s) of capital,170,S
Information,"Asian, male-owned",Don't know,548,1459607
Information,"Asian, male-owned",None needed,1598,82301
Information,"Asian, male-owned",Total reporting,8115(r),4019327(r)
Information,"Asian, male-owned",Item not reported,167(r),S
Information,"Asian, equally male-/female-owned",All firms,1613,576568
Information,"Asian, equally male-/female-owned",Personal/family savings of owner(s),1183,178764
Information,"Asian, equally male-/female-owned",Personal/family assets other than savings of owner(s),88,S
Information,"Asian, equally male-/female-owned",Personal/family home equity loan,27,S
Information,"Asian, equally male-/female-owned",Personal credit card(s) carrying balances,130,36849
Information,"Asian, equally male-/female-owned",Business credit card(s) carrying balances,67,S
Information,"Asian, equally male-/female-owned","Business loan from federal, state, or local government",0,0
Information,"Asian, equally male-/female-owned",Government-guaranteed business loan from a bank or financial institution,2,S
Information,"Asian, equally male-/female-owned",Business loan from a bank or financial institution,13,S
Information,"Asian, equally male-/female-owned",Business loan/investment from family/friends,0,0
Information,"Asian, equally male-/female-owned",Investment by venture capitalist(s),0,0
Information,"Asian, equally male-/female-owned",Grants,0,0
Information,"Asian, equally male-/female-owned",Other source(s) of capital,18,S
Information,"Asian, equally male-/female-owned",Don't know,91,S
Information,"Asian, equally male-/female-owned",None needed,90,S
Information,"Asian, equally male-/female-owned",Total reporting,1366,246604
Information,"Asian, equally male-/female-owned",Item not reported,0,0
Information,Native Hawaiian and Other Pacific Islander,All firms,626,106596
Information,Native Hawaiian and Other Pacific Islander,Personal/family savings of owner(s),158,S
Information,Native Hawaiian and Other Pacific Islander,Personal/family assets other than savings of owner(s),14,143
Information,Native Hawaiian and Other Pacific Islander,Personal/family home equity loan,4,S
Information,Native Hawaiian and Other Pacific Islander,Personal credit card(s) carrying balances,38,S
Information,Native Hawaiian and Other Pacific Islander,Business credit card(s) carrying balances,17,1083
Information,Native Hawaiian and Other Pacific Islander,"Business loan from federal, state, or local government",0,0
Information,Native Hawaiian and Other Pacific Islander,Government-guaranteed business loan from a bank or financial institution,0,0
Information,Native Hawaiian and Other Pacific Islander,Business loan from a bank or financial institution,4,435
Information,Native Hawaiian and Other Pacific Islander,Business loan/investment from family/friends,4,S
Information,Native Hawaiian and Other Pacific Islander,Investment by venture capitalist(s),0,0
Information,Native Hawaiian and Other Pacific Islander,Grants,0,0
Information,Native Hawaiian and Other Pacific Islander,Other source(s) of capital,4,S
Information,Native Hawaiian and Other Pacific Islander,Don't know,4,S
Information,Native Hawaiian and Other Pacific Islander,None needed,103,1881
Information,Native Hawaiian and Other Pacific Islander,Total reporting,298(r),123734(r)
Information,Native Hawaiian and Other Pacific Islander,Item not reported,20(r),S
Information,"Native Hawaiian and Other Pacific Islander, female-owned",All firms,255,12622
Information,"Native Hawaiian and Other Pacific Islander, female-owned",Personal/family savings of owner(s),44,627
Information,"Native Hawaiian and Other Pacific Islander, female-owned",Personal/family assets other than savings of owner(s),12,84
Information,"Native Hawaiian and Other Pacific Islander, female-owned",Personal/family home equity loan,2,S
Information,"Native Hawaiian and Other Pacific Islander, female-owned",Personal credit card(s) carrying balances,24,S
Information,"Native Hawaiian and Other Pacific Islander, female-owned",Business credit card(s) carrying balances,9,S
Information,"Native Hawaiian and Other Pacific Islander, female-owned","Business loan from federal, state, or local government",0,0
Information,"Native Hawaiian and Other Pacific Islander, female-owned",Government-guaranteed business loan from a bank or financial institution,0,0
Information,"Native Hawaiian and Other Pacific Islander, female-owned",Business loan from a bank or financial institution,0,0
Information,"Native Hawaiian and Other Pacific Islander, female-owned",Business loan/investment from family/friends,0,0
Information,"Native Hawaiian and Other Pacific Islander, female-owned",Investment by venture capitalist(s),0,0
Information,"Native Hawaiian and Other Pacific Islander, female-owned",Grants,0,0
Information,"Native Hawaiian and Other Pacific Islander, female-owned",Other source(s) of capital,2,S
Information,"Native Hawaiian and Other Pacific Islander, female-owned",Don't know,2,S
Information,"Native Hawaiian and Other Pacific Islander, female-owned",None needed,68,1183
Information,"Native Hawaiian and Other Pacific Islander, female-owned",Total reporting,139(r),S
Information,"Native Hawaiian and Other Pacific Islander, female-owned",Item not reported,18(r),S
Information,"Native Hawaiian and Other Pacific Islander, male-owned",All firms,358,91654
Information,"Native Hawaiian and Other Pacific Islander, male-owned",Personal/family savings of owner(s),110,S
Information,"Native Hawaiian and Other Pacific Islander, male-owned",Personal/family assets other than savings of owner(s),2,S
Information,"Native Hawaiian and Other Pacific Islander, male-owned",Personal/family home equity loan,2,S
Information,"Native Hawaiian and Other Pacific Islander, male-owned",Personal credit card(s) carrying balances,14,S
Information,"Native Hawaiian and Other Pacific Islander, male-owned",Business credit card(s) carrying balances,8,S
Information,"Native Hawaiian and Other Pacific Islander, male-owned","Business loan from federal, state, or local government",0,0
Information,"Native Hawaiian and Other Pacific Islander, male-owned",Government-guaranteed business loan from a bank or financial institution,0,0
Information,"Native Hawaiian and Other Pacific Islander, male-owned",Business loan from a bank or financial institution,4,435
Information,"Native Hawaiian and Other Pacific Islander, male-owned",Business loan/investment from family/friends,4,S
Information,"Native Hawaiian and Other Pacific Islander, male-owned",Investment by venture capitalist(s),0,0
Information,"Native Hawaiian and Other Pacific Islander, male-owned",Grants,0,0
Information,"Native Hawaiian and Other Pacific Islander, male-owned",Other source(s) of capital,2,S
Information,"Native Hawaiian and Other Pacific Islander, male-owned",Don't know,2,S
Information,"Native Hawaiian and Other Pacific Islander, male-owned",None needed,34,694
Information,"Native Hawaiian and Other Pacific Islander, male-owned",Total reporting,153(r),S
Information,"Native Hawaiian and Other Pacific Islander, male-owned",Item not reported,2(r),S
Information,"Native Hawaiian and Other Pacific Islander, equally male-/female-owned",All firms,13,S
Information,"Native Hawaiian and Other Pacific Islander, equally male-/female-owned",Personal/family savings of owner(s),3,S
Information,"Native Hawaiian and Other Pacific Islander, equally male-/female-owned",Personal/family assets other than savings of owner(s),0,S
Information,"Native Hawaiian and Other Pacific Islander, equally male-/female-owned",Personal/family home equity loan,0,S
Information,"Native Hawaiian and Other Pacific Islander, equally male-/female-owned",Personal credit card(s) carrying balances,0,S
Information,"Native Hawaiian and Other Pacific Islander, equally male-/female-owned",Business credit card(s) carrying balances,0,S
Information,"Native Hawaiian and Other Pacific Islander, equally male-/female-owned","Business loan from federal, state, or local government",0,S
Information,"Native Hawaiian and Other Pacific Islander, equally male-/female-owned",Government-guaranteed business loan from a bank or financial institution,0,S
Information,"Native Hawaiian and Other Pacific Islander, equally male-/female-owned",Business loan from a bank or financial institution,0,S
Information,"Native Hawaiian and Other Pacific Islander, equally male-/female-owned",Business loan/investment from family/friends,0,S
Information,"Native Hawaiian and Other Pacific Islander, equally male-/female-owned",Investment by venture capitalist(s),0,S
Information,"Native Hawaiian and Other Pacific Islander, equally male-/female-owned",Grants,0,S
Information,"Native Hawaiian and Other Pacific Islander, equally male-/female-owned",Other source(s) of capital,0,S
Information,"Native Hawaiian and Other Pacific Islander, equally male-/female-owned",Don't know,0,S
Information,"Native Hawaiian and Other Pacific Islander, equally male-/female-owned",None needed,2,S
Information,"Native Hawaiian and Other Pacific Islander, equally male-/female-owned",Total reporting,5,S
Information,"Native Hawaiian and Other Pacific Islander, equally male-/female-owned",Item not reported,0,S
Information,Some other race,All firms,8676,1003153
Information,Some other race,Personal/family savings of owner(s),1698,407943
Information,Some other race,Personal/family assets other than savings of owner(s),150,S
Information,Some other race,Personal/family home equity loan,17,4891
Information,Some other race,Personal credit card(s) carrying balances,372,S
Information,Some other race,Business credit card(s) carrying balances,123,9200
Information,Some other race,"Business loan from federal, state, or local government",21,S
Information,Some other race,Government-guaranteed business loan from a bank or financial institution,0,0
Information,Some other race,Business loan from a bank or financial institution,38,62488
Information,Some other race,Business loan/investment from family/friends,67,S
Information,Some other race,Investment by venture capitalist(s),41,S
Information,Some other race,Grants,15,S
Information,Some other race,Other source(s) of capital,123,S
Information,Some other race,Don't know,215,141096
Information,Some other race,None needed,1441,29380
Information,Some other race,Total reporting,3635,593055
Information,Some other race,Item not reported,29,1232
Information,"Some other race, female-owned",All firms,3050,183394
Information,"Some other race, female-owned",Personal/family savings of owner(s),343,73113
Information,"Some other race, female-owned",Personal/family assets other than savings of owner(s),55,S
Information,"Some other race, female-owned",Personal/family home equity loan,5,S
Information,"Some other race, female-owned",Personal credit card(s) carrying balances,126,2170
Information,"Some other race, female-owned",Business credit card(s) carrying balances,94,1934
Information,"Some other race, female-owned","Business loan from federal, state, or local government",21,S
Information,"Some other race, female-owned",Government-guaranteed business loan from a bank or financial institution,0,0
Information,"Some other race, female-owned",Business loan from a bank or financial institution,13,S
Information,"Some other race, female-owned",Business loan/investment from family/friends,0,0
Information,"Some other race, female-owned",Investment by venture capitalist(s),0,0
Information,"Some other race, female-owned",Grants,15,S
Information,"Some other race, female-owned",Other source(s) of capital,79,S
Information,"Some other race, female-owned",Don't know,62,26581
Information,"Some other race, female-owned",None needed,480,6163
Information,"Some other race, female-owned",Total reporting,1055,107118
Information,"Some other race, female-owned",Item not reported,19,S
Information,"Some other race, male-owned",All firms,5421,785413
Information,"Some other race, male-owned",Personal/family savings of owner(s),1237,319357
Information,"Some other race, male-owned",Personal/family assets other than savings of owner(s),89,S
Information,"Some other race, male-owned",Personal/family home equity loan,12,S
Information,"Some other race, male-owned",Personal credit card(s) carrying balances,246,S
Information,"Some other race, male-owned",Business credit card(s) carrying balances,29,7267
Information,"Some other race, male-owned","Business loan from federal, state, or local government",0,0
Information,"Some other race, male-owned",Government-guaranteed business loan from a bank or financial institution,0,0
Information,"Some other race, male-owned",Business loan from a bank or financial institution,25,61716
Information,"Some other race, male-owned",Business loan/investment from family/friends,67,S
Information,"Some other race, male-owned",Investment by venture capitalist(s),41,S
Information,"Some other race, male-owned",Grants,0,0
Information,"Some other race, male-owned",Other source(s) of capital,44,S
Information,"Some other race, male-owned",Don't know,144,S
Information,"Some other race, male-owned",None needed,956,23206
Information,"Some other race, male-owned",Total reporting,2447,467484
Information,"Some other race, male-owned",Item not reported,10,S
Information,"Some other race, equally male-/female-owned",All firms,205,34345
Information,"Some other race, equally male-/female-owned",Personal/family savings of owner(s),118,S
Information,"Some other race, equally male-/female-owned",Personal/family assets other than savings of owner(s),6,S
Information,"Some other race, equally male-/female-owned",Personal/family home equity loan,0,0
Information,"Some other race, equally male-/female-owned",Personal credit card(s) carrying balances,0,0
Information,"Some other race, equally male-/female-owned",Business credit card(s) carrying balances,0,0
Information,"Some other race, equally male-/female-owned","Business loan from federal, state, or local government",0,0
Information,"Some other race, equally male-/female-owned",Government-guaranteed business loan from a bank or financial institution,0,0
Information,"Some other race, equally male-/female-owned",Business loan from a bank or financial institution,0,0
Information,"Some other race, equally male-/female-owned",Business loan/investment from family/friends,0,0
Information,"Some other race, equally male-/female-owned",Investment by venture capitalist(s),0,0
Information,"Some other race, equally male-/female-owned",Grants,0,0
Information,"Some other race, equally male-/female-owned",Other source(s) of capital,0,0
Information,"Some other race, equally male-/female-owned",Don't know,9,S
Information,"Some other race, equally male-/female-owned",None needed,6,S
Information,"Some other race, equally male-/female-owned",Total reporting,133,S
Information,"Some other race, equally male-/female-owned",Item not reported,0,0
Information,Minority,All firms,83915,17540331
Information,Minority,Personal/family savings of owner(s),25284,4661225
Information,Minority,Personal/family assets other than savings of owner(s),2185,364928
Information,Minority,Personal/family home equity loan,659,221007
Information,Minority,Personal credit card(s) carrying balances,4453,632949
Information,Minority,Business credit card(s) carrying balances,1255,186670
Information,Minority,"Business loan from federal, state, or local government",23,S
Information,Minority,Government-guaranteed business loan from a bank or financial institution,109,50613
Information,Minority,Business loan from a bank or financial institution,624,445182
Information,Minority,Business loan/investment from family/friends,634,197222
Information,Minority,Investment by venture capitalist(s),408,357717
Information,Minority,Grants,160,S
Information,Minority,Other source(s) of capital,774,320741
Information,Minority,Don't know,2430,2302628
Information,Minority,None needed,12110,420308
Information,Minority,Total reporting,41996(r),8193446(r)
Information,Minority,Item not reported,888(r),33531(r)
Information,"Minority, female-owned",All firms,31334,2417708
Information,"Minority, female-owned",Personal/family savings of owner(s),7024,641304
Information,"Minority, female-owned",Personal/family assets other than savings of owner(s),598,67506
Information,"Minority, female-owned",Personal/family home equity loan,124,S
Information,"Minority, female-owned",Personal credit card(s) carrying balances,972,75832
Information,"Minority, female-owned",Business credit card(s) carrying balances,291,S
Information,"Minority, female-owned","Business loan from federal, state, or local government",23,S
Information,"Minority, female-owned",Government-guaranteed business loan from a bank or financial institution,16,S
Information,"Minority, female-owned",Business loan from a bank or financial institution,141,33630
Information,"Minority, female-owned",Business loan/investment from family/friends,262,43107
Information,"Minority, female-owned",Investment by venture capitalist(s),63,S
Information,"Minority, female-owned",Grants,114,S
Information,"Minority, female-owned",Other source(s) of capital,239,7613
Information,"Minority, female-owned",Don't know,817,405005
Information,"Minority, female-owned",None needed,5253,131467
Information,"Minority, female-owned",Total reporting,13772(r),1256118(r)
Information,"Minority, female-owned",Item not reported,434(r),8864(r)
Information,"Minority, male-owned",All firms,49016,14227686
Information,"Minority, male-owned",Personal/family savings of owner(s),16100,3747669
Information,"Minority, male-owned",Personal/family assets other than savings of owner(s),1253,269686
Information,"Minority, male-owned",Personal/family home equity loan,480,167188
Information,"Minority, male-owned",Personal credit card(s) carrying balances,3113,502875
Information,"Minority, male-owned",Business credit card(s) carrying balances,894,136097
Information,"Minority, male-owned","Business loan from federal, state, or local government",0,0
Information,"Minority, male-owned",Government-guaranteed business loan from a bank or financial institution,91,32519
Information,"Minority, male-owned",Business loan from a bank or financial institution,436,406441
Information,"Minority, male-owned",Business loan/investment from family/friends,350,153983
Information,"Minority, male-owned",Investment by venture capitalist(s),314,344841
Information,"Minority, male-owned",Grants,44,S
Information,"Minority, male-owned",Other source(s) of capital,471,302354
Information,"Minority, male-owned",Don't know,1434,1878708
Information,"Minority, male-owned",None needed,6602,232812
Information,"Minority, male-owned",Total reporting,25535(r),6568607(r)
Information,"Minority, male-owned",Item not reported,430(r),24643(r)
Information,"Minority, equally male-/female-owned",All firms,3565,894937
Information,"Minority, equally male-/female-owned",Personal/family savings of owner(s),2160,272252
Information,"Minority, equally male-/female-owned",Personal/family assets other than savings of owner(s),334,27736
Information,"Minority, equally male-/female-owned",Personal/family home equity loan,55,S
Information,"Minority, equally male-/female-owned",Personal credit card(s) carrying balances,368,54242
Information,"Minority, equally male-/female-owned",Business credit card(s) carrying balances,69,S
Information,"Minority, equally male-/female-owned","Business loan from federal, state, or local government",0,0
Information,"Minority, equally male-/female-owned",Government-guaranteed business loan from a bank or financial institution,2,S
Information,"Minority, equally male-/female-owned",Business loan from a bank or financial institution,47,S
Information,"Minority, equally male-/female-owned",Business loan/investment from family/friends,22,S
Information,"Minority, equally male-/female-owned",Investment by venture capitalist(s),30,S
Information,"Minority, equally male-/female-owned",Grants,2,S
Information,"Minority, equally male-/female-owned",Other source(s) of capital,64,S
Information,"Minority, equally male-/female-owned",Don't know,179,18915
Information,"Minority, equally male-/female-owned",None needed,255,S
Information,"Minority, equally male-/female-owned",Total reporting,2689,368721
Information,"Minority, equally male-/female-owned",Item not reported,24,S
Information,Equally minority/nonminority,All firms,3961,1568243
Information,Equally minority/nonminority,Personal/family savings of owner(s),2731,427983
Information,Equally minority/nonminority,Personal/family assets other than savings of owner(s),174,31699
Information,Equally minority/nonminority,Personal/family home equity loan,62,24810
Information,Equally minority/nonminority,Personal credit card(s) carrying balances,553,68824
Information,Equally minority/nonminority,Business credit card(s) carrying balances,173,27320
Information,Equally minority/nonminority,"Business loan from federal, state, or local government",0,0
Information,Equally minority/nonminority,Government-guaranteed business loan from a bank or financial institution,60,23876
Information,Equally minority/nonminority,Business loan from a bank or financial institution,195,47093
Information,Equally minority/nonminority,Business loan/investment from family/friends,28,S
Information,Equally minority/nonminority,Investment by venture capitalist(s),13,16949
Information,Equally minority/nonminority,Grants,14,S
Information,Equally minority/nonminority,Other source(s) of capital,222,13054
Information,Equally minority/nonminority,Don't know,141,329945
Information,Equally minority/nonminority,None needed,427,58265
Information,Equally minority/nonminority,Total reporting,3664,852891
Information,Equally minority/nonminority,Item not reported,2,S
Information,"Equally minority/nonminority, female-owned",All firms,92,6120
Information,"Equally minority/nonminority, female-owned",Personal/family savings of owner(s),37,S
Information,"Equally minority/nonminority, female-owned",Personal/family assets other than savings of owner(s),0,0
Information,"Equally minority/nonminority, female-owned",Personal/family home equity loan,0,0
Information,"Equally minority/nonminority, female-owned",Personal credit card(s) carrying balances,0,0
Information,"Equally minority/nonminority, female-owned",Business credit card(s) carrying balances,0,0
Information,"Equally minority/nonminority, female-owned","Business loan from federal, state, or local government",0,0
Information,"Equally minority/nonminority, female-owned",Government-guaranteed business loan from a bank or financial institution,0,0
Information,"Equally minority/nonminority, female-owned",Business loan from a bank or financial institution,0,0
Information,"Equally minority/nonminority, female-owned",Business loan/investment from family/friends,0,0
Information,"Equally minority/nonminority, female-owned",Investment by venture capitalist(s),0,0
Information,"Equally minority/nonminority, female-owned",Grants,2,S
Information,"Equally minority/nonminority, female-owned",Other source(s) of capital,0,0
Information,"Equally minority/nonminority, female-owned",Don't know,0,0
Information,"Equally minority/nonminority, female-owned",None needed,0,0
Information,"Equally minority/nonminority, female-owned",Total reporting,39,2185
Information,"Equally minority/nonminority, female-owned",Item not reported,0,0
Information,"Equally minority/nonminority, male-owned",All firms,973,1035118
Information,"Equally minority/nonminority, male-owned",Personal/family savings of owner(s),456,114506
Information,"Equally minority/nonminority, male-owned",Personal/family assets other than savings of owner(s),47,15637
Information,"Equally minority/nonminority, male-owned",Personal/family home equity loan,4,S
Information,"Equally minority/nonminority, male-owned",Personal credit card(s) carrying balances,74,S
Information,"Equally minority/nonminority, male-owned",Business credit card(s) carrying balances,4,S
Information,"Equally minority/nonminority, male-owned","Business loan from federal, state, or local government",0,0
Information,"Equally minority/nonminority, male-owned",Government-guaranteed business loan from a bank or financial institution,10,S
Information,"Equally minority/nonminority, male-owned",Business loan from a bank or financial institution,53,17959
Information,"Equally minority/nonminority, male-owned",Business loan/investment from family/friends,0,0
Information,"Equally minority/nonminority, male-owned",Investment by venture capitalist(s),8,S
Information,"Equally minority/nonminority, male-owned",Grants,10,10706
Information,"Equally minority/nonminority, male-owned",Other source(s) of capital,117,5942
Information,"Equally minority/nonminority, male-owned",Don't know,36,236383
Information,"Equally minority/nonminority, male-owned",None needed,16,S
Information,"Equally minority/nonminority, male-owned",Total reporting,571,386982
Information,"Equally minority/nonminority, male-owned",Item not reported,0,0
Information,"Equally minority/nonminority, equally male-/female-owned",All firms,2896,527005
Information,"Equally minority/nonminority, equally male-/female-owned",Personal/family savings of owner(s),2238,311761
Information,"Equally minority/nonminority, equally male-/female-owned",Personal/family assets other than savings of owner(s),127,16062
Information,"Equally minority/nonminority, equally male-/female-owned",Personal/family home equity loan,58,20042
Information,"Equally minority/nonminority, equally male-/female-owned",Personal credit card(s) carrying balances,479,58375
Information,"Equally minority/nonminority, equally male-/female-owned",Business credit card(s) carrying balances,168,24464
Information,"Equally minority/nonminority, equally male-/female-owned","Business loan from federal, state, or local government",0,0
Information,"Equally minority/nonminority, equally male-/female-owned",Government-guaranteed business loan from a bank or financial institution,50,S
Information,"Equally minority/nonminority, equally male-/female-owned",Business loan from a bank or financial institution,142,29135
Information,"Equally minority/nonminority, equally male-/female-owned",Business loan/investment from family/friends,28,S
Information,"Equally minority/nonminority, equally male-/female-owned",Investment by venture capitalist(s),5,S
Information,"Equally minority/nonminority, equally male-/female-owned",Grants,2,S
Information,"Equally minority/nonminority, equally male-/female-owned",Other source(s) of capital,105,S
Information,"Equally minority/nonminority, equally male-/female-owned",Don't know,105,93562
Information,"Equally minority/nonminority, equally male-/female-owned",None needed,412,29720
Information,"Equally minority/nonminority, equally male-/female-owned",Total reporting,3054,463724
Information,"Equally minority/nonminority, equally male-/female-owned",Item not reported,2,S
Information,Nonminority,All firms,289787,195979913
Information,Nonminority,Personal/family savings of owner(s),122650,70833693
Information,Nonminority,Personal/family assets other than savings of owner(s),11081,28408153
Information,Nonminority,Personal/family home equity loan,4800,2807497
Information,Nonminority,Personal credit card(s) carrying balances,19209,5810829
Information,Nonminority,Business credit card(s) carrying balances,5868,2604248
Information,Nonminority,"Business loan from federal, state, or local government",314,223261
Information,Nonminority,Government-guaranteed business loan from a bank or financial institution,682,1105443
Information,Nonminority,Business loan from a bank or financial institution,7460,11709089
Information,Nonminority,Business loan/investment from family/friends,3743,4714163
Information,Nonminority,Investment by venture capitalist(s),1210,5200284
Information,Nonminority,Grants,588,176351
Information,Nonminority,Other source(s) of capital,3791,S
Information,Nonminority,Don't know,12934,29961451
Information,Nonminority,None needed,62159,11995913
Information,Nonminority,Total reporting,211589(r),124846779(r)
Information,Nonminority,Item not reported,3595(r),823564(r)
Information,"Nonminority, female-owned",All firms,83058,26392473
Information,"Nonminority, female-owned",Personal/family savings of owner(s),26084,3803889
Information,"Nonminority, female-owned",Personal/family assets other than savings of owner(s),2051,680649
Information,"Nonminority, female-owned",Personal/family home equity loan,873,273893
Information,"Nonminority, female-owned",Personal credit card(s) carrying balances,3581,485401
Information,"Nonminority, female-owned",Business credit card(s) carrying balances,1152,215893
Information,"Nonminority, female-owned","Business loan from federal, state, or local government",19,S
Information,"Nonminority, female-owned",Government-guaranteed business loan from a bank or financial institution,96,108493
Information,"Nonminority, female-owned",Business loan from a bank or financial institution,688,888431
Information,"Nonminority, female-owned",Business loan/investment from family/friends,657,249221
Information,"Nonminority, female-owned",Investment by venture capitalist(s),132,58695
Information,"Nonminority, female-owned",Grants,275,7286
Information,"Nonminority, female-owned",Other source(s) of capital,615,466365
Information,"Nonminority, female-owned",Don't know,2862,2318761
Information,"Nonminority, female-owned",None needed,26733,1645285
Information,"Nonminority, female-owned",Total reporting,58732(r),8978435(r)
Information,"Nonminority, female-owned",Item not reported,1307(r),88438(r)
Information,"Nonminority, male-owned",All firms,185234,157953806
Information,"Nonminority, male-owned",Personal/family savings of owner(s),84016,63077364
Information,"Nonminority, male-owned",Personal/family assets other than savings of owner(s),7595,26989639
Information,"Nonminority, male-owned",Personal/family home equity loan,2950,2142235
Information,"Nonminority, male-owned",Personal credit card(s) carrying balances,13098,4775014
Information,"Nonminority, male-owned",Business credit card(s) carrying balances,3958,2164400
Information,"Nonminority, male-owned","Business loan from federal, state, or local government",242,153038
Information,"Nonminority, male-owned",Government-guaranteed business loan from a bank or financial institution,462,412287
Information,"Nonminority, male-owned",Business loan from a bank or financial institution,5372,10228903
Information,"Nonminority, male-owned",Business loan/investment from family/friends,2494,2636297
Information,"Nonminority, male-owned",Investment by venture capitalist(s),940,5060784
Information,"Nonminority, male-owned",Grants,275,165508
Information,"Nonminority, male-owned",Other source(s) of capital,2656,S
Information,"Nonminority, male-owned",Don't know,9283,25781693
Information,"Nonminority, male-owned",None needed,32831,9352006
Information,"Nonminority, male-owned",Total reporting,134902(r),106884183(r)
Information,"Nonminority, male-owned",Item not reported,1940(r),695710(r)
Information,"Nonminority, equally male-/female-owned",All firms,21496,11633633
Information,"Nonminority, equally male-/female-owned",Personal/family savings of owner(s),12549,3952440
Information,"Nonminority, equally male-/female-owned",Personal/family assets other than savings of owner(s),1435,737865
Information,"Nonminority, equally male-/female-owned",Personal/family home equity loan,977,391369
Information,"Nonminority, equally male-/female-owned",Personal credit card(s) carrying balances,2531,550414
Information,"Nonminority, equally male-/female-owned",Business credit card(s) carrying balances,758,223955
Information,"Nonminority, equally male-/female-owned","Business loan from federal, state, or local government",52,S
Information,"Nonminority, equally male-/female-owned",Government-guaranteed business loan from a bank or financial institution,125,S
Information,"Nonminority, equally male-/female-owned",Business loan from a bank or financial institution,1400,591755
Information,"Nonminority, equally male-/female-owned",Business loan/investment from family/friends,592,S
Information,"Nonminority, equally male-/female-owned",Investment by venture capitalist(s),138,S
Information,"Nonminority, equally male-/female-owned",Grants,38,S
Information,"Nonminority, equally male-/female-owned",Other source(s) of capital,520,163501
Information,"Nonminority, equally male-/female-owned",Don't know,789,1860997
Information,"Nonminority, equally male-/female-owned",None needed,2595,998622
Information,"Nonminority, equally male-/female-owned",Total reporting,17955(r),8984161(r)
Information,"Nonminority, equally male-/female-owned",Item not reported,347(r),S
Information,Veteran,All firms,31232,13674169
Information,Veteran,Personal/family savings of owner(s),11783,6604178
Information,Veteran,Personal/family assets other than savings of owner(s),1083,582655
Information,Veteran,Personal/family home equity loan,531,401639
Information,Veteran,Personal credit card(s) carrying balances,2150,365988
Information,Veteran,Business credit card(s) carrying balances,663,223415
Information,Veteran,"Business loan from federal, state, or local government",24,S
Information,Veteran,Government-guaranteed business loan from a bank or financial institution,55,19530
Information,Veteran,Business loan from a bank or financial institution,695,1323256
Information,Veteran,Business loan/investment from family/friends,187,86097
Information,Veteran,Investment by venture capitalist(s),43,26917
Information,Veteran,Grants,8,S
Information,Veteran,Other source(s) of capital,236,88268
Information,Veteran,Don't know,1169,1907751
Information,Veteran,None needed,4920,560444
Information,Veteran,Total reporting,18946(r),10002795(r)
Information,Veteran,Item not reported,583(r),38130(r)
Information,"Veteran, female-owned",All firms,4163,148711
Information,"Veteran, female-owned",Personal/family savings of owner(s),683,23335
Information,"Veteran, female-owned",Personal/family assets other than savings of owner(s),5,S
Information,"Veteran, female-owned",Personal/family home equity loan,5,S
Information,"Veteran, female-owned",Personal credit card(s) carrying balances,268,4745
Information,"Veteran, female-owned",Business credit card(s) carrying balances,12,S
Information,"Veteran, female-owned","Business loan from federal, state, or local government",0,0
Information,"Veteran, female-owned",Government-guaranteed business loan from a bank or financial institution,0,0
Information,"Veteran, female-owned",Business loan from a bank or financial institution,15,S
Information,"Veteran, female-owned",Business loan/investment from family/friends,0,0
Information,"Veteran, female-owned",Investment by venture capitalist(s),0,0
Information,"Veteran, female-owned",Grants,0,0
Information,"Veteran, female-owned",Other source(s) of capital,5,S
Information,"Veteran, female-owned",Don't know,53,S
Information,"Veteran, female-owned",None needed,294,4383
Information,"Veteran, female-owned",Total reporting,1088,29522
Information,"Veteran, female-owned",Item not reported,81,S
Information,"Veteran, male-owned",All firms,26913,13502378
Information,"Veteran, male-owned",Personal/family savings of owner(s),11080,6579654
Information,"Veteran, male-owned",Personal/family assets other than savings of owner(s),1076,580449
Information,"Veteran, male-owned",Personal/family home equity loan,517,399028
Information,"Veteran, male-owned",Personal credit card(s) carrying balances,1876,360695
Information,"Veteran, male-owned",Business credit card(s) carrying balances,650,220904
Information,"Veteran, male-owned","Business loan from federal, state, or local government",24,S
Information,"Veteran, male-owned",Government-guaranteed business loan from a bank or financial institution,55,19530
Information,"Veteran, male-owned",Business loan from a bank or financial institution,677,1322261
Information,"Veteran, male-owned",Business loan/investment from family/friends,187,86097
Information,"Veteran, male-owned",Investment by venture capitalist(s),43,26917
Information,"Veteran, male-owned",Grants,8,S
Information,"Veteran, male-owned",Other source(s) of capital,231,86219
Information,"Veteran, male-owned",Don't know,1116,1906799
Information,"Veteran, male-owned",None needed,4557,554134
Information,"Veteran, male-owned",Total reporting,17769(r),9970143(r)
Information,"Veteran, male-owned",Item not reported,502(r),35805(r)
Information,"Veteran, equally male-/female-owned",All firms,156,S
Information,"Veteran, equally male-/female-owned",Personal/family savings of owner(s),19,S
Information,"Veteran, equally male-/female-owned",Personal/family assets other than savings of owner(s),2,S
Information,"Veteran, equally male-/female-owned",Personal/family home equity loan,9,S
Information,"Veteran, equally male-/female-owned",Personal credit card(s) carrying balances,7,S
Information,"Veteran, equally male-/female-owned",Business credit card(s) carrying balances,0,S
Information,"Veteran, equally male-/female-owned","Business loan from federal, state, or local government",0,S
Information,"Veteran, equally male-/female-owned",Government-guaranteed business loan from a bank or financial institution,0,S
Information,"Veteran, equally male-/female-owned",Business loan from a bank or financial institution,4,S
Information,"Veteran, equally male-/female-owned",Business loan/investment from family/friends,0,S
Information,"Veteran, equally male-/female-owned",Investment by venture capitalist(s),0,S
Information,"Veteran, equally male-/female-owned",Grants,0,S
Information,"Veteran, equally male-/female-owned",Other source(s) of capital,0,S
Information,"Veteran, equally male-/female-owned",Don't know,0,S
Information,"Veteran, equally male-/female-owned",None needed,68,S
Information,"Veteran, equally male-/female-owned",Total reporting,90,S
Information,"Veteran, equally male-/female-owned",Item not reported,0,S
Information,"Veteran, Hispanic",All firms,1601,134208
Information,"Veteran, Hispanic",Personal/family savings of owner(s),392,32839
Information,"Veteran, Hispanic",Personal/family assets other than savings of owner(s),29,S
Information,"Veteran, Hispanic",Personal/family home equity loan,0,0
Information,"Veteran, Hispanic",Personal credit card(s) carrying balances,96,S
Information,"Veteran, Hispanic",Business credit card(s) carrying balances,21,S
Information,"Veteran, Hispanic","Business loan from federal, state, or local government",0,0
Information,"Veteran, Hispanic",Government-guaranteed business loan from a bank or financial institution,2,S
Information,"Veteran, Hispanic",Business loan from a bank or financial institution,13,S
Information,"Veteran, Hispanic",Business loan/investment from family/friends,0,0
Information,"Veteran, Hispanic",Investment by venture capitalist(s),0,0
Information,"Veteran, Hispanic",Grants,0,0
Information,"Veteran, Hispanic",Other source(s) of capital,2,S
Information,"Veteran, Hispanic",Don't know,28,S
Information,"Veteran, Hispanic",None needed,381,S
Information,"Veteran, Hispanic",Total reporting,821,42691
Information,"Veteran, Hispanic",Item not reported,2,S
Information,"Veteran, equally Hispanic/non-Hispanic",All firms,26,S
Information,"Veteran, equally Hispanic/non-Hispanic",Personal/family savings of owner(s),0,S
Information,"Veteran, equally Hispanic/non-Hispanic",Personal/family assets other than savings of owner(s),0,S
Information,"Veteran, equally Hispanic/non-Hispanic",Personal/family home equity loan,0,S
Information,"Veteran, equally Hispanic/non-Hispanic",Personal credit card(s) carrying balances,0,S
Information,"Veteran, equally Hispanic/non-Hispanic",Business credit card(s) carrying balances,0,S
Information,"Veteran, equally Hispanic/non-Hispanic","Business loan from federal, state, or local government",0,S
Information,"Veteran, equally Hispanic/non-Hispanic",Government-guaranteed business loan from a bank or financial institution,0,S
Information,"Veteran, equally Hispanic/non-Hispanic",Business loan from a bank or financial institution,0,S
Information,"Veteran, equally Hispanic/non-Hispanic",Business loan/investment from family/friends,0,S
Information,"Veteran, equally Hispanic/non-Hispanic",Investment by venture capitalist(s),0,S
Information,"Veteran, equally Hispanic/non-Hispanic",Grants,0,S
Information,"Veteran, equally Hispanic/non-Hispanic",Other source(s) of capital,0,S
Information,"Veteran, equally Hispanic/non-Hispanic",Don't know,0,S
Information,"Veteran, equally Hispanic/non-Hispanic",None needed,0,S
Information,"Veteran, equally Hispanic/non-Hispanic",Total reporting,0,S
Information,"Veteran, equally Hispanic/non-Hispanic",Item not reported,0,S
Information,"Veteran, non-Hispanic",All firms,29605,13537625
Information,"Veteran, non-Hispanic",Personal/family savings of owner(s),11391,6571339
Information,"Veteran, non-Hispanic",Personal/family assets other than savings of owner(s),1054,576230
Information,"Veteran, non-Hispanic",Personal/family home equity loan,531,401639
Information,"Veteran, non-Hispanic",Personal credit card(s) carrying balances,2054,357080
Information,"Veteran, non-Hispanic",Business credit card(s) carrying balances,641,217973
Information,"Veteran, non-Hispanic","Business loan from federal, state, or local government",24,S
Information,"Veteran, non-Hispanic",Government-guaranteed business loan from a bank or financial institution,53,18114
Information,"Veteran, non-Hispanic",Business loan from a bank or financial institution,683,1322485
Information,"Veteran, non-Hispanic",Business loan/investment from family/friends,187,86097
Information,"Veteran, non-Hispanic",Investment by venture capitalist(s),43,26917
Information,"Veteran, non-Hispanic",Grants,8,S
Information,"Veteran, non-Hispanic",Other source(s) of capital,234,86852
Information,"Veteran, non-Hispanic",Don't know,1141,1906777
Information,"Veteran, non-Hispanic",None needed,4539,552528
Information,"Veteran, non-Hispanic",Total reporting,18125(r),9960103(r)
Information,"Veteran, non-Hispanic",Item not reported,581(r),37408(r)
Information,"Veteran, White",All firms,27110,13248866
Information,"Veteran, White",Personal/family savings of owner(s),10725,6384496
Information,"Veteran, White",Personal/family assets other than savings of owner(s),990,577469
Information,"Veteran, White",Personal/family home equity loan,438,387108
Information,"Veteran, White",Personal credit card(s) carrying balances,1784,359859
Information,"Veteran, White",Business credit card(s) carrying balances,582,220870
Information,"Veteran, White","Business loan from federal, state, or local government",24,S
Information,"Veteran, White",Government-guaranteed business loan from a bank or financial institution,47,16751
Information,"Veteran, White",Business loan from a bank or financial institution,622,1187709
Information,"Veteran, White",Business loan/investment from family/friends,172,79363
Information,"Veteran, White",Investment by venture capitalist(s),41,24641
Information,"Veteran, White",Grants,8,S
Information,"Veteran, White",Other source(s) of capital,199,86217
Information,"Veteran, White",Don't know,1137,1900534
Information,"Veteran, White",None needed,4458,549834
Information,"Veteran, White",Total reporting,17273(r),9626274(r)
Information,"Veteran, White",Item not reported,559(r),37226(r)
Information,"Veteran, Black or African American",All firms,3349,265623
Information,"Veteran, Black or African American",Personal/family savings of owner(s),947,96354
Information,"Veteran, Black or African American",Personal/family assets other than savings of owner(s),88,3219
Information,"Veteran, Black or African American",Personal/family home equity loan,103,S
Information,"Veteran, Black or African American",Personal credit card(s) carrying balances,377,5507
Information,"Veteran, Black or African American",Business credit card(s) carrying balances,98,S
Information,"Veteran, Black or African American","Business loan from federal, state, or local government",0,0
Information,"Veteran, Black or African American",Government-guaranteed business loan from a bank or financial institution,2,S
Information,"Veteran, Black or African American",Business loan from a bank or financial institution,67,S
Information,"Veteran, Black or African American",Business loan/investment from family/friends,15,6734
Information,"Veteran, Black or African American",Investment by venture capitalist(s),2,S
Information,"Veteran, Black or African American",Grants,0,0
Information,"Veteran, Black or African American",Other source(s) of capital,26,2043
Information,"Veteran, Black or African American",Don't know,26,777
Information,"Veteran, Black or African American",None needed,414,S
Information,"Veteran, Black or African American",Total reporting,1482,S
Information,"Veteran, Black or African American",Item not reported,22,S
Information,"Veteran, American Indian and Alaska Native",All firms,405,37364
Information,"Veteran, American Indian and Alaska Native",Personal/family savings of owner(s),287,11348
Information,"Veteran, American Indian and Alaska Native",Personal/family assets other than savings of owner(s),17,S
Information,"Veteran, American Indian and Alaska Native",Personal/family home equity loan,7,S
Information,"Veteran, American Indian and Alaska Native",Personal credit card(s) carrying balances,45,S
Information,"Veteran, American Indian and Alaska Native",Business credit card(s) carrying balances,19,S
Information,"Veteran, American Indian and Alaska Native","Business loan from federal, state, or local government",0,0
Information,"Veteran, American Indian and Alaska Native",Government-guaranteed business loan from a bank or financial institution,0,0
Information,"Veteran, American Indian and Alaska Native",Business loan from a bank or financial institution,4,S
Information,"Veteran, American Indian and Alaska Native",Business loan/investment from family/friends,0,0
Information,"Veteran, American Indian and Alaska Native",Investment by venture capitalist(s),0,0
Information,"Veteran, American Indian and Alaska Native",Grants,0,0
Information,"Veteran, American Indian and Alaska Native",Other source(s) of capital,14,S
Information,"Veteran, American Indian and Alaska Native",Don't know,8,S
Information,"Veteran, American Indian and Alaska Native",None needed,44,527
Information,"Veteran, American Indian and Alaska Native",Total reporting,362,17773
Information,"Veteran, American Indian and Alaska Native",Item not reported,0,0
Information,"Veteran, Asian",All firms,597,116574
Information,"Veteran, Asian",Personal/family savings of owner(s),168,121606
Information,"Veteran, Asian",Personal/family assets other than savings of owner(s),4,S
Information,"Veteran, Asian",Personal/family home equity loan,0,0
Information,"Veteran, Asian",Personal credit card(s) carrying balances,2,S
Information,"Veteran, Asian",Business credit card(s) carrying balances,2,S
Information,"Veteran, Asian","Business loan from federal, state, or local government",0,0
Information,"Veteran, Asian",Government-guaranteed business loan from a bank or financial institution,5,S
Information,"Veteran, Asian",Business loan from a bank or financial institution,2,S
Information,"Veteran, Asian",Business loan/investment from family/friends,0,0
Information,"Veteran, Asian",Investment by venture capitalist(s),0,0
Information,"Veteran, Asian",Grants,0,0
Information,"Veteran, Asian",Other source(s) of capital,2,S
Information,"Veteran, Asian",Don't know,6,S
Information,"Veteran, Asian",None needed,49,S
Information,"Veteran, Asian",Total reporting,229,130246
Information,"Veteran, Asian",Item not reported,0,0
Information,"Veteran, Native Hawaiian and Other Pacific Islander",All firms,77,49888
Information,"Veteran, Native Hawaiian and Other Pacific Islander",Personal/family savings of owner(s),10,S
Information,"Veteran, Native Hawaiian and Other Pacific Islander",Personal/family assets other than savings of owner(s),0,0
Information,"Veteran, Native Hawaiian and Other Pacific Islander",Personal/family home equity loan,0,0
Information,"Veteran, Native Hawaiian and Other Pacific Islander",Personal credit card(s) carrying balances,0,0
Information,"Veteran, Native Hawaiian and Other Pacific Islander",Business credit card(s) carrying balances,2,S
Information,"Veteran, Native Hawaiian and Other Pacific Islander","Business loan from federal, state, or local government",0,0
Information,"Veteran, Native Hawaiian and Other Pacific Islander",Government-guaranteed business loan from a bank or financial institution,0,0
Information,"Veteran, Native Hawaiian and Other Pacific Islander",Business loan from a bank or financial institution,2,S
Information,"Veteran, Native Hawaiian and Other Pacific Islander",Business loan/investment from family/friends,0,0
Information,"Veteran, Native Hawaiian and Other Pacific Islander",Investment by venture capitalist(s),0,0
Information,"Veteran, Native Hawaiian and Other Pacific Islander",Grants,0,0
Information,"Veteran, Native Hawaiian and Other Pacific Islander",Other source(s) of capital,0,0
Information,"Veteran, Native Hawaiian and Other Pacific Islander",Don't know,0,0
Information,"Veteran, Native Hawaiian and Other Pacific Islander",None needed,0,0
Information,"Veteran, Native Hawaiian and Other Pacific Islander",Total reporting,10,S
Information,"Veteran, Native Hawaiian and Other Pacific Islander",Item not reported,0,0
Information,"Veteran, some other race",All firms,396,33484
Information,"Veteran, some other race",Personal/family savings of owner(s),8,S
Information,"Veteran, some other race",Personal/family assets other than savings of owner(s),0,0
Information,"Veteran, some other race",Personal/family home equity loan,2,S
Information,"Veteran, some other race",Personal credit card(s) carrying balances,2,S
Information,"Veteran, some other race",Business credit card(s) carrying balances,0,0
Information,"Veteran, some other race","Business loan from federal, state, or local government",0,0
Information,"Veteran, some other race",Government-guaranteed business loan from a bank or financial institution,0,0
Information,"Veteran, some other race",Business loan from a bank or financial institution,13,S
Information,"Veteran, some other race",Business loan/investment from family/friends,0,0
Information,"Veteran, some other race",Investment by venture capitalist(s),0,0
Information,"Veteran, some other race",Grants,0,0
Information,"Veteran, some other race",Other source(s) of capital,0,0
Information,"Veteran, some other race",Don't know,8,S
Information,"Veteran, some other race",None needed,87,S
Information,"Veteran, some other race",Total reporting,116,S
Information,"Veteran, some other race",Item not reported,2,S
Information,"Veteran, minority",All firms,5833,538129
Information,"Veteran, minority",Personal/family savings of owner(s),1712,261238
Information,"Veteran, minority",Personal/family assets other than savings of owner(s),131,13887
Information,"Veteran, minority",Personal/family home equity loan,113,S
Information,"Veteran, minority",Personal credit card(s) carrying balances,522,18458
Information,"Veteran, minority",Business credit card(s) carrying balances,133,S
Information,"Veteran, minority","Business loan from federal, state, or local government",0,0
Information,"Veteran, minority",Government-guaranteed business loan from a bank or financial institution,10,4196
Information,"Veteran, minority",Business loan from a bank or financial institution,86,S
Information,"Veteran, minority",Business loan/investment from family/friends,15,6734
Information,"Veteran, minority",Investment by venture capitalist(s),2,S
Information,"Veteran, minority",Grants,0,0
Information,"Veteran, minority",Other source(s) of capital,44,5516
Information,"Veteran, minority",Don't know,59,S
Information,"Veteran, minority",None needed,877,17149
Information,"Veteran, minority",Total reporting,2793,426588
Information,"Veteran, minority",Item not reported,24,S
Information,"Veteran, equally minority/nonminority",All firms,26,9381
Information,"Veteran, equally minority/nonminority",Personal/family savings of owner(s),2,S
Information,"Veteran, equally minority/nonminority",Personal/family assets other than savings of owner(s),0,0
Information,"Veteran, equally minority/nonminority",Personal/family home equity loan,0,0
Information,"Veteran, equally minority/nonminority",Personal credit card(s) carrying balances,0,0
Information,"Veteran, equally minority/nonminority",Business credit card(s) carrying balances,0,0
Information,"Veteran, equally minority/nonminority","Business loan from federal, state, or local government",0,0
Information,"Veteran, equally minority/nonminority",Government-guaranteed business loan from a bank or financial institution,0,0
Information,"Veteran, equally minority/nonminority",Business loan from a bank or financial institution,0,0
Information,"Veteran, equally minority/nonminority",Business loan/investment from family/friends,0,0
Information,"Veteran, equally minority/nonminority",Investment by venture capitalist(s),0,0
Information,"Veteran, equally minority/nonminority",Grants,0,0
Information,"Veteran, equally minority/nonminority",Other source(s) of capital,0,0
Information,"Veteran, equally minority/nonminority",Don't know,0,0
Information,"Veteran, equally minority/nonminority",None needed,2,S
Information,"Veteran, equally minority/nonminority",Total reporting,4,S
Information,"Veteran, equally minority/nonminority",Item not reported,0,0
Information,"Veteran, nonminority",All firms,25374,13126659
Information,"Veteran, nonminority",Personal/family savings of owner(s),10068,6342706
Information,"Veteran, nonminority",Personal/family assets other than savings of owner(s),952,568768
Information,"Veteran, nonminority",Personal/family home equity loan,419,384960
Information,"Veteran, nonminority",Personal credit card(s) carrying balances,1628,347530
Information,"Veteran, nonminority",Business credit card(s) carrying balances,530,212140
Information,"Veteran, nonminority","Business loan from federal, state, or local government",24,S
Information,"Veteran, nonminority",Government-guaranteed business loan from a bank or financial institution,45,15335
Information,"Veteran, nonminority",Business loan from a bank or financial institution,609,1186937
Information,"Veteran, nonminority",Business loan/investment from family/friends,172,79363
Information,"Veteran, nonminority",Investment by venture capitalist(s),41,24641
Information,"Veteran, nonminority",Grants,8,S
Information,"Veteran, nonminority",Other source(s) of capital,192,82752
Information,"Veteran, nonminority",Don't know,1109,1899544
Information,"Veteran, nonminority",None needed,4041,543251
Information,"Veteran, nonminority",Total reporting,16149(r),9575930(r)
Information,"Veteran, nonminority",Item not reported,559(r),37226(r)
Information,Equally veteran/nonveteran,All firms,5811,2624277
Information,Equally veteran/nonveteran,Personal/family savings of owner(s),3819,849247
Information,Equally veteran/nonveteran,Personal/family assets other than savings of owner(s),332,116412
Information,Equally veteran/nonveteran,Personal/family home equity loan,174,67996
Information,Equally veteran/nonveteran,Personal credit card(s) carrying balances,556,131182
Information,Equally veteran/nonveteran,Business credit card(s) carrying balances,154,30134
Information,Equally veteran/nonveteran,"Business loan from federal, state, or local government",2,S
Information,Equally veteran/nonveteran,Government-guaranteed business loan from a bank or financial institution,33,S
Information,Equally veteran/nonveteran,Business loan from a bank or financial institution,292,127440
Information,Equally veteran/nonveteran,Business loan/investment from family/friends,237,S
Information,Equally veteran/nonveteran,Investment by venture capitalist(s),15,7043
Information,Equally veteran/nonveteran,Grants,2,S
Information,Equally veteran/nonveteran,Other source(s) of capital,60,51450
Information,Equally veteran/nonveteran,Don't know,264,643030
Information,Equally veteran/nonveteran,None needed,610,S
Information,Equally veteran/nonveteran,Total reporting,4924(r),2276781(r)
Information,Equally veteran/nonveteran,Item not reported,7(r),S
Information,"Equally veteran/nonveteran, female-owned",All firms,22,4494
Information,"Equally veteran/nonveteran, female-owned",Personal/family savings of owner(s),8,S
Information,"Equally veteran/nonveteran, female-owned",Personal/family assets other than savings of owner(s),0,0
Information,"Equally veteran/nonveteran, female-owned",Personal/family home equity loan,0,0
Information,"Equally veteran/nonveteran, female-owned",Personal credit card(s) carrying balances,2,S
Information,"Equally veteran/nonveteran, female-owned",Business credit card(s) carrying balances,0,0
Information,"Equally veteran/nonveteran, female-owned","Business loan from federal, state, or local government",0,0
Information,"Equally veteran/nonveteran, female-owned",Government-guaranteed business loan from a bank or financial institution,0,0
Information,"Equally veteran/nonveteran, female-owned",Business loan from a bank or financial institution,7,S
Information,"Equally veteran/nonveteran, female-owned",Business loan/investment from family/friends,0,0
Information,"Equally veteran/nonveteran, female-owned",Investment by venture capitalist(s),0,0
Information,"Equally veteran/nonveteran, female-owned",Grants,0,0
Information,"Equally veteran/nonveteran, female-owned",Other source(s) of capital,0,0
Information,"Equally veteran/nonveteran, female-owned",Don't know,0,0
Information,"Equally veteran/nonveteran, female-owned",None needed,0,0
Information,"Equally veteran/nonveteran, female-owned",Total reporting,15,S
Information,"Equally veteran/nonveteran, female-owned",Item not reported,0,0
Information,"Equally veteran/nonveteran, male-owned",All firms,1384,1251452
Information,"Equally veteran/nonveteran, male-owned",Personal/family savings of owner(s),959,506215
Information,"Equally veteran/nonveteran, male-owned",Personal/family assets other than savings of owner(s),142,S
Information,"Equally veteran/nonveteran, male-owned",Personal/family home equity loan,17,7367
Information,"Equally veteran/nonveteran, male-owned",Personal credit card(s) carrying balances,184,S
Information,"Equally veteran/nonveteran, male-owned",Business credit card(s) carrying balances,28,6182
Information,"Equally veteran/nonveteran, male-owned","Business loan from federal, state, or local government",0,0
Information,"Equally veteran/nonveteran, male-owned",Government-guaranteed business loan from a bank or financial institution,21,S
Information,"Equally veteran/nonveteran, male-owned",Business loan from a bank or financial institution,153,S
Information,"Equally veteran/nonveteran, male-owned",Business loan/investment from family/friends,133,S
Information,"Equally veteran/nonveteran, male-owned",Investment by venture capitalist(s),6,S
Information,"Equally veteran/nonveteran, male-owned",Grants,0,0
Information,"Equally veteran/nonveteran, male-owned",Other source(s) of capital,4,S
Information,"Equally veteran/nonveteran, male-owned",Don't know,146,116623
Information,"Equally veteran/nonveteran, male-owned",None needed,119,S
Information,"Equally veteran/nonveteran, male-owned",Total reporting,1301,861958
Information,"Equally veteran/nonveteran, male-owned",Item not reported,5,S
Information,"Equally veteran/nonveteran, equally male-/female-owned",All firms,4405,1368331
Information,"Equally veteran/nonveteran, equally male-/female-owned",Personal/family savings of owner(s),2852,342216
Information,"Equally veteran/nonveteran, equally male-/female-owned",Personal/family assets other than savings of owner(s),190,42811
Information,"Equally veteran/nonveteran, equally male-/female-owned",Personal/family home equity loan,157,60630
Information,"Equally veteran/nonveteran, equally male-/female-owned",Personal credit card(s) carrying balances,370,76593
Information,"Equally veteran/nonveteran, equally male-/female-owned",Business credit card(s) carrying balances,127,23952
Information,"Equally veteran/nonveteran, equally male-/female-owned","Business loan from federal, state, or local government",2,S
Information,"Equally veteran/nonveteran, equally male-/female-owned",Government-guaranteed business loan from a bank or financial institution,12,4831
Information,"Equally veteran/nonveteran, equally male-/female-owned",Business loan from a bank or financial institution,133,53332
Information,"Equally veteran/nonveteran, equally male-/female-owned",Business loan/investment from family/friends,104,22744
Information,"Equally veteran/nonveteran, equally male-/female-owned",Investment by venture capitalist(s),9,S
Information,"Equally veteran/nonveteran, equally male-/female-owned",Grants,2,S
Information,"Equally veteran/nonveteran, equally male-/female-owned",Other source(s) of capital,56,22309
Information,"Equally veteran/nonveteran, equally male-/female-owned",Don't know,118,526407
Information,"Equally veteran/nonveteran, equally male-/female-owned",None needed,491,S
Information,"Equally veteran/nonveteran, equally male-/female-owned",Total reporting,3609(r),1412345(r)
Information,"Equally veteran/nonveteran, equally male-/female-owned",Item not reported,2(r),S
Information,"Equally veteran/nonveteran, Hispanic",All firms,142,S
Information,"Equally veteran/nonveteran, Hispanic",Personal/family savings of owner(s),11,S
Information,"Equally veteran/nonveteran, Hispanic",Personal/family assets other than savings of owner(s),0,S
Information,"Equally veteran/nonveteran, Hispanic",Personal/family home equity loan,2,S
Information,"Equally veteran/nonveteran, Hispanic",Personal credit card(s) carrying balances,0,S
Information,"Equally veteran/nonveteran, Hispanic",Business credit card(s) carrying balances,0,S
Information,"Equally veteran/nonveteran, Hispanic","Business loan from federal, state, or local government",0,S
Information,"Equally veteran/nonveteran, Hispanic",Government-guaranteed business loan from a bank or financial institution,0,S
Information,"Equally veteran/nonveteran, Hispanic",Business loan from a bank or financial institution,6,S
Information,"Equally veteran/nonveteran, Hispanic",Business loan/investment from family/friends,0,S
Information,"Equally veteran/nonveteran, Hispanic",Investment by venture capitalist(s),0,S
Information,"Equally veteran/nonveteran, Hispanic",Grants,2,S
Information,"Equally veteran/nonveteran, Hispanic",Other source(s) of capital,0,S
Information,"Equally veteran/nonveteran, Hispanic",Don't know,0,S
Information,"Equally veteran/nonveteran, Hispanic",None needed,0,S
Information,"Equally veteran/nonveteran, Hispanic",Total reporting,13,S
Information,"Equally veteran/nonveteran, Hispanic",Item not reported,0,S
Information,"Equally veteran/nonveteran, equally Hispanic/non-Hispanic",All firms,264,69698
Information,"Equally veteran/nonveteran, equally Hispanic/non-Hispanic",Personal/family savings of owner(s),201,52260
Information,"Equally veteran/nonveteran, equally Hispanic/non-Hispanic",Personal/family assets other than savings of owner(s),9,S
Information,"Equally veteran/nonveteran, equally Hispanic/non-Hispanic",Personal/family home equity loan,0,0
Information,"Equally veteran/nonveteran, equally Hispanic/non-Hispanic",Personal credit card(s) carrying balances,10,S
Information,"Equally veteran/nonveteran, equally Hispanic/non-Hispanic",Business credit card(s) carrying balances,5,S
Information,"Equally veteran/nonveteran, equally Hispanic/non-Hispanic","Business loan from federal, state, or local government",0,0
Information,"Equally veteran/nonveteran, equally Hispanic/non-Hispanic",Government-guaranteed business loan from a bank or financial institution,0,0
Information,"Equally veteran/nonveteran, equally Hispanic/non-Hispanic",Business loan from a bank or financial institution,0,0
Information,"Equally veteran/nonveteran, equally Hispanic/non-Hispanic",Business loan/investment from family/friends,0,0
Information,"Equally veteran/nonveteran, equally Hispanic/non-Hispanic",Investment by venture capitalist(s),0,0
Information,"Equally veteran/nonveteran, equally Hispanic/non-Hispanic",Grants,0,0
Information,"Equally veteran/nonveteran, equally Hispanic/non-Hispanic",Other source(s) of capital,0,0
Information,"Equally veteran/nonveteran, equally Hispanic/non-Hispanic",Don't know,2,S
Information,"Equally veteran/nonveteran, equally Hispanic/non-Hispanic",None needed,11,S
Information,"Equally veteran/nonveteran, equally Hispanic/non-Hispanic",Total reporting,219,67450
Information,"Equally veteran/nonveteran, equally Hispanic/non-Hispanic",Item not reported,0,0
Information,"Equally veteran/nonveteran, non-Hispanic",All firms,5405,2541187
Information,"Equally veteran/nonveteran, non-Hispanic",Personal/family savings of owner(s),3607,796516
Information,"Equally veteran/nonveteran, non-Hispanic",Personal/family assets other than savings of owner(s),323,114330
Information,"Equally veteran/nonveteran, non-Hispanic",Personal/family home equity loan,172,67858
Information,"Equally veteran/nonveteran, non-Hispanic",Personal credit card(s) carrying balances,545,127720
Information,"Equally veteran/nonveteran, non-Hispanic",Business credit card(s) carrying balances,149,26864
Information,"Equally veteran/nonveteran, non-Hispanic","Business loan from federal, state, or local government",2,S
Information,"Equally veteran/nonveteran, non-Hispanic",Government-guaranteed business loan from a bank or financial institution,33,S
Information,"Equally veteran/nonveteran, non-Hispanic",Business loan from a bank or financial institution,286,127206
Information,"Equally veteran/nonveteran, non-Hispanic",Business loan/investment from family/friends,237,S
Information,"Equally veteran/nonveteran, non-Hispanic",Investment by venture capitalist(s),15,7043
Information,"Equally veteran/nonveteran, non-Hispanic",Grants,0,0
Information,"Equally veteran/nonveteran, non-Hispanic",Other source(s) of capital,60,51450
Information,"Equally veteran/nonveteran, non-Hispanic",Don't know,262,628908
Information,"Equally veteran/nonveteran, non-Hispanic",None needed,599,S
Information,"Equally veteran/nonveteran, non-Hispanic",Total reporting,4692(r),2208722(r)
Information,"Equally veteran/nonveteran, non-Hispanic",Item not reported,7(r),S
Information,"Equally veteran/nonveteran, White",All firms,5144,2490715
Information,"Equally veteran/nonveteran, White",Personal/family savings of owner(s),3396,797347
Information,"Equally veteran/nonveteran, White",Personal/family assets other than savings of owner(s),267,114754
Information,"Equally veteran/nonveteran, White",Personal/family home equity loan,170,66629
Information,"Equally veteran/nonveteran, White",Personal credit card(s) carrying balances,342,123898
Information,"Equally veteran/nonveteran, White",Business credit card(s) carrying balances,139,27440
Information,"Equally veteran/nonveteran, White","Business loan from federal, state, or local government",2,S
Information,"Equally veteran/nonveteran, White",Government-guaranteed business loan from a bank or financial institution,31,S
Information,"Equally veteran/nonveteran, White",Business loan from a bank or financial institution,279,125976
Information,"Equally veteran/nonveteran, White",Business loan/investment from family/friends,237,S
Information,"Equally veteran/nonveteran, White",Investment by venture capitalist(s),15,7043
Information,"Equally veteran/nonveteran, White",Grants,0,0
Information,"Equally veteran/nonveteran, White",Other source(s) of capital,60,51450
Information,"Equally veteran/nonveteran, White",Don't know,224,628412
Information,"Equally veteran/nonveteran, White",None needed,548,S
Information,"Equally veteran/nonveteran, White",Total reporting,4397(r),2208234(r)
Information,"Equally veteran/nonveteran, White",Item not reported,7(r),S
Information,"Equally veteran/nonveteran, Black or African American",All firms,92,S
Information,"Equally veteran/nonveteran, Black or African American",Personal/family savings of owner(s),157,S
Information,"Equally veteran/nonveteran, Black or African American",Personal/family assets other than savings of owner(s),63,S
Information,"Equally veteran/nonveteran, Black or African American",Personal/family home equity loan,0,S
Information,"Equally veteran/nonveteran, Black or African American",Personal credit card(s) carrying balances,149,S
Information,"Equally veteran/nonveteran, Black or African American",Business credit card(s) carrying balances,0,S
Information,"Equally veteran/nonveteran, Black or African American","Business loan from federal, state, or local government",0,S
Information,"Equally veteran/nonveteran, Black or African American",Government-guaranteed business loan from a bank or financial institution,0,S
Information,"Equally veteran/nonveteran, Black or African American",Business loan from a bank or financial institution,0,S
Information,"Equally veteran/nonveteran, Black or African American",Business loan/investment from family/friends,0,S
Information,"Equally veteran/nonveteran, Black or African American",Investment by venture capitalist(s),0,S
Information,"Equally veteran/nonveteran, Black or African American",Grants,0,S
Information,"Equally veteran/nonveteran, Black or African American",Other source(s) of capital,0,S
Information,"Equally veteran/nonveteran, Black or African American",Don't know,0,S
Information,"Equally veteran/nonveteran, Black or African American",None needed,40,S
Information,"Equally veteran/nonveteran, Black or African American",Total reporting,197,S
Information,"Equally veteran/nonveteran, Black or African American",Item not reported,0,S
Information,"Equally veteran/nonveteran, American Indian and Alaska Native",All firms,8,180
Information,"Equally veteran/nonveteran, American Indian and Alaska Native",Personal/family savings of owner(s),8,S
Information,"Equally veteran/nonveteran, American Indian and Alaska Native",Personal/family assets other than savings of owner(s),0,0
Information,"Equally veteran/nonveteran, American Indian and Alaska Native",Personal/family home equity loan,2,S
Information,"Equally veteran/nonveteran, American Indian and Alaska Native",Personal credit card(s) carrying balances,2,S
Information,"Equally veteran/nonveteran, American Indian and Alaska Native",Business credit card(s) carrying balances,0,0
Information,"Equally veteran/nonveteran, American Indian and Alaska Native","Business loan from federal, state, or local government",0,0
Information,"Equally veteran/nonveteran, American Indian and Alaska Native",Government-guaranteed business loan from a bank or financial institution,0,0
Information,"Equally veteran/nonveteran, American Indian and Alaska Native",Business loan from a bank or financial institution,0,0
Information,"Equally veteran/nonveteran, American Indian and Alaska Native",Business loan/investment from family/friends,0,0
Information,"Equally veteran/nonveteran, American Indian and Alaska Native",Investment by venture capitalist(s),0,0
Information,"Equally veteran/nonveteran, American Indian and Alaska Native",Grants,0,0
Information,"Equally veteran/nonveteran, American Indian and Alaska Native",Other source(s) of capital,0,0
Information,"Equally veteran/nonveteran, American Indian and Alaska Native",Don't know,0,0
Information,"Equally veteran/nonveteran, American Indian and Alaska Native",None needed,0,0
Information,"Equally veteran/nonveteran, American Indian and Alaska Native",Total reporting,8,S
Information,"Equally veteran/nonveteran, American Indian and Alaska Native",Item not reported,0,0
Information,"Equally veteran/nonveteran, Asian",All firms,4,S
Information,"Equally veteran/nonveteran, Asian",Personal/family savings of owner(s),7,S
Information,"Equally veteran/nonveteran, Asian",Personal/family assets other than savings of owner(s),0,S
Information,"Equally veteran/nonveteran, Asian",Personal/family home equity loan,0,S
Information,"Equally veteran/nonveteran, Asian",Personal credit card(s) carrying balances,0,S
Information,"Equally veteran/nonveteran, Asian",Business credit card(s) carrying balances,0,S
Information,"Equally veteran/nonveteran, Asian","Business loan from federal, state, or local government",0,S
Information,"Equally veteran/nonveteran, Asian",Government-guaranteed business loan from a bank or financial institution,0,S
Information,"Equally veteran/nonveteran, Asian",Business loan from a bank or financial institution,0,S
Information,"Equally veteran/nonveteran, Asian",Business loan/investment from family/friends,0,S
Information,"Equally veteran/nonveteran, Asian",Investment by venture capitalist(s),0,S
Information,"Equally veteran/nonveteran, Asian",Grants,0,S
Information,"Equally veteran/nonveteran, Asian",Other source(s) of capital,0,S
Information,"Equally veteran/nonveteran, Asian",Don't know,0,S
Information,"Equally veteran/nonveteran, Asian",None needed,2,S
Information,"Equally veteran/nonveteran, Asian",Total reporting,9,S
Information,"Equally veteran/nonveteran, Asian",Item not reported,0,S
Information,"Equally veteran/nonveteran, Native Hawaiian and Other Pacific Islander",All firms,0,0
Information,"Equally veteran/nonveteran, Native Hawaiian and Other Pacific Islander",Personal/family savings of owner(s),0,0
Information,"Equally veteran/nonveteran, Native Hawaiian and Other Pacific Islander",Personal/family assets other than savings of owner(s),0,0
Information,"Equally veteran/nonveteran, Native Hawaiian and Other Pacific Islander",Personal/family home equity loan,0,0
Information,"Equally veteran/nonveteran, Native Hawaiian and Other Pacific Islander",Personal credit card(s) carrying balances,0,0
Information,"Equally veteran/nonveteran, Native Hawaiian and Other Pacific Islander",Business credit card(s) carrying balances,0,0
Information,"Equally veteran/nonveteran, Native Hawaiian and Other Pacific Islander","Business loan from federal, state, or local government",0,0
Information,"Equally veteran/nonveteran, Native Hawaiian and Other Pacific Islander",Government-guaranteed business loan from a bank or financial institution,0,0
Information,"Equally veteran/nonveteran, Native Hawaiian and Other Pacific Islander",Business loan from a bank or financial institution,0,0
Information,"Equally veteran/nonveteran, Native Hawaiian and Other Pacific Islander",Business loan/investment from family/friends,0,0
Information,"Equally veteran/nonveteran, Native Hawaiian and Other Pacific Islander",Investment by venture capitalist(s),0,0
Information,"Equally veteran/nonveteran, Native Hawaiian and Other Pacific Islander",Grants,0,0
Information,"Equally veteran/nonveteran, Native Hawaiian and Other Pacific Islander",Other source(s) of capital,0,0
Information,"Equally veteran/nonveteran, Native Hawaiian and Other Pacific Islander",Don't know,0,0
Information,"Equally veteran/nonveteran, Native Hawaiian and Other Pacific Islander",None needed,0,0
Information,"Equally veteran/nonveteran, Native Hawaiian and Other Pacific Islander",Total reporting,0,0
Information,"Equally veteran/nonveteran, Native Hawaiian and Other Pacific Islander",Item not reported,0,0
Information,"Equally veteran/nonveteran, some other race",All firms,5,S
Information,"Equally veteran/nonveteran, some other race",Personal/family savings of owner(s),0,S
Information,"Equally veteran/nonveteran, some other race",Personal/family assets other than savings of owner(s),0,S
Information,"Equally veteran/nonveteran, some other race",Personal/family home equity loan,0,S
Information,"Equally veteran/nonveteran, some other race",Personal credit card(s) carrying balances,0,S
Information,"Equally veteran/nonveteran, some other race",Business credit card(s) carrying balances,0,S
Information,"Equally veteran/nonveteran, some other race","Business loan from federal, state, or local government",0,S
Information,"Equally veteran/nonveteran, some other race",Government-guaranteed business loan from a bank or financial institution,0,S
Information,"Equally veteran/nonveteran, some other race",Business loan from a bank or financial institution,0,S
Information,"Equally veteran/nonveteran, some other race",Business loan/investment from family/friends,0,S
Information,"Equally veteran/nonveteran, some other race",Investment by venture capitalist(s),0,S
Information,"Equally veteran/nonveteran, some other race",Grants,0,S
Information,"Equally veteran/nonveteran, some other race",Other source(s) of capital,0,S
Information,"Equally veteran/nonveteran, some other race",Don't know,0,S
Information,"Equally veteran/nonveteran, some other race",None needed,0,S
Information,"Equally veteran/nonveteran, some other race",Total reporting,0,S
Information,"Equally veteran/nonveteran, some other race",Item not reported,0,S
Information,"Equally veteran/nonveteran, minority",All firms,297,S
Information,"Equally veteran/nonveteran, minority",Personal/family savings of owner(s),191,S
Information,"Equally veteran/nonveteran, minority",Personal/family assets other than savings of owner(s),63,S
Information,"Equally veteran/nonveteran, minority",Personal/family home equity loan,4,S
Information,"Equally veteran/nonveteran, minority",Personal credit card(s) carrying balances,151,S
Information,"Equally veteran/nonveteran, minority",Business credit card(s) carrying balances,0,S
Information,"Equally veteran/nonveteran, minority","Business loan from federal, state, or local government",0,S
Information,"Equally veteran/nonveteran, minority",Government-guaranteed business loan from a bank or financial institution,0,S
Information,"Equally veteran/nonveteran, minority",Business loan from a bank or financial institution,6,S
Information,"Equally veteran/nonveteran, minority",Business loan/investment from family/friends,0,S
Information,"Equally veteran/nonveteran, minority",Investment by venture capitalist(s),0,S
Information,"Equally veteran/nonveteran, minority",Grants,2,S
Information,"Equally veteran/nonveteran, minority",Other source(s) of capital,0,S
Information,"Equally veteran/nonveteran, minority",Don't know,0,S
Information,"Equally veteran/nonveteran, minority",None needed,42,S
Information,"Equally veteran/nonveteran, minority",Total reporting,234,S
Information,"Equally veteran/nonveteran, minority",Item not reported,0,S
Information,"Equally veteran/nonveteran, equally minority/nonminority",All firms,722,100364
Information,"Equally veteran/nonveteran, equally minority/nonminority",Personal/family savings of owner(s),540,34409
Information,"Equally veteran/nonveteran, equally minority/nonminority",Personal/family assets other than savings of owner(s),13,3311
Information,"Equally veteran/nonveteran, equally minority/nonminority",Personal/family home equity loan,4,S
Information,"Equally veteran/nonveteran, equally minority/nonminority",Personal credit card(s) carrying balances,107,11695
Information,"Equally veteran/nonveteran, equally minority/nonminority",Business credit card(s) carrying balances,20,S
Information,"Equally veteran/nonveteran, equally minority/nonminority","Business loan from federal, state, or local government",0,0
Information,"Equally veteran/nonveteran, equally minority/nonminority",Government-guaranteed business loan from a bank or financial institution,2,S
Information,"Equally veteran/nonveteran, equally minority/nonminority",Business loan from a bank or financial institution,13,S
Information,"Equally veteran/nonveteran, equally minority/nonminority",Business loan/investment from family/friends,0,0
Information,"Equally veteran/nonveteran, equally minority/nonminority",Investment by venture capitalist(s),0,0
Information,"Equally veteran/nonveteran, equally minority/nonminority",Grants,0,0
Information,"Equally veteran/nonveteran, equally minority/nonminority",Other source(s) of capital,0,0
Information,"Equally veteran/nonveteran, equally minority/nonminority",Don't know,40,S
Information,"Equally veteran/nonveteran, equally minority/nonminority",None needed,34,S
Information,"Equally veteran/nonveteran, equally minority/nonminority",Total reporting,619,50389
Information,"Equally veteran/nonveteran, equally minority/nonminority",Item not reported,0,0
Information,"Equally veteran/nonveteran, nonminority",All firms,4793,2429611
Information,"Equally veteran/nonveteran, nonminority",Personal/family savings of owner(s),3089,771770
Information,"Equally veteran/nonveteran, nonminority",Personal/family assets other than savings of owner(s),256,112671
Information,"Equally veteran/nonveteran, nonminority",Personal/family home equity loan,166,62608
Information,"Equally veteran/nonveteran, nonminority",Personal credit card(s) carrying balances,298,116917
Information,"Equally veteran/nonveteran, nonminority",Business credit card(s) carrying balances,134,24170
Information,"Equally veteran/nonveteran, nonminority","Business loan from federal, state, or local government",2,S
Information,"Equally veteran/nonveteran, nonminority",Government-guaranteed business loan from a bank or financial institution,31,S
Information,"Equally veteran/nonveteran, nonminority",Business loan from a bank or financial institution,273,125742
Information,"Equally veteran/nonveteran, nonminority",Business loan/investment from family/friends,237,S
Information,"Equally veteran/nonveteran, nonminority",Investment by venture capitalist(s),15,7043
Information,"Equally veteran/nonveteran, nonminority",Grants,0,0
Information,"Equally veteran/nonveteran, nonminority",Other source(s) of capital,60,51450
Information,"Equally veteran/nonveteran, nonminority",Don't know,224,628412
Information,"Equally veteran/nonveteran, nonminority",None needed,535,S
Information,"Equally veteran/nonveteran, nonminority",Total reporting,4071(r),2181589(r)
Information,"Equally veteran/nonveteran, nonminority",Item not reported,7(r),S
Information,Nonveteran,All firms,340619,198790040
Information,Nonveteran,Personal/family savings of owner(s),135063,68469476
Information,Nonveteran,Personal/family assets other than savings of owner(s),12025,28105713
Information,Nonveteran,Personal/family home equity loan,4815,2583679
Information,Nonveteran,Personal credit card(s) carrying balances,21510,6015431
Information,Nonveteran,Business credit card(s) carrying balances,6479,2564690
Information,Nonveteran,"Business loan from federal, state, or local government",311,216542
Information,Nonveteran,Government-guaranteed business loan from a bank or financial institution,764,1129606
Information,Nonveteran,Business loan from a bank or financial institution,7291,10750667
Information,Nonveteran,Business loan/investment from family/friends,3980,4675624
Information,Nonveteran,Investment by venture capitalist(s),1573,5540991
Information,Nonveteran,Grants,753,203704
Information,Nonveteran,Other source(s) of capital,4492,S
Information,Nonveteran,Don't know,14072,30043244
Information,Nonveteran,None needed,69166,11329730
Information,Nonveteran,Total reporting,233378(r),121613539(r)
Information,Nonveteran,Item not reported,3895(r),867482(r)
Information,"Nonveteran, female-owned",All firms,110299,28663097
Information,"Nonveteran, female-owned",Personal/family savings of owner(s),32453,4422758
Information,"Nonveteran, female-owned",Personal/family assets other than savings of owner(s),2644,746106
Information,"Nonveteran, female-owned",Personal/family home equity loan,991,316648
Information,"Nonveteran, female-owned",Personal credit card(s) carrying balances,4283,555882
Information,"Nonveteran, female-owned",Business credit card(s) carrying balances,1431,251579
Information,"Nonveteran, female-owned","Business loan from federal, state, or local government",42,S
Information,"Nonveteran, female-owned",Government-guaranteed business loan from a bank or financial institution,112,126303
Information,"Nonveteran, female-owned",Business loan from a bank or financial institution,808,919412
Information,"Nonveteran, female-owned",Business loan/investment from family/friends,919,292328
Information,"Nonveteran, female-owned",Investment by venture capitalist(s),195,67017
Information,"Nonveteran, female-owned",Grants,391,9735
Information,"Nonveteran, female-owned",Other source(s) of capital,848,471930
Information,"Nonveteran, female-owned",Don't know,3626,2722815
Information,"Nonveteran, female-owned",None needed,31691,1772369
Information,"Nonveteran, female-owned",Total reporting,71440(r),10204738(r)
Information,"Nonveteran, female-owned",Item not reported,1660(r),94976(r)
Information,"Nonveteran, male-owned",All firms,206925,158462781
Information,"Nonveteran, male-owned",Personal/family savings of owner(s),88534,59853669
Information,"Nonveteran, male-owned",Personal/family assets other than savings of owner(s),7677,S
Information,"Nonveteran, male-owned",Personal/family home equity loan,2900,1907796
Information,"Nonveteran, male-owned",Personal credit card(s) carrying balances,14225,4873658
Information,"Nonveteran, male-owned",Business credit card(s) carrying balances,4178,2076267
Information,"Nonveteran, male-owned","Business loan from federal, state, or local government",219,149561
Information,"Nonveteran, male-owned",Government-guaranteed business loan from a bank or financial institution,488,412654
Information,"Nonveteran, male-owned",Business loan from a bank or financial institution,5030,9258595
Information,"Nonveteran, male-owned",Business loan/investment from family/friends,2523,2575558
Information,"Nonveteran, male-owned",Investment by venture capitalist(s),1213,5388024
Information,"Nonveteran, male-owned",Grants,321,185896
Information,"Nonveteran, male-owned",Other source(s) of capital,3010,S
Information,"Nonveteran, male-owned",Don't know,9491,25873362
Information,"Nonveteran, male-owned",None needed,34772,8959817
Information,"Nonveteran, male-owned",Total reporting,141939(r),103007671(r)
Information,"Nonveteran, male-owned",Item not reported,1863(r),683625(r)
Information,"Nonveteran, equally male-/female-owned",All firms,23396,11664163
Information,"Nonveteran, equally male-/female-owned",Personal/family savings of owner(s),14076,4193048
Information,"Nonveteran, equally male-/female-owned",Personal/family assets other than savings of owner(s),1704,738694
Information,"Nonveteran, equally male-/female-owned",Personal/family home equity loan,924,359235
Information,"Nonveteran, equally male-/female-owned",Personal credit card(s) carrying balances,3001,585890
Information,"Nonveteran, equally male-/female-owned",Business credit card(s) carrying balances,869,236844
Information,"Nonveteran, equally male-/female-owned","Business loan from federal, state, or local government",50,S
Information,"Nonveteran, equally male-/female-owned",Government-guaranteed business loan from a bank or financial institution,164,S
Information,"Nonveteran, equally male-/female-owned",Business loan from a bank or financial institution,1453,572661
Information,"Nonveteran, equally male-/female-owned",Business loan/investment from family/friends,538,S
Information,"Nonveteran, equally male-/female-owned",Investment by venture capitalist(s),165,S
Information,"Nonveteran, equally male-/female-owned",Grants,40,S
Information,"Nonveteran, equally male-/female-owned",Other source(s) of capital,633,159078
Information,"Nonveteran, equally male-/female-owned",Don't know,955,1447067
Information,"Nonveteran, equally male-/female-owned",None needed,2702,597544
Information,"Nonveteran, equally male-/female-owned",Total reporting,20000(r),8401130(r)
Information,"Nonveteran, equally male-/female-owned",Item not reported,372(r),S
Information,"Nonveteran, Hispanic",All firms,28571,3936977
Information,"Nonveteran, Hispanic",Personal/family savings of owner(s),7356,1258205
Information,"Nonveteran, Hispanic",Personal/family assets other than savings of owner(s),648,139178
Information,"Nonveteran, Hispanic",Personal/family home equity loan,119,32900
Information,"Nonveteran, Hispanic",Personal credit card(s) carrying balances,1175,300047
Information,"Nonveteran, Hispanic",Business credit card(s) carrying balances,358,56537
Information,"Nonveteran, Hispanic","Business loan from federal, state, or local government",21,S
Information,"Nonveteran, Hispanic",Government-guaranteed business loan from a bank or financial institution,52,S
Information,"Nonveteran, Hispanic",Business loan from a bank or financial institution,107,131348
Information,"Nonveteran, Hispanic",Business loan/investment from family/friends,244,70741
Information,"Nonveteran, Hispanic",Investment by venture capitalist(s),74,24597
Information,"Nonveteran, Hispanic",Grants,2,S
Information,"Nonveteran, Hispanic",Other source(s) of capital,177,S
Information,"Nonveteran, Hispanic",Don't know,688,312790
Information,"Nonveteran, Hispanic",None needed,4425,108059
Information,"Nonveteran, Hispanic",Total reporting,13208(r),1874090(r)
Information,"Nonveteran, Hispanic",Item not reported,369(r),9488(r)
Information,"Nonveteran, equally Hispanic/non-Hispanic",All firms,1339,448873
Information,"Nonveteran, equally Hispanic/non-Hispanic",Personal/family savings of owner(s),1129,126429
Information,"Nonveteran, equally Hispanic/non-Hispanic",Personal/family assets other than savings of owner(s),81,4341
Information,"Nonveteran, equally Hispanic/non-Hispanic",Personal/family home equity loan,27,11875
Information,"Nonveteran, equally Hispanic/non-Hispanic",Personal credit card(s) carrying balances,194,17850
Information,"Nonveteran, equally Hispanic/non-Hispanic",Business credit card(s) carrying balances,21,S
Information,"Nonveteran, equally Hispanic/non-Hispanic","Business loan from federal, state, or local government",0,0
Information,"Nonveteran, equally Hispanic/non-Hispanic",Government-guaranteed business loan from a bank or financial institution,50,19829
Information,"Nonveteran, equally Hispanic/non-Hispanic",Business loan from a bank or financial institution,40,25353
Information,"Nonveteran, equally Hispanic/non-Hispanic",Business loan/investment from family/friends,0,0
Information,"Nonveteran, equally Hispanic/non-Hispanic",Investment by venture capitalist(s),0,0
Information,"Nonveteran, equally Hispanic/non-Hispanic",Grants,2,S
Information,"Nonveteran, equally Hispanic/non-Hispanic",Other source(s) of capital,64,S
Information,"Nonveteran, equally Hispanic/non-Hispanic",Don't know,15,29105
Information,"Nonveteran, equally Hispanic/non-Hispanic",None needed,112,S
Information,"Nonveteran, equally Hispanic/non-Hispanic",Total reporting,1365,173789
Information,"Nonveteran, equally Hispanic/non-Hispanic",Item not reported,2,S
Information,"Nonveteran, non-Hispanic",All firms,310709,194404191
Information,"Nonveteran, non-Hispanic",Personal/family savings of owner(s),126578,67084841
Information,"Nonveteran, non-Hispanic",Personal/family assets other than savings of owner(s),11297,27962193
Information,"Nonveteran, non-Hispanic",Personal/family home equity loan,4669,2538904
Information,"Nonveteran, non-Hispanic",Personal credit card(s) carrying balances,20141,5697534
Information,"Nonveteran, non-Hispanic",Business credit card(s) carrying balances,6100,2500865
Information,"Nonveteran, non-Hispanic","Business loan from federal, state, or local government",290,216500
Information,"Nonveteran, non-Hispanic",Government-guaranteed business loan from a bank or financial institution,662,1101256
Information,"Nonveteran, non-Hispanic",Business loan from a bank or financial institution,7144,10593966
Information,"Nonveteran, non-Hispanic",Business loan/investment from family/friends,3737,4604883
Information,"Nonveteran, non-Hispanic",Investment by venture capitalist(s),1499,5516393
Information,"Nonveteran, non-Hispanic",Grants,749,203225
Information,"Nonveteran, non-Hispanic",Other source(s) of capital,4251,S
Information,"Nonveteran, non-Hispanic",Don't know,13370,29701349
Information,"Nonveteran, non-Hispanic",None needed,64629,11213341
Information,"Nonveteran, non-Hispanic",Total reporting,218805(r),119565660(r)
Information,"Nonveteran, non-Hispanic",Item not reported,3524(r),808438(r)
Information,"Nonveteran, White",All firms,286995,184851555
Information,"Nonveteran, White",Personal/family savings of owner(s),118525,64954981
Information,"Nonveteran, White",Personal/family assets other than savings of owner(s),10648,27856804
Information,"Nonveteran, White",Personal/family home equity loan,4458,2409395
Information,"Nonveteran, White",Personal credit card(s) carrying balances,18708,5534740
Information,"Nonveteran, White",Business credit card(s) carrying balances,5602,2417275
Information,"Nonveteran, White","Business loan from federal, state, or local government",290,216500
Information,"Nonveteran, White",Government-guaranteed business loan from a bank or financial institution,673,1087343
Information,"Nonveteran, White",Business loan from a bank or financial institution,6801,10557374
Information,"Nonveteran, White",Business loan/investment from family/friends,3550,4550350
Information,"Nonveteran, White",Investment by venture capitalist(s),1192,5208460
Information,"Nonveteran, White",Grants,597,177714
Information,"Nonveteran, White",Other source(s) of capital,3755,S
Information,"Nonveteran, White",Don't know,12243,27910780
Information,"Nonveteran, White",None needed,62137,10986709
Information,"Nonveteran, White",Total reporting,206390(r),115148008(r)
Information,"Nonveteran, White",Item not reported,3366(r),794873(r)
Information,"Nonveteran, Black or African American",All firms,25019,2154109
Information,"Nonveteran, Black or African American",Personal/family savings of owner(s),5993,466341
Information,"Nonveteran, Black or African American",Personal/family assets other than savings of owner(s),526,29818
Information,"Nonveteran, Black or African American",Personal/family home equity loan,141,S
Information,"Nonveteran, Black or African American",Personal credit card(s) carrying balances,1288,96067
Information,"Nonveteran, Black or African American",Business credit card(s) carrying balances,256,14147
Information,"Nonveteran, Black or African American","Business loan from federal, state, or local government",0,0
Information,"Nonveteran, Black or African American",Government-guaranteed business loan from a bank or financial institution,20,S
Information,"Nonveteran, Black or African American",Business loan from a bank or financial institution,191,S
Information,"Nonveteran, Black or African American",Business loan/investment from family/friends,192,33161
Information,"Nonveteran, Black or African American",Investment by venture capitalist(s),9,S
Information,"Nonveteran, Black or African American",Grants,26,S
Information,"Nonveteran, Black or African American",Other source(s) of capital,271,37630
Information,"Nonveteran, Black or African American",Don't know,701,184668
Information,"Nonveteran, Black or African American",None needed,2957,77603
Information,"Nonveteran, Black or African American",Total reporting,10212(r),878254(r)
Information,"Nonveteran, Black or African American",Item not reported,301(r),6155(r)
Information,"Nonveteran, American Indian and Alaska Native",All firms,3044,407440
Information,"Nonveteran, American Indian and Alaska Native",Personal/family savings of owner(s),1377,64421
Information,"Nonveteran, American Indian and Alaska Native",Personal/family assets other than savings of owner(s),162,17312
Information,"Nonveteran, American Indian and Alaska Native",Personal/family home equity loan,97,6596
Information,"Nonveteran, American Indian and Alaska Native",Personal credit card(s) carrying balances,331,18102
Information,"Nonveteran, American Indian and Alaska Native",Business credit card(s) carrying balances,136,6243
Information,"Nonveteran, American Indian and Alaska Native","Business loan from federal, state, or local government",2,S
Information,"Nonveteran, American Indian and Alaska Native",Government-guaranteed business loan from a bank or financial institution,8,S
Information,"Nonveteran, American Indian and Alaska Native",Business loan from a bank or financial institution,44,S
Information,"Nonveteran, American Indian and Alaska Native",Business loan/investment from family/friends,32,782
Information,"Nonveteran, American Indian and Alaska Native",Investment by venture capitalist(s),0,0
Information,"Nonveteran, American Indian and Alaska Native",Grants,12,281
Information,"Nonveteran, American Indian and Alaska Native",Other source(s) of capital,74,S
Information,"Nonveteran, American Indian and Alaska Native",Don't know,46,S
Information,"Nonveteran, American Indian and Alaska Native",None needed,704,13799
Information,"Nonveteran, American Indian and Alaska Native",Total reporting,2237(r),170800(r)
Information,"Nonveteran, American Indian and Alaska Native",Item not reported,5(r),S
Information,"Nonveteran, Asian",All firms,22430,10142621
Information,"Nonveteran, Asian",Personal/family savings of owner(s),8948,2503728
Information,"Nonveteran, Asian",Personal/family assets other than savings of owner(s),673,161436
Information,"Nonveteran, Asian",Personal/family home equity loan,175,141924
Information,"Nonveteran, Asian",Personal credit card(s) carrying balances,1077,212115
Information,"Nonveteran, Asian",Business credit card(s) carrying balances,397,109781
Information,"Nonveteran, Asian","Business loan from federal, state, or local government",0,0
Information,"Nonveteran, Asian",Government-guaranteed business loan from a bank or financial institution,20,S
Information,"Nonveteran, Asian",Business loan from a bank or financial institution,180,78142
Information,"Nonveteran, Asian",Business loan/investment from family/friends,154,S
Information,"Nonveteran, Asian",Investment by venture capitalist(s),286,297028
Information,"Nonveteran, Asian",Grants,106,S
Information,"Nonveteran, Asian",Other source(s) of capital,192,S
Information,"Nonveteran, Asian",Don't know,961,1614524
Information,"Nonveteran, Asian",None needed,3340,211777
Information,"Nonveteran, Asian",Total reporting,13839(r),4618800(r)
Information,"Nonveteran, Asian",Item not reported,225(r),S
Information,"Nonveteran, Native Hawaiian and Other Pacific Islander",All firms,549,56707
Information,"Nonveteran, Native Hawaiian and Other Pacific Islander",Personal/family savings of owner(s),148,17423
Information,"Nonveteran, Native Hawaiian and Other Pacific Islander",Personal/family assets other than savings of owner(s),14,143
Information,"Nonveteran, Native Hawaiian and Other Pacific Islander",Personal/family home equity loan,4,S
Information,"Nonveteran, Native Hawaiian and Other Pacific Islander",Personal credit card(s) carrying balances,38,S
Information,"Nonveteran, Native Hawaiian and Other Pacific Islander",Business credit card(s) carrying balances,15,960
Information,"Nonveteran, Native Hawaiian and Other Pacific Islander","Business loan from federal, state, or local government",0,0
Information,"Nonveteran, Native Hawaiian and Other Pacific Islander",Government-guaranteed business loan from a bank or financial institution,0,0
Information,"Nonveteran, Native Hawaiian and Other Pacific Islander",Business loan from a bank or financial institution,2,S
Information,"Nonveteran, Native Hawaiian and Other Pacific Islander",Business loan/investment from family/friends,4,S
Information,"Nonveteran, Native Hawaiian and Other Pacific Islander",Investment by venture capitalist(s),0,0
Information,"Nonveteran, Native Hawaiian and Other Pacific Islander",Grants,0,0
Information,"Nonveteran, Native Hawaiian and Other Pacific Islander",Other source(s) of capital,4,S
Information,"Nonveteran, Native Hawaiian and Other Pacific Islander",Don't know,4,S
Information,"Nonveteran, Native Hawaiian and Other Pacific Islander",None needed,103,1881
Information,"Nonveteran, Native Hawaiian and Other Pacific Islander",Total reporting,288(r),31405(r)
Information,"Nonveteran, Native Hawaiian and Other Pacific Islander",Item not reported,20(r),S
Information,"Nonveteran, some other race",All firms,8276,968490
Information,"Nonveteran, some other race",Personal/family savings of owner(s),1690,405925
Information,"Nonveteran, some other race",Personal/family assets other than savings of owner(s),150,S
Information,"Nonveteran, some other race",Personal/family home equity loan,15,4737
Information,"Nonveteran, some other race",Personal credit card(s) carrying balances,370,S
Information,"Nonveteran, some other race",Business credit card(s) carrying balances,123,9200
Information,"Nonveteran, some other race","Business loan from federal, state, or local government",21,S
Information,"Nonveteran, some other race",Government-guaranteed business loan from a bank or financial institution,0,0
Information,"Nonveteran, some other race",Business loan from a bank or financial institution,25,61716
Information,"Nonveteran, some other race",Business loan/investment from family/friends,67,S
Information,"Nonveteran, some other race",Investment by venture capitalist(s),41,S
Information,"Nonveteran, some other race",Grants,15,S
Information,"Nonveteran, some other race",Other source(s) of capital,123,S
Information,"Nonveteran, some other race",Don't know,207,141080
Information,"Nonveteran, some other race",None needed,1354,25184
Information,"Nonveteran, some other race",Total reporting,3519,586054
Information,"Nonveteran, some other race",Item not reported,27,510
Information,"Nonveteran, minority",All firms,77785,16907900
Information,"Nonveteran, minority",Personal/family savings of owner(s),23382,4356918
Information,"Nonveteran, minority",Personal/family assets other than savings of owner(s),1991,350611
Information,"Nonveteran, minority",Personal/family home equity loan,542,204027
Information,"Nonveteran, minority",Personal credit card(s) carrying balances,3781,611920
Information,"Nonveteran, minority",Business credit card(s) carrying balances,1122,175395
Information,"Nonveteran, minority","Business loan from federal, state, or local government",23,S
Information,"Nonveteran, minority",Government-guaranteed business loan from a bank or financial institution,100,46417
Information,"Nonveteran, minority",Business loan from a bank or financial institution,532,308629
Information,"Nonveteran, minority",Business loan/investment from family/friends,618,190489
Information,"Nonveteran, minority",Investment by venture capitalist(s),406,355442
Information,"Nonveteran, minority",Grants,158,S
Information,"Nonveteran, minority",Other source(s) of capital,730,315225
Information,"Nonveteran, minority",Don't know,2370,2294421
Information,"Nonveteran, minority",None needed,11192,401563
Information,"Nonveteran, minority",Total reporting,38969(r),7722054(r)
Information,"Nonveteran, minority",Item not reported,864(r),32627(r)
Information,"Nonveteran, equally minority/nonminority",All firms,3214,1458498
Information,"Nonveteran, equally minority/nonminority",Personal/family savings of owner(s),2189,393341
Information,"Nonveteran, equally minority/nonminority",Personal/family assets other than savings of owner(s),161,28388
Information,"Nonveteran, equally minority/nonminority",Personal/family home equity loan,58,19724
Information,"Nonveteran, equally minority/nonminority",Personal credit card(s) carrying balances,446,57129
Information,"Nonveteran, equally minority/nonminority",Business credit card(s) carrying balances,152,21357
Information,"Nonveteran, equally minority/nonminority","Business loan from federal, state, or local government",0,0
Information,"Nonveteran, equally minority/nonminority",Government-guaranteed business loan from a bank or financial institution,58,22647
Information,"Nonveteran, equally minority/nonminority",Business loan from a bank or financial institution,182,45629
Information,"Nonveteran, equally minority/nonminority",Business loan/investment from family/friends,28,S
Information,"Nonveteran, equally minority/nonminority",Investment by venture capitalist(s),13,16949
Information,"Nonveteran, equally minority/nonminority",Grants,14,S
Information,"Nonveteran, equally minority/nonminority",Other source(s) of capital,222,13054
Information,"Nonveteran, equally minority/nonminority",Don't know,101,315327
Information,"Nonveteran, equally minority/nonminority",None needed,391,57052
Information,"Nonveteran, equally minority/nonminority",Total reporting,3041,802225
Information,"Nonveteran, equally minority/nonminority",Item not reported,2,S
Information,"Nonveteran, nonminority",All firms,259620,180423642
Information,"Nonveteran, nonminority",Personal/family savings of owner(s),109492,63719217
Information,"Nonveteran, nonminority",Personal/family assets other than savings of owner(s),9873,27726714
Information,"Nonveteran, nonminority",Personal/family home equity loan,4215,2359929
Information,"Nonveteran, nonminority",Personal credit card(s) carrying balances,17283,5346382
Information,"Nonveteran, nonminority",Business credit card(s) carrying balances,5204,2367938
Information,"Nonveteran, nonminority","Business loan from federal, state, or local government",288,216361
Information,"Nonveteran, nonminority",Government-guaranteed business loan from a bank or financial institution,606,1060542
Information,"Nonveteran, nonminority",Business loan from a bank or financial institution,6577,10396410
Information,"Nonveteran, nonminority",Business loan/investment from family/friends,3334,4483431
Information,"Nonveteran, nonminority",Investment by venture capitalist(s),1154,5168599
Information,"Nonveteran, nonminority",Grants,580,176068
Information,"Nonveteran, nonminority",Other source(s) of capital,3539,S
Information,"Nonveteran, nonminority",Don't know,11601,27433496
Information,"Nonveteran, nonminority",None needed,57583,10871116
Information,"Nonveteran, nonminority",Total reporting,191369(r),113089260(r)
Information,"Nonveteran, nonminority",Item not reported,3029(r),785299(r)
Information,"All firms classifiable by gender, ethnicity, race, and veteran status",All firms,377663,215088486
Information,"All firms classifiable by gender, ethnicity, race, and veteran status",Personal/family savings of owner(s),150665,75922901
Information,"All firms classifiable by gender, ethnicity, race, and veteran status",Personal/family assets other than savings of owner(s),13440,28804781
Information,"All firms classifiable by gender, ethnicity, race, and veteran status",Personal/family home equity loan,5521,3053314
Information,"All firms classifiable by gender, ethnicity, race, and veteran status",Personal credit card(s) carrying balances,24216,6512601
Information,"All firms classifiable by gender, ethnicity, race, and veteran status",Business credit card(s) carrying balances,7296,2818238
Information,"All firms classifiable by gender, ethnicity, race, and veteran status","Business loan from federal, state, or local government",337,223442
Information,"All firms classifiable by gender, ethnicity, race, and veteran status",Government-guaranteed business loan from a bank or financial institution,852,1179932
Information,"All firms classifiable by gender, ethnicity, race, and veteran status",Business loan from a bank or financial institution,8279,12201364
Information,"All firms classifiable by gender, ethnicity, race, and veteran status",Business loan/investment from family/friends,4404,4913090
Information,"All firms classifiable by gender, ethnicity, race, and veteran status",Investment by venture capitalist(s),1631,5574951
Information,"All firms classifiable by gender, ethnicity, race, and veteran status",Grants,763,204126
Information,"All firms classifiable by gender, ethnicity, race, and veteran status",Other source(s) of capital,4788,S
Information,"All firms classifiable by gender, ethnicity, race, and veteran status",Don't know,15505,32594024
Information,"All firms classifiable by gender, ethnicity, race, and veteran status",None needed,74696,12474486
Information,"All firms classifiable by gender, ethnicity, race, and veteran status",Total reporting,257248(r),133893115(r)
Information,"All firms classifiable by gender, ethnicity, race, and veteran status",Item not reported,4485(r),906652(r)
Information,"Publicly held and other firms not classifiable by gender, ethnicity, race, and veteran status",All firms,10426,1039650137
Information,"Publicly held and other firms not classifiable by gender, ethnicity, race, and veteran status",Personal/family savings of owner(s),59,125539
Information,"Publicly held and other firms not classifiable by gender, ethnicity, race, and veteran status",Personal/family assets other than savings of owner(s),23,S
Information,"Publicly held and other firms not classifiable by gender, ethnicity, race, and veteran status",Personal/family home equity loan,0,0
Information,"Publicly held and other firms not classifiable by gender, ethnicity, race, and veteran status",Personal credit card(s) carrying balances,0,0
Information,"Publicly held and other firms not classifiable by gender, ethnicity, race, and veteran status",Business credit card(s) carrying balances,0,0
Information,"Publicly held and other firms not classifiable by gender, ethnicity, race, and veteran status","Business loan from federal, state, or local government",2,S
Information,"Publicly held and other firms not classifiable by gender, ethnicity, race, and veteran status",Government-guaranteed business loan from a bank or financial institution,0,0
Information,"Publicly held and other firms not classifiable by gender, ethnicity, race, and veteran status",Business loan from a bank or financial institution,7,598504
Information,"Publicly held and other firms not classifiable by gender, ethnicity, race, and veteran status",Business loan/investment from family/friends,4,S
Information,"Publicly held and other firms not classifiable by gender, ethnicity, race, and veteran status",Investment by venture capitalist(s),31,S
Information,"Publicly held and other firms not classifiable by gender, ethnicity, race, and veteran status",Grants,0,0
Information,"Publicly held and other firms not classifiable by gender, ethnicity, race, and veteran status",Other source(s) of capital,20,691094
Information,"Publicly held and other firms not classifiable by gender, ethnicity, race, and veteran status",Don't know,248,S
Information,"Publicly held and other firms not classifiable by gender, ethnicity, race, and veteran status",None needed,94,S
Information,"Publicly held and other firms not classifiable by gender, ethnicity, race, and veteran status",Total reporting,482,19240210
Information,"Publicly held and other firms not classifiable by gender, ethnicity, race, and veteran status",Item not reported,5036,187801432
Finance and insurance(608),All firms,All firms,960514,3653019281
Finance and insurance(608),All firms,Personal/family savings of owner(s),386073,151892324
Finance and insurance(608),All firms,Personal/family assets other than savings of owner(s),38688,20422161
Finance and insurance(608),All firms,Personal/family home equity loan,19083,8252744
Finance and insurance(608),All firms,Personal credit card(s) carrying balances,40348,10631554
Finance and insurance(608),All firms,Business credit card(s) carrying balances,14379,5435598
Finance and insurance(608),All firms,"Business loan from federal, state, or local government",438,143908
Finance and insurance(608),All firms,Government-guaranteed business loan from a bank or financial institution,1329,778386
Finance and insurance(608),All firms,Business loan from a bank or financial institution,31940,26017834
Finance and insurance(608),All firms,Business loan/investment from family/friends,9575,7498936
Finance and insurance(608),All firms,Investment by venture capitalist(s),2591,3691745
Finance and insurance(608),All firms,Grants,320,S
Finance and insurance(608),All firms,Other source(s) of capital,17303,21133903
Finance and insurance(608),All firms,Don't know,42020,88827958
Finance and insurance(608),All firms,None needed,154047,19861271
Finance and insurance(608),All firms,Total reporting,635994(r),290061207(r)
Finance and insurance(608),All firms,Item not reported,44395(r),1672641775(r)
Finance and insurance(608),Female-owned,All firms,217763,36136427
Finance and insurance(608),Female-owned,Personal/family savings of owner(s),68103,13547549
Finance and insurance(608),Female-owned,Personal/family assets other than savings of owner(s),7261,3297240
Finance and insurance(608),Female-owned,Personal/family home equity loan,3329,S
Finance and insurance(608),Female-owned,Personal credit card(s) carrying balances,8277,S
Finance and insurance(608),Female-owned,Business credit card(s) carrying balances,2503,S
Finance and insurance(608),Female-owned,"Business loan from federal, state, or local government",77,S
Finance and insurance(608),Female-owned,Government-guaranteed business loan from a bank or financial institution,343,119155
Finance and insurance(608),Female-owned,Business loan from a bank or financial institution,4062,3903316
Finance and insurance(608),Female-owned,Business loan/investment from family/friends,1482,618613
Finance and insurance(608),Female-owned,Investment by venture capitalist(s),234,297745
Finance and insurance(608),Female-owned,Grants,40,S
Finance and insurance(608),Female-owned,Other source(s) of capital,3071,S
Finance and insurance(608),Female-owned,Don't know,8371,4653093
Finance and insurance(608),Female-owned,None needed,46179,3147678
Finance and insurance(608),Female-owned,Total reporting,132910(r),24185246(r)
Finance and insurance(608),Female-owned,Item not reported,5285(r),226881(r)
Finance and insurance(608),Male-owned,All firms,624928,372104310
Finance and insurance(608),Male-owned,Personal/family savings of owner(s),276784,125898171
Finance and insurance(608),Male-owned,Personal/family assets other than savings of owner(s),25608,15949045
Finance and insurance(608),Male-owned,Personal/family home equity loan,12951,5065410
Finance and insurance(608),Male-owned,Personal credit card(s) carrying balances,28662,6556835
Finance and insurance(608),Male-owned,Business credit card(s) carrying balances,10256,2788309
Finance and insurance(608),Male-owned,"Business loan from federal, state, or local government",271,130396
Finance and insurance(608),Male-owned,Government-guaranteed business loan from a bank or financial institution,883,537321
Finance and insurance(608),Male-owned,Business loan from a bank or financial institution,23020,20730859
Finance and insurance(608),Male-owned,Business loan/investment from family/friends,6597,6336486
Finance and insurance(608),Male-owned,Investment by venture capitalist(s),2051,2900850
Finance and insurance(608),Male-owned,Grants,98,20069
Finance and insurance(608),Male-owned,Other source(s) of capital,11832,17162347
Finance and insurance(608),Male-owned,Don't know,29843,69208794
Finance and insurance(608),Male-owned,None needed,100186,13179324
Finance and insurance(608),Male-owned,Total reporting,442078(r),232027331(r)
Finance and insurance(608),Male-owned,Item not reported,7151(r),4095888(r)
Finance and insurance(608),Equally male-/female-owned,All firms,78051,20820830
Finance and insurance(608),Equally male-/female-owned,Personal/family savings of owner(s),40596,10915081
Finance and insurance(608),Equally male-/female-owned,Personal/family assets other than savings of owner(s),5404,1104963
Finance and insurance(608),Equally male-/female-owned,Personal/family home equity loan,2741,710996
Finance and insurance(608),Equally male-/female-owned,Personal credit card(s) carrying balances,3404,792432
Finance and insurance(608),Equally male-/female-owned,Business credit card(s) carrying balances,1620,389240
Finance and insurance(608),Equally male-/female-owned,"Business loan from federal, state, or local government",89,S
Finance and insurance(608),Equally male-/female-owned,Government-guaranteed business loan from a bank or financial institution,103,S
Finance and insurance(608),Equally male-/female-owned,Business loan from a bank or financial institution,4680,1201077
Finance and insurance(608),Equally male-/female-owned,Business loan/investment from family/friends,1494,530145
Finance and insurance(608),Equally male-/female-owned,Investment by venture capitalist(s),231,S
Finance and insurance(608),Equally male-/female-owned,Grants,102,1549
Finance and insurance(608),Equally male-/female-owned,Other source(s) of capital,1821,548555
Finance and insurance(608),Equally male-/female-owned,Don't know,2694,1758123
Finance and insurance(608),Equally male-/female-owned,None needed,7346,1332638
Finance and insurance(608),Equally male-/female-owned,Total reporting,57762(r),15457163(r)
Finance and insurance(608),Equally male-/female-owned,Item not reported,312(r),35979(r)
Finance and insurance(608),Hispanic,All firms,55392,7679795
Finance and insurance(608),Hispanic,Personal/family savings of owner(s),15751,2708953
Finance and insurance(608),Hispanic,Personal/family assets other than savings of owner(s),1717,458863
Finance and insurance(608),Hispanic,Personal/family home equity loan,778,257905
Finance and insurance(608),Hispanic,Personal credit card(s) carrying balances,2777,630148
Finance and insurance(608),Hispanic,Business credit card(s) carrying balances,861,290408
Finance and insurance(608),Hispanic,"Business loan from federal, state, or local government",2,S
Finance and insurance(608),Hispanic,Government-guaranteed business loan from a bank or financial institution,151,31863
Finance and insurance(608),Hispanic,Business loan from a bank or financial institution,1028,277359
Finance and insurance(608),Hispanic,Business loan/investment from family/friends,514,S
Finance and insurance(608),Hispanic,Investment by venture capitalist(s),59,S
Finance and insurance(608),Hispanic,Grants,0,0
Finance and insurance(608),Hispanic,Other source(s) of capital,1096,314165
Finance and insurance(608),Hispanic,Don't know,1881,445692
Finance and insurance(608),Hispanic,None needed,7616,359111
Finance and insurance(608),Hispanic,Total reporting,27748(r),4537294(r)
Finance and insurance(608),Hispanic,Item not reported,844(r),27230(r)
Finance and insurance(608),"Hispanic, female-owned",All firms,23547,1548701
Finance and insurance(608),"Hispanic, female-owned",Personal/family savings of owner(s),4947,599214
Finance and insurance(608),"Hispanic, female-owned",Personal/family assets other than savings of owner(s),533,105431
Finance and insurance(608),"Hispanic, female-owned",Personal/family home equity loan,169,31651
Finance and insurance(608),"Hispanic, female-owned",Personal credit card(s) carrying balances,718,183355
Finance and insurance(608),"Hispanic, female-owned",Business credit card(s) carrying balances,179,S
Finance and insurance(608),"Hispanic, female-owned","Business loan from federal, state, or local government",0,0
Finance and insurance(608),"Hispanic, female-owned",Government-guaranteed business loan from a bank or financial institution,120,S
Finance and insurance(608),"Hispanic, female-owned",Business loan from a bank or financial institution,305,37768
Finance and insurance(608),"Hispanic, female-owned",Business loan/investment from family/friends,273,S
Finance and insurance(608),"Hispanic, female-owned",Investment by venture capitalist(s),14,S
Finance and insurance(608),"Hispanic, female-owned",Grants,0,0
Finance and insurance(608),"Hispanic, female-owned",Other source(s) of capital,314,S
Finance and insurance(608),"Hispanic, female-owned",Don't know,755,25296
Finance and insurance(608),"Hispanic, female-owned",None needed,3252,105593
Finance and insurance(608),"Hispanic, female-owned",Total reporting,9736(r),870185(r)
Finance and insurance(608),"Hispanic, female-owned",Item not reported,548(r),14018(r)
Finance and insurance(608),"Hispanic, male-owned",All firms,29323,5656793
Finance and insurance(608),"Hispanic, male-owned",Personal/family savings of owner(s),9307,1890976
Finance and insurance(608),"Hispanic, male-owned",Personal/family assets other than savings of owner(s),1166,349711
Finance and insurance(608),"Hispanic, male-owned",Personal/family home equity loan,554,210452
Finance and insurance(608),"Hispanic, male-owned",Personal credit card(s) carrying balances,1866,435915
Finance and insurance(608),"Hispanic, male-owned",Business credit card(s) carrying balances,658,S
Finance and insurance(608),"Hispanic, male-owned","Business loan from federal, state, or local government",2,S
Finance and insurance(608),"Hispanic, male-owned",Government-guaranteed business loan from a bank or financial institution,21,S
Finance and insurance(608),"Hispanic, male-owned",Business loan from a bank or financial institution,556,230418
Finance and insurance(608),"Hispanic, male-owned",Business loan/investment from family/friends,179,S
Finance and insurance(608),"Hispanic, male-owned",Investment by venture capitalist(s),45,S
Finance and insurance(608),"Hispanic, male-owned",Grants,0,0
Finance and insurance(608),"Hispanic, male-owned",Other source(s) of capital,713,257724
Finance and insurance(608),"Hispanic, male-owned",Don't know,1112,407861
Finance and insurance(608),"Hispanic, male-owned",None needed,4263,247614
Finance and insurance(608),"Hispanic, male-owned",Total reporting,16245(r),3411531(r)
Finance and insurance(608),"Hispanic, male-owned",Item not reported,296(r),S
Finance and insurance(608),"Hispanic, equally male-/female-owned",All firms,2522,474301
Finance and insurance(608),"Hispanic, equally male-/female-owned",Personal/family savings of owner(s),1497,218763
Finance and insurance(608),"Hispanic, equally male-/female-owned",Personal/family assets other than savings of owner(s),18,S
Finance and insurance(608),"Hispanic, equally male-/female-owned",Personal/family home equity loan,55,15802
Finance and insurance(608),"Hispanic, equally male-/female-owned",Personal credit card(s) carrying balances,193,S
Finance and insurance(608),"Hispanic, equally male-/female-owned",Business credit card(s) carrying balances,24,S
Finance and insurance(608),"Hispanic, equally male-/female-owned","Business loan from federal, state, or local government",0,0
Finance and insurance(608),"Hispanic, equally male-/female-owned",Government-guaranteed business loan from a bank or financial institution,10,S
Finance and insurance(608),"Hispanic, equally male-/female-owned",Business loan from a bank or financial institution,167,S
Finance and insurance(608),"Hispanic, equally male-/female-owned",Business loan/investment from family/friends,61,S
Finance and insurance(608),"Hispanic, equally male-/female-owned",Investment by venture capitalist(s),0,0
Finance and insurance(608),"Hispanic, equally male-/female-owned",Grants,0,0
Finance and insurance(608),"Hispanic, equally male-/female-owned",Other source(s) of capital,68,S
Finance and insurance(608),"Hispanic, equally male-/female-owned",Don't know,14,S
Finance and insurance(608),"Hispanic, equally male-/female-owned",None needed,101,S
Finance and insurance(608),"Hispanic, equally male-/female-owned",Total reporting,1766,255578
Finance and insurance(608),"Hispanic, equally male-/female-owned",Item not reported,0,0
Finance and insurance(608),Equally Hispanic/non-Hispanic,All firms,3450,1051058
Finance and insurance(608),Equally Hispanic/non-Hispanic,Personal/family savings of owner(s),1711,647910
Finance and insurance(608),Equally Hispanic/non-Hispanic,Personal/family assets other than savings of owner(s),179,80171
Finance and insurance(608),Equally Hispanic/non-Hispanic,Personal/family home equity loan,179,47387
Finance and insurance(608),Equally Hispanic/non-Hispanic,Personal credit card(s) carrying balances,307,84984
Finance and insurance(608),Equally Hispanic/non-Hispanic,Business credit card(s) carrying balances,215,55637
Finance and insurance(608),Equally Hispanic/non-Hispanic,"Business loan from federal, state, or local government",0,0
Finance and insurance(608),Equally Hispanic/non-Hispanic,Government-guaranteed business loan from a bank or financial institution,0,0
Finance and insurance(608),Equally Hispanic/non-Hispanic,Business loan from a bank or financial institution,190,30438
Finance and insurance(608),Equally Hispanic/non-Hispanic,Business loan/investment from family/friends,183,56763
Finance and insurance(608),Equally Hispanic/non-Hispanic,Investment by venture capitalist(s),61,S
Finance and insurance(608),Equally Hispanic/non-Hispanic,Grants,6,S
Finance and insurance(608),Equally Hispanic/non-Hispanic,Other source(s) of capital,32,S
Finance and insurance(608),Equally Hispanic/non-Hispanic,Don't know,71,S
Finance and insurance(608),Equally Hispanic/non-Hispanic,None needed,195,9369
Finance and insurance(608),Equally Hispanic/non-Hispanic,Total reporting,2226,733009
Finance and insurance(608),Equally Hispanic/non-Hispanic,Item not reported,0,0
Finance and insurance(608),"Equally Hispanic/non-Hispanic, female-owned",All firms,69,S
Finance and insurance(608),"Equally Hispanic/non-Hispanic, female-owned",Personal/family savings of owner(s),38,S
Finance and insurance(608),"Equally Hispanic/non-Hispanic, female-owned",Personal/family assets other than savings of owner(s),0,S
Finance and insurance(608),"Equally Hispanic/non-Hispanic, female-owned",Personal/family home equity loan,0,S
Finance and insurance(608),"Equally Hispanic/non-Hispanic, female-owned",Personal credit card(s) carrying balances,30,S
Finance and insurance(608),"Equally Hispanic/non-Hispanic, female-owned",Business credit card(s) carrying balances,30,S
Finance and insurance(608),"Equally Hispanic/non-Hispanic, female-owned","Business loan from federal, state, or local government",0,S
Finance and insurance(608),"Equally Hispanic/non-Hispanic, female-owned",Government-guaranteed business loan from a bank or financial institution,0,S
Finance and insurance(608),"Equally Hispanic/non-Hispanic, female-owned",Business loan from a bank or financial institution,0,S
Finance and insurance(608),"Equally Hispanic/non-Hispanic, female-owned",Business loan/investment from family/friends,0,S
Finance and insurance(608),"Equally Hispanic/non-Hispanic, female-owned",Investment by venture capitalist(s),0,S
Finance and insurance(608),"Equally Hispanic/non-Hispanic, female-owned",Grants,0,S
Finance and insurance(608),"Equally Hispanic/non-Hispanic, female-owned",Other source(s) of capital,0,S
Finance and insurance(608),"Equally Hispanic/non-Hispanic, female-owned",Don't know,0,S
Finance and insurance(608),"Equally Hispanic/non-Hispanic, female-owned",None needed,0,S
Finance and insurance(608),"Equally Hispanic/non-Hispanic, female-owned",Total reporting,38,S
Finance and insurance(608),"Equally Hispanic/non-Hispanic, female-owned",Item not reported,0,S
Finance and insurance(608),"Equally Hispanic/non-Hispanic, male-owned",All firms,830,395490
Finance and insurance(608),"Equally Hispanic/non-Hispanic, male-owned",Personal/family savings of owner(s),461,S
Finance and insurance(608),"Equally Hispanic/non-Hispanic, male-owned",Personal/family assets other than savings of owner(s),26,S
Finance and insurance(608),"Equally Hispanic/non-Hispanic, male-owned",Personal/family home equity loan,11,S
Finance and insurance(608),"Equally Hispanic/non-Hispanic, male-owned",Personal credit card(s) carrying balances,17,S
Finance and insurance(608),"Equally Hispanic/non-Hispanic, male-owned",Business credit card(s) carrying balances,17,S
Finance and insurance(608),"Equally Hispanic/non-Hispanic, male-owned","Business loan from federal, state, or local government",0,0
Finance and insurance(608),"Equally Hispanic/non-Hispanic, male-owned",Government-guaranteed business loan from a bank or financial institution,0,0
Finance and insurance(608),"Equally Hispanic/non-Hispanic, male-owned",Business loan from a bank or financial institution,74,3250
Finance and insurance(608),"Equally Hispanic/non-Hispanic, male-owned",Business loan/investment from family/friends,15,S
Finance and insurance(608),"Equally Hispanic/non-Hispanic, male-owned",Investment by venture capitalist(s),61,S
Finance and insurance(608),"Equally Hispanic/non-Hispanic, male-owned",Grants,0,0
Finance and insurance(608),"Equally Hispanic/non-Hispanic, male-owned",Other source(s) of capital,17,S
Finance and insurance(608),"Equally Hispanic/non-Hispanic, male-owned",Don't know,2,S
Finance and insurance(608),"Equally Hispanic/non-Hispanic, male-owned",None needed,2,S
Finance and insurance(608),"Equally Hispanic/non-Hispanic, male-owned",Total reporting,467,S
Finance and insurance(608),"Equally Hispanic/non-Hispanic, male-owned",Item not reported,0,0
Finance and insurance(608),"Equally Hispanic/non-Hispanic, equally male-/female-owned",All firms,2551,624182
Finance and insurance(608),"Equally Hispanic/non-Hispanic, equally male-/female-owned",Personal/family savings of owner(s),1212,368310
Finance and insurance(608),"Equally Hispanic/non-Hispanic, equally male-/female-owned",Personal/family assets other than savings of owner(s),153,79502
Finance and insurance(608),"Equally Hispanic/non-Hispanic, equally male-/female-owned",Personal/family home equity loan,168,45489
Finance and insurance(608),"Equally Hispanic/non-Hispanic, equally male-/female-owned",Personal credit card(s) carrying balances,260,65188
Finance and insurance(608),"Equally Hispanic/non-Hispanic, equally male-/female-owned",Business credit card(s) carrying balances,167,35841
Finance and insurance(608),"Equally Hispanic/non-Hispanic, equally male-/female-owned","Business loan from federal, state, or local government",0,0
Finance and insurance(608),"Equally Hispanic/non-Hispanic, equally male-/female-owned",Government-guaranteed business loan from a bank or financial institution,0,0
Finance and insurance(608),"Equally Hispanic/non-Hispanic, equally male-/female-owned",Business loan from a bank or financial institution,117,S
Finance and insurance(608),"Equally Hispanic/non-Hispanic, equally male-/female-owned",Business loan/investment from family/friends,167,56128
Finance and insurance(608),"Equally Hispanic/non-Hispanic, equally male-/female-owned",Investment by venture capitalist(s),0,0
Finance and insurance(608),"Equally Hispanic/non-Hispanic, equally male-/female-owned",Grants,6,S
Finance and insurance(608),"Equally Hispanic/non-Hispanic, equally male-/female-owned",Other source(s) of capital,14,S
Finance and insurance(608),"Equally Hispanic/non-Hispanic, equally male-/female-owned",Don't know,69,S
Finance and insurance(608),"Equally Hispanic/non-Hispanic, equally male-/female-owned",None needed,193,8733
Finance and insurance(608),"Equally Hispanic/non-Hispanic, equally male-/female-owned",Total reporting,1721,430728
Finance and insurance(608),"Equally Hispanic/non-Hispanic, equally male-/female-owned",Item not reported,0,0
Finance and insurance(608),Non-Hispanic,All firms,861899,420330714
Finance and insurance(608),Non-Hispanic,Personal/family savings of owner(s),368021,147003939
Finance and insurance(608),Non-Hispanic,Personal/family assets other than savings of owner(s),36378,19812214
Finance and insurance(608),Non-Hispanic,Personal/family home equity loan,18064,7947391
Finance and insurance(608),Non-Hispanic,Personal credit card(s) carrying balances,37260,9536984
Finance and insurance(608),Non-Hispanic,Business credit card(s) carrying balances,13303,5089553
Finance and insurance(608),Non-Hispanic,"Business loan from federal, state, or local government",435,143750
Finance and insurance(608),Non-Hispanic,Government-guaranteed business loan from a bank or financial institution,1178,746523
Finance and insurance(608),Non-Hispanic,Business loan from a bank or financial institution,30543,25527454
Finance and insurance(608),Non-Hispanic,Business loan/investment from family/friends,8876,6985949
Finance and insurance(608),Non-Hispanic,Investment by venture capitalist(s),2395,3227214
Finance and insurance(608),Non-Hispanic,Grants,235,22080
Finance and insurance(608),Non-Hispanic,Other source(s) of capital,15596,19892775
Finance and insurance(608),Non-Hispanic,Don't know,38956,75145798
Finance and insurance(608),Non-Hispanic,None needed,145899,17291160
Finance and insurance(608),Non-Hispanic,Total reporting,602776(r),266399438(r)
Finance and insurance(608),Non-Hispanic,Item not reported,11905(r),4331518(r)
Finance and insurance(608),"Non-Hispanic, female-owned",All firms,194147,34556341
Finance and insurance(608),"Non-Hispanic, female-owned",Personal/family savings of owner(s),63118,12920478
Finance and insurance(608),"Non-Hispanic, female-owned",Personal/family assets other than savings of owner(s),6729,3191809
Finance and insurance(608),"Non-Hispanic, female-owned",Personal/family home equity loan,3160,S
Finance and insurance(608),"Non-Hispanic, female-owned",Personal credit card(s) carrying balances,7529,S
Finance and insurance(608),"Non-Hispanic, female-owned",Business credit card(s) carrying balances,2294,S
Finance and insurance(608),"Non-Hispanic, female-owned","Business loan from federal, state, or local government",77,S
Finance and insurance(608),"Non-Hispanic, female-owned",Government-guaranteed business loan from a bank or financial institution,223,101620
Finance and insurance(608),"Non-Hispanic, female-owned",Business loan from a bank or financial institution,3758,3865548
Finance and insurance(608),"Non-Hispanic, female-owned",Business loan/investment from family/friends,1209,567892
Finance and insurance(608),"Non-Hispanic, female-owned",Investment by venture capitalist(s),220,294987
Finance and insurance(608),"Non-Hispanic, female-owned",Grants,40,S
Finance and insurance(608),"Non-Hispanic, female-owned",Other source(s) of capital,2756,S
Finance and insurance(608),"Non-Hispanic, female-owned",Don't know,7615,4627797
Finance and insurance(608),"Non-Hispanic, female-owned",None needed,42926,3042085
Finance and insurance(608),"Non-Hispanic, female-owned",Total reporting,123136(r),23287205(r)
Finance and insurance(608),"Non-Hispanic, female-owned",Item not reported,4738(r),212863(r)
Finance and insurance(608),"Non-Hispanic, male-owned",All firms,594775,366052027
Finance and insurance(608),"Non-Hispanic, male-owned",Personal/family savings of owner(s),267016,123755453
Finance and insurance(608),"Non-Hispanic, male-owned",Personal/family assets other than savings of owner(s),24416,15598666
Finance and insurance(608),"Non-Hispanic, male-owned",Personal/family home equity loan,12386,4853059
Finance and insurance(608),"Non-Hispanic, male-owned",Personal credit card(s) carrying balances,26779,6120869
Finance and insurance(608),"Non-Hispanic, male-owned",Business credit card(s) carrying balances,9581,2605873
Finance and insurance(608),"Non-Hispanic, male-owned","Business loan from federal, state, or local government",269,130237
Finance and insurance(608),"Non-Hispanic, male-owned",Government-guaranteed business loan from a bank or financial institution,861,531996
Finance and insurance(608),"Non-Hispanic, male-owned",Business loan from a bank or financial institution,22390,20497191
Finance and insurance(608),"Non-Hispanic, male-owned",Business loan/investment from family/friends,6402,5944901
Finance and insurance(608),"Non-Hispanic, male-owned",Investment by venture capitalist(s),1944,2849030
Finance and insurance(608),"Non-Hispanic, male-owned",Grants,98,20069
Finance and insurance(608),"Non-Hispanic, male-owned",Other source(s) of capital,11101,16900168
Finance and insurance(608),"Non-Hispanic, male-owned",Don't know,28729,68780472
Finance and insurance(608),"Non-Hispanic, male-owned",None needed,95921,12931073
Finance and insurance(608),"Non-Hispanic, male-owned",Total reporting,425365(r),228341375(r)
Finance and insurance(608),"Non-Hispanic, male-owned",Item not reported,6855(r),4082676(r)
Finance and insurance(608),"Non-Hispanic, equally male-/female-owned",All firms,72977,19722347
Finance and insurance(608),"Non-Hispanic, equally male-/female-owned",Personal/family savings of owner(s),37887,10328008
Finance and insurance(608),"Non-Hispanic, equally male-/female-owned",Personal/family assets other than savings of owner(s),5233,1021739
Finance and insurance(608),"Non-Hispanic, equally male-/female-owned",Personal/family home equity loan,2518,649705
Finance and insurance(608),"Non-Hispanic, equally male-/female-owned",Personal credit card(s) carrying balances,2951,716366
Finance and insurance(608),"Non-Hispanic, equally male-/female-owned",Business credit card(s) carrying balances,1429,351913
Finance and insurance(608),"Non-Hispanic, equally male-/female-owned","Business loan from federal, state, or local government",89,S
Finance and insurance(608),"Non-Hispanic, equally male-/female-owned",Government-guaranteed business loan from a bank or financial institution,94,S
Finance and insurance(608),"Non-Hispanic, equally male-/female-owned",Business loan from a bank or financial institution,4396,1164716
Finance and insurance(608),"Non-Hispanic, equally male-/female-owned",Business loan/investment from family/friends,1265,473157
Finance and insurance(608),"Non-Hispanic, equally male-/female-owned",Investment by venture capitalist(s),231,S
Finance and insurance(608),"Non-Hispanic, equally male-/female-owned",Grants,96,S
Finance and insurance(608),"Non-Hispanic, equally male-/female-owned",Other source(s) of capital,1739,537839
Finance and insurance(608),"Non-Hispanic, equally male-/female-owned",Don't know,2611,1737528
Finance and insurance(608),"Non-Hispanic, equally male-/female-owned",None needed,7052,1318002
Finance and insurance(608),"Non-Hispanic, equally male-/female-owned",Total reporting,54275(r),14770858(r)
Finance and insurance(608),"Non-Hispanic, equally male-/female-owned",Item not reported,312(r),35979(r)
Finance and insurance(608),White,All firms,814736,412801184
Finance and insurance(608),White,Personal/family savings of owner(s),350575,143127838
Finance and insurance(608),White,Personal/family assets other than savings of owner(s),35425,19513233
Finance and insurance(608),White,Personal/family home equity loan,17326,7642572
Finance and insurance(608),White,Personal credit card(s) carrying balances,36325,9659900
Finance and insurance(608),White,Business credit card(s) carrying balances,13049,5100995
Finance and insurance(608),White,"Business loan from federal, state, or local government",365,137053
Finance and insurance(608),White,Government-guaranteed business loan from a bank or financial institution,1248,728988
Finance and insurance(608),White,Business loan from a bank or financial institution,30170,24827459
Finance and insurance(608),White,Business loan/investment from family/friends,9110,7196642
Finance and insurance(608),White,Investment by venture capitalist(s),2342,3083254
Finance and insurance(608),White,Grants,178,S
Finance and insurance(608),White,Other source(s) of capital,15626,19268843
Finance and insurance(608),White,Don't know,37497,71628373
Finance and insurance(608),White,None needed,139603,16697403
Finance and insurance(608),White,Total reporting,576982(r),258063845(r)
Finance and insurance(608),White,Item not reported,10990(r),4241058(r)
Finance and insurance(608),"White, female-owned",All firms,175070,32989119
Finance and insurance(608),"White, female-owned",Personal/family savings of owner(s),57564,12287251
Finance and insurance(608),"White, female-owned",Personal/family assets other than savings of owner(s),6646,S
Finance and insurance(608),"White, female-owned",Personal/family home equity loan,2957,S
Finance and insurance(608),"White, female-owned",Personal credit card(s) carrying balances,7186,S
Finance and insurance(608),"White, female-owned",Business credit card(s) carrying balances,2058,S
Finance and insurance(608),"White, female-owned","Business loan from federal, state, or local government",67,S
Finance and insurance(608),"White, female-owned",Government-guaranteed business loan from a bank or financial institution,322,119069
Finance and insurance(608),"White, female-owned",Business loan from a bank or financial institution,3579,3402946
Finance and insurance(608),"White, female-owned",Business loan/investment from family/friends,1378,447124
Finance and insurance(608),"White, female-owned",Investment by venture capitalist(s),234,297745
Finance and insurance(608),"White, female-owned",Grants,30,S
Finance and insurance(608),"White, female-owned",Other source(s) of capital,2800,S
Finance and insurance(608),"White, female-owned",Don't know,7586,4074051
Finance and insurance(608),"White, female-owned",None needed,39938,2832424
Finance and insurance(608),"White, female-owned",Total reporting,114319(r),21734151(r)
Finance and insurance(608),"White, female-owned",Item not reported,4529(r),205977(r)
Finance and insurance(608),"White, male-owned",All firms,569360,360667187
Finance and insurance(608),"White, male-owned",Personal/family savings of owner(s),256141,120880008
Finance and insurance(608),"White, male-owned",Personal/family assets other than savings of owner(s),23823,15399419
Finance and insurance(608),"White, male-owned",Personal/family home equity loan,11966,4716505
Finance and insurance(608),"White, male-owned",Personal credit card(s) carrying balances,26154,6246352
Finance and insurance(608),"White, male-owned",Business credit card(s) carrying balances,9560,2670980
Finance and insurance(608),"White, male-owned","Business loan from federal, state, or local government",236,S
Finance and insurance(608),"White, male-owned",Government-guaranteed business loan from a bank or financial institution,831,494347
Finance and insurance(608),"White, male-owned",Business loan from a bank or financial institution,22009,20237220
Finance and insurance(608),"White, male-owned",Business loan/investment from family/friends,6303,6235536
Finance and insurance(608),"White, male-owned",Investment by venture capitalist(s),1889,2706737
Finance and insurance(608),"White, male-owned",Grants,46,S
Finance and insurance(608),"White, male-owned",Other source(s) of capital,11028,16241164
Finance and insurance(608),"White, male-owned",Don't know,27415,65962318
Finance and insurance(608),"White, male-owned",None needed,93094,12579720
Finance and insurance(608),"White, male-owned",Total reporting,410022(r),222073605(r)
Finance and insurance(608),"White, male-owned",Item not reported,6212(r),4007111(r)
Finance and insurance(608),"White, equally male-/female-owned",All firms,70306,19144878
Finance and insurance(608),"White, equally male-/female-owned",Personal/family savings of owner(s),36870,9960579
Finance and insurance(608),"White, equally male-/female-owned",Personal/family assets other than savings of owner(s),4957,1056895
Finance and insurance(608),"White, equally male-/female-owned",Personal/family home equity loan,2404,641264
Finance and insurance(608),"White, equally male-/female-owned",Personal credit card(s) carrying balances,2984,735680
Finance and insurance(608),"White, equally male-/female-owned",Business credit card(s) carrying balances,1432,373589
Finance and insurance(608),"White, equally male-/female-owned","Business loan from federal, state, or local government",62,S
Finance and insurance(608),"White, equally male-/female-owned",Government-guaranteed business loan from a bank or financial institution,96,S
Finance and insurance(608),"White, equally male-/female-owned",Business loan from a bank or financial institution,4582,1187293
Finance and insurance(608),"White, equally male-/female-owned",Business loan/investment from family/friends,1429,513982
Finance and insurance(608),"White, equally male-/female-owned",Investment by venture capitalist(s),219,S
Finance and insurance(608),"White, equally male-/female-owned",Grants,102,1549
Finance and insurance(608),"White, equally male-/female-owned",Other source(s) of capital,1797,545201
Finance and insurance(608),"White, equally male-/female-owned",Don't know,2496,1592003
Finance and insurance(608),"White, equally male-/female-owned",None needed,6572,1285259
Finance and insurance(608),"White, equally male-/female-owned",Total reporting,52641(r),14256089(r)
Finance and insurance(608),"White, equally male-/female-owned",Item not reported,249(r),27971(r)
Finance and insurance(608),Black or African American,All firms,43649,3665036
Finance and insurance(608),Black or African American,Personal/family savings of owner(s),12150,1583719
Finance and insurance(608),Black or African American,Personal/family assets other than savings of owner(s),1067,173365
Finance and insurance(608),Black or African American,Personal/family home equity loan,404,67062
Finance and insurance(608),Black or African American,Personal credit card(s) carrying balances,1715,157347
Finance and insurance(608),Black or African American,Business credit card(s) carrying balances,496,67580
Finance and insurance(608),Black or African American,"Business loan from federal, state, or local government",6,S
Finance and insurance(608),Black or African American,Government-guaranteed business loan from a bank or financial institution,34,3103
Finance and insurance(608),Black or African American,Business loan from a bank or financial institution,789,196598
Finance and insurance(608),Black or African American,Business loan/investment from family/friends,132,25203
Finance and insurance(608),Black or African American,Investment by venture capitalist(s),53,S
Finance and insurance(608),Black or African American,Grants,51,S
Finance and insurance(608),Black or African American,Other source(s) of capital,449,45464
Finance and insurance(608),Black or African American,Don't know,1179,583757
Finance and insurance(608),Black or African American,None needed,5144,338165
Finance and insurance(608),Black or African American,Total reporting,19741(r),2664472(r)
Finance and insurance(608),Black or African American,Item not reported,705(r),S
Finance and insurance(608),"Black or African American, female-owned",All firms,20596,884941
Finance and insurance(608),"Black or African American, female-owned",Personal/family savings of owner(s),3898,280269
Finance and insurance(608),"Black or African American, female-owned",Personal/family assets other than savings of owner(s),250,S
Finance and insurance(608),"Black or African American, female-owned",Personal/family home equity loan,101,5037
Finance and insurance(608),"Black or African American, female-owned",Personal credit card(s) carrying balances,425,23411
Finance and insurance(608),"Black or African American, female-owned",Business credit card(s) carrying balances,87,14405
Finance and insurance(608),"Black or African American, female-owned","Business loan from federal, state, or local government",2,S
Finance and insurance(608),"Black or African American, female-owned",Government-guaranteed business loan from a bank or financial institution,26,S
Finance and insurance(608),"Black or African American, female-owned",Business loan from a bank or financial institution,251,87934
Finance and insurance(608),"Black or African American, female-owned",Business loan/investment from family/friends,8,S
Finance and insurance(608),"Black or African American, female-owned",Investment by venture capitalist(s),0,0
Finance and insurance(608),"Black or African American, female-owned",Grants,2,S
Finance and insurance(608),"Black or African American, female-owned",Other source(s) of capital,93,S
Finance and insurance(608),"Black or African American, female-owned",Don't know,398,S
Finance and insurance(608),"Black or African American, female-owned",None needed,2540,148271
Finance and insurance(608),"Black or African American, female-owned",Total reporting,7148(r),478269(r)
Finance and insurance(608),"Black or African American, female-owned",Item not reported,218(r),S
Finance and insurance(608),"Black or African American, male-owned",All firms,22063,2693897
Finance and insurance(608),"Black or African American, male-owned",Personal/family savings of owner(s),7861,1283507
Finance and insurance(608),"Black or African American, male-owned",Personal/family assets other than savings of owner(s),780,120925
Finance and insurance(608),"Black or African American, male-owned",Personal/family home equity loan,270,61225
Finance and insurance(608),"Black or African American, male-owned",Personal credit card(s) carrying balances,1224,132169
Finance and insurance(608),"Black or African American, male-owned",Business credit card(s) carrying balances,295,48312
Finance and insurance(608),"Black or African American, male-owned","Business loan from federal, state, or local government",4,S
Finance and insurance(608),"Black or African American, male-owned",Government-guaranteed business loan from a bank or financial institution,8,S
Finance and insurance(608),"Black or African American, male-owned",Business loan from a bank or financial institution,510,108067
Finance and insurance(608),"Black or African American, male-owned",Business loan/investment from family/friends,122,24442
Finance and insurance(608),"Black or African American, male-owned",Investment by venture capitalist(s),53,S
Finance and insurance(608),"Black or African American, male-owned",Grants,49,S
Finance and insurance(608),"Black or African American, male-owned",Other source(s) of capital,354,43535
Finance and insurance(608),"Black or African American, male-owned",Don't know,651,474100
Finance and insurance(608),"Black or African American, male-owned",None needed,2392,186994
Finance and insurance(608),"Black or African American, male-owned",Total reporting,11756(r),2081287(r)
Finance and insurance(608),"Black or African American, male-owned",Item not reported,486(r),S
Finance and insurance(608),"Black or African American, equally male-/female-owned",All firms,990,86197
Finance and insurance(608),"Black or African American, equally male-/female-owned",Personal/family savings of owner(s),390,S
Finance and insurance(608),"Black or African American, equally male-/female-owned",Personal/family assets other than savings of owner(s),37,S
Finance and insurance(608),"Black or African American, equally male-/female-owned",Personal/family home equity loan,33,800
Finance and insurance(608),"Black or African American, equally male-/female-owned",Personal credit card(s) carrying balances,66,S
Finance and insurance(608),"Black or African American, equally male-/female-owned",Business credit card(s) carrying balances,114,S
Finance and insurance(608),"Black or African American, equally male-/female-owned","Business loan from federal, state, or local government",0,0
Finance and insurance(608),"Black or African American, equally male-/female-owned",Government-guaranteed business loan from a bank or financial institution,0,0
Finance and insurance(608),"Black or African American, equally male-/female-owned",Business loan from a bank or financial institution,29,S
Finance and insurance(608),"Black or African American, equally male-/female-owned",Business loan/investment from family/friends,2,S
Finance and insurance(608),"Black or African American, equally male-/female-owned",Investment by venture capitalist(s),0,0
Finance and insurance(608),"Black or African American, equally male-/female-owned",Grants,0,0
Finance and insurance(608),"Black or African American, equally male-/female-owned",Other source(s) of capital,2,S
Finance and insurance(608),"Black or African American, equally male-/female-owned",Don't know,130,S
Finance and insurance(608),"Black or African American, equally male-/female-owned",None needed,212,2901
Finance and insurance(608),"Black or African American, equally male-/female-owned",Total reporting,837,104917
Finance and insurance(608),"Black or African American, equally male-/female-owned",Item not reported,2,S
Finance and insurance(608),American Indian and Alaska Native,All firms,6199,889352
Finance and insurance(608),American Indian and Alaska Native,Personal/family savings of owner(s),2448,506754
Finance and insurance(608),American Indian and Alaska Native,Personal/family assets other than savings of owner(s),260,S
Finance and insurance(608),American Indian and Alaska Native,Personal/family home equity loan,152,17337
Finance and insurance(608),American Indian and Alaska Native,Personal credit card(s) carrying balances,469,35856
Finance and insurance(608),American Indian and Alaska Native,Business credit card(s) carrying balances,105,10737
Finance and insurance(608),American Indian and Alaska Native,"Business loan from federal, state, or local government",8,S
Finance and insurance(608),American Indian and Alaska Native,Government-guaranteed business loan from a bank or financial institution,19,S
Finance and insurance(608),American Indian and Alaska Native,Business loan from a bank or financial institution,89,S
Finance and insurance(608),American Indian and Alaska Native,Business loan/investment from family/friends,116,S
Finance and insurance(608),American Indian and Alaska Native,Investment by venture capitalist(s),23,S
Finance and insurance(608),American Indian and Alaska Native,Grants,4,S
Finance and insurance(608),American Indian and Alaska Native,Other source(s) of capital,126,18931
Finance and insurance(608),American Indian and Alaska Native,Don't know,171,S
Finance and insurance(608),American Indian and Alaska Native,None needed,1271,71119
Finance and insurance(608),American Indian and Alaska Native,Total reporting,4210(r),726734(r)
Finance and insurance(608),American Indian and Alaska Native,Item not reported,105(r),S
Finance and insurance(608),"American Indian and Alaska Native, female-owned",All firms,2032,165929
Finance and insurance(608),"American Indian and Alaska Native, female-owned",Personal/family savings of owner(s),474,104654
Finance and insurance(608),"American Indian and Alaska Native, female-owned",Personal/family assets other than savings of owner(s),26,S
Finance and insurance(608),"American Indian and Alaska Native, female-owned",Personal/family home equity loan,13,S
Finance and insurance(608),"American Indian and Alaska Native, female-owned",Personal credit card(s) carrying balances,35,S
Finance and insurance(608),"American Indian and Alaska Native, female-owned",Business credit card(s) carrying balances,10,S
Finance and insurance(608),"American Indian and Alaska Native, female-owned","Business loan from federal, state, or local government",5,S
Finance and insurance(608),"American Indian and Alaska Native, female-owned",Government-guaranteed business loan from a bank or financial institution,17,S
Finance and insurance(608),"American Indian and Alaska Native, female-owned",Business loan from a bank or financial institution,36,S
Finance and insurance(608),"American Indian and Alaska Native, female-owned",Business loan/investment from family/friends,4,S
Finance and insurance(608),"American Indian and Alaska Native, female-owned",Investment by venture capitalist(s),20,S
Finance and insurance(608),"American Indian and Alaska Native, female-owned",Grants,0,0
Finance and insurance(608),"American Indian and Alaska Native, female-owned",Other source(s) of capital,45,S
Finance and insurance(608),"American Indian and Alaska Native, female-owned",Don't know,45,S
Finance and insurance(608),"American Indian and Alaska Native, female-owned",None needed,440,6849
Finance and insurance(608),"American Indian and Alaska Native, female-owned",Total reporting,1039,120928
Finance and insurance(608),"American Indian and Alaska Native, female-owned",Item not reported,8,S
Finance and insurance(608),"American Indian and Alaska Native, male-owned",All firms,4045,717317
Finance and insurance(608),"American Indian and Alaska Native, male-owned",Personal/family savings of owner(s),1972,401976
Finance and insurance(608),"American Indian and Alaska Native, male-owned",Personal/family assets other than savings of owner(s),228,13432
Finance and insurance(608),"American Indian and Alaska Native, male-owned",Personal/family home equity loan,140,15652
Finance and insurance(608),"American Indian and Alaska Native, male-owned",Personal credit card(s) carrying balances,434,20839
Finance and insurance(608),"American Indian and Alaska Native, male-owned",Business credit card(s) carrying balances,95,9247
Finance and insurance(608),"American Indian and Alaska Native, male-owned","Business loan from federal, state, or local government",2,S
Finance and insurance(608),"American Indian and Alaska Native, male-owned",Government-guaranteed business loan from a bank or financial institution,2,S
Finance and insurance(608),"American Indian and Alaska Native, male-owned",Business loan from a bank or financial institution,53,S
Finance and insurance(608),"American Indian and Alaska Native, male-owned",Business loan/investment from family/friends,112,S
Finance and insurance(608),"American Indian and Alaska Native, male-owned",Investment by venture capitalist(s),4,S
Finance and insurance(608),"American Indian and Alaska Native, male-owned",Grants,4,S
Finance and insurance(608),"American Indian and Alaska Native, male-owned",Other source(s) of capital,82,7366
Finance and insurance(608),"American Indian and Alaska Native, male-owned",Don't know,127,S
Finance and insurance(608),"American Indian and Alaska Native, male-owned",None needed,831,64270
Finance and insurance(608),"American Indian and Alaska Native, male-owned",Total reporting,3162(r),605504(r)
Finance and insurance(608),"American Indian and Alaska Native, male-owned",Item not reported,97(r),S
Finance and insurance(608),"American Indian and Alaska Native, equally male-/female-owned",All firms,121,6106
Finance and insurance(608),"American Indian and Alaska Native, equally male-/female-owned",Personal/family savings of owner(s),2,S
Finance and insurance(608),"American Indian and Alaska Native, equally male-/female-owned",Personal/family assets other than savings of owner(s),6,S
Finance and insurance(608),"American Indian and Alaska Native, equally male-/female-owned",Personal/family home equity loan,0,0
Finance and insurance(608),"American Indian and Alaska Native, equally male-/female-owned",Personal credit card(s) carrying balances,0,0
Finance and insurance(608),"American Indian and Alaska Native, equally male-/female-owned",Business credit card(s) carrying balances,0,0
Finance and insurance(608),"American Indian and Alaska Native, equally male-/female-owned","Business loan from federal, state, or local government",0,0
Finance and insurance(608),"American Indian and Alaska Native, equally male-/female-owned",Government-guaranteed business loan from a bank or financial institution,0,0
Finance and insurance(608),"American Indian and Alaska Native, equally male-/female-owned",Business loan from a bank or financial institution,0,0
Finance and insurance(608),"American Indian and Alaska Native, equally male-/female-owned",Business loan/investment from family/friends,0,0
Finance and insurance(608),"American Indian and Alaska Native, equally male-/female-owned",Investment by venture capitalist(s),0,0
Finance and insurance(608),"American Indian and Alaska Native, equally male-/female-owned",Grants,0,0
Finance and insurance(608),"American Indian and Alaska Native, equally male-/female-owned",Other source(s) of capital,0,0
Finance and insurance(608),"American Indian and Alaska Native, equally male-/female-owned",Don't know,0,0
Finance and insurance(608),"American Indian and Alaska Native, equally male-/female-owned",None needed,0,0
Finance and insurance(608),"American Indian and Alaska Native, equally male-/female-owned",Total reporting,8,S
Finance and insurance(608),"American Indian and Alaska Native, equally male-/female-owned",Item not reported,0,0
Finance and insurance(608),Asian,All firms,48148,9700037
Finance and insurance(608),Asian,Personal/family savings of owner(s),19070,4757943
Finance and insurance(608),Asian,Personal/family assets other than savings of owner(s),1687,705351
Finance and insurance(608),Asian,Personal/family home equity loan,1097,508686
Finance and insurance(608),Asian,Personal credit card(s) carrying balances,1803,S
Finance and insurance(608),Asian,Business credit card(s) carrying balances,607,S
Finance and insurance(608),Asian,"Business loan from federal, state, or local government",64,S
Finance and insurance(608),Asian,Government-guaranteed business loan from a bank or financial institution,30,S
Finance and insurance(608),Asian,Business loan from a bank or financial institution,604,732532
Finance and insurance(608),Asian,Business loan/investment from family/friends,298,S
Finance and insurance(608),Asian,Investment by venture capitalist(s),92,S
Finance and insurance(608),Asian,Grants,9,S
Finance and insurance(608),Asian,Other source(s) of capital,475,531574
Finance and insurance(608),Asian,Don't know,1851,1481611
Finance and insurance(608),Asian,None needed,6947,498579
Finance and insurance(608),Asian,Total reporting,29596(r),7851242(r)
Finance and insurance(608),Asian,Item not reported,752(r),54598(r)
Finance and insurance(608),"Asian, female-owned",All firms,17291,1944090
Finance and insurance(608),"Asian, female-owned",Personal/family savings of owner(s),6242,896438
Finance and insurance(608),"Asian, female-owned",Personal/family assets other than savings of owner(s),334,S
Finance and insurance(608),"Asian, female-owned",Personal/family home equity loan,255,S
Finance and insurance(608),"Asian, female-owned",Personal credit card(s) carrying balances,622,S
Finance and insurance(608),"Asian, female-owned",Business credit card(s) carrying balances,320,S
Finance and insurance(608),"Asian, female-owned","Business loan from federal, state, or local government",9,S
Finance and insurance(608),"Asian, female-owned",Government-guaranteed business loan from a bank or financial institution,0,0
Finance and insurance(608),"Asian, female-owned",Business loan from a bank or financial institution,201,S
Finance and insurance(608),"Asian, female-owned",Business loan/investment from family/friends,100,S
Finance and insurance(608),"Asian, female-owned",Investment by venture capitalist(s),0,0
Finance and insurance(608),"Asian, female-owned",Grants,9,S
Finance and insurance(608),"Asian, female-owned",Other source(s) of capital,107,S
Finance and insurance(608),"Asian, female-owned",Don't know,361,S
Finance and insurance(608),"Asian, female-owned",None needed,3251,138042
Finance and insurance(608),"Asian, female-owned",Total reporting,10438(r),1837216(r)
Finance and insurance(608),"Asian, female-owned",Item not reported,448(r),S
Finance and insurance(608),"Asian, male-owned",All firms,27201,6725483
Finance and insurance(608),"Asian, male-owned",Personal/family savings of owner(s),11134,3113184
Finance and insurance(608),"Asian, male-owned",Personal/family assets other than savings of owner(s),1110,484301
Finance and insurance(608),"Asian, male-owned",Personal/family home equity loan,656,275095
Finance and insurance(608),"Asian, male-owned",Personal credit card(s) carrying balances,1082,121897
Finance and insurance(608),"Asian, male-owned",Business credit card(s) carrying balances,280,S
Finance and insurance(608),"Asian, male-owned","Business loan from federal, state, or local government",29,S
Finance and insurance(608),"Asian, male-owned",Government-guaranteed business loan from a bank or financial institution,30,S
Finance and insurance(608),"Asian, male-owned",Business loan from a bank or financial institution,364,321915
Finance and insurance(608),"Asian, male-owned",Business loan/investment from family/friends,164,39459
Finance and insurance(608),"Asian, male-owned",Investment by venture capitalist(s),86,S
Finance and insurance(608),"Asian, male-owned",Grants,0,0
Finance and insurance(608),"Asian, male-owned",Other source(s) of capital,351,523058
Finance and insurance(608),"Asian, male-owned",Don't know,1478,866790
Finance and insurance(608),"Asian, male-owned",None needed,3435,329827
Finance and insurance(608),"Asian, male-owned",Total reporting,17035(r),5146669(r)
Finance and insurance(608),"Asian, male-owned",Item not reported,243(r),S
Finance and insurance(608),"Asian, equally male-/female-owned",All firms,3656,1030464
Finance and insurance(608),"Asian, equally male-/female-owned",Personal/family savings of owner(s),1694,748322
Finance and insurance(608),"Asian, equally male-/female-owned",Personal/family assets other than savings of owner(s),243,S
Finance and insurance(608),"Asian, equally male-/female-owned",Personal/family home equity loan,185,47921
Finance and insurance(608),"Asian, equally male-/female-owned",Personal credit card(s) carrying balances,99,37197
Finance and insurance(608),"Asian, equally male-/female-owned",Business credit card(s) carrying balances,7,S
Finance and insurance(608),"Asian, equally male-/female-owned","Business loan from federal, state, or local government",27,S
Finance and insurance(608),"Asian, equally male-/female-owned",Government-guaranteed business loan from a bank or financial institution,0,0
Finance and insurance(608),"Asian, equally male-/female-owned",Business loan from a bank or financial institution,39,S
Finance and insurance(608),"Asian, equally male-/female-owned",Business loan/investment from family/friends,34,S
Finance and insurance(608),"Asian, equally male-/female-owned",Investment by venture capitalist(s),6,S
Finance and insurance(608),"Asian, equally male-/female-owned",Grants,0,0
Finance and insurance(608),"Asian, equally male-/female-owned",Other source(s) of capital,17,S
Finance and insurance(608),"Asian, equally male-/female-owned",Don't know,11,S
Finance and insurance(608),"Asian, equally male-/female-owned",None needed,261,30710
Finance and insurance(608),"Asian, equally male-/female-owned",Total reporting,2123,867357
Finance and insurance(608),"Asian, equally male-/female-owned",Item not reported,61,S
Finance and insurance(608),Native Hawaiian and Other Pacific Islander,All firms,1227,159810
Finance and insurance(608),Native Hawaiian and Other Pacific Islander,Personal/family savings of owner(s),468,72557
Finance and insurance(608),Native Hawaiian and Other Pacific Islander,Personal/family assets other than savings of owner(s),55,S
Finance and insurance(608),Native Hawaiian and Other Pacific Islander,Personal/family home equity loan,25,4370
Finance and insurance(608),Native Hawaiian and Other Pacific Islander,Personal credit card(s) carrying balances,72,8454
Finance and insurance(608),Native Hawaiian and Other Pacific Islander,Business credit card(s) carrying balances,6,S
Finance and insurance(608),Native Hawaiian and Other Pacific Islander,"Business loan from federal, state, or local government",0,0
Finance and insurance(608),Native Hawaiian and Other Pacific Islander,Government-guaranteed business loan from a bank or financial institution,0,0
Finance and insurance(608),Native Hawaiian and Other Pacific Islander,Business loan from a bank or financial institution,21,3500
Finance and insurance(608),Native Hawaiian and Other Pacific Islander,Business loan/investment from family/friends,41,S
Finance and insurance(608),Native Hawaiian and Other Pacific Islander,Investment by venture capitalist(s),6,S
Finance and insurance(608),Native Hawaiian and Other Pacific Islander,Grants,0,0
Finance and insurance(608),Native Hawaiian and Other Pacific Islander,Other source(s) of capital,10,S
Finance and insurance(608),Native Hawaiian and Other Pacific Islander,Don't know,11,S
Finance and insurance(608),Native Hawaiian and Other Pacific Islander,None needed,142,3587
Finance and insurance(608),Native Hawaiian and Other Pacific Islander,Total reporting,710,134267
Finance and insurance(608),Native Hawaiian and Other Pacific Islander,Item not reported,17,S
Finance and insurance(608),"Native Hawaiian and Other Pacific Islander, female-owned",All firms,551,S
Finance and insurance(608),"Native Hawaiian and Other Pacific Islander, female-owned",Personal/family savings of owner(s),169,S
Finance and insurance(608),"Native Hawaiian and Other Pacific Islander, female-owned",Personal/family assets other than savings of owner(s),11,S
Finance and insurance(608),"Native Hawaiian and Other Pacific Islander, female-owned",Personal/family home equity loan,9,S
Finance and insurance(608),"Native Hawaiian and Other Pacific Islander, female-owned",Personal credit card(s) carrying balances,45,S
Finance and insurance(608),"Native Hawaiian and Other Pacific Islander, female-owned",Business credit card(s) carrying balances,0,S
Finance and insurance(608),"Native Hawaiian and Other Pacific Islander, female-owned","Business loan from federal, state, or local government",0,S
Finance and insurance(608),"Native Hawaiian and Other Pacific Islander, female-owned",Government-guaranteed business loan from a bank or financial institution,0,S
Finance and insurance(608),"Native Hawaiian and Other Pacific Islander, female-owned",Business loan from a bank or financial institution,11,S
Finance and insurance(608),"Native Hawaiian and Other Pacific Islander, female-owned",Business loan/investment from family/friends,0,S
Finance and insurance(608),"Native Hawaiian and Other Pacific Islander, female-owned",Investment by venture capitalist(s),0,S
Finance and insurance(608),"Native Hawaiian and Other Pacific Islander, female-owned",Grants,0,S
Finance and insurance(608),"Native Hawaiian and Other Pacific Islander, female-owned",Other source(s) of capital,2,S
Finance and insurance(608),"Native Hawaiian and Other Pacific Islander, female-owned",Don't know,7,S
Finance and insurance(608),"Native Hawaiian and Other Pacific Islander, female-owned",None needed,70,S
Finance and insurance(608),"Native Hawaiian and Other Pacific Islander, female-owned",Total reporting,281,S
Finance and insurance(608),"Native Hawaiian and Other Pacific Islander, female-owned",Item not reported,17,S
Finance and insurance(608),"Native Hawaiian and Other Pacific Islander, male-owned",All firms,633,110379
Finance and insurance(608),"Native Hawaiian and Other Pacific Islander, male-owned",Personal/family savings of owner(s),234,S
Finance and insurance(608),"Native Hawaiian and Other Pacific Islander, male-owned",Personal/family assets other than savings of owner(s),44,S
Finance and insurance(608),"Native Hawaiian and Other Pacific Islander, male-owned",Personal/family home equity loan,16,3701
Finance and insurance(608),"Native Hawaiian and Other Pacific Islander, male-owned",Personal credit card(s) carrying balances,27,6078
Finance and insurance(608),"Native Hawaiian and Other Pacific Islander, male-owned",Business credit card(s) carrying balances,6,S
Finance and insurance(608),"Native Hawaiian and Other Pacific Islander, male-owned","Business loan from federal, state, or local government",0,0
Finance and insurance(608),"Native Hawaiian and Other Pacific Islander, male-owned",Government-guaranteed business loan from a bank or financial institution,0,0
Finance and insurance(608),"Native Hawaiian and Other Pacific Islander, male-owned",Business loan from a bank or financial institution,10,3382
Finance and insurance(608),"Native Hawaiian and Other Pacific Islander, male-owned",Business loan/investment from family/friends,41,S
Finance and insurance(608),"Native Hawaiian and Other Pacific Islander, male-owned",Investment by venture capitalist(s),6,S
Finance and insurance(608),"Native Hawaiian and Other Pacific Islander, male-owned",Grants,0,0
Finance and insurance(608),"Native Hawaiian and Other Pacific Islander, male-owned",Other source(s) of capital,8,S
Finance and insurance(608),"Native Hawaiian and Other Pacific Islander, male-owned",Don't know,4,S
Finance and insurance(608),"Native Hawaiian and Other Pacific Islander, male-owned",None needed,64,1735
Finance and insurance(608),"Native Hawaiian and Other Pacific Islander, male-owned",Total reporting,356,98909
Finance and insurance(608),"Native Hawaiian and Other Pacific Islander, male-owned",Item not reported,0,0
Finance and insurance(608),"Native Hawaiian and Other Pacific Islander, equally male-/female-owned",All firms,42,S
Finance and insurance(608),"Native Hawaiian and Other Pacific Islander, equally male-/female-owned",Personal/family savings of owner(s),65,S
Finance and insurance(608),"Native Hawaiian and Other Pacific Islander, equally male-/female-owned",Personal/family assets other than savings of owner(s),0,S
Finance and insurance(608),"Native Hawaiian and Other Pacific Islander, equally male-/female-owned",Personal/family home equity loan,0,S
Finance and insurance(608),"Native Hawaiian and Other Pacific Islander, equally male-/female-owned",Personal credit card(s) carrying balances,0,S
Finance and insurance(608),"Native Hawaiian and Other Pacific Islander, equally male-/female-owned",Business credit card(s) carrying balances,0,S
Finance and insurance(608),"Native Hawaiian and Other Pacific Islander, equally male-/female-owned","Business loan from federal, state, or local government",0,S
Finance and insurance(608),"Native Hawaiian and Other Pacific Islander, equally male-/female-owned",Government-guaranteed business loan from a bank or financial institution,0,S
Finance and insurance(608),"Native Hawaiian and Other Pacific Islander, equally male-/female-owned",Business loan from a bank or financial institution,0,S
Finance and insurance(608),"Native Hawaiian and Other Pacific Islander, equally male-/female-owned",Business loan/investment from family/friends,0,S
Finance and insurance(608),"Native Hawaiian and Other Pacific Islander, equally male-/female-owned",Investment by venture capitalist(s),0,S
Finance and insurance(608),"Native Hawaiian and Other Pacific Islander, equally male-/female-owned",Grants,0,S
Finance and insurance(608),"Native Hawaiian and Other Pacific Islander, equally male-/female-owned",Other source(s) of capital,0,S
Finance and insurance(608),"Native Hawaiian and Other Pacific Islander, equally male-/female-owned",Don't know,0,S
Finance and insurance(608),"Native Hawaiian and Other Pacific Islander, equally male-/female-owned",None needed,8,S
Finance and insurance(608),"Native Hawaiian and Other Pacific Islander, equally male-/female-owned",Total reporting,73,S
Finance and insurance(608),"Native Hawaiian and Other Pacific Islander, equally male-/female-owned",Item not reported,0,S
Finance and insurance(608),Some other race,All firms,14433,1335948
Finance and insurance(608),Some other race,Personal/family savings of owner(s),3039,459364
Finance and insurance(608),Some other race,Personal/family assets other than savings of owner(s),267,66333
Finance and insurance(608),Some other race,Personal/family home equity loan,181,39588
Finance and insurance(608),Some other race,Personal credit card(s) carrying balances,529,68713
Finance and insurance(608),Some other race,Business credit card(s) carrying balances,147,S
Finance and insurance(608),Some other race,"Business loan from federal, state, or local government",0,0
Finance and insurance(608),Some other race,Government-guaranteed business loan from a bank or financial institution,31,S
Finance and insurance(608),Some other race,Business loan from a bank or financial institution,184,S
Finance and insurance(608),Some other race,Business loan/investment from family/friends,37,40443
Finance and insurance(608),Some other race,Investment by venture capitalist(s),27,S
Finance and insurance(608),Some other race,Grants,0,0
Finance and insurance(608),Some other race,Other source(s) of capital,138,S
Finance and insurance(608),Some other race,Don't know,497,126767
Finance and insurance(608),Some other race,None needed,2070,123692
Finance and insurance(608),Some other race,Total reporting,6031,850734
Finance and insurance(608),Some other race,Item not reported,248,10156
Finance and insurance(608),"Some other race, female-owned",All firms,6097,334269
Finance and insurance(608),"Some other race, female-owned",Personal/family savings of owner(s),808,85205
Finance and insurance(608),"Some other race, female-owned",Personal/family assets other than savings of owner(s),62,S
Finance and insurance(608),"Some other race, female-owned",Personal/family home equity loan,11,S
Finance and insurance(608),"Some other race, female-owned",Personal credit card(s) carrying balances,59,S
Finance and insurance(608),"Some other race, female-owned",Business credit card(s) carrying balances,7,S
Finance and insurance(608),"Some other race, female-owned","Business loan from federal, state, or local government",0,0
Finance and insurance(608),"Some other race, female-owned",Government-guaranteed business loan from a bank or financial institution,0,0
Finance and insurance(608),"Some other race, female-owned",Business loan from a bank or financial institution,17,S
Finance and insurance(608),"Some other race, female-owned",Business loan/investment from family/friends,2,S
Finance and insurance(608),"Some other race, female-owned",Investment by venture capitalist(s),0,0
Finance and insurance(608),"Some other race, female-owned",Grants,0,0
Finance and insurance(608),"Some other race, female-owned",Other source(s) of capital,61,S
Finance and insurance(608),"Some other race, female-owned",Don't know,49,5766
Finance and insurance(608),"Some other race, female-owned",None needed,540,31380
Finance and insurance(608),"Some other race, female-owned",Total reporting,1499,134662
Finance and insurance(608),"Some other race, female-owned",Item not reported,65,S
Finance and insurance(608),"Some other race, male-owned",All firms,7898,872284
Finance and insurance(608),"Some other race, male-owned",Personal/family savings of owner(s),1920,332732
Finance and insurance(608),"Some other race, male-owned",Personal/family assets other than savings of owner(s),204,51133
Finance and insurance(608),"Some other race, male-owned",Personal/family home equity loan,144,S
Finance and insurance(608),"Some other race, male-owned",Personal credit card(s) carrying balances,416,64078
Finance and insurance(608),"Some other race, male-owned",Business credit card(s) carrying balances,118,S
Finance and insurance(608),"Some other race, male-owned","Business loan from federal, state, or local government",0,0
Finance and insurance(608),"Some other race, male-owned",Government-guaranteed business loan from a bank or financial institution,24,1331
Finance and insurance(608),"Some other race, male-owned",Business loan from a bank or financial institution,159,S
Finance and insurance(608),"Some other race, male-owned",Business loan/investment from family/friends,35,39153
Finance and insurance(608),"Some other race, male-owned",Investment by venture capitalist(s),27,S
Finance and insurance(608),"Some other race, male-owned",Grants,0,0
Finance and insurance(608),"Some other race, male-owned",Other source(s) of capital,77,S
Finance and insurance(608),"Some other race, male-owned",Don't know,444,120458
Finance and insurance(608),"Some other race, male-owned",None needed,1506,91717
Finance and insurance(608),"Some other race, male-owned",Total reporting,4170,666437
Finance and insurance(608),"Some other race, male-owned",Item not reported,183,S
Finance and insurance(608),"Some other race, equally male-/female-owned",All firms,439,S
Finance and insurance(608),"Some other race, equally male-/female-owned",Personal/family savings of owner(s),312,S
Finance and insurance(608),"Some other race, equally male-/female-owned",Personal/family assets other than savings of owner(s),0,S
Finance and insurance(608),"Some other race, equally male-/female-owned",Personal/family home equity loan,27,S
Finance and insurance(608),"Some other race, equally male-/female-owned",Personal credit card(s) carrying balances,54,S
Finance and insurance(608),"Some other race, equally male-/female-owned",Business credit card(s) carrying balances,21,S
Finance and insurance(608),"Some other race, equally male-/female-owned","Business loan from federal, state, or local government",0,S
Finance and insurance(608),"Some other race, equally male-/female-owned",Government-guaranteed business loan from a bank or financial institution,8,S
Finance and insurance(608),"Some other race, equally male-/female-owned",Business loan from a bank or financial institution,8,S
Finance and insurance(608),"Some other race, equally male-/female-owned",Business loan/investment from family/friends,0,S
Finance and insurance(608),"Some other race, equally male-/female-owned",Investment by venture capitalist(s),0,S
Finance and insurance(608),"Some other race, equally male-/female-owned",Grants,0,S
Finance and insurance(608),"Some other race, equally male-/female-owned",Other source(s) of capital,0,S
Finance and insurance(608),"Some other race, equally male-/female-owned",Don't know,5,S
Finance and insurance(608),"Some other race, equally male-/female-owned",None needed,24,S
Finance and insurance(608),"Some other race, equally male-/female-owned",Total reporting,362,S
Finance and insurance(608),"Some other race, equally male-/female-owned",Item not reported,0,S
Finance and insurance(608),Minority,All firms,152062,22059038
Finance and insurance(608),Minority,Personal/family savings of owner(s),49426,9895992
Finance and insurance(608),Minority,Personal/family assets other than savings of owner(s),4547,1362429
Finance and insurance(608),Minority,Personal/family home equity loan,2414,846582
Finance and insurance(608),Minority,Personal credit card(s) carrying balances,6658,1172426
Finance and insurance(608),Minority,Business credit card(s) carrying balances,2001,558086
Finance and insurance(608),Minority,"Business loan from federal, state, or local government",78,S
Finance and insurance(608),Minority,Government-guaranteed business loan from a bank or financial institution,220,82368
Finance and insurance(608),Minority,Business loan from a bank or financial institution,2567,1280589
Finance and insurance(608),Minority,Business loan/investment from family/friends,1067,702508
Finance and insurance(608),Minority,Investment by venture capitalist(s),234,254085
Finance and insurance(608),Minority,Grants,63,S
Finance and insurance(608),Minority,Other source(s) of capital,2210,1235035
Finance and insurance(608),Minority,Don't know,5016,2605354
Finance and insurance(608),Minority,None needed,20981,1269188
Finance and insurance(608),Minority,Total reporting,81165(r),16213888(r)
Finance and insurance(608),Minority,Item not reported,2359(r),140010(r)
Finance and insurance(608),"Minority, female-owned",All firms,62111,4539891
Finance and insurance(608),"Minority, female-owned",Personal/family savings of owner(s),15224,1895258
Finance and insurance(608),"Minority, female-owned",Personal/family assets other than savings of owner(s),1101,372801
Finance and insurance(608),"Minority, female-owned",Personal/family home equity loan,523,S
Finance and insurance(608),"Minority, female-owned",Personal credit card(s) carrying balances,1776,S
Finance and insurance(608),"Minority, female-owned",Business credit card(s) carrying balances,581,S
Finance and insurance(608),"Minority, female-owned","Business loan from federal, state, or local government",16,S
Finance and insurance(608),"Minority, female-owned",Government-guaranteed business loan from a bank or financial institution,137,S
Finance and insurance(608),"Minority, female-owned",Business loan from a bank or financial institution,762,546140
Finance and insurance(608),"Minority, female-owned",Business loan/investment from family/friends,378,S
Finance and insurance(608),"Minority, female-owned",Investment by venture capitalist(s),34,S
Finance and insurance(608),"Minority, female-owned",Grants,11,S
Finance and insurance(608),"Minority, female-owned",Other source(s) of capital,623,78240
Finance and insurance(608),"Minority, female-owned",Don't know,1538,S
Finance and insurance(608),"Minority, female-owned",None needed,9396,396851
Finance and insurance(608),"Minority, female-owned",Total reporting,27990(r),3332051(r)
Finance and insurance(608),"Minority, female-owned",Item not reported,1179(r),29696(r)
Finance and insurance(608),"Minority, male-owned",All firms,82457,15909765
Finance and insurance(608),"Minority, male-owned",Personal/family savings of owner(s),30559,6995739
Finance and insurance(608),"Minority, male-owned",Personal/family assets other than savings of owner(s),3141,941951
Finance and insurance(608),"Minority, male-owned",Personal/family home equity loan,1618,558709
Finance and insurance(608),"Minority, male-owned",Personal credit card(s) carrying balances,4512,715875
Finance and insurance(608),"Minority, male-owned",Business credit card(s) carrying balances,1295,266142
Finance and insurance(608),"Minority, male-owned","Business loan from federal, state, or local government",35,S
Finance and insurance(608),"Minority, male-owned",Government-guaranteed business loan from a bank or financial institution,73,48645
Finance and insurance(608),"Minority, male-owned",Business loan from a bank or financial institution,1562,719469
Finance and insurance(608),"Minority, male-owned",Business loan/investment from family/friends,577,468494
Finance and insurance(608),"Minority, male-owned",Investment by venture capitalist(s),195,233619
Finance and insurance(608),"Minority, male-owned",Grants,52,S
Finance and insurance(608),"Minority, male-owned",Other source(s) of capital,1500,1147151
Finance and insurance(608),"Minority, male-owned",Don't know,3322,1839304
Finance and insurance(608),"Minority, male-owned",None needed,11002,832221
Finance and insurance(608),"Minority, male-owned",Total reporting,48370(r),11635135(r)
Finance and insurance(608),"Minority, male-owned",Item not reported,1116(r),S
Finance and insurance(608),"Minority, equally male-/female-owned",All firms,7494,1609382
Finance and insurance(608),"Minority, equally male-/female-owned",Personal/family savings of owner(s),3642,1004995
Finance and insurance(608),"Minority, equally male-/female-owned",Personal/family assets other than savings of owner(s),305,47677
Finance and insurance(608),"Minority, equally male-/female-owned",Personal/family home equity loan,273,64523
Finance and insurance(608),"Minority, equally male-/female-owned",Personal credit card(s) carrying balances,370,53259
Finance and insurance(608),"Minority, equally male-/female-owned",Business credit card(s) carrying balances,124,S
Finance and insurance(608),"Minority, equally male-/female-owned","Business loan from federal, state, or local government",27,S
Finance and insurance(608),"Minority, equally male-/female-owned",Government-guaranteed business loan from a bank or financial institution,10,S
Finance and insurance(608),"Minority, equally male-/female-owned",Business loan from a bank or financial institution,244,14980
Finance and insurance(608),"Minority, equally male-/female-owned",Business loan/investment from family/friends,112,12169
Finance and insurance(608),"Minority, equally male-/female-owned",Investment by venture capitalist(s),6,S
Finance and insurance(608),"Minority, equally male-/female-owned",Grants,0,0
Finance and insurance(608),"Minority, equally male-/female-owned",Other source(s) of capital,87,S
Finance and insurance(608),"Minority, equally male-/female-owned",Don't know,155,162708
Finance and insurance(608),"Minority, equally male-/female-owned",None needed,583,40115
Finance and insurance(608),"Minority, equally male-/female-owned",Total reporting,4804,1246703
Finance and insurance(608),"Minority, equally male-/female-owned",Item not reported,63,S
Finance and insurance(608),Equally minority/nonminority,All firms,6662,2789410
Finance and insurance(608),Equally minority/nonminority,Personal/family savings of owner(s),3453,1014900
Finance and insurance(608),Equally minority/nonminority,Personal/family assets other than savings of owner(s),261,84226
Finance and insurance(608),Equally minority/nonminority,Personal/family home equity loan,220,59910
Finance and insurance(608),Equally minority/nonminority,Personal credit card(s) carrying balances,461,92858
Finance and insurance(608),Equally minority/nonminority,Business credit card(s) carrying balances,255,65573
Finance and insurance(608),Equally minority/nonminority,"Business loan from federal, state, or local government",0,0
Finance and insurance(608),Equally minority/nonminority,Government-guaranteed business loan from a bank or financial institution,0,0
Finance and insurance(608),Equally minority/nonminority,Business loan from a bank or financial institution,219,49342
Finance and insurance(608),Equally minority/nonminority,Business loan/investment from family/friends,193,67506
Finance and insurance(608),Equally minority/nonminority,Investment by venture capitalist(s),68,S
Finance and insurance(608),Equally minority/nonminority,Grants,6,S
Finance and insurance(608),Equally minority/nonminority,Other source(s) of capital,36,81284
Finance and insurance(608),Equally minority/nonminority,Don't know,124,S
Finance and insurance(608),Equally minority/nonminority,None needed,503,28569
Finance and insurance(608),Equally minority/nonminority,Total reporting,4430,S
Finance and insurance(608),Equally minority/nonminority,Item not reported,6,S
Finance and insurance(608),"Equally minority/nonminority, female-owned",All firms,237,69234
Finance and insurance(608),"Equally minority/nonminority, female-owned",Personal/family savings of owner(s),62,S
Finance and insurance(608),"Equally minority/nonminority, female-owned",Personal/family assets other than savings of owner(s),0,0
Finance and insurance(608),"Equally minority/nonminority, female-owned",Personal/family home equity loan,0,0
Finance and insurance(608),"Equally minority/nonminority, female-owned",Personal credit card(s) carrying balances,30,S
Finance and insurance(608),"Equally minority/nonminority, female-owned",Business credit card(s) carrying balances,30,S
Finance and insurance(608),"Equally minority/nonminority, female-owned","Business loan from federal, state, or local government",0,0
Finance and insurance(608),"Equally minority/nonminority, female-owned",Government-guaranteed business loan from a bank or financial institution,0,0
Finance and insurance(608),"Equally minority/nonminority, female-owned",Business loan from a bank or financial institution,2,S
Finance and insurance(608),"Equally minority/nonminority, female-owned",Business loan/investment from family/friends,0,0
Finance and insurance(608),"Equally minority/nonminority, female-owned",Investment by venture capitalist(s),0,0
Finance and insurance(608),"Equally minority/nonminority, female-owned",Grants,0,0
Finance and insurance(608),"Equally minority/nonminority, female-owned",Other source(s) of capital,0,0
Finance and insurance(608),"Equally minority/nonminority, female-owned",Don't know,0,0
Finance and insurance(608),"Equally minority/nonminority, female-owned",None needed,6,S
Finance and insurance(608),"Equally minority/nonminority, female-owned",Total reporting,67,S
Finance and insurance(608),"Equally minority/nonminority, female-owned",Item not reported,0,0
Finance and insurance(608),"Equally minority/nonminority, male-owned",All firms,1596,1674307
Finance and insurance(608),"Equally minority/nonminority, male-owned",Personal/family savings of owner(s),838,439082
Finance and insurance(608),"Equally minority/nonminority, male-owned",Personal/family assets other than savings of owner(s),19,S
Finance and insurance(608),"Equally minority/nonminority, male-owned",Personal/family home equity loan,4,2480
Finance and insurance(608),"Equally minority/nonminority, male-owned",Personal credit card(s) carrying balances,25,S
Finance and insurance(608),"Equally minority/nonminority, male-owned",Business credit card(s) carrying balances,25,S
Finance and insurance(608),"Equally minority/nonminority, male-owned","Business loan from federal, state, or local government",0,0
Finance and insurance(608),"Equally minority/nonminority, male-owned",Government-guaranteed business loan from a bank or financial institution,0,0
Finance and insurance(608),"Equally minority/nonminority, male-owned",Business loan from a bank or financial institution,71,10141
Finance and insurance(608),"Equally minority/nonminority, male-owned",Business loan/investment from family/friends,8,S
Finance and insurance(608),"Equally minority/nonminority, male-owned",Investment by venture capitalist(s),61,S
Finance and insurance(608),"Equally minority/nonminority, male-owned",Grants,0,0
Finance and insurance(608),"Equally minority/nonminority, male-owned",Other source(s) of capital,16,76859
Finance and insurance(608),"Equally minority/nonminority, male-owned",Don't know,10,S
Finance and insurance(608),"Equally minority/nonminority, male-owned",None needed,6,2497
Finance and insurance(608),"Equally minority/nonminority, male-owned",Total reporting,869,S
Finance and insurance(608),"Equally minority/nonminority, male-owned",Item not reported,6,S
Finance and insurance(608),"Equally minority/nonminority, equally male-/female-owned",All firms,4830,1045869
Finance and insurance(608),"Equally minority/nonminority, equally male-/female-owned",Personal/family savings of owner(s),2553,513655
Finance and insurance(608),"Equally minority/nonminority, equally male-/female-owned",Personal/family assets other than savings of owner(s),242,83423
Finance and insurance(608),"Equally minority/nonminority, equally male-/female-owned",Personal/family home equity loan,216,57430
Finance and insurance(608),"Equally minority/nonminority, equally male-/female-owned",Personal credit card(s) carrying balances,406,69420
Finance and insurance(608),"Equally minority/nonminority, equally male-/female-owned",Business credit card(s) carrying balances,200,41206
Finance and insurance(608),"Equally minority/nonminority, equally male-/female-owned","Business loan from federal, state, or local government",0,0
Finance and insurance(608),"Equally minority/nonminority, equally male-/female-owned",Government-guaranteed business loan from a bank or financial institution,0,0
Finance and insurance(608),"Equally minority/nonminority, equally male-/female-owned",Business loan from a bank or financial institution,146,36671
Finance and insurance(608),"Equally minority/nonminority, equally male-/female-owned",Business loan/investment from family/friends,185,57243
Finance and insurance(608),"Equally minority/nonminority, equally male-/female-owned",Investment by venture capitalist(s),6,S
Finance and insurance(608),"Equally minority/nonminority, equally male-/female-owned",Grants,6,S
Finance and insurance(608),"Equally minority/nonminority, equally male-/female-owned",Other source(s) of capital,19,S
Finance and insurance(608),"Equally minority/nonminority, equally male-/female-owned",Don't know,113,16263
Finance and insurance(608),"Equally minority/nonminority, equally male-/female-owned",None needed,491,25514
Finance and insurance(608),"Equally minority/nonminority, equally male-/female-owned",Total reporting,3494,608002
Finance and insurance(608),"Equally minority/nonminority, equally male-/female-owned",Item not reported,0,0
Finance and insurance(608),Nonminority,All firms,762018,404213119
Finance and insurance(608),Nonminority,Personal/family savings of owner(s),332605,139449909
Finance and insurance(608),Nonminority,Personal/family assets other than savings of owner(s),33466,18904592
Finance and insurance(608),Nonminority,Personal/family home equity loan,16388,7346191
Finance and insurance(608),Nonminority,Personal credit card(s) carrying balances,33225,8986832
Finance and insurance(608),Nonminority,Business credit card(s) carrying balances,12123,4811938
Finance and insurance(608),Nonminority,"Business loan from federal, state, or local government",360,136900
Finance and insurance(608),Nonminority,Government-guaranteed business loan from a bank or financial institution,1109,696017
Finance and insurance(608),Nonminority,Business loan from a bank or financial institution,28975,24505321
Finance and insurance(608),Nonminority,Business loan/investment from family/friends,8313,6715231
Finance and insurance(608),Nonminority,Investment by venture capitalist(s),2214,3016863
Finance and insurance(608),Nonminority,Grants,172,S
Finance and insurance(608),Nonminority,Other source(s) of capital,14478,18897547
Finance and insurance(608),Nonminority,Don't know,35768,71186352
Finance and insurance(608),Nonminority,None needed,132226,16361883
Finance and insurance(608),Nonminority,Total reporting,547155(r),252453435(r)
Finance and insurance(608),Nonminority,Item not reported,10384(r),4215293(r)
Finance and insurance(608),"Nonminority, female-owned",All firms,155415,31527302
Finance and insurance(608),"Nonminority, female-owned",Personal/family savings of owner(s),52817,11590127
Finance and insurance(608),"Nonminority, female-owned",Personal/family assets other than savings of owner(s),6161,S
Finance and insurance(608),"Nonminority, female-owned",Personal/family home equity loan,2807,S
Finance and insurance(608),"Nonminority, female-owned",Personal credit card(s) carrying balances,6471,S
Finance and insurance(608),"Nonminority, female-owned",Business credit card(s) carrying balances,1892,S
Finance and insurance(608),"Nonminority, female-owned","Business loan from federal, state, or local government",61,S
Finance and insurance(608),"Nonminority, female-owned",Government-guaranteed business loan from a bank or financial institution,206,94436
Finance and insurance(608),"Nonminority, female-owned",Business loan from a bank or financial institution,3299,3354646
Finance and insurance(608),"Nonminority, female-owned",Business loan/investment from family/friends,1104,396768
Finance and insurance(608),"Nonminority, female-owned",Investment by venture capitalist(s),200,281543
Finance and insurance(608),"Nonminority, female-owned",Grants,30,S
Finance and insurance(608),"Nonminority, female-owned",Other source(s) of capital,2448,S
Finance and insurance(608),"Nonminority, female-owned",Don't know,6833,4049751
Finance and insurance(608),"Nonminority, female-owned",None needed,36777,2750268
Finance and insurance(608),"Nonminority, female-owned",Total reporting,104852(r),20790474(r)
Finance and insurance(608),"Nonminority, female-owned",Item not reported,4106(r),197185(r)
Finance and insurance(608),"Nonminority, male-owned",All firms,540875,354520238
Finance and insurance(608),"Nonminority, male-owned",Personal/family savings of owner(s),245386,118463351
Finance and insurance(608),"Nonminority, male-owned",Personal/family assets other than savings of owner(s),22448,15006290
Finance and insurance(608),"Nonminority, male-owned",Personal/family home equity loan,11329,4504221
Finance and insurance(608),"Nonminority, male-owned",Personal credit card(s) carrying balances,24125,5837268
Finance and insurance(608),"Nonminority, male-owned",Business credit card(s) carrying balances,8936,2517545
Finance and insurance(608),"Nonminority, male-owned","Business loan from federal, state, or local government",236,S
Finance and insurance(608),"Nonminority, male-owned",Government-guaranteed business loan from a bank or financial institution,809,488676
Finance and insurance(608),"Nonminority, male-owned",Business loan from a bank or financial institution,21388,20001249
Finance and insurance(608),"Nonminority, male-owned",Business loan/investment from family/friends,6012,5857730
Finance and insurance(608),"Nonminority, male-owned",Investment by venture capitalist(s),1794,2656549
Finance and insurance(608),"Nonminority, male-owned",Grants,46,S
Finance and insurance(608),"Nonminority, male-owned",Other source(s) of capital,10315,15938337
Finance and insurance(608),"Nonminority, male-owned",Don't know,26510,65557449
Finance and insurance(608),"Nonminority, male-owned",None needed,89177,12344606
Finance and insurance(608),"Nonminority, male-owned",Total reporting,392838(r),218060503(r)
Finance and insurance(608),"Nonminority, male-owned",Item not reported,6029(r),3990137(r)
Finance and insurance(608),"Nonminority, equally male-/female-owned",All firms,65727,18165579
Finance and insurance(608),"Nonminority, equally male-/female-owned",Personal/family savings of owner(s),34401,9396431
Finance and insurance(608),"Nonminority, equally male-/female-owned",Personal/family assets other than savings of owner(s),4857,973863
Finance and insurance(608),"Nonminority, equally male-/female-owned",Personal/family home equity loan,2252,589042
Finance and insurance(608),"Nonminority, equally male-/female-owned",Personal credit card(s) carrying balances,2629,669753
Finance and insurance(608),"Nonminority, equally male-/female-owned",Business credit card(s) carrying balances,1296,342782
Finance and insurance(608),"Nonminority, equally male-/female-owned","Business loan from federal, state, or local government",62,S
Finance and insurance(608),"Nonminority, equally male-/female-owned",Government-guaranteed business loan from a bank or financial institution,94,S
Finance and insurance(608),"Nonminority, equally male-/female-owned",Business loan from a bank or financial institution,4289,1149426
Finance and insurance(608),"Nonminority, equally male-/female-owned",Business loan/investment from family/friends,1197,460732
Finance and insurance(608),"Nonminority, equally male-/female-owned",Investment by venture capitalist(s),219,S
Finance and insurance(608),"Nonminority, equally male-/female-owned",Grants,96,S
Finance and insurance(608),"Nonminority, equally male-/female-owned",Other source(s) of capital,1715,534485
Finance and insurance(608),"Nonminority, equally male-/female-owned",Don't know,2425,1579152
Finance and insurance(608),"Nonminority, equally male-/female-owned",None needed,6272,1267009
Finance and insurance(608),"Nonminority, equally male-/female-owned",Total reporting,49465(r),13602458(r)
Finance and insurance(608),"Nonminority, equally male-/female-owned",Item not reported,249(r),27971(r)
Finance and insurance(608),Veteran,All firms,123180,41417673
Finance and insurance(608),Veteran,Personal/family savings of owner(s),53395,12763845
Finance and insurance(608),Veteran,Personal/family assets other than savings of owner(s),4887,1344274
Finance and insurance(608),Veteran,Personal/family home equity loan,1710,661493
Finance and insurance(608),Veteran,Personal credit card(s) carrying balances,4389,769514
Finance and insurance(608),Veteran,Business credit card(s) carrying balances,1539,313249
Finance and insurance(608),Veteran,"Business loan from federal, state, or local government",38,S
Finance and insurance(608),Veteran,Government-guaranteed business loan from a bank or financial institution,121,S
Finance and insurance(608),Veteran,Business loan from a bank or financial institution,3797,4376713
Finance and insurance(608),Veteran,Business loan/investment from family/friends,682,526259
Finance and insurance(608),Veteran,Investment by venture capitalist(s),220,45139
Finance and insurance(608),Veteran,Grants,56,S
Finance and insurance(608),Veteran,Other source(s) of capital,1680,1167258
Finance and insurance(608),Veteran,Don't know,4854,10797690
Finance and insurance(608),Veteran,None needed,21036,1900837
Finance and insurance(608),Veteran,Total reporting,85570(r),29381758(r)
Finance and insurance(608),Veteran,Item not reported,1707(r),247050(r)
Finance and insurance(608),"Veteran, female-owned",All firms,8663,339046
Finance and insurance(608),"Veteran, female-owned",Personal/family savings of owner(s),1036,110596
Finance and insurance(608),"Veteran, female-owned",Personal/family assets other than savings of owner(s),166,S
Finance and insurance(608),"Veteran, female-owned",Personal/family home equity loan,2,S
Finance and insurance(608),"Veteran, female-owned",Personal credit card(s) carrying balances,11,S
Finance and insurance(608),"Veteran, female-owned",Business credit card(s) carrying balances,0,0
Finance and insurance(608),"Veteran, female-owned","Business loan from federal, state, or local government",0,0
Finance and insurance(608),"Veteran, female-owned",Government-guaranteed business loan from a bank or financial institution,0,0
Finance and insurance(608),"Veteran, female-owned",Business loan from a bank or financial institution,107,28514
Finance and insurance(608),"Veteran, female-owned",Business loan/investment from family/friends,0,0
Finance and insurance(608),"Veteran, female-owned",Investment by venture capitalist(s),0,0
Finance and insurance(608),"Veteran, female-owned",Grants,0,0
Finance and insurance(608),"Veteran, female-owned",Other source(s) of capital,0,0
Finance and insurance(608),"Veteran, female-owned",Don't know,32,S
Finance and insurance(608),"Veteran, female-owned",None needed,509,18105
Finance and insurance(608),"Veteran, female-owned",Total reporting,1751(r),146592(r)
Finance and insurance(608),"Veteran, female-owned",Item not reported,217(r),S
Finance and insurance(608),"Veteran, male-owned",All firms,113984,41031358
Finance and insurance(608),"Veteran, male-owned",Personal/family savings of owner(s),52004,12641869
Finance and insurance(608),"Veteran, male-owned",Personal/family assets other than savings of owner(s),4678,1336392
Finance and insurance(608),"Veteran, male-owned",Personal/family home equity loan,1708,661462
Finance and insurance(608),"Veteran, male-owned",Personal credit card(s) carrying balances,4288,768143
Finance and insurance(608),"Veteran, male-owned",Business credit card(s) carrying balances,1539,313249
Finance and insurance(608),"Veteran, male-owned","Business loan from federal, state, or local government",38,S
Finance and insurance(608),"Veteran, male-owned",Government-guaranteed business loan from a bank or financial institution,121,S
Finance and insurance(608),"Veteran, male-owned",Business loan from a bank or financial institution,3600,4346731
Finance and insurance(608),"Veteran, male-owned",Business loan/investment from family/friends,592,524790
Finance and insurance(608),"Veteran, male-owned",Investment by venture capitalist(s),220,45139
Finance and insurance(608),"Veteran, male-owned",Grants,56,S
Finance and insurance(608),"Veteran, male-owned",Other source(s) of capital,1680,1167258
Finance and insurance(608),"Veteran, male-owned",Don't know,4822,10797626
Finance and insurance(608),"Veteran, male-owned",None needed,20527,1882731
Finance and insurance(608),"Veteran, male-owned",Total reporting,83420(r),29223702(r)
Finance and insurance(608),"Veteran, male-owned",Item not reported,1490(r),199719(r)
Finance and insurance(608),"Veteran, equally male-/female-owned",All firms,534,47270
Finance and insurance(608),"Veteran, equally male-/female-owned",Personal/family savings of owner(s),356,S
Finance and insurance(608),"Veteran, equally male-/female-owned",Personal/family assets other than savings of owner(s),42,S
Finance and insurance(608),"Veteran, equally male-/female-owned",Personal/family home equity loan,0,0
Finance and insurance(608),"Veteran, equally male-/female-owned",Personal credit card(s) carrying balances,89,S
Finance and insurance(608),"Veteran, equally male-/female-owned",Business credit card(s) carrying balances,0,0
Finance and insurance(608),"Veteran, equally male-/female-owned","Business loan from federal, state, or local government",0,0
Finance and insurance(608),"Veteran, equally male-/female-owned",Government-guaranteed business loan from a bank or financial institution,0,0
Finance and insurance(608),"Veteran, equally male-/female-owned",Business loan from a bank or financial institution,90,S
Finance and insurance(608),"Veteran, equally male-/female-owned",Business loan/investment from family/friends,90,S
Finance and insurance(608),"Veteran, equally male-/female-owned",Investment by venture capitalist(s),0,0
Finance and insurance(608),"Veteran, equally male-/female-owned",Grants,0,0
Finance and insurance(608),"Veteran, equally male-/female-owned",Other source(s) of capital,0,0
Finance and insurance(608),"Veteran, equally male-/female-owned",Don't know,0,0
Finance and insurance(608),"Veteran, equally male-/female-owned",None needed,0,0
Finance and insurance(608),"Veteran, equally male-/female-owned",Total reporting,398,S
Finance and insurance(608),"Veteran, equally male-/female-owned",Item not reported,0,0
Finance and insurance(608),"Veteran, Hispanic",All firms,5580,453876
Finance and insurance(608),"Veteran, Hispanic",Personal/family savings of owner(s),1489,192821
Finance and insurance(608),"Veteran, Hispanic",Personal/family assets other than savings of owner(s),79,13544
Finance and insurance(608),"Veteran, Hispanic",Personal/family home equity loan,76,S
Finance and insurance(608),"Veteran, Hispanic",Personal credit card(s) carrying balances,379,23250
Finance and insurance(608),"Veteran, Hispanic",Business credit card(s) carrying balances,63,4013
Finance and insurance(608),"Veteran, Hispanic","Business loan from federal, state, or local government",0,0
Finance and insurance(608),"Veteran, Hispanic",Government-guaranteed business loan from a bank or financial institution,17,S
Finance and insurance(608),"Veteran, Hispanic",Business loan from a bank or financial institution,70,S
Finance and insurance(608),"Veteran, Hispanic",Business loan/investment from family/friends,4,S
Finance and insurance(608),"Veteran, Hispanic",Investment by venture capitalist(s),0,0
Finance and insurance(608),"Veteran, Hispanic",Grants,0,0
Finance and insurance(608),"Veteran, Hispanic",Other source(s) of capital,68,S
Finance and insurance(608),"Veteran, Hispanic",Don't know,147,S
Finance and insurance(608),"Veteran, Hispanic",None needed,821,S
Finance and insurance(608),"Veteran, Hispanic",Total reporting,2621(r),285544(r)
Finance and insurance(608),"Veteran, Hispanic",Item not reported,34(r),S
Finance and insurance(608),"Veteran, equally Hispanic/non-Hispanic",All firms,10,S
Finance and insurance(608),"Veteran, equally Hispanic/non-Hispanic",Personal/family savings of owner(s),21,S
Finance and insurance(608),"Veteran, equally Hispanic/non-Hispanic",Personal/family assets other than savings of owner(s),0,S
Finance and insurance(608),"Veteran, equally Hispanic/non-Hispanic",Personal/family home equity loan,2,S
Finance and insurance(608),"Veteran, equally Hispanic/non-Hispanic",Personal credit card(s) carrying balances,0,S
Finance and insurance(608),"Veteran, equally Hispanic/non-Hispanic",Business credit card(s) carrying balances,0,S
Finance and insurance(608),"Veteran, equally Hispanic/non-Hispanic","Business loan from federal, state, or local government",0,S
Finance and insurance(608),"Veteran, equally Hispanic/non-Hispanic",Government-guaranteed business loan from a bank or financial institution,0,S
Finance and insurance(608),"Veteran, equally Hispanic/non-Hispanic",Business loan from a bank or financial institution,0,S
Finance and insurance(608),"Veteran, equally Hispanic/non-Hispanic",Business loan/investment from family/friends,0,S
Finance and insurance(608),"Veteran, equally Hispanic/non-Hispanic",Investment by venture capitalist(s),0,S
Finance and insurance(608),"Veteran, equally Hispanic/non-Hispanic",Grants,0,S
Finance and insurance(608),"Veteran, equally Hispanic/non-Hispanic",Other source(s) of capital,0,S
Finance and insurance(608),"Veteran, equally Hispanic/non-Hispanic",Don't know,0,S
Finance and insurance(608),"Veteran, equally Hispanic/non-Hispanic",None needed,0,S
Finance and insurance(608),"Veteran, equally Hispanic/non-Hispanic",Total reporting,21,S
Finance and insurance(608),"Veteran, equally Hispanic/non-Hispanic",Item not reported,0,S
Finance and insurance(608),"Veteran, non-Hispanic",All firms,117591,40960079
Finance and insurance(608),"Veteran, non-Hispanic",Personal/family savings of owner(s),51885,12562895
Finance and insurance(608),"Veteran, non-Hispanic",Personal/family assets other than savings of owner(s),4808,1330730
Finance and insurance(608),"Veteran, non-Hispanic",Personal/family home equity loan,1633,640335
Finance and insurance(608),"Veteran, non-Hispanic",Personal credit card(s) carrying balances,4010,746264
Finance and insurance(608),"Veteran, non-Hispanic",Business credit card(s) carrying balances,1476,309236
Finance and insurance(608),"Veteran, non-Hispanic","Business loan from federal, state, or local government",38,S
Finance and insurance(608),"Veteran, non-Hispanic",Government-guaranteed business loan from a bank or financial institution,103,S
Finance and insurance(608),"Veteran, non-Hispanic",Business loan from a bank or financial institution,3727,4360635
Finance and insurance(608),"Veteran, non-Hispanic",Business loan/investment from family/friends,678,508581
Finance and insurance(608),"Veteran, non-Hispanic",Investment by venture capitalist(s),220,45139
Finance and insurance(608),"Veteran, non-Hispanic",Grants,56,S
Finance and insurance(608),"Veteran, non-Hispanic",Other source(s) of capital,1612,1102652
Finance and insurance(608),"Veteran, non-Hispanic",Don't know,4707,10793263
Finance and insurance(608),"Veteran, non-Hispanic",None needed,20215,1881120
Finance and insurance(608),"Veteran, non-Hispanic",Total reporting,82927(r),29088085(r)
Finance and insurance(608),"Veteran, non-Hispanic",Item not reported,1673(r),246285(r)
Finance and insurance(608),"Veteran, White",All firms,113247,40611703
Finance and insurance(608),"Veteran, White",Personal/family savings of owner(s),50159,12358607
Finance and insurance(608),"Veteran, White",Personal/family assets other than savings of owner(s),4641,1295951
Finance and insurance(608),"Veteran, White",Personal/family home equity loan,1597,644585
Finance and insurance(608),"Veteran, White",Personal credit card(s) carrying balances,4017,738494
Finance and insurance(608),"Veteran, White",Business credit card(s) carrying balances,1384,296372
Finance and insurance(608),"Veteran, White","Business loan from federal, state, or local government",38,S
Finance and insurance(608),"Veteran, White",Government-guaranteed business loan from a bank or financial institution,119,S
Finance and insurance(608),"Veteran, White",Business loan from a bank or financial institution,3679,4356312
Finance and insurance(608),"Veteran, White",Business loan/investment from family/friends,675,508377
Finance and insurance(608),"Veteran, White",Investment by venture capitalist(s),189,44806
Finance and insurance(608),"Veteran, White",Grants,9,S
Finance and insurance(608),"Veteran, White",Other source(s) of capital,1550,1150034
Finance and insurance(608),"Veteran, White",Don't know,4580,10761145
Finance and insurance(608),"Veteran, White",None needed,19912,1856338
Finance and insurance(608),"Veteran, White",Total reporting,80677(r),28860655(r)
Finance and insurance(608),"Veteran, White",Item not reported,1487(r),237472(r)
Finance and insurance(608),"Veteran, Black or African American",All firms,6558,381567
Finance and insurance(608),"Veteran, Black or African American",Personal/family savings of owner(s),2019,204923
Finance and insurance(608),"Veteran, Black or African American",Personal/family assets other than savings of owner(s),200,18655
Finance and insurance(608),"Veteran, Black or African American",Personal/family home equity loan,6,S
Finance and insurance(608),"Veteran, Black or African American",Personal credit card(s) carrying balances,275,19574
Finance and insurance(608),"Veteran, Black or African American",Business credit card(s) carrying balances,132,14239
Finance and insurance(608),"Veteran, Black or African American","Business loan from federal, state, or local government",0,0
Finance and insurance(608),"Veteran, Black or African American",Government-guaranteed business loan from a bank or financial institution,2,S
Finance and insurance(608),"Veteran, Black or African American",Business loan from a bank or financial institution,100,S
Finance and insurance(608),"Veteran, Black or African American",Business loan/investment from family/friends,0,0
Finance and insurance(608),"Veteran, Black or African American",Investment by venture capitalist(s),30,S
Finance and insurance(608),"Veteran, Black or African American",Grants,47,S
Finance and insurance(608),"Veteran, Black or African American",Other source(s) of capital,64,S
Finance and insurance(608),"Veteran, Black or African American",Don't know,105,S
Finance and insurance(608),"Veteran, Black or African American",None needed,774,20568
Finance and insurance(608),"Veteran, Black or African American",Total reporting,3011(r),245771(r)
Finance and insurance(608),"Veteran, Black or African American",Item not reported,192(r),S
Finance and insurance(608),"Veteran, American Indian and Alaska Native",All firms,1047,118742
Finance and insurance(608),"Veteran, American Indian and Alaska Native",Personal/family savings of owner(s),539,70741
Finance and insurance(608),"Veteran, American Indian and Alaska Native",Personal/family assets other than savings of owner(s),18,S
Finance and insurance(608),"Veteran, American Indian and Alaska Native",Personal/family home equity loan,36,2464
Finance and insurance(608),"Veteran, American Indian and Alaska Native",Personal credit card(s) carrying balances,40,S
Finance and insurance(608),"Veteran, American Indian and Alaska Native",Business credit card(s) carrying balances,4,S
Finance and insurance(608),"Veteran, American Indian and Alaska Native","Business loan from federal, state, or local government",0,0
Finance and insurance(608),"Veteran, American Indian and Alaska Native",Government-guaranteed business loan from a bank or financial institution,0,0
Finance and insurance(608),"Veteran, American Indian and Alaska Native",Business loan from a bank or financial institution,5,S
Finance and insurance(608),"Veteran, American Indian and Alaska Native",Business loan/investment from family/friends,5,S
Finance and insurance(608),"Veteran, American Indian and Alaska Native",Investment by venture capitalist(s),0,0
Finance and insurance(608),"Veteran, American Indian and Alaska Native",Grants,0,0
Finance and insurance(608),"Veteran, American Indian and Alaska Native",Other source(s) of capital,19,S
Finance and insurance(608),"Veteran, American Indian and Alaska Native",Don't know,47,S
Finance and insurance(608),"Veteran, American Indian and Alaska Native",None needed,317,S
Finance and insurance(608),"Veteran, American Indian and Alaska Native",Total reporting,940,120482
Finance and insurance(608),"Veteran, American Indian and Alaska Native",Item not reported,0,0
Finance and insurance(608),"Veteran, Asian",All firms,1968,284275
Finance and insurance(608),"Veteran, Asian",Personal/family savings of owner(s),641,106844
Finance and insurance(608),"Veteran, Asian",Personal/family assets other than savings of owner(s),23,S
Finance and insurance(608),"Veteran, Asian",Personal/family home equity loan,61,S
Finance and insurance(608),"Veteran, Asian",Personal credit card(s) carrying balances,2,S
Finance and insurance(608),"Veteran, Asian",Business credit card(s) carrying balances,0,0
Finance and insurance(608),"Veteran, Asian","Business loan from federal, state, or local government",0,0
Finance and insurance(608),"Veteran, Asian",Government-guaranteed business loan from a bank or financial institution,0,0
Finance and insurance(608),"Veteran, Asian",Business loan from a bank or financial institution,17,S
Finance and insurance(608),"Veteran, Asian",Business loan/investment from family/friends,0,0
Finance and insurance(608),"Veteran, Asian",Investment by venture capitalist(s),0,0
Finance and insurance(608),"Veteran, Asian",Grants,0,0
Finance and insurance(608),"Veteran, Asian",Other source(s) of capital,48,S
Finance and insurance(608),"Veteran, Asian",Don't know,162,S
Finance and insurance(608),"Veteran, Asian",None needed,164,S
Finance and insurance(608),"Veteran, Asian",Total reporting,1077,159641
Finance and insurance(608),"Veteran, Asian",Item not reported,28,S
Finance and insurance(608),"Veteran, Native Hawaiian and Other Pacific Islander",All firms,150,31887
Finance and insurance(608),"Veteran, Native Hawaiian and Other Pacific Islander",Personal/family savings of owner(s),64,4777
Finance and insurance(608),"Veteran, Native Hawaiian and Other Pacific Islander",Personal/family assets other than savings of owner(s),2,S
Finance and insurance(608),"Veteran, Native Hawaiian and Other Pacific Islander",Personal/family home equity loan,2,S
Finance and insurance(608),"Veteran, Native Hawaiian and Other Pacific Islander",Personal credit card(s) carrying balances,9,733
Finance and insurance(608),"Veteran, Native Hawaiian and Other Pacific Islander",Business credit card(s) carrying balances,0,0
Finance and insurance(608),"Veteran, Native Hawaiian and Other Pacific Islander","Business loan from federal, state, or local government",0,0
Finance and insurance(608),"Veteran, Native Hawaiian and Other Pacific Islander",Government-guaranteed business loan from a bank or financial institution,0,0
Finance and insurance(608),"Veteran, Native Hawaiian and Other Pacific Islander",Business loan from a bank or financial institution,4,558
Finance and insurance(608),"Veteran, Native Hawaiian and Other Pacific Islander",Business loan/investment from family/friends,0,0
Finance and insurance(608),"Veteran, Native Hawaiian and Other Pacific Islander",Investment by venture capitalist(s),0,0
Finance and insurance(608),"Veteran, Native Hawaiian and Other Pacific Islander",Grants,0,0
Finance and insurance(608),"Veteran, Native Hawaiian and Other Pacific Islander",Other source(s) of capital,0,0
Finance and insurance(608),"Veteran, Native Hawaiian and Other Pacific Islander",Don't know,0,0
Finance and insurance(608),"Veteran, Native Hawaiian and Other Pacific Islander",None needed,20,377
Finance and insurance(608),"Veteran, Native Hawaiian and Other Pacific Islander",Total reporting,85,5154
Finance and insurance(608),"Veteran, Native Hawaiian and Other Pacific Islander",Item not reported,0,0
Finance and insurance(608),"Veteran, some other race",All firms,1377,115044
Finance and insurance(608),"Veteran, some other race",Personal/family savings of owner(s),387,92634
Finance and insurance(608),"Veteran, some other race",Personal/family assets other than savings of owner(s),9,S
Finance and insurance(608),"Veteran, some other race",Personal/family home equity loan,71,S
Finance and insurance(608),"Veteran, some other race",Personal credit card(s) carrying balances,102,S
Finance and insurance(608),"Veteran, some other race",Business credit card(s) carrying balances,19,S
Finance and insurance(608),"Veteran, some other race","Business loan from federal, state, or local government",0,0
Finance and insurance(608),"Veteran, some other race",Government-guaranteed business loan from a bank or financial institution,10,S
Finance and insurance(608),"Veteran, some other race",Business loan from a bank or financial institution,30,S
Finance and insurance(608),"Veteran, some other race",Business loan/investment from family/friends,2,S
Finance and insurance(608),"Veteran, some other race",Investment by venture capitalist(s),0,0
Finance and insurance(608),"Veteran, some other race",Grants,0,0
Finance and insurance(608),"Veteran, some other race",Other source(s) of capital,0,0
Finance and insurance(608),"Veteran, some other race",Don't know,4,S
Finance and insurance(608),"Veteran, some other race",None needed,73,S
Finance and insurance(608),"Veteran, some other race",Total reporting,464,101051
Finance and insurance(608),"Veteran, some other race",Item not reported,0,0
Finance and insurance(608),"Veteran, minority",All firms,14820,1215729
Finance and insurance(608),"Veteran, minority",Personal/family savings of owner(s),4681,577069
Finance and insurance(608),"Veteran, minority",Personal/family assets other than savings of owner(s),308,57934
Finance and insurance(608),"Veteran, minority",Personal/family home equity loan,181,32138
Finance and insurance(608),"Veteran, minority",Personal credit card(s) carrying balances,676,44777
Finance and insurance(608),"Veteran, minority",Business credit card(s) carrying balances,199,19385
Finance and insurance(608),"Veteran, minority","Business loan from federal, state, or local government",0,0
Finance and insurance(608),"Veteran, minority",Government-guaranteed business loan from a bank or financial institution,19,S
Finance and insurance(608),"Veteran, minority",Business loan from a bank or financial institution,179,36047
Finance and insurance(608),"Veteran, minority",Business loan/investment from family/friends,9,S
Finance and insurance(608),"Veteran, minority",Investment by venture capitalist(s),30,S
Finance and insurance(608),"Veteran, minority",Grants,47,S
Finance and insurance(608),"Veteran, minority",Other source(s) of capital,186,S
Finance and insurance(608),"Veteran, minority",Don't know,416,40522
Finance and insurance(608),"Veteran, minority",None needed,1973,77566
Finance and insurance(608),"Veteran, minority",Total reporting,7480(r),798533(r)
Finance and insurance(608),"Veteran, minority",Item not reported,254(r),S
Finance and insurance(608),"Veteran, equally minority/nonminority",All firms,151,S
Finance and insurance(608),"Veteran, equally minority/nonminority",Personal/family savings of owner(s),152,S
Finance and insurance(608),"Veteran, equally minority/nonminority",Personal/family assets other than savings of owner(s),0,S
Finance and insurance(608),"Veteran, equally minority/nonminority",Personal/family home equity loan,2,S
Finance and insurance(608),"Veteran, equally minority/nonminority",Personal credit card(s) carrying balances,0,S
Finance and insurance(608),"Veteran, equally minority/nonminority",Business credit card(s) carrying balances,0,S
Finance and insurance(608),"Veteran, equally minority/nonminority","Business loan from federal, state, or local government",0,S
Finance and insurance(608),"Veteran, equally minority/nonminority",Government-guaranteed business loan from a bank or financial institution,0,S
Finance and insurance(608),"Veteran, equally minority/nonminority",Business loan from a bank or financial institution,0,S
Finance and insurance(608),"Veteran, equally minority/nonminority",Business loan/investment from family/friends,0,S
Finance and insurance(608),"Veteran, equally minority/nonminority",Investment by venture capitalist(s),0,S
Finance and insurance(608),"Veteran, equally minority/nonminority",Grants,0,S
Finance and insurance(608),"Veteran, equally minority/nonminority",Other source(s) of capital,0,S
Finance and insurance(608),"Veteran, equally minority/nonminority",Don't know,0,S
Finance and insurance(608),"Veteran, equally minority/nonminority",None needed,0,S
Finance and insurance(608),"Veteran, equally minority/nonminority",Total reporting,152,S
Finance and insurance(608),"Veteran, equally minority/nonminority",Item not reported,0,S
Finance and insurance(608),"Veteran, nonminority",All firms,108209,40189618
Finance and insurance(608),"Veteran, nonminority",Personal/family savings of owner(s),48562,12177874
Finance and insurance(608),"Veteran, nonminority",Personal/family assets other than savings of owner(s),4578,1286340
Finance and insurance(608),"Veteran, nonminority",Personal/family home equity loan,1528,628074
Finance and insurance(608),"Veteran, nonminority",Personal credit card(s) carrying balances,3712,724737
Finance and insurance(608),"Veteran, nonminority",Business credit card(s) carrying balances,1340,293864
Finance and insurance(608),"Veteran, nonminority","Business loan from federal, state, or local government",38,S
Finance and insurance(608),"Veteran, nonminority",Government-guaranteed business loan from a bank or financial institution,101,S
Finance and insurance(608),"Veteran, nonminority",Business loan from a bank or financial institution,3618,4340666
Finance and insurance(608),"Veteran, nonminority",Business loan/investment from family/friends,673,508121
Finance and insurance(608),"Veteran, nonminority",Investment by venture capitalist(s),189,44806
Finance and insurance(608),"Veteran, nonminority",Grants,9,S
Finance and insurance(608),"Veteran, nonminority",Other source(s) of capital,1494,1086418
Finance and insurance(608),"Veteran, nonminority",Don't know,4437,10757168
Finance and insurance(608),"Veteran, nonminority",None needed,19063,1823270
Finance and insurance(608),"Veteran, nonminority",Total reporting,77938(r),28574323(r)
Finance and insurance(608),"Veteran, nonminority",Item not reported,1453(r),236707(r)
Finance and insurance(608),Equally veteran/nonveteran,All firms,23365,7350765
Finance and insurance(608),Equally veteran/nonveteran,Personal/family savings of owner(s),11796,3055068
Finance and insurance(608),Equally veteran/nonveteran,Personal/family assets other than savings of owner(s),1423,341606
Finance and insurance(608),Equally veteran/nonveteran,Personal/family home equity loan,637,178823
Finance and insurance(608),Equally veteran/nonveteran,Personal credit card(s) carrying balances,645,213493
Finance and insurance(608),Equally veteran/nonveteran,Business credit card(s) carrying balances,258,52745
Finance and insurance(608),Equally veteran/nonveteran,"Business loan from federal, state, or local government",0,0
Finance and insurance(608),Equally veteran/nonveteran,Government-guaranteed business loan from a bank or financial institution,19,S
Finance and insurance(608),Equally veteran/nonveteran,Business loan from a bank or financial institution,1912,668492
Finance and insurance(608),Equally veteran/nonveteran,Business loan/investment from family/friends,484,147422
Finance and insurance(608),Equally veteran/nonveteran,Investment by venture capitalist(s),85,S
Finance and insurance(608),Equally veteran/nonveteran,Grants,0,0
Finance and insurance(608),Equally veteran/nonveteran,Other source(s) of capital,565,123533
Finance and insurance(608),Equally veteran/nonveteran,Don't know,1243,906630
Finance and insurance(608),Equally veteran/nonveteran,None needed,2032,228966
Finance and insurance(608),Equally veteran/nonveteran,Total reporting,17210(r),4855683(r)
Finance and insurance(608),Equally veteran/nonveteran,Item not reported,247(r),S
Finance and insurance(608),"Equally veteran/nonveteran, female-owned",All firms,295,S
Finance and insurance(608),"Equally veteran/nonveteran, female-owned",Personal/family savings of owner(s),18,S
Finance and insurance(608),"Equally veteran/nonveteran, female-owned",Personal/family assets other than savings of owner(s),0,S
Finance and insurance(608),"Equally veteran/nonveteran, female-owned",Personal/family home equity loan,0,S
Finance and insurance(608),"Equally veteran/nonveteran, female-owned",Personal credit card(s) carrying balances,0,S
Finance and insurance(608),"Equally veteran/nonveteran, female-owned",Business credit card(s) carrying balances,0,S
Finance and insurance(608),"Equally veteran/nonveteran, female-owned","Business loan from federal, state, or local government",0,S
Finance and insurance(608),"Equally veteran/nonveteran, female-owned",Government-guaranteed business loan from a bank or financial institution,0,S
Finance and insurance(608),"Equally veteran/nonveteran, female-owned",Business loan from a bank or financial institution,0,S
Finance and insurance(608),"Equally veteran/nonveteran, female-owned",Business loan/investment from family/friends,0,S
Finance and insurance(608),"Equally veteran/nonveteran, female-owned",Investment by venture capitalist(s),0,S
Finance and insurance(608),"Equally veteran/nonveteran, female-owned",Grants,0,S
Finance and insurance(608),"Equally veteran/nonveteran, female-owned",Other source(s) of capital,0,S
Finance and insurance(608),"Equally veteran/nonveteran, female-owned",Don't know,0,S
Finance and insurance(608),"Equally veteran/nonveteran, female-owned",None needed,0,S
Finance and insurance(608),"Equally veteran/nonveteran, female-owned",Total reporting,18(r),S
Finance and insurance(608),"Equally veteran/nonveteran, female-owned",Item not reported,55(r),S
Finance and insurance(608),"Equally veteran/nonveteran, male-owned",All firms,5725,3925221
Finance and insurance(608),"Equally veteran/nonveteran, male-owned",Personal/family savings of owner(s),2853,1457420
Finance and insurance(608),"Equally veteran/nonveteran, male-owned",Personal/family assets other than savings of owner(s),275,61594
Finance and insurance(608),"Equally veteran/nonveteran, male-owned",Personal/family home equity loan,141,47429
Finance and insurance(608),"Equally veteran/nonveteran, male-owned",Personal credit card(s) carrying balances,177,34776
Finance and insurance(608),"Equally veteran/nonveteran, male-owned",Business credit card(s) carrying balances,131,S
Finance and insurance(608),"Equally veteran/nonveteran, male-owned","Business loan from federal, state, or local government",0,0
Finance and insurance(608),"Equally veteran/nonveteran, male-owned",Government-guaranteed business loan from a bank or financial institution,0,0
Finance and insurance(608),"Equally veteran/nonveteran, male-owned",Business loan from a bank or financial institution,733,376879
Finance and insurance(608),"Equally veteran/nonveteran, male-owned",Business loan/investment from family/friends,314,S
Finance and insurance(608),"Equally veteran/nonveteran, male-owned",Investment by venture capitalist(s),2,S
Finance and insurance(608),"Equally veteran/nonveteran, male-owned",Grants,0,0
Finance and insurance(608),"Equally veteran/nonveteran, male-owned",Other source(s) of capital,178,63299
Finance and insurance(608),"Equally veteran/nonveteran, male-owned",Don't know,610,692083
Finance and insurance(608),"Equally veteran/nonveteran, male-owned",None needed,279,S
Finance and insurance(608),"Equally veteran/nonveteran, male-owned",Total reporting,4449,2624764
Finance and insurance(608),"Equally veteran/nonveteran, male-owned",Item not reported,84,S
Finance and insurance(608),"Equally veteran/nonveteran, equally male-/female-owned",All firms,17345,3413459
Finance and insurance(608),"Equally veteran/nonveteran, equally male-/female-owned",Personal/family savings of owner(s),8925,1597312
Finance and insurance(608),"Equally veteran/nonveteran, equally male-/female-owned",Personal/family assets other than savings of owner(s),1148,280012
Finance and insurance(608),"Equally veteran/nonveteran, equally male-/female-owned",Personal/family home equity loan,496,131394
Finance and insurance(608),"Equally veteran/nonveteran, equally male-/female-owned",Personal credit card(s) carrying balances,468,178717
Finance and insurance(608),"Equally veteran/nonveteran, equally male-/female-owned",Business credit card(s) carrying balances,126,39413
Finance and insurance(608),"Equally veteran/nonveteran, equally male-/female-owned","Business loan from federal, state, or local government",0,0
Finance and insurance(608),"Equally veteran/nonveteran, equally male-/female-owned",Government-guaranteed business loan from a bank or financial institution,19,S
Finance and insurance(608),"Equally veteran/nonveteran, equally male-/female-owned",Business loan from a bank or financial institution,1179,291613
Finance and insurance(608),"Equally veteran/nonveteran, equally male-/female-owned",Business loan/investment from family/friends,170,S
Finance and insurance(608),"Equally veteran/nonveteran, equally male-/female-owned",Investment by venture capitalist(s),83,S
Finance and insurance(608),"Equally veteran/nonveteran, equally male-/female-owned",Grants,0,0
Finance and insurance(608),"Equally veteran/nonveteran, equally male-/female-owned",Other source(s) of capital,387,60235
Finance and insurance(608),"Equally veteran/nonveteran, equally male-/female-owned",Don't know,633,214547
Finance and insurance(608),"Equally veteran/nonveteran, equally male-/female-owned",None needed,1753,182506
Finance and insurance(608),"Equally veteran/nonveteran, equally male-/female-owned",Total reporting,12743(r),2230584(r)
Finance and insurance(608),"Equally veteran/nonveteran, equally male-/female-owned",Item not reported,109(r),S
Finance and insurance(608),"Equally veteran/nonveteran, Hispanic",All firms,547,58149
Finance and insurance(608),"Equally veteran/nonveteran, Hispanic",Personal/family savings of owner(s),98,14104
Finance and insurance(608),"Equally veteran/nonveteran, Hispanic",Personal/family assets other than savings of owner(s),0,0
Finance and insurance(608),"Equally veteran/nonveteran, Hispanic",Personal/family home equity loan,8,S
Finance and insurance(608),"Equally veteran/nonveteran, Hispanic",Personal credit card(s) carrying balances,0,0
Finance and insurance(608),"Equally veteran/nonveteran, Hispanic",Business credit card(s) carrying balances,0,0
Finance and insurance(608),"Equally veteran/nonveteran, Hispanic","Business loan from federal, state, or local government",0,0
Finance and insurance(608),"Equally veteran/nonveteran, Hispanic",Government-guaranteed business loan from a bank or financial institution,8,S
Finance and insurance(608),"Equally veteran/nonveteran, Hispanic",Business loan from a bank or financial institution,0,0
Finance and insurance(608),"Equally veteran/nonveteran, Hispanic",Business loan/investment from family/friends,45,S
Finance and insurance(608),"Equally veteran/nonveteran, Hispanic",Investment by venture capitalist(s),0,0
Finance and insurance(608),"Equally veteran/nonveteran, Hispanic",Grants,0,0
Finance and insurance(608),"Equally veteran/nonveteran, Hispanic",Other source(s) of capital,0,0
Finance and insurance(608),"Equally veteran/nonveteran, Hispanic",Don't know,0,0
Finance and insurance(608),"Equally veteran/nonveteran, Hispanic",None needed,9,S
Finance and insurance(608),"Equally veteran/nonveteran, Hispanic",Total reporting,160(r),S
Finance and insurance(608),"Equally veteran/nonveteran, Hispanic",Item not reported,2(r),S
Finance and insurance(608),"Equally veteran/nonveteran, equally Hispanic/non-Hispanic",All firms,497,187413
Finance and insurance(608),"Equally veteran/nonveteran, equally Hispanic/non-Hispanic",Personal/family savings of owner(s),335,58954
Finance and insurance(608),"Equally veteran/nonveteran, equally Hispanic/non-Hispanic",Personal/family assets other than savings of owner(s),35,S
Finance and insurance(608),"Equally veteran/nonveteran, equally Hispanic/non-Hispanic",Personal/family home equity loan,77,S
Finance and insurance(608),"Equally veteran/nonveteran, equally Hispanic/non-Hispanic",Personal credit card(s) carrying balances,41,S
Finance and insurance(608),"Equally veteran/nonveteran, equally Hispanic/non-Hispanic",Business credit card(s) carrying balances,13,S
Finance and insurance(608),"Equally veteran/nonveteran, equally Hispanic/non-Hispanic","Business loan from federal, state, or local government",0,0
Finance and insurance(608),"Equally veteran/nonveteran, equally Hispanic/non-Hispanic",Government-guaranteed business loan from a bank or financial institution,0,0
Finance and insurance(608),"Equally veteran/nonveteran, equally Hispanic/non-Hispanic",Business loan from a bank or financial institution,64,S
Finance and insurance(608),"Equally veteran/nonveteran, equally Hispanic/non-Hispanic",Business loan/investment from family/friends,24,S
Finance and insurance(608),"Equally veteran/nonveteran, equally Hispanic/non-Hispanic",Investment by venture capitalist(s),0,0
Finance and insurance(608),"Equally veteran/nonveteran, equally Hispanic/non-Hispanic",Grants,0,0
Finance and insurance(608),"Equally veteran/nonveteran, equally Hispanic/non-Hispanic",Other source(s) of capital,7,S
Finance and insurance(608),"Equally veteran/nonveteran, equally Hispanic/non-Hispanic",Don't know,0,0
Finance and insurance(608),"Equally veteran/nonveteran, equally Hispanic/non-Hispanic",None needed,27,S
Finance and insurance(608),"Equally veteran/nonveteran, equally Hispanic/non-Hispanic",Total reporting,383,81824
Finance and insurance(608),"Equally veteran/nonveteran, equally Hispanic/non-Hispanic",Item not reported,0,0
Finance and insurance(608),"Equally veteran/nonveteran, non-Hispanic",All firms,22321,7105202
Finance and insurance(608),"Equally veteran/nonveteran, non-Hispanic",Personal/family savings of owner(s),11363,2982009
Finance and insurance(608),"Equally veteran/nonveteran, non-Hispanic",Personal/family assets other than savings of owner(s),1388,304544
Finance and insurance(608),"Equally veteran/nonveteran, non-Hispanic",Personal/family home equity loan,552,147363
Finance and insurance(608),"Equally veteran/nonveteran, non-Hispanic",Personal credit card(s) carrying balances,604,174388
Finance and insurance(608),"Equally veteran/nonveteran, non-Hispanic",Business credit card(s) carrying balances,244,46317
Finance and insurance(608),"Equally veteran/nonveteran, non-Hispanic","Business loan from federal, state, or local government",0,0
Finance and insurance(608),"Equally veteran/nonveteran, non-Hispanic",Government-guaranteed business loan from a bank or financial institution,11,S
Finance and insurance(608),"Equally veteran/nonveteran, non-Hispanic",Business loan from a bank or financial institution,1848,664583
Finance and insurance(608),"Equally veteran/nonveteran, non-Hispanic",Business loan/investment from family/friends,415,145888
Finance and insurance(608),"Equally veteran/nonveteran, non-Hispanic",Investment by venture capitalist(s),85,S
Finance and insurance(608),"Equally veteran/nonveteran, non-Hispanic",Grants,0,0
Finance and insurance(608),"Equally veteran/nonveteran, non-Hispanic",Other source(s) of capital,558,123457
Finance and insurance(608),"Equally veteran/nonveteran, non-Hispanic",Don't know,1243,906630
Finance and insurance(608),"Equally veteran/nonveteran, non-Hispanic",None needed,1996,227135
Finance and insurance(608),"Equally veteran/nonveteran, non-Hispanic",Total reporting,16667(r),4753345(r)
Finance and insurance(608),"Equally veteran/nonveteran, non-Hispanic",Item not reported,245(r),S
Finance and insurance(608),"Equally veteran/nonveteran, White",All firms,22179,7133998
Finance and insurance(608),"Equally veteran/nonveteran, White",Personal/family savings of owner(s),11172,3013327
Finance and insurance(608),"Equally veteran/nonveteran, White",Personal/family assets other than savings of owner(s),1402,340222
Finance and insurance(608),"Equally veteran/nonveteran, White",Personal/family home equity loan,547,169517
Finance and insurance(608),"Equally veteran/nonveteran, White",Personal credit card(s) carrying balances,633,212530
Finance and insurance(608),"Equally veteran/nonveteran, White",Business credit card(s) carrying balances,245,51782
Finance and insurance(608),"Equally veteran/nonveteran, White","Business loan from federal, state, or local government",0,0
Finance and insurance(608),"Equally veteran/nonveteran, White",Government-guaranteed business loan from a bank or financial institution,11,S
Finance and insurance(608),"Equally veteran/nonveteran, White",Business loan from a bank or financial institution,1908,666137
Finance and insurance(608),"Equally veteran/nonveteran, White",Business loan/investment from family/friends,484,147422
Finance and insurance(608),"Equally veteran/nonveteran, White",Investment by venture capitalist(s),85,S
Finance and insurance(608),"Equally veteran/nonveteran, White",Grants,0,0
Finance and insurance(608),"Equally veteran/nonveteran, White",Other source(s) of capital,563,121667
Finance and insurance(608),"Equally veteran/nonveteran, White",Don't know,1225,902384
Finance and insurance(608),"Equally veteran/nonveteran, White",None needed,1907,225642
Finance and insurance(608),"Equally veteran/nonveteran, White",Total reporting,16407(r),4796238(r)
Finance and insurance(608),"Equally veteran/nonveteran, White",Item not reported,245(r),S
Finance and insurance(608),"Equally veteran/nonveteran, Black or African American",All firms,263,12682
Finance and insurance(608),"Equally veteran/nonveteran, Black or African American",Personal/family savings of owner(s),155,1509
Finance and insurance(608),"Equally veteran/nonveteran, Black or African American",Personal/family assets other than savings of owner(s),0,0
Finance and insurance(608),"Equally veteran/nonveteran, Black or African American",Personal/family home equity loan,15,S
Finance and insurance(608),"Equally veteran/nonveteran, Black or African American",Personal credit card(s) carrying balances,0,0
Finance and insurance(608),"Equally veteran/nonveteran, Black or African American",Business credit card(s) carrying balances,0,0
Finance and insurance(608),"Equally veteran/nonveteran, Black or African American","Business loan from federal, state, or local government",0,0
Finance and insurance(608),"Equally veteran/nonveteran, Black or African American",Government-guaranteed business loan from a bank or financial institution,0,0
Finance and insurance(608),"Equally veteran/nonveteran, Black or African American",Business loan from a bank or financial institution,0,0
Finance and insurance(608),"Equally veteran/nonveteran, Black or African American",Business loan/investment from family/friends,0,0
Finance and insurance(608),"Equally veteran/nonveteran, Black or African American",Investment by venture capitalist(s),0,0
Finance and insurance(608),"Equally veteran/nonveteran, Black or African American",Grants,0,0
Finance and insurance(608),"Equally veteran/nonveteran, Black or African American",Other source(s) of capital,0,0
Finance and insurance(608),"Equally veteran/nonveteran, Black or African American",Don't know,0,0
Finance and insurance(608),"Equally veteran/nonveteran, Black or African American",None needed,34,S
Finance and insurance(608),"Equally veteran/nonveteran, Black or African American",Total reporting,205,2268
Finance and insurance(608),"Equally veteran/nonveteran, Black or African American",Item not reported,2,S
Finance and insurance(608),"Equally veteran/nonveteran, American Indian and Alaska Native",All firms,11,1599
Finance and insurance(608),"Equally veteran/nonveteran, American Indian and Alaska Native",Personal/family savings of owner(s),2,S
Finance and insurance(608),"Equally veteran/nonveteran, American Indian and Alaska Native",Personal/family assets other than savings of owner(s),6,S
Finance and insurance(608),"Equally veteran/nonveteran, American Indian and Alaska Native",Personal/family home equity loan,2,S
Finance and insurance(608),"Equally veteran/nonveteran, American Indian and Alaska Native",Personal credit card(s) carrying balances,0,0
Finance and insurance(608),"Equally veteran/nonveteran, American Indian and Alaska Native",Business credit card(s) carrying balances,0,0
Finance and insurance(608),"Equally veteran/nonveteran, American Indian and Alaska Native","Business loan from federal, state, or local government",0,0
Finance and insurance(608),"Equally veteran/nonveteran, American Indian and Alaska Native",Government-guaranteed business loan from a bank or financial institution,0,0
Finance and insurance(608),"Equally veteran/nonveteran, American Indian and Alaska Native",Business loan from a bank or financial institution,4,S
Finance and insurance(608),"Equally veteran/nonveteran, American Indian and Alaska Native",Business loan/investment from family/friends,0,0
Finance and insurance(608),"Equally veteran/nonveteran, American Indian and Alaska Native",Investment by venture capitalist(s),0,0
Finance and insurance(608),"Equally veteran/nonveteran, American Indian and Alaska Native",Grants,0,0
Finance and insurance(608),"Equally veteran/nonveteran, American Indian and Alaska Native",Other source(s) of capital,0,0
Finance and insurance(608),"Equally veteran/nonveteran, American Indian and Alaska Native",Don't know,0,0
Finance and insurance(608),"Equally veteran/nonveteran, American Indian and Alaska Native",None needed,0,0
Finance and insurance(608),"Equally veteran/nonveteran, American Indian and Alaska Native",Total reporting,10,1806
Finance and insurance(608),"Equally veteran/nonveteran, American Indian and Alaska Native",Item not reported,0,0
Finance and insurance(608),"Equally veteran/nonveteran, Asian",All firms,288,38863
Finance and insurance(608),"Equally veteran/nonveteran, Asian",Personal/family savings of owner(s),120,S
Finance and insurance(608),"Equally veteran/nonveteran, Asian",Personal/family assets other than savings of owner(s),0,0
Finance and insurance(608),"Equally veteran/nonveteran, Asian",Personal/family home equity loan,0,0
Finance and insurance(608),"Equally veteran/nonveteran, Asian",Personal credit card(s) carrying balances,0,0
Finance and insurance(608),"Equally veteran/nonveteran, Asian",Business credit card(s) carrying balances,0,0
Finance and insurance(608),"Equally veteran/nonveteran, Asian","Business loan from federal, state, or local government",0,0
Finance and insurance(608),"Equally veteran/nonveteran, Asian",Government-guaranteed business loan from a bank or financial institution,0,0
Finance and insurance(608),"Equally veteran/nonveteran, Asian",Business loan from a bank or financial institution,0,0
Finance and insurance(608),"Equally veteran/nonveteran, Asian",Business loan/investment from family/friends,0,0
Finance and insurance(608),"Equally veteran/nonveteran, Asian",Investment by venture capitalist(s),0,0
Finance and insurance(608),"Equally veteran/nonveteran, Asian",Grants,0,0
Finance and insurance(608),"Equally veteran/nonveteran, Asian",Other source(s) of capital,0,0
Finance and insurance(608),"Equally veteran/nonveteran, Asian",Don't know,2,S
Finance and insurance(608),"Equally veteran/nonveteran, Asian",None needed,12,S
Finance and insurance(608),"Equally veteran/nonveteran, Asian",Total reporting,134,S
Finance and insurance(608),"Equally veteran/nonveteran, Asian",Item not reported,0,0
Finance and insurance(608),"Equally veteran/nonveteran, Native Hawaiian and Other Pacific Islander",All firms,0,0
Finance and insurance(608),"Equally veteran/nonveteran, Native Hawaiian and Other Pacific Islander",Personal/family savings of owner(s),0,0
Finance and insurance(608),"Equally veteran/nonveteran, Native Hawaiian and Other Pacific Islander",Personal/family assets other than savings of owner(s),0,0
Finance and insurance(608),"Equally veteran/nonveteran, Native Hawaiian and Other Pacific Islander",Personal/family home equity loan,0,0
Finance and insurance(608),"Equally veteran/nonveteran, Native Hawaiian and Other Pacific Islander",Personal credit card(s) carrying balances,0,0
Finance and insurance(608),"Equally veteran/nonveteran, Native Hawaiian and Other Pacific Islander",Business credit card(s) carrying balances,0,0
Finance and insurance(608),"Equally veteran/nonveteran, Native Hawaiian and Other Pacific Islander","Business loan from federal, state, or local government",0,0
Finance and insurance(608),"Equally veteran/nonveteran, Native Hawaiian and Other Pacific Islander",Government-guaranteed business loan from a bank or financial institution,0,0
Finance and insurance(608),"Equally veteran/nonveteran, Native Hawaiian and Other Pacific Islander",Business loan from a bank or financial institution,0,0
Finance and insurance(608),"Equally veteran/nonveteran, Native Hawaiian and Other Pacific Islander",Business loan/investment from family/friends,0,0
Finance and insurance(608),"Equally veteran/nonveteran, Native Hawaiian and Other Pacific Islander",Investment by venture capitalist(s),0,0
Finance and insurance(608),"Equally veteran/nonveteran, Native Hawaiian and Other Pacific Islander",Grants,0,0
Finance and insurance(608),"Equally veteran/nonveteran, Native Hawaiian and Other Pacific Islander",Other source(s) of capital,0,0
Finance and insurance(608),"Equally veteran/nonveteran, Native Hawaiian and Other Pacific Islander",Don't know,0,0
Finance and insurance(608),"Equally veteran/nonveteran, Native Hawaiian and Other Pacific Islander",None needed,0,0
Finance and insurance(608),"Equally veteran/nonveteran, Native Hawaiian and Other Pacific Islander",Total reporting,0,0
Finance and insurance(608),"Equally veteran/nonveteran, Native Hawaiian and Other Pacific Islander",Item not reported,0,0
Finance and insurance(608),"Equally veteran/nonveteran, some other race",All firms,67,S
Finance and insurance(608),"Equally veteran/nonveteran, some other race",Personal/family savings of owner(s),51,S
Finance and insurance(608),"Equally veteran/nonveteran, some other race",Personal/family assets other than savings of owner(s),0,S
Finance and insurance(608),"Equally veteran/nonveteran, some other race",Personal/family home equity loan,8,S
Finance and insurance(608),"Equally veteran/nonveteran, some other race",Personal credit card(s) carrying balances,0,S
Finance and insurance(608),"Equally veteran/nonveteran, some other race",Business credit card(s) carrying balances,0,S
Finance and insurance(608),"Equally veteran/nonveteran, some other race","Business loan from federal, state, or local government",0,S
Finance and insurance(608),"Equally veteran/nonveteran, some other race",Government-guaranteed business loan from a bank or financial institution,8,S
Finance and insurance(608),"Equally veteran/nonveteran, some other race",Business loan from a bank or financial institution,0,S
Finance and insurance(608),"Equally veteran/nonveteran, some other race",Business loan/investment from family/friends,0,S
Finance and insurance(608),"Equally veteran/nonveteran, some other race",Investment by venture capitalist(s),0,S
Finance and insurance(608),"Equally veteran/nonveteran, some other race",Grants,0,S
Finance and insurance(608),"Equally veteran/nonveteran, some other race",Other source(s) of capital,0,S
Finance and insurance(608),"Equally veteran/nonveteran, some other race",Don't know,0,S
Finance and insurance(608),"Equally veteran/nonveteran, some other race",None needed,0,S
Finance and insurance(608),"Equally veteran/nonveteran, some other race",Total reporting,59,S
Finance and insurance(608),"Equally veteran/nonveteran, some other race",Item not reported,0,S
Finance and insurance(608),"Equally veteran/nonveteran, minority",All firms,1162,112086
Finance and insurance(608),"Equally veteran/nonveteran, minority",Personal/family savings of owner(s),385,27519
Finance and insurance(608),"Equally veteran/nonveteran, minority",Personal/family assets other than savings of owner(s),6,S
Finance and insurance(608),"Equally veteran/nonveteran, minority",Personal/family home equity loan,25,S
Finance and insurance(608),"Equally veteran/nonveteran, minority",Personal credit card(s) carrying balances,9,S
Finance and insurance(608),"Equally veteran/nonveteran, minority",Business credit card(s) carrying balances,0,0
Finance and insurance(608),"Equally veteran/nonveteran, minority","Business loan from federal, state, or local government",0,0
Finance and insurance(608),"Equally veteran/nonveteran, minority",Government-guaranteed business loan from a bank or financial institution,8,S
Finance and insurance(608),"Equally veteran/nonveteran, minority",Business loan from a bank or financial institution,13,3152
Finance and insurance(608),"Equally veteran/nonveteran, minority",Business loan/investment from family/friends,54,S
Finance and insurance(608),"Equally veteran/nonveteran, minority",Investment by venture capitalist(s),0,0
Finance and insurance(608),"Equally veteran/nonveteran, minority",Grants,0,0
Finance and insurance(608),"Equally veteran/nonveteran, minority",Other source(s) of capital,0,0
Finance and insurance(608),"Equally veteran/nonveteran, minority",Don't know,2,S
Finance and insurance(608),"Equally veteran/nonveteran, minority",None needed,55,S
Finance and insurance(608),"Equally veteran/nonveteran, minority",Total reporting,518(r),37891(r)
Finance and insurance(608),"Equally veteran/nonveteran, minority",Item not reported,4(r),S
Finance and insurance(608),"Equally veteran/nonveteran, equally minority/nonminority",All firms,1051,331642
Finance and insurance(608),"Equally veteran/nonveteran, equally minority/nonminority",Personal/family savings of owner(s),702,109831
Finance and insurance(608),"Equally veteran/nonveteran, equally minority/nonminority",Personal/family assets other than savings of owner(s),49,S
Finance and insurance(608),"Equally veteran/nonveteran, equally minority/nonminority",Personal/family home equity loan,99,S
Finance and insurance(608),"Equally veteran/nonveteran, equally minority/nonminority",Personal credit card(s) carrying balances,53,S
Finance and insurance(608),"Equally veteran/nonveteran, equally minority/nonminority",Business credit card(s) carrying balances,25,S
Finance and insurance(608),"Equally veteran/nonveteran, equally minority/nonminority","Business loan from federal, state, or local government",0,0
Finance and insurance(608),"Equally veteran/nonveteran, equally minority/nonminority",Government-guaranteed business loan from a bank or financial institution,0,0
Finance and insurance(608),"Equally veteran/nonveteran, equally minority/nonminority",Business loan from a bank or financial institution,75,7608
Finance and insurance(608),"Equally veteran/nonveteran, equally minority/nonminority",Business loan/investment from family/friends,24,S
Finance and insurance(608),"Equally veteran/nonveteran, equally minority/nonminority",Investment by venture capitalist(s),0,0
Finance and insurance(608),"Equally veteran/nonveteran, equally minority/nonminority",Grants,0,0
Finance and insurance(608),"Equally veteran/nonveteran, equally minority/nonminority",Other source(s) of capital,9,S
Finance and insurance(608),"Equally veteran/nonveteran, equally minority/nonminority",Don't know,18,S
Finance and insurance(608),"Equally veteran/nonveteran, equally minority/nonminority",None needed,115,4018
Finance and insurance(608),"Equally veteran/nonveteran, equally minority/nonminority",Total reporting,860,140192
Finance and insurance(608),"Equally veteran/nonveteran, equally minority/nonminority",Item not reported,0,0
Finance and insurance(608),"Equally veteran/nonveteran, nonminority",All firms,21151,6907036
Finance and insurance(608),"Equally veteran/nonveteran, nonminority",Personal/family savings of owner(s),10710,2917717
Finance and insurance(608),"Equally veteran/nonveteran, nonminority",Personal/family assets other than savings of owner(s),1367,303161
Finance and insurance(608),"Equally veteran/nonveteran, nonminority",Personal/family home equity loan,513,142593
Finance and insurance(608),"Equally veteran/nonveteran, nonminority",Personal credit card(s) carrying balances,582,171900
Finance and insurance(608),"Equally veteran/nonveteran, nonminority",Business credit card(s) carrying balances,232,45354
Finance and insurance(608),"Equally veteran/nonveteran, nonminority","Business loan from federal, state, or local government",0,0
Finance and insurance(608),"Equally veteran/nonveteran, nonminority",Government-guaranteed business loan from a bank or financial institution,11,S
Finance and insurance(608),"Equally veteran/nonveteran, nonminority",Business loan from a bank or financial institution,1823,657732
Finance and insurance(608),"Equally veteran/nonveteran, nonminority",Business loan/investment from family/friends,406,144363
Finance and insurance(608),"Equally veteran/nonveteran, nonminority",Investment by venture capitalist(s),85,S
Finance and insurance(608),"Equally veteran/nonveteran, nonminority",Grants,0,0
Finance and insurance(608),"Equally veteran/nonveteran, nonminority",Other source(s) of capital,556,121591
Finance and insurance(608),"Equally veteran/nonveteran, nonminority",Don't know,1223,902307
Finance and insurance(608),"Equally veteran/nonveteran, nonminority",None needed,1862,223803
Finance and insurance(608),"Equally veteran/nonveteran, nonminority",Total reporting,15831(r),4677600(r)
Finance and insurance(608),"Equally veteran/nonveteran, nonminority",Item not reported,243(r),S
Finance and insurance(608),Nonveteran,All firms,774196,380293129
Finance and insurance(608),Nonveteran,Personal/family savings of owner(s),320292,134541889
Finance and insurance(608),Nonveteran,Personal/family assets other than savings of owner(s),31964,18665368
Finance and insurance(608),Nonveteran,Personal/family home equity loan,16674,7412367
Finance and insurance(608),Nonveteran,Personal credit card(s) carrying balances,35311,9269110
Finance and insurance(608),Nonveteran,Business credit card(s) carrying balances,12582,5069604
Finance and insurance(608),Nonveteran,"Business loan from federal, state, or local government",400,125416
Finance and insurance(608),Nonveteran,Government-guaranteed business loan from a bank or financial institution,1190,738780
Finance and insurance(608),Nonveteran,Business loan from a bank or financial institution,26053,20790046
Finance and insurance(608),Nonveteran,Business loan/investment from family/friends,8407,6811564
Finance and insurance(608),Nonveteran,Investment by venture capitalist(s),2211,3231955
Finance and insurance(608),Nonveteran,Grants,185,S
Finance and insurance(608),Nonveteran,Other source(s) of capital,14478,18923075
Finance and insurance(608),Nonveteran,Don't know,34811,63915690
Finance and insurance(608),Nonveteran,None needed,130642,15529837
Finance and insurance(608),Nonveteran,Total reporting,529971(r),237432299(r)
Finance and insurance(608),Nonveteran,Item not reported,10795(r),3912946(r)
Finance and insurance(608),"Nonveteran, female-owned",All firms,208806,35785298
Finance and insurance(608),"Nonveteran, female-owned",Personal/family savings of owner(s),67049,13436617
Finance and insurance(608),"Nonveteran, female-owned",Personal/family assets other than savings of owner(s),7095,3289442
Finance and insurance(608),"Nonveteran, female-owned",Personal/family home equity loan,3327,S
Finance and insurance(608),"Nonveteran, female-owned",Personal credit card(s) carrying balances,8266,S
Finance and insurance(608),"Nonveteran, female-owned",Business credit card(s) carrying balances,2503,S
Finance and insurance(608),"Nonveteran, female-owned","Business loan from federal, state, or local government",77,S
Finance and insurance(608),"Nonveteran, female-owned",Government-guaranteed business loan from a bank or financial institution,343,119155
Finance and insurance(608),"Nonveteran, female-owned",Business loan from a bank or financial institution,3955,3874802
Finance and insurance(608),"Nonveteran, female-owned",Business loan/investment from family/friends,1482,618613
Finance and insurance(608),"Nonveteran, female-owned",Investment by venture capitalist(s),234,297745
Finance and insurance(608),"Nonveteran, female-owned",Grants,40,S
Finance and insurance(608),"Nonveteran, female-owned",Other source(s) of capital,3071,S
Finance and insurance(608),"Nonveteran, female-owned",Don't know,8339,4653030
Finance and insurance(608),"Nonveteran, female-owned",None needed,45670,3129573
Finance and insurance(608),"Nonveteran, female-owned",Total reporting,131141(r),24038319(r)
Finance and insurance(608),"Nonveteran, female-owned",Item not reported,5013(r),179415(r)
Finance and insurance(608),"Nonveteran, male-owned",All firms,505219,327147731
Finance and insurance(608),"Nonveteran, male-owned",Personal/family savings of owner(s),221927,111798882
Finance and insurance(608),"Nonveteran, male-owned",Personal/family assets other than savings of owner(s),20655,14551059
Finance and insurance(608),"Nonveteran, male-owned",Personal/family home equity loan,11102,4356519
Finance and insurance(608),"Nonveteran, male-owned",Personal credit card(s) carrying balances,24197,5753916
Finance and insurance(608),"Nonveteran, male-owned",Business credit card(s) carrying balances,8585,2461729
Finance and insurance(608),"Nonveteran, male-owned","Business loan from federal, state, or local government",234,111903
Finance and insurance(608),"Nonveteran, male-owned",Government-guaranteed business loan from a bank or financial institution,762,516248
Finance and insurance(608),"Nonveteran, male-owned",Business loan from a bank or financial institution,18687,16007249
Finance and insurance(608),"Nonveteran, male-owned",Business loan/investment from family/friends,5691,5691567
Finance and insurance(608),"Nonveteran, male-owned",Investment by venture capitalist(s),1829,2855349
Finance and insurance(608),"Nonveteran, male-owned",Grants,42,S
Finance and insurance(608),"Nonveteran, male-owned",Other source(s) of capital,9973,15931790
Finance and insurance(608),"Nonveteran, male-owned",Don't know,24410,57719084
Finance and insurance(608),"Nonveteran, male-owned",None needed,79379,11250132
Finance and insurance(608),"Nonveteran, male-owned",Total reporting,354209(r),200178864(r)
Finance and insurance(608),"Nonveteran, male-owned",Item not reported,5578(r),3708005(r)
Finance and insurance(608),"Nonveteran, equally male-/female-owned",All firms,60172,17360101
Finance and insurance(608),"Nonveteran, equally male-/female-owned",Personal/family savings of owner(s),31316,9306390
Finance and insurance(608),"Nonveteran, equally male-/female-owned",Personal/family assets other than savings of owner(s),4214,824867
Finance and insurance(608),"Nonveteran, equally male-/female-owned",Personal/family home equity loan,2245,579602
Finance and insurance(608),"Nonveteran, equally male-/female-owned",Personal credit card(s) carrying balances,2848,612697
Finance and insurance(608),"Nonveteran, equally male-/female-owned",Business credit card(s) carrying balances,1494,349827
Finance and insurance(608),"Nonveteran, equally male-/female-owned","Business loan from federal, state, or local government",89,S
Finance and insurance(608),"Nonveteran, equally male-/female-owned",Government-guaranteed business loan from a bank or financial institution,85,S
Finance and insurance(608),"Nonveteran, equally male-/female-owned",Business loan from a bank or financial institution,3411,907996
Finance and insurance(608),"Nonveteran, equally male-/female-owned",Business loan/investment from family/friends,1234,501383
Finance and insurance(608),"Nonveteran, equally male-/female-owned",Investment by venture capitalist(s),148,S
Finance and insurance(608),"Nonveteran, equally male-/female-owned",Grants,102,1549
Finance and insurance(608),"Nonveteran, equally male-/female-owned",Other source(s) of capital,1434,488320
Finance and insurance(608),"Nonveteran, equally male-/female-owned",Don't know,2061,1543576
Finance and insurance(608),"Nonveteran, equally male-/female-owned",None needed,5593,1150132
Finance and insurance(608),"Nonveteran, equally male-/female-owned",Total reporting,44621(r),13215115(r)
Finance and insurance(608),"Nonveteran, equally male-/female-owned",Item not reported,204(r),25526(r)
Finance and insurance(608),"Nonveteran, Hispanic",All firms,49265,7167769
Finance and insurance(608),"Nonveteran, Hispanic",Personal/family savings of owner(s),14165,2502028
Finance and insurance(608),"Nonveteran, Hispanic",Personal/family assets other than savings of owner(s),1638,445318
Finance and insurance(608),"Nonveteran, Hispanic",Personal/family home equity loan,695,231690
Finance and insurance(608),"Nonveteran, Hispanic",Personal credit card(s) carrying balances,2398,606899
Finance and insurance(608),"Nonveteran, Hispanic",Business credit card(s) carrying balances,798,286395
Finance and insurance(608),"Nonveteran, Hispanic","Business loan from federal, state, or local government",2,S
Finance and insurance(608),"Nonveteran, Hispanic",Government-guaranteed business loan from a bank or financial institution,126,S
Finance and insurance(608),"Nonveteran, Hispanic",Business loan from a bank or financial institution,958,261281
Finance and insurance(608),"Nonveteran, Hispanic",Business loan/investment from family/friends,466,S
Finance and insurance(608),"Nonveteran, Hispanic",Investment by venture capitalist(s),59,S
Finance and insurance(608),"Nonveteran, Hispanic",Grants,0,0
Finance and insurance(608),"Nonveteran, Hispanic",Other source(s) of capital,1028,249558
Finance and insurance(608),"Nonveteran, Hispanic",Don't know,1734,441265
Finance and insurance(608),"Nonveteran, Hispanic",None needed,6786,339367
Finance and insurance(608),"Nonveteran, Hispanic",Total reporting,24967(r),4231235(r)
Finance and insurance(608),"Nonveteran, Hispanic",Item not reported,808(r),26434(r)
Finance and insurance(608),"Nonveteran, equally Hispanic/non-Hispanic",All firms,2944,859928
Finance and insurance(608),"Nonveteran, equally Hispanic/non-Hispanic",Personal/family savings of owner(s),1354,580827
Finance and insurance(608),"Nonveteran, equally Hispanic/non-Hispanic",Personal/family assets other than savings of owner(s),144,S
Finance and insurance(608),"Nonveteran, equally Hispanic/non-Hispanic",Personal/family home equity loan,100,S
Finance and insurance(608),"Nonveteran, equally Hispanic/non-Hispanic",Personal credit card(s) carrying balances,266,S
Finance and insurance(608),"Nonveteran, equally Hispanic/non-Hispanic",Business credit card(s) carrying balances,201,S
Finance and insurance(608),"Nonveteran, equally Hispanic/non-Hispanic","Business loan from federal, state, or local government",0,0
Finance and insurance(608),"Nonveteran, equally Hispanic/non-Hispanic",Government-guaranteed business loan from a bank or financial institution,0,0
Finance and insurance(608),"Nonveteran, equally Hispanic/non-Hispanic",Business loan from a bank or financial institution,126,S
Finance and insurance(608),"Nonveteran, equally Hispanic/non-Hispanic",Business loan/investment from family/friends,159,55274
Finance and insurance(608),"Nonveteran, equally Hispanic/non-Hispanic",Investment by venture capitalist(s),61,S
Finance and insurance(608),"Nonveteran, equally Hispanic/non-Hispanic",Grants,6,S
Finance and insurance(608),"Nonveteran, equally Hispanic/non-Hispanic",Other source(s) of capital,25,S
Finance and insurance(608),"Nonveteran, equally Hispanic/non-Hispanic",Don't know,71,S
Finance and insurance(608),"Nonveteran, equally Hispanic/non-Hispanic",None needed,168,7566
Finance and insurance(608),"Nonveteran, equally Hispanic/non-Hispanic",Total reporting,1821,643056
Finance and insurance(608),"Nonveteran, equally Hispanic/non-Hispanic",Item not reported,0,0
Finance and insurance(608),"Nonveteran, non-Hispanic",All firms,721987,372265433
Finance and insurance(608),"Nonveteran, non-Hispanic",Personal/family savings of owner(s),304773,131459034
Finance and insurance(608),"Nonveteran, non-Hispanic",Personal/family assets other than savings of owner(s),30182,18176940
Finance and insurance(608),"Nonveteran, non-Hispanic",Personal/family home equity loan,15879,7159693
Finance and insurance(608),"Nonveteran, non-Hispanic",Personal credit card(s) carrying balances,32647,8616332
Finance and insurance(608),"Nonveteran, non-Hispanic",Business credit card(s) carrying balances,11583,4734000
Finance and insurance(608),"Nonveteran, non-Hispanic","Business loan from federal, state, or local government",398,125258
Finance and insurance(608),"Nonveteran, non-Hispanic",Government-guaranteed business loan from a bank or financial institution,1064,713415
Finance and insurance(608),"Nonveteran, non-Hispanic",Business loan from a bank or financial institution,24968,20502237
Finance and insurance(608),"Nonveteran, non-Hispanic",Business loan/investment from family/friends,7783,6331480
Finance and insurance(608),"Nonveteran, non-Hispanic",Investment by venture capitalist(s),2090,3177377
Finance and insurance(608),"Nonveteran, non-Hispanic",Grants,179,S
Finance and insurance(608),"Nonveteran, non-Hispanic",Other source(s) of capital,13426,18666666
Finance and insurance(608),"Nonveteran, non-Hispanic",Don't know,33006,63445904
Finance and insurance(608),"Nonveteran, non-Hispanic",None needed,123688,15182904
Finance and insurance(608),"Nonveteran, non-Hispanic",Total reporting,503183(r),232558008(r)
Finance and insurance(608),"Nonveteran, non-Hispanic",Item not reported,9987(r),3886512(r)
Finance and insurance(608),"Nonveteran, White",All firms,679311,365055483
Finance and insurance(608),"Nonveteran, White",Personal/family savings of owner(s),289245,127755904
Finance and insurance(608),"Nonveteran, White",Personal/family assets other than savings of owner(s),29382,17877059
Finance and insurance(608),"Nonveteran, White",Personal/family home equity loan,15182,6828470
Finance and insurance(608),"Nonveteran, White",Personal credit card(s) carrying balances,31676,8708876
Finance and insurance(608),"Nonveteran, White",Business credit card(s) carrying balances,11420,4752841
Finance and insurance(608),"Nonveteran, White","Business loan from federal, state, or local government",327,118561
Finance and insurance(608),"Nonveteran, White",Government-guaranteed business loan from a bank or financial institution,1119,696289
Finance and insurance(608),"Nonveteran, White",Business loan from a bank or financial institution,24582,19805010
Finance and insurance(608),"Nonveteran, White",Business loan/investment from family/friends,7951,6540842
Finance and insurance(608),"Nonveteran, White",Investment by venture capitalist(s),2067,3033750
Finance and insurance(608),"Nonveteran, White",Grants,168,S
Finance and insurance(608),"Nonveteran, White",Other source(s) of capital,13513,17997141
Finance and insurance(608),"Nonveteran, White",Don't know,31692,59964843
Finance and insurance(608),"Nonveteran, White",None needed,117785,14615423
Finance and insurance(608),"Nonveteran, White",Total reporting,479898(r),224406952(r)
Finance and insurance(608),"Nonveteran, White",Item not reported,9258(r),3808299(r)
Finance and insurance(608),"Nonveteran, Black or African American",All firms,36828,3270787
Finance and insurance(608),"Nonveteran, Black or African American",Personal/family savings of owner(s),9976,1377287
Finance and insurance(608),"Nonveteran, Black or African American",Personal/family assets other than savings of owner(s),867,154710
Finance and insurance(608),"Nonveteran, Black or African American",Personal/family home equity loan,383,66453
Finance and insurance(608),"Nonveteran, Black or African American",Personal credit card(s) carrying balances,1440,137773
Finance and insurance(608),"Nonveteran, Black or African American",Business credit card(s) carrying balances,364,53340
Finance and insurance(608),"Nonveteran, Black or African American","Business loan from federal, state, or local government",6,S
Finance and insurance(608),"Nonveteran, Black or African American",Government-guaranteed business loan from a bank or financial institution,32,S
Finance and insurance(608),"Nonveteran, Black or African American",Business loan from a bank or financial institution,690,177949
Finance and insurance(608),"Nonveteran, Black or African American",Business loan/investment from family/friends,132,25203
Finance and insurance(608),"Nonveteran, Black or African American",Investment by venture capitalist(s),23,S
Finance and insurance(608),"Nonveteran, Black or African American",Grants,4,S
Finance and insurance(608),"Nonveteran, Black or African American",Other source(s) of capital,386,42127
Finance and insurance(608),"Nonveteran, Black or African American",Don't know,1073,574988
Finance and insurance(608),"Nonveteran, Black or African American",None needed,4335,317143
Finance and insurance(608),"Nonveteran, Black or African American",Total reporting,16525,2416433
Finance and insurance(608),"Nonveteran, Black or African American",Item not reported,511,S
Finance and insurance(608),"Nonveteran, American Indian and Alaska Native",All firms,5141,769011
Finance and insurance(608),"Nonveteran, American Indian and Alaska Native",Personal/family savings of owner(s),1907,435624
Finance and insurance(608),"Nonveteran, American Indian and Alaska Native",Personal/family assets other than savings of owner(s),236,S
Finance and insurance(608),"Nonveteran, American Indian and Alaska Native",Personal/family home equity loan,114,13634
Finance and insurance(608),"Nonveteran, American Indian and Alaska Native",Personal credit card(s) carrying balances,429,34341
Finance and insurance(608),"Nonveteran, American Indian and Alaska Native",Business credit card(s) carrying balances,101,9604
Finance and insurance(608),"Nonveteran, American Indian and Alaska Native","Business loan from federal, state, or local government",8,S
Finance and insurance(608),"Nonveteran, American Indian and Alaska Native",Government-guaranteed business loan from a bank or financial institution,19,S
Finance and insurance(608),"Nonveteran, American Indian and Alaska Native",Business loan from a bank or financial institution,79,S
Finance and insurance(608),"Nonveteran, American Indian and Alaska Native",Business loan/investment from family/friends,111,S
Finance and insurance(608),"Nonveteran, American Indian and Alaska Native",Investment by venture capitalist(s),23,S
Finance and insurance(608),"Nonveteran, American Indian and Alaska Native",Grants,4,S
Finance and insurance(608),"Nonveteran, American Indian and Alaska Native",Other source(s) of capital,108,18164
Finance and insurance(608),"Nonveteran, American Indian and Alaska Native",Don't know,124,S
Finance and insurance(608),"Nonveteran, American Indian and Alaska Native",None needed,954,41896
Finance and insurance(608),"Nonveteran, American Indian and Alaska Native",Total reporting,3260(r),604447(r)
Finance and insurance(608),"Nonveteran, American Indian and Alaska Native",Item not reported,105(r),S
Finance and insurance(608),"Nonveteran, Asian",All firms,45892,9376899
Finance and insurance(608),"Nonveteran, Asian",Personal/family savings of owner(s),18309,4641107
Finance and insurance(608),"Nonveteran, Asian",Personal/family assets other than savings of owner(s),1665,680863
Finance and insurance(608),"Nonveteran, Asian",Personal/family home equity loan,1036,499379
Finance and insurance(608),"Nonveteran, Asian",Personal credit card(s) carrying balances,1801,S
Finance and insurance(608),"Nonveteran, Asian",Business credit card(s) carrying balances,607,S
Finance and insurance(608),"Nonveteran, Asian","Business loan from federal, state, or local government",64,S
Finance and insurance(608),"Nonveteran, Asian",Government-guaranteed business loan from a bank or financial institution,30,S
Finance and insurance(608),"Nonveteran, Asian",Business loan from a bank or financial institution,587,730984
Finance and insurance(608),"Nonveteran, Asian",Business loan/investment from family/friends,298,S
Finance and insurance(608),"Nonveteran, Asian",Investment by venture capitalist(s),92,S
Finance and insurance(608),"Nonveteran, Asian",Grants,9,S
Finance and insurance(608),"Nonveteran, Asian",Other source(s) of capital,427,518455
Finance and insurance(608),"Nonveteran, Asian",Don't know,1687,1457640
Finance and insurance(608),"Nonveteran, Asian",None needed,6771,489430
Finance and insurance(608),"Nonveteran, Asian",Total reporting,28386(r),7679824(r)
Finance and insurance(608),"Nonveteran, Asian",Item not reported,725(r),51759(r)
Finance and insurance(608),"Nonveteran, Native Hawaiian and Other Pacific Islander",All firms,1076,127923
Finance and insurance(608),"Nonveteran, Native Hawaiian and Other Pacific Islander",Personal/family savings of owner(s),404,S
Finance and insurance(608),"Nonveteran, Native Hawaiian and Other Pacific Islander",Personal/family assets other than savings of owner(s),53,S
Finance and insurance(608),"Nonveteran, Native Hawaiian and Other Pacific Islander",Personal/family home equity loan,23,4184
Finance and insurance(608),"Nonveteran, Native Hawaiian and Other Pacific Islander",Personal credit card(s) carrying balances,63,7721
Finance and insurance(608),"Nonveteran, Native Hawaiian and Other Pacific Islander",Business credit card(s) carrying balances,6,S
Finance and insurance(608),"Nonveteran, Native Hawaiian and Other Pacific Islander","Business loan from federal, state, or local government",0,0
Finance and insurance(608),"Nonveteran, Native Hawaiian and Other Pacific Islander",Government-guaranteed business loan from a bank or financial institution,0,0
Finance and insurance(608),"Nonveteran, Native Hawaiian and Other Pacific Islander",Business loan from a bank or financial institution,17,2942
Finance and insurance(608),"Nonveteran, Native Hawaiian and Other Pacific Islander",Business loan/investment from family/friends,41,S
Finance and insurance(608),"Nonveteran, Native Hawaiian and Other Pacific Islander",Investment by venture capitalist(s),6,S
Finance and insurance(608),"Nonveteran, Native Hawaiian and Other Pacific Islander",Grants,0,0
Finance and insurance(608),"Nonveteran, Native Hawaiian and Other Pacific Islander",Other source(s) of capital,10,S
Finance and insurance(608),"Nonveteran, Native Hawaiian and Other Pacific Islander",Don't know,11,S
Finance and insurance(608),"Nonveteran, Native Hawaiian and Other Pacific Islander",None needed,121,3209
Finance and insurance(608),"Nonveteran, Native Hawaiian and Other Pacific Islander",Total reporting,626,129112
Finance and insurance(608),"Nonveteran, Native Hawaiian and Other Pacific Islander",Item not reported,17,S
Finance and insurance(608),"Nonveteran, some other race",All firms,12989,1215054
Finance and insurance(608),"Nonveteran, some other race",Personal/family savings of owner(s),2601,362194
Finance and insurance(608),"Nonveteran, some other race",Personal/family assets other than savings of owner(s),257,60821
Finance and insurance(608),"Nonveteran, some other race",Personal/family home equity loan,103,16065
Finance and insurance(608),"Nonveteran, some other race",Personal credit card(s) carrying balances,427,57953
Finance and insurance(608),"Nonveteran, some other race",Business credit card(s) carrying balances,127,S
Finance and insurance(608),"Nonveteran, some other race","Business loan from federal, state, or local government",0,0
Finance and insurance(608),"Nonveteran, some other race",Government-guaranteed business loan from a bank or financial institution,14,1311
Finance and insurance(608),"Nonveteran, some other race",Business loan from a bank or financial institution,154,18077
Finance and insurance(608),"Nonveteran, some other race",Business loan/investment from family/friends,35,23022
Finance and insurance(608),"Nonveteran, some other race",Investment by venture capitalist(s),27,S
Finance and insurance(608),"Nonveteran, some other race",Grants,0,0
Finance and insurance(608),"Nonveteran, some other race",Other source(s) of capital,138,S
Finance and insurance(608),"Nonveteran, some other race",Don't know,493,126317
Finance and insurance(608),"Nonveteran, some other race",None needed,1997,115726
Finance and insurance(608),"Nonveteran, some other race",Total reporting,5508,738810
Finance and insurance(608),"Nonveteran, some other race",Item not reported,248,10156
Finance and insurance(608),"Nonveteran, minority",All firms,136080,20731223
Finance and insurance(608),"Nonveteran, minority",Personal/family savings of owner(s),44360,9291404
Finance and insurance(608),"Nonveteran, minority",Personal/family assets other than savings of owner(s),4232,1304316
Finance and insurance(608),"Nonveteran, minority",Personal/family home equity loan,2208,806562
Finance and insurance(608),"Nonveteran, minority",Personal credit card(s) carrying balances,5973,1126124
Finance and insurance(608),"Nonveteran, minority",Business credit card(s) carrying balances,1802,538701
Finance and insurance(608),"Nonveteran, minority","Business loan from federal, state, or local government",78,S
Finance and insurance(608),"Nonveteran, minority",Government-guaranteed business loan from a bank or financial institution,193,75303
Finance and insurance(608),"Nonveteran, minority",Business loan from a bank or financial institution,2375,1241390
Finance and insurance(608),"Nonveteran, minority",Business loan/investment from family/friends,1004,682800
Finance and insurance(608),"Nonveteran, minority",Investment by venture capitalist(s),204,253752
Finance and insurance(608),"Nonveteran, minority",Grants,16,1356
Finance and insurance(608),"Nonveteran, minority",Other source(s) of capital,2024,1154195
Finance and insurance(608),"Nonveteran, minority",Don't know,4597,2563712
Finance and insurance(608),"Nonveteran, minority",None needed,18952,1190476
Finance and insurance(608),"Nonveteran, minority",Total reporting,73167(r),15377464(r)
Finance and insurance(608),"Nonveteran, minority",Item not reported,2101(r),126171(r)
Finance and insurance(608),"Nonveteran, equally minority/nonminority",All firms,5459,2445442
Finance and insurance(608),"Nonveteran, equally minority/nonminority",Personal/family savings of owner(s),2600,896167
Finance and insurance(608),"Nonveteran, equally minority/nonminority",Personal/family assets other than savings of owner(s),212,S
Finance and insurance(608),"Nonveteran, equally minority/nonminority",Personal/family home equity loan,119,30281
Finance and insurance(608),"Nonveteran, equally minority/nonminority",Personal credit card(s) carrying balances,407,52791
Finance and insurance(608),"Nonveteran, equally minority/nonminority",Business credit card(s) carrying balances,230,58183
Finance and insurance(608),"Nonveteran, equally minority/nonminority","Business loan from federal, state, or local government",0,0
Finance and insurance(608),"Nonveteran, equally minority/nonminority",Government-guaranteed business loan from a bank or financial institution,0,0
Finance and insurance(608),"Nonveteran, equally minority/nonminority",Business loan from a bank or financial institution,144,41734
Finance and insurance(608),"Nonveteran, equally minority/nonminority",Business loan/investment from family/friends,169,66017
Finance and insurance(608),"Nonveteran, equally minority/nonminority",Investment by venture capitalist(s),68,S
Finance and insurance(608),"Nonveteran, equally minority/nonminority",Grants,6,S
Finance and insurance(608),"Nonveteran, equally minority/nonminority",Other source(s) of capital,27,79342
Finance and insurance(608),"Nonveteran, equally minority/nonminority",Don't know,105,S
Finance and insurance(608),"Nonveteran, equally minority/nonminority",None needed,388,24551
Finance and insurance(608),"Nonveteran, equally minority/nonminority",Total reporting,3418,S
Finance and insurance(608),"Nonveteran, equally minority/nonminority",Item not reported,6,S
Finance and insurance(608),"Nonveteran, nonminority",All firms,632657,357116464
Finance and insurance(608),"Nonveteran, nonminority",Personal/family savings of owner(s),273333,124354318
Finance and insurance(608),"Nonveteran, nonminority",Personal/family assets other than savings of owner(s),27520,17315092
Finance and insurance(608),"Nonveteran, nonminority",Personal/family home equity loan,14347,6575524
Finance and insurance(608),"Nonveteran, nonminority",Personal credit card(s) carrying balances,28931,8090195
Finance and insurance(608),"Nonveteran, nonminority",Business credit card(s) carrying balances,10551,4472720
Finance and insurance(608),"Nonveteran, nonminority","Business loan from federal, state, or local government",322,118408
Finance and insurance(608),"Nonveteran, nonminority",Government-guaranteed business loan from a bank or financial institution,997,663477
Finance and insurance(608),"Nonveteran, nonminority",Business loan from a bank or financial institution,23534,19506923
Finance and insurance(608),"Nonveteran, nonminority",Business loan/investment from family/friends,7234,6062747
Finance and insurance(608),"Nonveteran, nonminority",Investment by venture capitalist(s),1939,2967360
Finance and insurance(608),"Nonveteran, nonminority",Grants,162,S
Finance and insurance(608),"Nonveteran, nonminority",Other source(s) of capital,12428,17689539
Finance and insurance(608),"Nonveteran, nonminority",Don't know,30108,59526876
Finance and insurance(608),"Nonveteran, nonminority",None needed,111301,14314810
Finance and insurance(608),"Nonveteran, nonminority",Total reporting,453386(r),219201511(r)
Finance and insurance(608),"Nonveteran, nonminority",Item not reported,8688(r),3783329(r)
Finance and insurance(608),"All firms classifiable by gender, ethnicity, race, and veteran status",All firms,920742,429061567
Finance and insurance(608),"All firms classifiable by gender, ethnicity, race, and veteran status",Personal/family savings of owner(s),385483,150360801
Finance and insurance(608),"All firms classifiable by gender, ethnicity, race, and veteran status",Personal/family assets other than savings of owner(s),38274,20351248
Finance and insurance(608),"All firms classifiable by gender, ethnicity, race, and veteran status",Personal/family home equity loan,19022,8252683
Finance and insurance(608),"All firms classifiable by gender, ethnicity, race, and veteran status",Personal credit card(s) carrying balances,40344,10252116
Finance and insurance(608),"All firms classifiable by gender, ethnicity, race, and veteran status",Business credit card(s) carrying balances,14379,5435598
Finance and insurance(608),"All firms classifiable by gender, ethnicity, race, and veteran status","Business loan from federal, state, or local government",438,143908
Finance and insurance(608),"All firms classifiable by gender, ethnicity, race, and veteran status",Government-guaranteed business loan from a bank or financial institution,1329,778386
Finance and insurance(608),"All firms classifiable by gender, ethnicity, race, and veteran status",Business loan from a bank or financial institution,31762,25835251
Finance and insurance(608),"All firms classifiable by gender, ethnicity, race, and veteran status",Business loan/investment from family/friends,9573,7485245
Finance and insurance(608),"All firms classifiable by gender, ethnicity, race, and veteran status",Investment by venture capitalist(s),2516,3281792
Finance and insurance(608),"All firms classifiable by gender, ethnicity, race, and veteran status",Grants,241,22284
Finance and insurance(608),"All firms classifiable by gender, ethnicity, race, and veteran status",Other source(s) of capital,16723,20213867
Finance and insurance(608),"All firms classifiable by gender, ethnicity, race, and veteran status",Don't know,40908,75620010
Finance and insurance(608),"All firms classifiable by gender, ethnicity, race, and veteran status",None needed,153710,17659640
Finance and insurance(608),"All firms classifiable by gender, ethnicity, race, and veteran status",Total reporting,632750(r),271669740(r)
Finance and insurance(608),"All firms classifiable by gender, ethnicity, race, and veteran status",Item not reported,12749(r),4358748(r)
Finance and insurance(608),"Publicly held and other firms not classifiable by gender, ethnicity, race, and veteran status",All firms,39772,3223957714
Finance and insurance(608),"Publicly held and other firms not classifiable by gender, ethnicity, race, and veteran status",Personal/family savings of owner(s),590,1531523
Finance and insurance(608),"Publicly held and other firms not classifiable by gender, ethnicity, race, and veteran status",Personal/family assets other than savings of owner(s),414,70913
Finance and insurance(608),"Publicly held and other firms not classifiable by gender, ethnicity, race, and veteran status",Personal/family home equity loan,61,S
Finance and insurance(608),"Publicly held and other firms not classifiable by gender, ethnicity, race, and veteran status",Personal credit card(s) carrying balances,4,S
Finance and insurance(608),"Publicly held and other firms not classifiable by gender, ethnicity, race, and veteran status",Business credit card(s) carrying balances,0,0
Finance and insurance(608),"Publicly held and other firms not classifiable by gender, ethnicity, race, and veteran status","Business loan from federal, state, or local government",0,0
Finance and insurance(608),"Publicly held and other firms not classifiable by gender, ethnicity, race, and veteran status",Government-guaranteed business loan from a bank or financial institution,0,0
Finance and insurance(608),"Publicly held and other firms not classifiable by gender, ethnicity, race, and veteran status",Business loan from a bank or financial institution,178,182583
Finance and insurance(608),"Publicly held and other firms not classifiable by gender, ethnicity, race, and veteran status",Business loan/investment from family/friends,2,S
Finance and insurance(608),"Publicly held and other firms not classifiable by gender, ethnicity, race, and veteran status",Investment by venture capitalist(s),75,S
Finance and insurance(608),"Publicly held and other firms not classifiable by gender, ethnicity, race, and veteran status",Grants,80,S
Finance and insurance(608),"Publicly held and other firms not classifiable by gender, ethnicity, race, and veteran status",Other source(s) of capital,579,920036
Finance and insurance(608),"Publicly held and other firms not classifiable by gender, ethnicity, race, and veteran status",Don't know,1112,13207948
Finance and insurance(608),"Publicly held and other firms not classifiable by gender, ethnicity, race, and veteran status",None needed,337,2201632
Finance and insurance(608),"Publicly held and other firms not classifiable by gender, ethnicity, race, and veteran status",Total reporting,3244(r),18391467(r)
Finance and insurance(608),"Publicly held and other firms not classifiable by gender, ethnicity, race, and veteran status",Item not reported,31646(r),1668283027(r)
Real estate and rental and leasing,All firms,All firms,2680942,717412493
Real estate and rental and leasing,All firms,Personal/family savings of owner(s),1061936,168995984
Real estate and rental and leasing,All firms,Personal/family assets other than savings of owner(s),155855,30615396
Real estate and rental and leasing,All firms,Personal/family home equity loan,74329,10009886
Real estate and rental and leasing,All firms,Personal credit card(s) carrying balances,78648,9024384
Real estate and rental and leasing,All firms,Business credit card(s) carrying balances,24960,4279117
Real estate and rental and leasing,All firms,"Business loan from federal, state, or local government",6182,1202424
Real estate and rental and leasing,All firms,Government-guaranteed business loan from a bank or financial institution,17586,3392706
Real estate and rental and leasing,All firms,Business loan from a bank or financial institution,282681,65389797
Real estate and rental and leasing,All firms,Business loan/investment from family/friends,31181,9699362
Real estate and rental and leasing,All firms,Investment by venture capitalist(s),6789,4627850
Real estate and rental and leasing,All firms,Grants,1342,376397
Real estate and rental and leasing,All firms,Other source(s) of capital,46293,11144914
Real estate and rental and leasing,All firms,Don't know,156014,65725376
Real estate and rental and leasing,All firms,None needed,236415,19998068
Real estate and rental and leasing,All firms,Total reporting,1739070(r),312809810(r)
Real estate and rental and leasing,All firms,Item not reported,123108(r),160711477(r)
Real estate and rental and leasing,Female-owned,All firms,711762,72714463
Real estate and rental and leasing,Female-owned,Personal/family savings of owner(s),260255,25069865
Real estate and rental and leasing,Female-owned,Personal/family assets other than savings of owner(s),36383,4696641
Real estate and rental and leasing,Female-owned,Personal/family home equity loan,14208,1522172
Real estate and rental and leasing,Female-owned,Personal credit card(s) carrying balances,27761,2203246
Real estate and rental and leasing,Female-owned,Business credit card(s) carrying balances,6677,636279
Real estate and rental and leasing,Female-owned,"Business loan from federal, state, or local government",918,219589
Real estate and rental and leasing,Female-owned,Government-guaranteed business loan from a bank or financial institution,1631,331911
Real estate and rental and leasing,Female-owned,Business loan from a bank or financial institution,28087,5706808
Real estate and rental and leasing,Female-owned,Business loan/investment from family/friends,5512,1361369
Real estate and rental and leasing,Female-owned,Investment by venture capitalist(s),544,199429
Real estate and rental and leasing,Female-owned,Grants,310,37120
Real estate and rental and leasing,Female-owned,Other source(s) of capital,8517,903843
Real estate and rental and leasing,Female-owned,Don't know,30913,7531385
Real estate and rental and leasing,Female-owned,None needed,109008,6623901
Real estate and rental and leasing,Female-owned,Total reporting,453025(r),45764352(r)
Real estate and rental and leasing,Female-owned,Item not reported,10355(r),634809(r)
Real estate and rental and leasing,Male-owned,All firms,1387423,314581748
Real estate and rental and leasing,Male-owned,Personal/family savings of owner(s),567875,115352719
Real estate and rental and leasing,Male-owned,Personal/family assets other than savings of owner(s),75516,19321380
Real estate and rental and leasing,Male-owned,Personal/family home equity loan,31410,5470248
Real estate and rental and leasing,Male-owned,Personal credit card(s) carrying balances,35858,5096265
Real estate and rental and leasing,Male-owned,Business credit card(s) carrying balances,12478,3020750
Real estate and rental and leasing,Male-owned,"Business loan from federal, state, or local government",3466,732561
Real estate and rental and leasing,Male-owned,Government-guaranteed business loan from a bank or financial institution,10071,2349565
Real estate and rental and leasing,Male-owned,Business loan from a bank or financial institution,170041,47588710
Real estate and rental and leasing,Male-owned,Business loan/investment from family/friends,17541,7136751
Real estate and rental and leasing,Male-owned,Investment by venture capitalist(s),4992,4143135
Real estate and rental and leasing,Male-owned,Grants,644,246728
Real estate and rental and leasing,Male-owned,Other source(s) of capital,27465,8376192
Real estate and rental and leasing,Male-owned,Don't know,102016,51958977
Real estate and rental and leasing,Male-owned,None needed,97732,10638126
Real estate and rental and leasing,Male-owned,Total reporting,928398(r),219568270(r)
Real estate and rental and leasing,Male-owned,Item not reported,14622(r),2430018(r)
Real estate and rental and leasing,Equally male-/female-owned,All firms,480552,70888582
Real estate and rental and leasing,Equally male-/female-owned,Personal/family savings of owner(s),232523,27733827
Real estate and rental and leasing,Equally male-/female-owned,Personal/family assets other than savings of owner(s),43504,6463596
Real estate and rental and leasing,Equally male-/female-owned,Personal/family home equity loan,28602,2991414
Real estate and rental and leasing,Equally male-/female-owned,Personal credit card(s) carrying balances,15029,1724873
Real estate and rental and leasing,Equally male-/female-owned,Business credit card(s) carrying balances,5804,621956
Real estate and rental and leasing,Equally male-/female-owned,"Business loan from federal, state, or local government",1793,245409
Real estate and rental and leasing,Equally male-/female-owned,Government-guaranteed business loan from a bank or financial institution,5822,703543
Real estate and rental and leasing,Equally male-/female-owned,Business loan from a bank or financial institution,83511,11427335
Real estate and rental and leasing,Equally male-/female-owned,Business loan/investment from family/friends,8003,1116323
Real estate and rental and leasing,Equally male-/female-owned,Investment by venture capitalist(s),1151,189333
Real estate and rental and leasing,Equally male-/female-owned,Grants,349,S
Real estate and rental and leasing,Equally male-/female-owned,Other source(s) of capital,9440,1274500
Real estate and rental and leasing,Equally male-/female-owned,Don't know,20104,5187839
Real estate and rental and leasing,Equally male-/female-owned,None needed,28348,2442489
Real estate and rental and leasing,Equally male-/female-owned,Total reporting,350217(r),44170542(r)
Real estate and rental and leasing,Equally male-/female-owned,Item not reported,2225(r),540773(r)
Real estate and rental and leasing,Hispanic,All firms,142696,12541651
Real estate and rental and leasing,Hispanic,Personal/family savings of owner(s),44855,4267523
Real estate and rental and leasing,Hispanic,Personal/family assets other than savings of owner(s),5371,632901
Real estate and rental and leasing,Hispanic,Personal/family home equity loan,3619,278209
Real estate and rental and leasing,Hispanic,Personal credit card(s) carrying balances,5432,377367
Real estate and rental and leasing,Hispanic,Business credit card(s) carrying balances,1585,108001
Real estate and rental and leasing,Hispanic,"Business loan from federal, state, or local government",97,S
Real estate and rental and leasing,Hispanic,Government-guaranteed business loan from a bank or financial institution,578,108462
Real estate and rental and leasing,Hispanic,Business loan from a bank or financial institution,5102,1095075
Real estate and rental and leasing,Hispanic,Business loan/investment from family/friends,921,145251
Real estate and rental and leasing,Hispanic,Investment by venture capitalist(s),408,35010
Real estate and rental and leasing,Hispanic,Grants,101,S
Real estate and rental and leasing,Hispanic,Other source(s) of capital,1498,225149
Real estate and rental and leasing,Hispanic,Don't know,4752,854347
Real estate and rental and leasing,Hispanic,None needed,11867,579590
Real estate and rental and leasing,Hispanic,Total reporting,69841(r),6737908(r)
Real estate and rental and leasing,Hispanic,Item not reported,2021(r),92856(r)
Real estate and rental and leasing,"Hispanic, female-owned",All firms,57432,3340505
Real estate and rental and leasing,"Hispanic, female-owned",Personal/family savings of owner(s),14451,930968
Real estate and rental and leasing,"Hispanic, female-owned",Personal/family assets other than savings of owner(s),1728,169270
Real estate and rental and leasing,"Hispanic, female-owned",Personal/family home equity loan,1135,38590
Real estate and rental and leasing,"Hispanic, female-owned",Personal credit card(s) carrying balances,1920,94461
Real estate and rental and leasing,"Hispanic, female-owned",Business credit card(s) carrying balances,411,29587
Real estate and rental and leasing,"Hispanic, female-owned","Business loan from federal, state, or local government",0,0
Real estate and rental and leasing,"Hispanic, female-owned",Government-guaranteed business loan from a bank or financial institution,22,S
Real estate and rental and leasing,"Hispanic, female-owned",Business loan from a bank or financial institution,799,103027
Real estate and rental and leasing,"Hispanic, female-owned",Business loan/investment from family/friends,157,10085
Real estate and rental and leasing,"Hispanic, female-owned",Investment by venture capitalist(s),0,0
Real estate and rental and leasing,"Hispanic, female-owned",Grants,0,0
Real estate and rental and leasing,"Hispanic, female-owned",Other source(s) of capital,637,28295
Real estate and rental and leasing,"Hispanic, female-owned",Don't know,1107,70050
Real estate and rental and leasing,"Hispanic, female-owned",None needed,6170,144980
Real estate and rental and leasing,"Hispanic, female-owned",Total reporting,24384(r),1365060(r)
Real estate and rental and leasing,"Hispanic, female-owned",Item not reported,1196(r),34992(r)
Real estate and rental and leasing,"Hispanic, male-owned",All firms,69513,7353947
Real estate and rental and leasing,"Hispanic, male-owned",Personal/family savings of owner(s),24827,2873398
Real estate and rental and leasing,"Hispanic, male-owned",Personal/family assets other than savings of owner(s),2785,396280
Real estate and rental and leasing,"Hispanic, male-owned",Personal/family home equity loan,2086,210401
Real estate and rental and leasing,"Hispanic, male-owned",Personal credit card(s) carrying balances,2998,236924
Real estate and rental and leasing,"Hispanic, male-owned",Business credit card(s) carrying balances,916,72767
Real estate and rental and leasing,"Hispanic, male-owned","Business loan from federal, state, or local government",97,S
Real estate and rental and leasing,"Hispanic, male-owned",Government-guaranteed business loan from a bank or financial institution,355,S
Real estate and rental and leasing,"Hispanic, male-owned",Business loan from a bank or financial institution,3254,791803
Real estate and rental and leasing,"Hispanic, male-owned",Business loan/investment from family/friends,559,S
Real estate and rental and leasing,"Hispanic, male-owned",Investment by venture capitalist(s),246,26797
Real estate and rental and leasing,"Hispanic, male-owned",Grants,48,S
Real estate and rental and leasing,"Hispanic, male-owned",Other source(s) of capital,845,189666
Real estate and rental and leasing,"Hispanic, male-owned",Don't know,2902,471115
Real estate and rental and leasing,"Hispanic, male-owned",None needed,5302,349726
Real estate and rental and leasing,"Hispanic, male-owned",Total reporting,37258(r),4338264(r)
Real estate and rental and leasing,"Hispanic, male-owned",Item not reported,694(r),52172(r)
Real estate and rental and leasing,"Hispanic, equally male-/female-owned",All firms,15751,1847199
Real estate and rental and leasing,"Hispanic, equally male-/female-owned",Personal/family savings of owner(s),5578,463157
Real estate and rental and leasing,"Hispanic, equally male-/female-owned",Personal/family assets other than savings of owner(s),858,67351
Real estate and rental and leasing,"Hispanic, equally male-/female-owned",Personal/family home equity loan,398,S
Real estate and rental and leasing,"Hispanic, equally male-/female-owned",Personal credit card(s) carrying balances,513,S
Real estate and rental and leasing,"Hispanic, equally male-/female-owned",Business credit card(s) carrying balances,258,5648
Real estate and rental and leasing,"Hispanic, equally male-/female-owned","Business loan from federal, state, or local government",0,0
Real estate and rental and leasing,"Hispanic, equally male-/female-owned",Government-guaranteed business loan from a bank or financial institution,200,S
Real estate and rental and leasing,"Hispanic, equally male-/female-owned",Business loan from a bank or financial institution,1049,200245
Real estate and rental and leasing,"Hispanic, equally male-/female-owned",Business loan/investment from family/friends,204,S
Real estate and rental and leasing,"Hispanic, equally male-/female-owned",Investment by venture capitalist(s),162,S
Real estate and rental and leasing,"Hispanic, equally male-/female-owned",Grants,53,S
Real estate and rental and leasing,"Hispanic, equally male-/female-owned",Other source(s) of capital,16,S
Real estate and rental and leasing,"Hispanic, equally male-/female-owned",Don't know,743,S
Real estate and rental and leasing,"Hispanic, equally male-/female-owned",None needed,395,84884
Real estate and rental and leasing,"Hispanic, equally male-/female-owned",Total reporting,8199(r),1034585(r)
Real estate and rental and leasing,"Hispanic, equally male-/female-owned",Item not reported,131(r),S
Real estate and rental and leasing,Equally Hispanic/non-Hispanic,All firms,21829,4446545
Real estate and rental and leasing,Equally Hispanic/non-Hispanic,Personal/family savings of owner(s),11486,1084626
Real estate and rental and leasing,Equally Hispanic/non-Hispanic,Personal/family assets other than savings of owner(s),1718,181932
Real estate and rental and leasing,Equally Hispanic/non-Hispanic,Personal/family home equity loan,872,136050
Real estate and rental and leasing,Equally Hispanic/non-Hispanic,Personal credit card(s) carrying balances,833,102194
Real estate and rental and leasing,Equally Hispanic/non-Hispanic,Business credit card(s) carrying balances,373,62290
Real estate and rental and leasing,Equally Hispanic/non-Hispanic,"Business loan from federal, state, or local government",66,S
Real estate and rental and leasing,Equally Hispanic/non-Hispanic,Government-guaranteed business loan from a bank or financial institution,377,26167
Real estate and rental and leasing,Equally Hispanic/non-Hispanic,Business loan from a bank or financial institution,3186,307903
Real estate and rental and leasing,Equally Hispanic/non-Hispanic,Business loan/investment from family/friends,247,S
Real estate and rental and leasing,Equally Hispanic/non-Hispanic,Investment by venture capitalist(s),11,S
Real estate and rental and leasing,Equally Hispanic/non-Hispanic,Grants,0,0
Real estate and rental and leasing,Equally Hispanic/non-Hispanic,Other source(s) of capital,326,8594
Real estate and rental and leasing,Equally Hispanic/non-Hispanic,Don't know,811,195932
Real estate and rental and leasing,Equally Hispanic/non-Hispanic,None needed,720,63242
Real estate and rental and leasing,Equally Hispanic/non-Hispanic,Total reporting,15221,1559625
Real estate and rental and leasing,Equally Hispanic/non-Hispanic,Item not reported,134,13369
Real estate and rental and leasing,"Equally Hispanic/non-Hispanic, female-owned",All firms,784,92932
Real estate and rental and leasing,"Equally Hispanic/non-Hispanic, female-owned",Personal/family savings of owner(s),448,56889
Real estate and rental and leasing,"Equally Hispanic/non-Hispanic, female-owned",Personal/family assets other than savings of owner(s),46,S
Real estate and rental and leasing,"Equally Hispanic/non-Hispanic, female-owned",Personal/family home equity loan,0,0
Real estate and rental and leasing,"Equally Hispanic/non-Hispanic, female-owned",Personal credit card(s) carrying balances,6,S
Real estate and rental and leasing,"Equally Hispanic/non-Hispanic, female-owned",Business credit card(s) carrying balances,0,0
Real estate and rental and leasing,"Equally Hispanic/non-Hispanic, female-owned","Business loan from federal, state, or local government",0,0
Real estate and rental and leasing,"Equally Hispanic/non-Hispanic, female-owned",Government-guaranteed business loan from a bank or financial institution,62,S
Real estate and rental and leasing,"Equally Hispanic/non-Hispanic, female-owned",Business loan from a bank or financial institution,128,S
Real estate and rental and leasing,"Equally Hispanic/non-Hispanic, female-owned",Business loan/investment from family/friends,0,0
Real estate and rental and leasing,"Equally Hispanic/non-Hispanic, female-owned",Investment by venture capitalist(s),0,0
Real estate and rental and leasing,"Equally Hispanic/non-Hispanic, female-owned",Grants,0,0
Real estate and rental and leasing,"Equally Hispanic/non-Hispanic, female-owned",Other source(s) of capital,61,S
Real estate and rental and leasing,"Equally Hispanic/non-Hispanic, female-owned",Don't know,61,S
Real estate and rental and leasing,"Equally Hispanic/non-Hispanic, female-owned",None needed,69,S
Real estate and rental and leasing,"Equally Hispanic/non-Hispanic, female-owned",Total reporting,707,74892
Real estate and rental and leasing,"Equally Hispanic/non-Hispanic, female-owned",Item not reported,0,0
Real estate and rental and leasing,"Equally Hispanic/non-Hispanic, male-owned",All firms,4838,749073
Real estate and rental and leasing,"Equally Hispanic/non-Hispanic, male-owned",Personal/family savings of owner(s),2382,348159
Real estate and rental and leasing,"Equally Hispanic/non-Hispanic, male-owned",Personal/family assets other than savings of owner(s),133,S
Real estate and rental and leasing,"Equally Hispanic/non-Hispanic, male-owned",Personal/family home equity loan,139,S
Real estate and rental and leasing,"Equally Hispanic/non-Hispanic, male-owned",Personal credit card(s) carrying balances,6,S
Real estate and rental and leasing,"Equally Hispanic/non-Hispanic, male-owned",Business credit card(s) carrying balances,0,0
Real estate and rental and leasing,"Equally Hispanic/non-Hispanic, male-owned","Business loan from federal, state, or local government",0,0
Real estate and rental and leasing,"Equally Hispanic/non-Hispanic, male-owned",Government-guaranteed business loan from a bank or financial institution,69,S
Real estate and rental and leasing,"Equally Hispanic/non-Hispanic, male-owned",Business loan from a bank or financial institution,741,133815
Real estate and rental and leasing,"Equally Hispanic/non-Hispanic, male-owned",Business loan/investment from family/friends,144,S
Real estate and rental and leasing,"Equally Hispanic/non-Hispanic, male-owned",Investment by venture capitalist(s),11,S
Real estate and rental and leasing,"Equally Hispanic/non-Hispanic, male-owned",Grants,0,0
Real estate and rental and leasing,"Equally Hispanic/non-Hispanic, male-owned",Other source(s) of capital,11,S
Real estate and rental and leasing,"Equally Hispanic/non-Hispanic, male-owned",Don't know,364,117873
Real estate and rental and leasing,"Equally Hispanic/non-Hispanic, male-owned",None needed,105,S
Real estate and rental and leasing,"Equally Hispanic/non-Hispanic, male-owned",Total reporting,3489,548225
Real estate and rental and leasing,"Equally Hispanic/non-Hispanic, male-owned",Item not reported,4,S
Real estate and rental and leasing,"Equally Hispanic/non-Hispanic, equally male-/female-owned",All firms,16207,S
Real estate and rental and leasing,"Equally Hispanic/non-Hispanic, equally male-/female-owned",Personal/family savings of owner(s),8657,S
Real estate and rental and leasing,"Equally Hispanic/non-Hispanic, equally male-/female-owned",Personal/family assets other than savings of owner(s),1539,S
Real estate and rental and leasing,"Equally Hispanic/non-Hispanic, equally male-/female-owned",Personal/family home equity loan,733,S
Real estate and rental and leasing,"Equally Hispanic/non-Hispanic, equally male-/female-owned",Personal credit card(s) carrying balances,821,S
Real estate and rental and leasing,"Equally Hispanic/non-Hispanic, equally male-/female-owned",Business credit card(s) carrying balances,373,S
Real estate and rental and leasing,"Equally Hispanic/non-Hispanic, equally male-/female-owned","Business loan from federal, state, or local government",66,S
Real estate and rental and leasing,"Equally Hispanic/non-Hispanic, equally male-/female-owned",Government-guaranteed business loan from a bank or financial institution,246,S
Real estate and rental and leasing,"Equally Hispanic/non-Hispanic, equally male-/female-owned",Business loan from a bank or financial institution,2317,S
Real estate and rental and leasing,"Equally Hispanic/non-Hispanic, equally male-/female-owned",Business loan/investment from family/friends,104,S
Real estate and rental and leasing,"Equally Hispanic/non-Hispanic, equally male-/female-owned",Investment by venture capitalist(s),0,S
Real estate and rental and leasing,"Equally Hispanic/non-Hispanic, equally male-/female-owned",Grants,0,S
Real estate and rental and leasing,"Equally Hispanic/non-Hispanic, equally male-/female-owned",Other source(s) of capital,254,S
Real estate and rental and leasing,"Equally Hispanic/non-Hispanic, equally male-/female-owned",Don't know,385,S
Real estate and rental and leasing,"Equally Hispanic/non-Hispanic, equally male-/female-owned",None needed,546,S
Real estate and rental and leasing,"Equally Hispanic/non-Hispanic, equally male-/female-owned",Total reporting,11025,S
Real estate and rental and leasing,"Equally Hispanic/non-Hispanic, equally male-/female-owned",Item not reported,130,S
Real estate and rental and leasing,Non-Hispanic,All firms,2415213,441196597
Real estate and rental and leasing,Non-Hispanic,Personal/family savings of owner(s),1004312,162804264
Real estate and rental and leasing,Non-Hispanic,Personal/family assets other than savings of owner(s),148314,29666785
Real estate and rental and leasing,Non-Hispanic,Personal/family home equity loan,69729,9569575
Real estate and rental and leasing,Non-Hispanic,Personal credit card(s) carrying balances,72383,8544823
Real estate and rental and leasing,Non-Hispanic,Business credit card(s) carrying balances,23000,4108694
Real estate and rental and leasing,Non-Hispanic,"Business loan from federal, state, or local government",6014,1159681
Real estate and rental and leasing,Non-Hispanic,Government-guaranteed business loan from a bank or financial institution,16570,3250390
Real estate and rental and leasing,Non-Hispanic,Business loan from a bank or financial institution,273350,63319875
Real estate and rental and leasing,Non-Hispanic,Business loan/investment from family/friends,29888,9385064
Real estate and rental and leasing,Non-Hispanic,Investment by venture capitalist(s),6268,4495581
Real estate and rental and leasing,Non-Hispanic,Grants,1202,310326
Real estate and rental and leasing,Non-Hispanic,Other source(s) of capital,43598,10320791
Real estate and rental and leasing,Non-Hispanic,Don't know,147470,63627922
Real estate and rental and leasing,Non-Hispanic,None needed,222500,19061683
Real estate and rental and leasing,Non-Hispanic,Total reporting,1646578(r),301205631(r)
Real estate and rental and leasing,Non-Hispanic,Item not reported,25047(r),3499376(r)
Real estate and rental and leasing,"Non-Hispanic, female-owned",All firms,653545,69281026
Real estate and rental and leasing,"Non-Hispanic, female-owned",Personal/family savings of owner(s),245357,24082009
Real estate and rental and leasing,"Non-Hispanic, female-owned",Personal/family assets other than savings of owner(s),34609,4511681
Real estate and rental and leasing,"Non-Hispanic, female-owned",Personal/family home equity loan,13073,1483583
Real estate and rental and leasing,"Non-Hispanic, female-owned",Personal credit card(s) carrying balances,25835,2108405
Real estate and rental and leasing,"Non-Hispanic, female-owned",Business credit card(s) carrying balances,6266,606692
Real estate and rental and leasing,"Non-Hispanic, female-owned","Business loan from federal, state, or local government",918,219589
Real estate and rental and leasing,"Non-Hispanic, female-owned",Government-guaranteed business loan from a bank or financial institution,1547,326319
Real estate and rental and leasing,"Non-Hispanic, female-owned",Business loan from a bank or financial institution,27159,5594576
Real estate and rental and leasing,"Non-Hispanic, female-owned",Business loan/investment from family/friends,5355,1351283
Real estate and rental and leasing,"Non-Hispanic, female-owned",Investment by venture capitalist(s),544,199429
Real estate and rental and leasing,"Non-Hispanic, female-owned",Grants,310,37120
Real estate and rental and leasing,"Non-Hispanic, female-owned",Other source(s) of capital,7818,874382
Real estate and rental and leasing,"Non-Hispanic, female-owned",Don't know,29744,7459861
Real estate and rental and leasing,"Non-Hispanic, female-owned",None needed,102768,6468675
Real estate and rental and leasing,"Non-Hispanic, female-owned",Total reporting,427934(r),44324400(r)
Real estate and rental and leasing,"Non-Hispanic, female-owned",Item not reported,9160(r),599818(r)
Real estate and rental and leasing,"Non-Hispanic, male-owned",All firms,1313072,306478728
Real estate and rental and leasing,"Non-Hispanic, male-owned",Personal/family savings of owner(s),540667,112131162
Real estate and rental and leasing,"Non-Hispanic, male-owned",Personal/family assets other than savings of owner(s),72598,18873255
Real estate and rental and leasing,"Non-Hispanic, male-owned",Personal/family home equity loan,29185,5214184
Real estate and rental and leasing,"Non-Hispanic, male-owned",Personal credit card(s) carrying balances,32854,4859121
Real estate and rental and leasing,"Non-Hispanic, male-owned",Business credit card(s) carrying balances,11562,2947984
Real estate and rental and leasing,"Non-Hispanic, male-owned","Business loan from federal, state, or local government",3369,702267
Real estate and rental and leasing,"Non-Hispanic, male-owned",Government-guaranteed business loan from a bank or financial institution,9647,2261047
Real estate and rental and leasing,"Non-Hispanic, male-owned",Business loan from a bank or financial institution,166046,46663092
Real estate and rental and leasing,"Non-Hispanic, male-owned",Business loan/investment from family/friends,16838,6929925
Real estate and rental and leasing,"Non-Hispanic, male-owned",Investment by venture capitalist(s),4735,4115033
Real estate and rental and leasing,"Non-Hispanic, male-owned",Grants,596,236143
Real estate and rental and leasing,"Non-Hispanic, male-owned",Other source(s) of capital,26609,8186231
Real estate and rental and leasing,"Non-Hispanic, male-owned",Don't know,98750,51369989
Real estate and rental and leasing,"Non-Hispanic, male-owned",None needed,92325,10282916
Real estate and rental and leasing,"Non-Hispanic, male-owned",Total reporting,887651(r),214681781(r)
Real estate and rental and leasing,"Non-Hispanic, male-owned",Item not reported,13923(r),2370263(r)
Real estate and rental and leasing,"Non-Hispanic, equally male-/female-owned",All firms,448595,65436843
Real estate and rental and leasing,"Non-Hispanic, equally male-/female-owned",Personal/family savings of owner(s),218288,26591092
Real estate and rental and leasing,"Non-Hispanic, equally male-/female-owned",Personal/family assets other than savings of owner(s),41106,6281849
Real estate and rental and leasing,"Non-Hispanic, equally male-/female-owned",Personal/family home equity loan,27471,2871808
Real estate and rental and leasing,"Non-Hispanic, equally male-/female-owned",Personal credit card(s) carrying balances,13695,1577297
Real estate and rental and leasing,"Non-Hispanic, equally male-/female-owned",Business credit card(s) carrying balances,5173,554018
Real estate and rental and leasing,"Non-Hispanic, equally male-/female-owned","Business loan from federal, state, or local government",1727,237825
Real estate and rental and leasing,"Non-Hispanic, equally male-/female-owned",Government-guaranteed business loan from a bank or financial institution,5376,663024
Real estate and rental and leasing,"Non-Hispanic, equally male-/female-owned",Business loan from a bank or financial institution,80144,11062207
Real estate and rental and leasing,"Non-Hispanic, equally male-/female-owned",Business loan/investment from family/friends,7695,1103856
Real estate and rental and leasing,"Non-Hispanic, equally male-/female-owned",Investment by venture capitalist(s),988,181119
Real estate and rental and leasing,"Non-Hispanic, equally male-/female-owned",Grants,296,S
Real estate and rental and leasing,"Non-Hispanic, equally male-/female-owned",Other source(s) of capital,9171,1260178
Real estate and rental and leasing,"Non-Hispanic, equally male-/female-owned",Don't know,18976,4798072
Real estate and rental and leasing,"Non-Hispanic, equally male-/female-owned",None needed,27407,2310092
Real estate and rental and leasing,"Non-Hispanic, equally male-/female-owned",Total reporting,330993(r),42199449(r)
Real estate and rental and leasing,"Non-Hispanic, equally male-/female-owned",Item not reported,1965(r),529295(r)
Real estate and rental and leasing,White,All firms,2306033,428939988
Real estate and rental and leasing,White,Personal/family savings of owner(s),957009,158237024
Real estate and rental and leasing,White,Personal/family assets other than savings of owner(s),141961,28692264
Real estate and rental and leasing,White,Personal/family home equity loan,63240,8790218
Real estate and rental and leasing,White,Personal credit card(s) carrying balances,68925,8307422
Real estate and rental and leasing,White,Business credit card(s) carrying balances,22662,4030357
Real estate and rental and leasing,White,"Business loan from federal, state, or local government",5419,1107990
Real estate and rental and leasing,White,Government-guaranteed business loan from a bank or financial institution,15718,3056755
Real estate and rental and leasing,White,Business loan from a bank or financial institution,259492,60732446
Real estate and rental and leasing,White,Business loan/investment from family/friends,28385,8945438
Real estate and rental and leasing,White,Investment by venture capitalist(s),5888,4437945
Real estate and rental and leasing,White,Grants,894,274913
Real estate and rental and leasing,White,Other source(s) of capital,41582,9625285
Real estate and rental and leasing,White,Don't know,141735,60792043
Real estate and rental and leasing,White,None needed,218204,18938702
Real estate and rental and leasing,White,Total reporting,1580023(r),291146160(r)
Real estate and rental and leasing,White,Item not reported,23667(r),3421364(r)
Real estate and rental and leasing,"White, female-owned",All firms,613323,65814989
Real estate and rental and leasing,"White, female-owned",Personal/family savings of owner(s),230049,22999084
Real estate and rental and leasing,"White, female-owned",Personal/family assets other than savings of owner(s),33260,4302008
Real estate and rental and leasing,"White, female-owned",Personal/family home equity loan,11597,1317890
Real estate and rental and leasing,"White, female-owned",Personal credit card(s) carrying balances,24047,1972299
Real estate and rental and leasing,"White, female-owned",Business credit card(s) carrying balances,6075,604393
Real estate and rental and leasing,"White, female-owned","Business loan from federal, state, or local government",690,S
Real estate and rental and leasing,"White, female-owned",Government-guaranteed business loan from a bank or financial institution,1485,315588
Real estate and rental and leasing,"White, female-owned",Business loan from a bank or financial institution,24723,5167620
Real estate and rental and leasing,"White, female-owned",Business loan/investment from family/friends,5150,1020424
Real estate and rental and leasing,"White, female-owned",Investment by venture capitalist(s),544,199429
Real estate and rental and leasing,"White, female-owned",Grants,73,S
Real estate and rental and leasing,"White, female-owned",Other source(s) of capital,7721,842621
Real estate and rental and leasing,"White, female-owned",Don't know,27852,7218154
Real estate and rental and leasing,"White, female-owned",None needed,101372,6380739
Real estate and rental and leasing,"White, female-owned",Total reporting,407076(r),42296918(r)
Real estate and rental and leasing,"White, female-owned",Item not reported,8840(r),572308(r)
Real estate and rental and leasing,"White, male-owned",All firms,1267987,299089633
Real estate and rental and leasing,"White, male-owned",Personal/family savings of owner(s),521717,110294995
Real estate and rental and leasing,"White, male-owned",Personal/family assets other than savings of owner(s),69689,18417561
Real estate and rental and leasing,"White, male-owned",Personal/family home equity loan,27800,4915765
Real estate and rental and leasing,"White, male-owned",Personal credit card(s) carrying balances,32174,4795375
Real estate and rental and leasing,"White, male-owned",Business credit card(s) carrying balances,11519,2878364
Real estate and rental and leasing,"White, male-owned","Business loan from federal, state, or local government",3226,712026
Real estate and rental and leasing,"White, male-owned",Government-guaranteed business loan from a bank or financial institution,9129,2157436
Real estate and rental and leasing,"White, male-owned",Business loan from a bank or financial institution,159503,45225269
Real estate and rental and leasing,"White, male-owned",Business loan/investment from family/friends,16091,6876150
Real estate and rental and leasing,"White, male-owned",Investment by venture capitalist(s),4467,4070031
Real estate and rental and leasing,"White, male-owned",Grants,475,240499
Real estate and rental and leasing,"White, male-owned",Other source(s) of capital,25169,7581336
Real estate and rental and leasing,"White, male-owned",Don't know,95589,48639908
Real estate and rental and leasing,"White, male-owned",None needed,90401,10269306
Real estate and rental and leasing,"White, male-owned",Total reporting,858994(r),208509069(r)
Real estate and rental and leasing,"White, male-owned",Item not reported,12836(r),2314099(r)
Real estate and rental and leasing,"White, equally male-/female-owned",All firms,424723,64035365
Real estate and rental and leasing,"White, equally male-/female-owned",Personal/family savings of owner(s),205243,24942944
Real estate and rental and leasing,"White, equally male-/female-owned",Personal/family assets other than savings of owner(s),39012,5972696
Real estate and rental and leasing,"White, equally male-/female-owned",Personal/family home equity loan,23843,2556563
Real estate and rental and leasing,"White, equally male-/female-owned",Personal credit card(s) carrying balances,12704,1539748
Real estate and rental and leasing,"White, equally male-/female-owned",Business credit card(s) carrying balances,5067,547599
Real estate and rental and leasing,"White, equally male-/female-owned","Business loan from federal, state, or local government",1503,218464
Real estate and rental and leasing,"White, equally male-/female-owned",Government-guaranteed business loan from a bank or financial institution,5104,583732
Real estate and rental and leasing,"White, equally male-/female-owned",Business loan from a bank or financial institution,75265,10339557
Real estate and rental and leasing,"White, equally male-/female-owned",Business loan/investment from family/friends,7144,1048865
Real estate and rental and leasing,"White, equally male-/female-owned",Investment by venture capitalist(s),877,168485
Real estate and rental and leasing,"White, equally male-/female-owned",Grants,347,S
Real estate and rental and leasing,"White, equally male-/female-owned",Other source(s) of capital,8692,1201328
Real estate and rental and leasing,"White, equally male-/female-owned",Don't know,18294,4933981
Real estate and rental and leasing,"White, equally male-/female-owned",None needed,26431,2288657
Real estate and rental and leasing,"White, equally male-/female-owned",Total reporting,313953(r),40340173(r)
Real estate and rental and leasing,"White, equally male-/female-owned",Item not reported,1991(r),534956(r)
Real estate and rental and leasing,Black or African American,All firms,78011,4467614
Real estate and rental and leasing,Black or African American,Personal/family savings of owner(s),23756,1222899
Real estate and rental and leasing,Black or African American,Personal/family assets other than savings of owner(s),2520,156029
Real estate and rental and leasing,Black or African American,Personal/family home equity loan,1956,172864
Real estate and rental and leasing,Black or African American,Personal credit card(s) carrying balances,3541,154378
Real estate and rental and leasing,Black or African American,Business credit card(s) carrying balances,748,62715
Real estate and rental and leasing,Black or African American,"Business loan from federal, state, or local government",335,S
Real estate and rental and leasing,Black or African American,Government-guaranteed business loan from a bank or financial institution,89,20218
Real estate and rental and leasing,Black or African American,Business loan from a bank or financial institution,3379,540730
Real estate and rental and leasing,Black or African American,Business loan/investment from family/friends,454,28876
Real estate and rental and leasing,Black or African American,Investment by venture capitalist(s),180,S
Real estate and rental and leasing,Black or African American,Grants,264,S
Real estate and rental and leasing,Black or African American,Other source(s) of capital,1100,126127
Real estate and rental and leasing,Black or African American,Don't know,1684,530329
Real estate and rental and leasing,Black or African American,None needed,5688,231656
Real estate and rental and leasing,Black or African American,Total reporting,35221(r),2363594(r)
Real estate and rental and leasing,Black or African American,Item not reported,1512(r),79299(r)
Real estate and rental and leasing,"Black or African American, female-owned",All firms,38825,1361439
Real estate and rental and leasing,"Black or African American, female-owned",Personal/family savings of owner(s),9139,308312
Real estate and rental and leasing,"Black or African American, female-owned",Personal/family assets other than savings of owner(s),808,25187
Real estate and rental and leasing,"Black or African American, female-owned",Personal/family home equity loan,743,29561
Real estate and rental and leasing,"Black or African American, female-owned",Personal credit card(s) carrying balances,1830,57731
Real estate and rental and leasing,"Black or African American, female-owned",Business credit card(s) carrying balances,254,14426
Real estate and rental and leasing,"Black or African American, female-owned","Business loan from federal, state, or local government",100,S
Real estate and rental and leasing,"Black or African American, female-owned",Government-guaranteed business loan from a bank or financial institution,23,S
Real estate and rental and leasing,"Black or African American, female-owned",Business loan from a bank or financial institution,535,117570
Real estate and rental and leasing,"Black or African American, female-owned",Business loan/investment from family/friends,68,S
Real estate and rental and leasing,"Black or African American, female-owned",Investment by venture capitalist(s),0,0
Real estate and rental and leasing,"Black or African American, female-owned",Grants,167,S
Real estate and rental and leasing,"Black or African American, female-owned",Other source(s) of capital,525,S
Real estate and rental and leasing,"Black or African American, female-owned",Don't know,624,39902
Real estate and rental and leasing,"Black or African American, female-owned",None needed,2561,42888
Real estate and rental and leasing,"Black or African American, female-owned",Total reporting,13771(r),465420(r)
Real estate and rental and leasing,"Black or African American, female-owned",Item not reported,855(r),S
Real estate and rental and leasing,"Black or African American, male-owned",All firms,32402,2615219
Real estate and rental and leasing,"Black or African American, male-owned",Personal/family savings of owner(s),11373,786208
Real estate and rental and leasing,"Black or African American, male-owned",Personal/family assets other than savings of owner(s),1292,119747
Real estate and rental and leasing,"Black or African American, male-owned",Personal/family home equity loan,689,101173
Real estate and rental and leasing,"Black or African American, male-owned",Personal credit card(s) carrying balances,1326,64227
Real estate and rental and leasing,"Black or African American, male-owned",Business credit card(s) carrying balances,352,20718
Real estate and rental and leasing,"Black or African American, male-owned","Business loan from federal, state, or local government",230,S
Real estate and rental and leasing,"Black or African American, male-owned",Government-guaranteed business loan from a bank or financial institution,58,18935
Real estate and rental and leasing,"Black or African American, male-owned",Business loan from a bank or financial institution,1850,375236
Real estate and rental and leasing,"Black or African American, male-owned",Business loan/investment from family/friends,309,24940
Real estate and rental and leasing,"Black or African American, male-owned",Investment by venture capitalist(s),68,S
Real estate and rental and leasing,"Black or African American, male-owned",Grants,98,S
Real estate and rental and leasing,"Black or African American, male-owned",Other source(s) of capital,493,96866
Real estate and rental and leasing,"Black or African American, male-owned",Don't know,981,486594
Real estate and rental and leasing,"Black or African American, male-owned",None needed,2574,S
Real estate and rental and leasing,"Black or African American, male-owned",Total reporting,16861(r),1714586(r)
Real estate and rental and leasing,"Black or African American, male-owned",Item not reported,644(r),55555(r)
Real estate and rental and leasing,"Black or African American, equally male-/female-owned",All firms,6784,490956
Real estate and rental and leasing,"Black or African American, equally male-/female-owned",Personal/family savings of owner(s),3244,128379
Real estate and rental and leasing,"Black or African American, equally male-/female-owned",Personal/family assets other than savings of owner(s),420,11095
Real estate and rental and leasing,"Black or African American, equally male-/female-owned",Personal/family home equity loan,525,42130
Real estate and rental and leasing,"Black or African American, equally male-/female-owned",Personal credit card(s) carrying balances,384,S
Real estate and rental and leasing,"Black or African American, equally male-/female-owned",Business credit card(s) carrying balances,142,S
Real estate and rental and leasing,"Black or African American, equally male-/female-owned","Business loan from federal, state, or local government",5,S
Real estate and rental and leasing,"Black or African American, equally male-/female-owned",Government-guaranteed business loan from a bank or financial institution,8,S
Real estate and rental and leasing,"Black or African American, equally male-/female-owned",Business loan from a bank or financial institution,993,47924
Real estate and rental and leasing,"Black or African American, equally male-/female-owned",Business loan/investment from family/friends,78,2989
Real estate and rental and leasing,"Black or African American, equally male-/female-owned",Investment by venture capitalist(s),112,S
Real estate and rental and leasing,"Black or African American, equally male-/female-owned",Grants,0,0
Real estate and rental and leasing,"Black or African American, equally male-/female-owned",Other source(s) of capital,82,S
Real estate and rental and leasing,"Black or African American, equally male-/female-owned",Don't know,78,S
Real estate and rental and leasing,"Black or African American, equally male-/female-owned",None needed,553,12015
Real estate and rental and leasing,"Black or African American, equally male-/female-owned",Total reporting,4589,183588
Real estate and rental and leasing,"Black or African American, equally male-/female-owned",Item not reported,13,S
Real estate and rental and leasing,American Indian and Alaska Native,All firms,10925,917650
Real estate and rental and leasing,American Indian and Alaska Native,Personal/family savings of owner(s),5027,437892
Real estate and rental and leasing,American Indian and Alaska Native,Personal/family assets other than savings of owner(s),911,S
Real estate and rental and leasing,American Indian and Alaska Native,Personal/family home equity loan,243,9593
Real estate and rental and leasing,American Indian and Alaska Native,Personal credit card(s) carrying balances,1263,125178
Real estate and rental and leasing,American Indian and Alaska Native,Business credit card(s) carrying balances,173,S
Real estate and rental and leasing,American Indian and Alaska Native,"Business loan from federal, state, or local government",0,0
Real estate and rental and leasing,American Indian and Alaska Native,Government-guaranteed business loan from a bank or financial institution,36,S
Real estate and rental and leasing,American Indian and Alaska Native,Business loan from a bank or financial institution,996,S
Real estate and rental and leasing,American Indian and Alaska Native,Business loan/investment from family/friends,152,S
Real estate and rental and leasing,American Indian and Alaska Native,Investment by venture capitalist(s),0,0
Real estate and rental and leasing,American Indian and Alaska Native,Grants,9,S
Real estate and rental and leasing,American Indian and Alaska Native,Other source(s) of capital,203,9268
Real estate and rental and leasing,American Indian and Alaska Native,Don't know,187,10597
Real estate and rental and leasing,American Indian and Alaska Native,None needed,1254,43563
Real estate and rental and leasing,American Indian and Alaska Native,Total reporting,7604(r),571626(r)
Real estate and rental and leasing,American Indian and Alaska Native,Item not reported,329(r),S
Real estate and rental and leasing,"American Indian and Alaska Native, female-owned",All firms,5446,360299
Real estate and rental and leasing,"American Indian and Alaska Native, female-owned",Personal/family savings of owner(s),2489,234922
Real estate and rental and leasing,"American Indian and Alaska Native, female-owned",Personal/family assets other than savings of owner(s),326,S
Real estate and rental and leasing,"American Indian and Alaska Native, female-owned",Personal/family home equity loan,200,S
Real estate and rental and leasing,"American Indian and Alaska Native, female-owned",Personal credit card(s) carrying balances,836,35065
Real estate and rental and leasing,"American Indian and Alaska Native, female-owned",Business credit card(s) carrying balances,151,S
Real estate and rental and leasing,"American Indian and Alaska Native, female-owned","Business loan from federal, state, or local government",0,0
Real estate and rental and leasing,"American Indian and Alaska Native, female-owned",Government-guaranteed business loan from a bank or financial institution,34,S
Real estate and rental and leasing,"American Indian and Alaska Native, female-owned",Business loan from a bank or financial institution,363,S
Real estate and rental and leasing,"American Indian and Alaska Native, female-owned",Business loan/investment from family/friends,27,S
Real estate and rental and leasing,"American Indian and Alaska Native, female-owned",Investment by venture capitalist(s),0,0
Real estate and rental and leasing,"American Indian and Alaska Native, female-owned",Grants,9,S
Real estate and rental and leasing,"American Indian and Alaska Native, female-owned",Other source(s) of capital,162,S
Real estate and rental and leasing,"American Indian and Alaska Native, female-owned",Don't know,40,S
Real estate and rental and leasing,"American Indian and Alaska Native, female-owned",None needed,771,17540
Real estate and rental and leasing,"American Indian and Alaska Native, female-owned",Total reporting,3838,295102
Real estate and rental and leasing,"American Indian and Alaska Native, female-owned",Item not reported,14,S
Real estate and rental and leasing,"American Indian and Alaska Native, male-owned",All firms,5215,531821
Real estate and rental and leasing,"American Indian and Alaska Native, male-owned",Personal/family savings of owner(s),2406,196845
Real estate and rental and leasing,"American Indian and Alaska Native, male-owned",Personal/family assets other than savings of owner(s),435,27919
Real estate and rental and leasing,"American Indian and Alaska Native, male-owned",Personal/family home equity loan,43,5095
Real estate and rental and leasing,"American Indian and Alaska Native, male-owned",Personal credit card(s) carrying balances,407,88404
Real estate and rental and leasing,"American Indian and Alaska Native, male-owned",Business credit card(s) carrying balances,9,S
Real estate and rental and leasing,"American Indian and Alaska Native, male-owned","Business loan from federal, state, or local government",0,0
Real estate and rental and leasing,"American Indian and Alaska Native, male-owned",Government-guaranteed business loan from a bank or financial institution,2,S
Real estate and rental and leasing,"American Indian and Alaska Native, male-owned",Business loan from a bank or financial institution,582,44004
Real estate and rental and leasing,"American Indian and Alaska Native, male-owned",Business loan/investment from family/friends,125,S
Real estate and rental and leasing,"American Indian and Alaska Native, male-owned",Investment by venture capitalist(s),0,0
Real estate and rental and leasing,"American Indian and Alaska Native, male-owned",Grants,0,0
Real estate and rental and leasing,"American Indian and Alaska Native, male-owned",Other source(s) of capital,41,S
Real estate and rental and leasing,"American Indian and Alaska Native, male-owned",Don't know,145,4643
Real estate and rental and leasing,"American Indian and Alaska Native, male-owned",None needed,483,26023
Real estate and rental and leasing,"American Indian and Alaska Native, male-owned",Total reporting,3534(r),260221(r)
Real estate and rental and leasing,"American Indian and Alaska Native, male-owned",Item not reported,315(r),S
Real estate and rental and leasing,"American Indian and Alaska Native, equally male-/female-owned",All firms,263,25530
Real estate and rental and leasing,"American Indian and Alaska Native, equally male-/female-owned",Personal/family savings of owner(s),132,S
Real estate and rental and leasing,"American Indian and Alaska Native, equally male-/female-owned",Personal/family assets other than savings of owner(s),150,S
Real estate and rental and leasing,"American Indian and Alaska Native, equally male-/female-owned",Personal/family home equity loan,0,0
Real estate and rental and leasing,"American Indian and Alaska Native, equally male-/female-owned",Personal credit card(s) carrying balances,21,S
Real estate and rental and leasing,"American Indian and Alaska Native, equally male-/female-owned",Business credit card(s) carrying balances,13,S
Real estate and rental and leasing,"American Indian and Alaska Native, equally male-/female-owned","Business loan from federal, state, or local government",0,0
Real estate and rental and leasing,"American Indian and Alaska Native, equally male-/female-owned",Government-guaranteed business loan from a bank or financial institution,0,0
Real estate and rental and leasing,"American Indian and Alaska Native, equally male-/female-owned",Business loan from a bank or financial institution,51,S
Real estate and rental and leasing,"American Indian and Alaska Native, equally male-/female-owned",Business loan/investment from family/friends,0,0
Real estate and rental and leasing,"American Indian and Alaska Native, equally male-/female-owned",Investment by venture capitalist(s),0,0
Real estate and rental and leasing,"American Indian and Alaska Native, equally male-/female-owned",Grants,0,0
Real estate and rental and leasing,"American Indian and Alaska Native, equally male-/female-owned",Other source(s) of capital,0,0
Real estate and rental and leasing,"American Indian and Alaska Native, equally male-/female-owned",Don't know,2,S
Real estate and rental and leasing,"American Indian and Alaska Native, equally male-/female-owned",None needed,0,0
Real estate and rental and leasing,"American Indian and Alaska Native, equally male-/female-owned",Total reporting,232,16303
Real estate and rental and leasing,"American Indian and Alaska Native, equally male-/female-owned",Item not reported,0,0
Real estate and rental and leasing,Asian,All firms,149452,19867703
Real estate and rental and leasing,Asian,Personal/family savings of owner(s),62780,7108927
Real estate and rental and leasing,Asian,Personal/family assets other than savings of owner(s),8777,1422289
Real estate and rental and leasing,Asian,Personal/family home equity loan,7361,898302
Real estate and rental and leasing,Asian,Personal credit card(s) carrying balances,4519,450729
Real estate and rental and leasing,Asian,Business credit card(s) carrying balances,904,139066
Real estate and rental and leasing,Asian,"Business loan from federal, state, or local government",361,51520
Real estate and rental and leasing,Asian,Government-guaranteed business loan from a bank or financial institution,1359,257987
Real estate and rental and leasing,Asian,Business loan from a bank or financial institution,14840,2601927
Real estate and rental and leasing,Asian,Business loan/investment from family/friends,1819,230618
Real estate and rental and leasing,Asian,Investment by venture capitalist(s),465,S
Real estate and rental and leasing,Asian,Grants,125,S
Real estate and rental and leasing,Asian,Other source(s) of capital,1976,739341
Real estate and rental and leasing,Asian,Don't know,7530,2944045
Real estate and rental and leasing,Asian,None needed,9633,603937
Real estate and rental and leasing,Asian,Total reporting,91815(r),13039767(r)
Real estate and rental and leasing,Asian,Item not reported,1288(r),77336(r)
Real estate and rental and leasing,"Asian, female-owned",All firms,50365,4970278
Real estate and rental and leasing,"Asian, female-owned",Personal/family savings of owner(s),19391,1664399
Real estate and rental and leasing,"Asian, female-owned",Personal/family assets other than savings of owner(s),2025,288670
Real estate and rental and leasing,"Asian, female-owned",Personal/family home equity loan,1798,181841
Real estate and rental and leasing,"Asian, female-owned",Personal credit card(s) carrying balances,1436,160305
Real estate and rental and leasing,"Asian, female-owned",Business credit card(s) carrying balances,23,S
Real estate and rental and leasing,"Asian, female-owned","Business loan from federal, state, or local government",128,S
Real estate and rental and leasing,"Asian, female-owned",Government-guaranteed business loan from a bank or financial institution,90,S
Real estate and rental and leasing,"Asian, female-owned",Business loan from a bank or financial institution,2636,381556
Real estate and rental and leasing,"Asian, female-owned",Business loan/investment from family/friends,212,26587
Real estate and rental and leasing,"Asian, female-owned",Investment by venture capitalist(s),0,0
Real estate and rental and leasing,"Asian, female-owned",Grants,62,S
Real estate and rental and leasing,"Asian, female-owned",Other source(s) of capital,252,S
Real estate and rental and leasing,"Asian, female-owned",Don't know,2033,248048
Real estate and rental and leasing,"Asian, female-owned",None needed,4511,197692
Real estate and rental and leasing,"Asian, female-owned",Total reporting,28920(r),2460682(r)
Real estate and rental and leasing,"Asian, female-owned",Item not reported,630(r),S
Real estate and rental and leasing,"Asian, male-owned",All firms,69070,10696460
Real estate and rental and leasing,"Asian, male-owned",Personal/family savings of owner(s),28794,3735373
Real estate and rental and leasing,"Asian, male-owned",Personal/family assets other than savings of owner(s),3956,756341
Real estate and rental and leasing,"Asian, male-owned",Personal/family home equity loan,2697,425999
Real estate and rental and leasing,"Asian, male-owned",Personal credit card(s) carrying balances,2228,206465
Real estate and rental and leasing,"Asian, male-owned",Business credit card(s) carrying balances,620,113209
Real estate and rental and leasing,"Asian, male-owned","Business loan from federal, state, or local government",10,S
Real estate and rental and leasing,"Asian, male-owned",Government-guaranteed business loan from a bank or financial institution,822,169687
Real estate and rental and leasing,"Asian, male-owned",Business loan from a bank or financial institution,6972,1465986
Real estate and rental and leasing,"Asian, male-owned",Business loan/investment from family/friends,912,150867
Real estate and rental and leasing,"Asian, male-owned",Investment by venture capitalist(s),342,S
Real estate and rental and leasing,"Asian, male-owned",Grants,61,S
Real estate and rental and leasing,"Asian, male-owned",Other source(s) of capital,1244,644698
Real estate and rental and leasing,"Asian, male-owned",Don't know,4362,2579915
Real estate and rental and leasing,"Asian, male-owned",None needed,4328,315679
Real estate and rental and leasing,"Asian, male-owned",Total reporting,43211(r),8241625(r)
Real estate and rental and leasing,"Asian, male-owned",Item not reported,658(r),37050(r)
Real estate and rental and leasing,"Asian, equally male-/female-owned",All firms,30017,4200966
Real estate and rental and leasing,"Asian, equally male-/female-owned",Personal/family savings of owner(s),14595,1709155
Real estate and rental and leasing,"Asian, equally male-/female-owned",Personal/family assets other than savings of owner(s),2796,377278
Real estate and rental and leasing,"Asian, equally male-/female-owned",Personal/family home equity loan,2866,290462
Real estate and rental and leasing,"Asian, equally male-/female-owned",Personal credit card(s) carrying balances,856,83959
Real estate and rental and leasing,"Asian, equally male-/female-owned",Business credit card(s) carrying balances,261,S
Real estate and rental and leasing,"Asian, equally male-/female-owned","Business loan from federal, state, or local government",223,S
Real estate and rental and leasing,"Asian, equally male-/female-owned",Government-guaranteed business loan from a bank or financial institution,446,73974
Real estate and rental and leasing,"Asian, equally male-/female-owned",Business loan from a bank or financial institution,5232,754385
Real estate and rental and leasing,"Asian, equally male-/female-owned",Business loan/investment from family/friends,695,53164
Real estate and rental and leasing,"Asian, equally male-/female-owned",Investment by venture capitalist(s),123,S
Real estate and rental and leasing,"Asian, equally male-/female-owned",Grants,2,S
Real estate and rental and leasing,"Asian, equally male-/female-owned",Other source(s) of capital,480,S
Real estate and rental and leasing,"Asian, equally male-/female-owned",Don't know,1135,116082
Real estate and rental and leasing,"Asian, equally male-/female-owned",None needed,794,90567
Real estate and rental and leasing,"Asian, equally male-/female-owned",Total reporting,19685,2337461
Real estate and rental and leasing,"Asian, equally male-/female-owned",Item not reported,0,0
Real estate and rental and leasing,Native Hawaiian and Other Pacific Islander,All firms,2791,196078
Real estate and rental and leasing,Native Hawaiian and Other Pacific Islander,Personal/family savings of owner(s),950,65839
Real estate and rental and leasing,Native Hawaiian and Other Pacific Islander,Personal/family assets other than savings of owner(s),113,S
Real estate and rental and leasing,Native Hawaiian and Other Pacific Islander,Personal/family home equity loan,35,S
Real estate and rental and leasing,Native Hawaiian and Other Pacific Islander,Personal credit card(s) carrying balances,245,S
Real estate and rental and leasing,Native Hawaiian and Other Pacific Islander,Business credit card(s) carrying balances,125,S
Real estate and rental and leasing,Native Hawaiian and Other Pacific Islander,"Business loan from federal, state, or local government",0,0
Real estate and rental and leasing,Native Hawaiian and Other Pacific Islander,Government-guaranteed business loan from a bank or financial institution,0,0
Real estate and rental and leasing,Native Hawaiian and Other Pacific Islander,Business loan from a bank or financial institution,28,S
Real estate and rental and leasing,Native Hawaiian and Other Pacific Islander,Business loan/investment from family/friends,47,S
Real estate and rental and leasing,Native Hawaiian and Other Pacific Islander,Investment by venture capitalist(s),0,0
Real estate and rental and leasing,Native Hawaiian and Other Pacific Islander,Grants,0,0
Real estate and rental and leasing,Native Hawaiian and Other Pacific Islander,Other source(s) of capital,0,0
Real estate and rental and leasing,Native Hawaiian and Other Pacific Islander,Don't know,88,16519
Real estate and rental and leasing,Native Hawaiian and Other Pacific Islander,None needed,208,8257
Real estate and rental and leasing,Native Hawaiian and Other Pacific Islander,Total reporting,1323(r),92731(r)
Real estate and rental and leasing,Native Hawaiian and Other Pacific Islander,Item not reported,6(r),S
Real estate and rental and leasing,"Native Hawaiian and Other Pacific Islander, female-owned",All firms,1200,69404
Real estate and rental and leasing,"Native Hawaiian and Other Pacific Islander, female-owned",Personal/family savings of owner(s),357,S
Real estate and rental and leasing,"Native Hawaiian and Other Pacific Islander, female-owned",Personal/family assets other than savings of owner(s),32,S
Real estate and rental and leasing,"Native Hawaiian and Other Pacific Islander, female-owned",Personal/family home equity loan,2,S
Real estate and rental and leasing,"Native Hawaiian and Other Pacific Islander, female-owned",Personal credit card(s) carrying balances,103,S
Real estate and rental and leasing,"Native Hawaiian and Other Pacific Islander, female-owned",Business credit card(s) carrying balances,73,S
Real estate and rental and leasing,"Native Hawaiian and Other Pacific Islander, female-owned","Business loan from federal, state, or local government",0,0
Real estate and rental and leasing,"Native Hawaiian and Other Pacific Islander, female-owned",Government-guaranteed business loan from a bank or financial institution,0,0
Real estate and rental and leasing,"Native Hawaiian and Other Pacific Islander, female-owned",Business loan from a bank or financial institution,2,S
Real estate and rental and leasing,"Native Hawaiian and Other Pacific Islander, female-owned",Business loan/investment from family/friends,47,S
Real estate and rental and leasing,"Native Hawaiian and Other Pacific Islander, female-owned",Investment by venture capitalist(s),0,0
Real estate and rental and leasing,"Native Hawaiian and Other Pacific Islander, female-owned",Grants,0,0
Real estate and rental and leasing,"Native Hawaiian and Other Pacific Islander, female-owned",Other source(s) of capital,0,0
Real estate and rental and leasing,"Native Hawaiian and Other Pacific Islander, female-owned",Don't know,38,S
Real estate and rental and leasing,"Native Hawaiian and Other Pacific Islander, female-owned",None needed,67,2487
Real estate and rental and leasing,"Native Hawaiian and Other Pacific Islander, female-owned",Total reporting,512(r),23038(r)
Real estate and rental and leasing,"Native Hawaiian and Other Pacific Islander, female-owned",Item not reported,4(r),S
Real estate and rental and leasing,"Native Hawaiian and Other Pacific Islander, male-owned",All firms,1353,103408
Real estate and rental and leasing,"Native Hawaiian and Other Pacific Islander, male-owned",Personal/family savings of owner(s),429,44630
Real estate and rental and leasing,"Native Hawaiian and Other Pacific Islander, male-owned",Personal/family assets other than savings of owner(s),61,S
Real estate and rental and leasing,"Native Hawaiian and Other Pacific Islander, male-owned",Personal/family home equity loan,33,S
Real estate and rental and leasing,"Native Hawaiian and Other Pacific Islander, male-owned",Personal credit card(s) carrying balances,81,S
Real estate and rental and leasing,"Native Hawaiian and Other Pacific Islander, male-owned",Business credit card(s) carrying balances,52,S
Real estate and rental and leasing,"Native Hawaiian and Other Pacific Islander, male-owned","Business loan from federal, state, or local government",0,0
Real estate and rental and leasing,"Native Hawaiian and Other Pacific Islander, male-owned",Government-guaranteed business loan from a bank or financial institution,0,0
Real estate and rental and leasing,"Native Hawaiian and Other Pacific Islander, male-owned",Business loan from a bank or financial institution,26,S
Real estate and rental and leasing,"Native Hawaiian and Other Pacific Islander, male-owned",Business loan/investment from family/friends,0,0
Real estate and rental and leasing,"Native Hawaiian and Other Pacific Islander, male-owned",Investment by venture capitalist(s),0,0
Real estate and rental and leasing,"Native Hawaiian and Other Pacific Islander, male-owned",Grants,0,0
Real estate and rental and leasing,"Native Hawaiian and Other Pacific Islander, male-owned",Other source(s) of capital,0,0
Real estate and rental and leasing,"Native Hawaiian and Other Pacific Islander, male-owned",Don't know,4,S
Real estate and rental and leasing,"Native Hawaiian and Other Pacific Islander, male-owned",None needed,127,5729
Real estate and rental and leasing,"Native Hawaiian and Other Pacific Islander, male-owned",Total reporting,588,55987
Real estate and rental and leasing,"Native Hawaiian and Other Pacific Islander, male-owned",Item not reported,2,S
Real estate and rental and leasing,"Native Hawaiian and Other Pacific Islander, equally male-/female-owned",All firms,238,23266
Real estate and rental and leasing,"Native Hawaiian and Other Pacific Islander, equally male-/female-owned",Personal/family savings of owner(s),164,S
Real estate and rental and leasing,"Native Hawaiian and Other Pacific Islander, equally male-/female-owned",Personal/family assets other than savings of owner(s),20,S
Real estate and rental and leasing,"Native Hawaiian and Other Pacific Islander, equally male-/female-owned",Personal/family home equity loan,0,0
Real estate and rental and leasing,"Native Hawaiian and Other Pacific Islander, equally male-/female-owned",Personal credit card(s) carrying balances,61,S
Real estate and rental and leasing,"Native Hawaiian and Other Pacific Islander, equally male-/female-owned",Business credit card(s) carrying balances,0,0
Real estate and rental and leasing,"Native Hawaiian and Other Pacific Islander, equally male-/female-owned","Business loan from federal, state, or local government",0,0
Real estate and rental and leasing,"Native Hawaiian and Other Pacific Islander, equally male-/female-owned",Government-guaranteed business loan from a bank or financial institution,0,0
Real estate and rental and leasing,"Native Hawaiian and Other Pacific Islander, equally male-/female-owned",Business loan from a bank or financial institution,0,0
Real estate and rental and leasing,"Native Hawaiian and Other Pacific Islander, equally male-/female-owned",Business loan/investment from family/friends,0,0
Real estate and rental and leasing,"Native Hawaiian and Other Pacific Islander, equally male-/female-owned",Investment by venture capitalist(s),0,0
Real estate and rental and leasing,"Native Hawaiian and Other Pacific Islander, equally male-/female-owned",Grants,0,0
Real estate and rental and leasing,"Native Hawaiian and Other Pacific Islander, equally male-/female-owned",Other source(s) of capital,0,0
Real estate and rental and leasing,"Native Hawaiian and Other Pacific Islander, equally male-/female-owned",Don't know,45,S
Real estate and rental and leasing,"Native Hawaiian and Other Pacific Islander, equally male-/female-owned",None needed,14,S
Real estate and rental and leasing,"Native Hawaiian and Other Pacific Islander, equally male-/female-owned",Total reporting,223,S
Real estate and rental and leasing,"Native Hawaiian and Other Pacific Islander, equally male-/female-owned",Item not reported,0,0
Real estate and rental and leasing,Some other race,All firms,31682,2227195
Real estate and rental and leasing,Some other race,Personal/family savings of owner(s),7592,734213
Real estate and rental and leasing,Some other race,Personal/family assets other than savings of owner(s),1106,157756
Real estate and rental and leasing,Some other race,Personal/family home equity loan,582,S
Real estate and rental and leasing,Some other race,Personal credit card(s) carrying balances,1095,44800
Real estate and rental and leasing,Some other race,Business credit card(s) carrying balances,358,22490
Real estate and rental and leasing,Some other race,"Business loan from federal, state, or local government",0,0
Real estate and rental and leasing,Some other race,Government-guaranteed business loan from a bank or financial institution,117,S
Real estate and rental and leasing,Some other race,Business loan from a bank or financial institution,1187,266767
Real estate and rental and leasing,Some other race,Business loan/investment from family/friends,128,S
Real estate and rental and leasing,Some other race,Investment by venture capitalist(s),94,S
Real estate and rental and leasing,Some other race,Grants,0,0
Real estate and rental and leasing,Some other race,Other source(s) of capital,353,S
Real estate and rental and leasing,Some other race,Don't know,1780,296237
Real estate and rental and leasing,Some other race,None needed,2337,123721
Real estate and rental and leasing,Some other race,Total reporting,13341(r),1332736(r)
Real estate and rental and leasing,Some other race,Item not reported,363(r),9391(r)
Real estate and rental and leasing,"Some other race, female-owned",All firms,13283,491722
Real estate and rental and leasing,"Some other race, female-owned",Personal/family savings of owner(s),2396,101762
Real estate and rental and leasing,"Some other race, female-owned",Personal/family assets other than savings of owner(s),383,S
Real estate and rental and leasing,"Some other race, female-owned",Personal/family home equity loan,211,S
Real estate and rental and leasing,"Some other race, female-owned",Personal credit card(s) carrying balances,639,13806
Real estate and rental and leasing,"Some other race, female-owned",Business credit card(s) carrying balances,296,13655
Real estate and rental and leasing,"Some other race, female-owned","Business loan from federal, state, or local government",0,0
Real estate and rental and leasing,"Some other race, female-owned",Government-guaranteed business loan from a bank or financial institution,15,S
Real estate and rental and leasing,"Some other race, female-owned",Business loan from a bank or financial institution,277,S
Real estate and rental and leasing,"Some other race, female-owned",Business loan/investment from family/friends,11,S
Real estate and rental and leasing,"Some other race, female-owned",Investment by venture capitalist(s),0,0
Real estate and rental and leasing,"Some other race, female-owned",Grants,0,0
Real estate and rental and leasing,"Some other race, female-owned",Other source(s) of capital,71,S
Real estate and rental and leasing,"Some other race, female-owned",Don't know,446,S
Real estate and rental and leasing,"Some other race, female-owned",None needed,1059,28268
Real estate and rental and leasing,"Some other race, female-owned",Total reporting,4624(r),219143(r)
Real estate and rental and leasing,"Some other race, female-owned",Item not reported,157(r),S
Real estate and rental and leasing,"Some other race, male-owned",All firms,16188,1459933
Real estate and rental and leasing,"Some other race, male-owned",Personal/family savings of owner(s),4143,519490
Real estate and rental and leasing,"Some other race, male-owned",Personal/family assets other than savings of owner(s),445,S
Real estate and rental and leasing,"Some other race, male-owned",Personal/family home equity loan,271,S
Real estate and rental and leasing,"Some other race, male-owned",Personal credit card(s) carrying balances,395,30564
Real estate and rental and leasing,"Some other race, male-owned",Business credit card(s) carrying balances,54,S
Real estate and rental and leasing,"Some other race, male-owned","Business loan from federal, state, or local government",0,0
Real estate and rental and leasing,"Some other race, male-owned",Government-guaranteed business loan from a bank or financial institution,0,0
Real estate and rental and leasing,"Some other race, male-owned",Business loan from a bank or financial institution,582,202279
Real estate and rental and leasing,"Some other race, male-owned",Business loan/investment from family/friends,117,S
Real estate and rental and leasing,"Some other race, male-owned",Investment by venture capitalist(s),62,S
Real estate and rental and leasing,"Some other race, male-owned",Grants,0,0
Real estate and rental and leasing,"Some other race, male-owned",Other source(s) of capital,274,S
Real estate and rental and leasing,"Some other race, male-owned",Don't know,1227,275164
Real estate and rental and leasing,"Some other race, male-owned",None needed,1084,75006
Real estate and rental and leasing,"Some other race, male-owned",Total reporting,7292(r),972029(r)
Real estate and rental and leasing,"Some other race, male-owned",Item not reported,145(r),S
Real estate and rental and leasing,"Some other race, equally male-/female-owned",All firms,2212,275539
Real estate and rental and leasing,"Some other race, equally male-/female-owned",Personal/family savings of owner(s),1053,112960
Real estate and rental and leasing,"Some other race, equally male-/female-owned",Personal/family assets other than savings of owner(s),278,S
Real estate and rental and leasing,"Some other race, equally male-/female-owned",Personal/family home equity loan,100,S
Real estate and rental and leasing,"Some other race, equally male-/female-owned",Personal credit card(s) carrying balances,61,S
Real estate and rental and leasing,"Some other race, equally male-/female-owned",Business credit card(s) carrying balances,7,S
Real estate and rental and leasing,"Some other race, equally male-/female-owned","Business loan from federal, state, or local government",0,0
Real estate and rental and leasing,"Some other race, equally male-/female-owned",Government-guaranteed business loan from a bank or financial institution,102,S
Real estate and rental and leasing,"Some other race, equally male-/female-owned",Business loan from a bank or financial institution,328,S
Real estate and rental and leasing,"Some other race, equally male-/female-owned",Business loan/investment from family/friends,0,0
Real estate and rental and leasing,"Some other race, equally male-/female-owned",Investment by venture capitalist(s),32,S
Real estate and rental and leasing,"Some other race, equally male-/female-owned",Grants,0,0
Real estate and rental and leasing,"Some other race, equally male-/female-owned",Other source(s) of capital,8,S
Real estate and rental and leasing,"Some other race, equally male-/female-owned",Don't know,107,5561
Real estate and rental and leasing,"Some other race, equally male-/female-owned",None needed,194,S
Real estate and rental and leasing,"Some other race, equally male-/female-owned",Total reporting,1424,141563
Real estate and rental and leasing,"Some other race, equally male-/female-owned",Item not reported,62,S
Real estate and rental and leasing,Minority,All firms,383081,38408537
Real estate and rental and leasing,Minority,Personal/family savings of owner(s),137756,13235942
Real estate and rental and leasing,Minority,Personal/family assets other than savings of owner(s),17474,2365527
Real estate and rental and leasing,Minority,Personal/family home equity loan,13077,1361198
Real estate and rental and leasing,Minority,Personal credit card(s) carrying balances,14577,1100691
Real estate and rental and leasing,Minority,Business credit card(s) carrying balances,3400,318423
Real estate and rental and leasing,Minority,"Business loan from federal, state, or local government",793,117773
Real estate and rental and leasing,Minority,Government-guaranteed business loan from a bank or financial institution,2317,432777
Real estate and rental and leasing,Minority,Business loan from a bank or financial institution,24673,4494604
Real estate and rental and leasing,Minority,Business loan/investment from family/friends,3355,422213
Real estate and rental and leasing,Minority,Investment by venture capitalist(s),1046,110349
Real estate and rental and leasing,Minority,Grants,500,56481
Real estate and rental and leasing,Minority,Other source(s) of capital,4790,1099195
Real estate and rental and leasing,Minority,Don't know,14619,4510728
Real estate and rental and leasing,Minority,None needed,28792,1474027
Real estate and rental and leasing,Minority,Total reporting,206584(r),23132663(r)
Real estate and rental and leasing,Minority,Item not reported,5116(r),258920(r)
Real estate and rental and leasing,"Minority, female-owned",All firms,149739,9992458
Real estate and rental and leasing,"Minority, female-owned",Personal/family savings of owner(s),45022,3130676
Real estate and rental and leasing,"Minority, female-owned",Personal/family assets other than savings of owner(s),4852,594804
Real estate and rental and leasing,"Minority, female-owned",Personal/family home equity loan,3771,252847
Real estate and rental and leasing,"Minority, female-owned",Personal credit card(s) carrying balances,5945,340316
Real estate and rental and leasing,"Minority, female-owned",Business credit card(s) carrying balances,887,58078
Real estate and rental and leasing,"Minority, female-owned","Business loan from federal, state, or local government",228,42089
Real estate and rental and leasing,"Minority, female-owned",Government-guaranteed business loan from a bank or financial institution,162,S
Real estate and rental and leasing,"Minority, female-owned",Business loan from a bank or financial institution,4265,718459
Real estate and rental and leasing,"Minority, female-owned",Business loan/investment from family/friends,508,45210
Real estate and rental and leasing,"Minority, female-owned",Investment by venture capitalist(s),0,0
Real estate and rental and leasing,"Minority, female-owned",Grants,238,34539
Real estate and rental and leasing,"Minority, female-owned",Other source(s) of capital,1525,91906
Real estate and rental and leasing,"Minority, female-owned",Don't know,3834,365382
Real estate and rental and leasing,"Minority, female-owned",None needed,14167,415439
Real estate and rental and leasing,"Minority, female-owned",Total reporting,70480(r),4595111(r)
Real estate and rental and leasing,"Minority, female-owned",Item not reported,2553(r),95987(r)
Real estate and rental and leasing,"Minority, male-owned",All firms,177642,21594052
Real estate and rental and leasing,"Minority, male-owned",Personal/family savings of owner(s),67926,7716020
Real estate and rental and leasing,"Minority, male-owned",Personal/family assets other than savings of owner(s),8363,1309216
Real estate and rental and leasing,"Minority, male-owned",Personal/family home equity loan,5433,738278
Real estate and rental and leasing,"Minority, male-owned",Personal credit card(s) carrying balances,6756,590166
Real estate and rental and leasing,"Minority, male-owned",Business credit card(s) carrying balances,1834,205296
Real estate and rental and leasing,"Minority, male-owned","Business loan from federal, state, or local government",337,S
Real estate and rental and leasing,"Minority, male-owned",Government-guaranteed business loan from a bank or financial institution,1238,271799
Real estate and rental and leasing,"Minority, male-owned",Business loan from a bank or financial institution,12775,2761394
Real estate and rental and leasing,"Minority, male-owned",Business loan/investment from family/friends,1904,319061
Real estate and rental and leasing,"Minority, male-owned",Investment by venture capitalist(s),649,S
Real estate and rental and leasing,"Minority, male-owned",Grants,207,S
Real estate and rental and leasing,"Minority, male-owned",Other source(s) of capital,2624,932819
Real estate and rental and leasing,"Minority, male-owned",Don't know,8700,3687814
Real estate and rental and leasing,"Minority, male-owned",None needed,12745,869676
Real estate and rental and leasing,"Minority, male-owned",Total reporting,101784(r),14857605(r)
Real estate and rental and leasing,"Minority, male-owned",Item not reported,2297(r),151034(r)
Real estate and rental and leasing,"Minority, equally male-/female-owned",All firms,55700,6822028
Real estate and rental and leasing,"Minority, equally male-/female-owned",Personal/family savings of owner(s),24808,2389246
Real estate and rental and leasing,"Minority, equally male-/female-owned",Personal/family assets other than savings of owner(s),4259,461507
Real estate and rental and leasing,"Minority, equally male-/female-owned",Personal/family home equity loan,3873,370073
Real estate and rental and leasing,"Minority, equally male-/female-owned",Personal credit card(s) carrying balances,1876,170208
Real estate and rental and leasing,"Minority, equally male-/female-owned",Business credit card(s) carrying balances,680,55049
Real estate and rental and leasing,"Minority, equally male-/female-owned","Business loan from federal, state, or local government",228,S
Real estate and rental and leasing,"Minority, equally male-/female-owned",Government-guaranteed business loan from a bank or financial institution,918,143784
Real estate and rental and leasing,"Minority, equally male-/female-owned",Business loan from a bank or financial institution,7633,1014751
Real estate and rental and leasing,"Minority, equally male-/female-owned",Business loan/investment from family/friends,942,57942
Real estate and rental and leasing,"Minority, equally male-/female-owned",Investment by venture capitalist(s),397,24402
Real estate and rental and leasing,"Minority, equally male-/female-owned",Grants,56,S
Real estate and rental and leasing,"Minority, equally male-/female-owned",Other source(s) of capital,641,74470
Real estate and rental and leasing,"Minority, equally male-/female-owned",Don't know,2085,457532
Real estate and rental and leasing,"Minority, equally male-/female-owned",None needed,1880,188911
Real estate and rental and leasing,"Minority, equally male-/female-owned",Total reporting,34320(r),3679947(r)
Real estate and rental and leasing,"Minority, equally male-/female-owned",Item not reported,266(r),S
Real estate and rental and leasing,Equally minority/nonminority,All firms,42543,7614523
Real estate and rental and leasing,Equally minority/nonminority,Personal/family savings of owner(s),21669,2328098
Real estate and rental and leasing,Equally minority/nonminority,Personal/family assets other than savings of owner(s),3168,330456
Real estate and rental and leasing,Equally minority/nonminority,Personal/family home equity loan,2589,228042
Real estate and rental and leasing,Equally minority/nonminority,Personal credit card(s) carrying balances,2023,195803
Real estate and rental and leasing,Equally minority/nonminority,Business credit card(s) carrying balances,810,85613
Real estate and rental and leasing,Equally minority/nonminority,"Business loan from federal, state, or local government",227,S
Real estate and rental and leasing,Equally minority/nonminority,Government-guaranteed business loan from a bank or financial institution,419,S
Real estate and rental and leasing,Equally minority/nonminority,Business loan from a bank or financial institution,6256,1003879
Real estate and rental and leasing,Equally minority/nonminority,Business loan/investment from family/friends,681,S
Real estate and rental and leasing,Equally minority/nonminority,Investment by venture capitalist(s),169,S
Real estate and rental and leasing,Equally minority/nonminority,Grants,10,S
Real estate and rental and leasing,Equally minority/nonminority,Other source(s) of capital,745,77987
Real estate and rental and leasing,Equally minority/nonminority,Don't know,1565,382642
Real estate and rental and leasing,Equally minority/nonminority,None needed,1032,78115
Real estate and rental and leasing,Equally minority/nonminority,Total reporting,29121(r),3829941(r)
Real estate and rental and leasing,Equally minority/nonminority,Item not reported,425(r),33064(r)
Real estate and rental and leasing,"Equally minority/nonminority, female-owned",All firms,1440,374880
Real estate and rental and leasing,"Equally minority/nonminority, female-owned",Personal/family savings of owner(s),930,94154
Real estate and rental and leasing,"Equally minority/nonminority, female-owned",Personal/family assets other than savings of owner(s),148,S
Real estate and rental and leasing,"Equally minority/nonminority, female-owned",Personal/family home equity loan,100,S
Real estate and rental and leasing,"Equally minority/nonminority, female-owned",Personal credit card(s) carrying balances,0,0
Real estate and rental and leasing,"Equally minority/nonminority, female-owned",Business credit card(s) carrying balances,0,0
Real estate and rental and leasing,"Equally minority/nonminority, female-owned","Business loan from federal, state, or local government",0,0
Real estate and rental and leasing,"Equally minority/nonminority, female-owned",Government-guaranteed business loan from a bank or financial institution,62,S
Real estate and rental and leasing,"Equally minority/nonminority, female-owned",Business loan from a bank or financial institution,147,S
Real estate and rental and leasing,"Equally minority/nonminority, female-owned",Business loan/investment from family/friends,2,S
Real estate and rental and leasing,"Equally minority/nonminority, female-owned",Investment by venture capitalist(s),0,0
Real estate and rental and leasing,"Equally minority/nonminority, female-owned",Grants,0,0
Real estate and rental and leasing,"Equally minority/nonminority, female-owned",Other source(s) of capital,61,S
Real estate and rental and leasing,"Equally minority/nonminority, female-owned",Don't know,80,S
Real estate and rental and leasing,"Equally minority/nonminority, female-owned",None needed,69,S
Real estate and rental and leasing,"Equally minority/nonminority, female-owned",Total reporting,1250,S
Real estate and rental and leasing,"Equally minority/nonminority, female-owned",Item not reported,0,0
Real estate and rental and leasing,"Equally minority/nonminority, male-owned",All firms,10458,1963255
Real estate and rental and leasing,"Equally minority/nonminority, male-owned",Personal/family savings of owner(s),5076,714195
Real estate and rental and leasing,"Equally minority/nonminority, male-owned",Personal/family assets other than savings of owner(s),436,S
Real estate and rental and leasing,"Equally minority/nonminority, male-owned",Personal/family home equity loan,406,S
Real estate and rental and leasing,"Equally minority/nonminority, male-owned",Personal credit card(s) carrying balances,133,S
Real estate and rental and leasing,"Equally minority/nonminority, male-owned",Business credit card(s) carrying balances,105,S
Real estate and rental and leasing,"Equally minority/nonminority, male-owned","Business loan from federal, state, or local government",100,S
Real estate and rental and leasing,"Equally minority/nonminority, male-owned",Government-guaranteed business loan from a bank or financial institution,161,S
Real estate and rental and leasing,"Equally minority/nonminority, male-owned",Business loan from a bank or financial institution,1965,543243
Real estate and rental and leasing,"Equally minority/nonminority, male-owned",Business loan/investment from family/friends,368,94190
Real estate and rental and leasing,"Equally minority/nonminority, male-owned",Investment by venture capitalist(s),121,S
Real estate and rental and leasing,"Equally minority/nonminority, male-owned",Grants,10,S
Real estate and rental and leasing,"Equally minority/nonminority, male-owned",Other source(s) of capital,288,51935
Real estate and rental and leasing,"Equally minority/nonminority, male-owned",Don't know,735,191736
Real estate and rental and leasing,"Equally minority/nonminority, male-owned",None needed,67,S
Real estate and rental and leasing,"Equally minority/nonminority, male-owned",Total reporting,7645,1325232
Real estate and rental and leasing,"Equally minority/nonminority, male-owned",Item not reported,187,24121
Real estate and rental and leasing,"Equally minority/nonminority, equally male-/female-owned",All firms,30644,5276389
Real estate and rental and leasing,"Equally minority/nonminority, equally male-/female-owned",Personal/family savings of owner(s),15664,1519748
Real estate and rental and leasing,"Equally minority/nonminority, equally male-/female-owned",Personal/family assets other than savings of owner(s),2584,207416
Real estate and rental and leasing,"Equally minority/nonminority, equally male-/female-owned",Personal/family home equity loan,2084,168017
Real estate and rental and leasing,"Equally minority/nonminority, equally male-/female-owned",Personal credit card(s) carrying balances,1890,168078
Real estate and rental and leasing,"Equally minority/nonminority, equally male-/female-owned",Business credit card(s) carrying balances,704,79609
Real estate and rental and leasing,"Equally minority/nonminority, equally male-/female-owned","Business loan from federal, state, or local government",127,S
Real estate and rental and leasing,"Equally minority/nonminority, equally male-/female-owned",Government-guaranteed business loan from a bank or financial institution,196,S
Real estate and rental and leasing,"Equally minority/nonminority, equally male-/female-owned",Business loan from a bank or financial institution,4144,450243
Real estate and rental and leasing,"Equally minority/nonminority, equally male-/female-owned",Business loan/investment from family/friends,311,S
Real estate and rental and leasing,"Equally minority/nonminority, equally male-/female-owned",Investment by venture capitalist(s),48,S
Real estate and rental and leasing,"Equally minority/nonminority, equally male-/female-owned",Grants,0,0
Real estate and rental and leasing,"Equally minority/nonminority, equally male-/female-owned",Other source(s) of capital,395,24886
Real estate and rental and leasing,"Equally minority/nonminority, equally male-/female-owned",Don't know,751,S
Real estate and rental and leasing,"Equally minority/nonminority, equally male-/female-owned",None needed,895,62536
Real estate and rental and leasing,"Equally minority/nonminority, equally male-/female-owned",Total reporting,20226(r),2045301(r)
Real estate and rental and leasing,"Equally minority/nonminority, equally male-/female-owned",Item not reported,238(r),8943(r)
Real estate and rental and leasing,Nonminority,All firms,2154114,412161733
Real estate and rental and leasing,Nonminority,Personal/family savings of owner(s),901228,152592372
Real estate and rental and leasing,Nonminority,Personal/family assets other than savings of owner(s),134761,27785635
Real estate and rental and leasing,Nonminority,Personal/family home equity loan,58554,8394595
Real estate and rental and leasing,Nonminority,Personal credit card(s) carrying balances,62049,7727890
Real estate and rental and leasing,Nonminority,Business credit card(s) carrying balances,20748,3874949
Real estate and rental and leasing,Nonminority,"Business loan from federal, state, or local government",5156,1009851
Real estate and rental and leasing,Nonminority,Government-guaranteed business loan from a bank or financial institution,14788,2874984
Real estate and rental and leasing,Nonminority,Business loan from a bank or financial institution,250709,59224370
Real estate and rental and leasing,Nonminority,Business loan/investment from family/friends,27021,8766439
Real estate and rental and leasing,Nonminority,Investment by venture capitalist(s),5472,4398174
Real estate and rental and leasing,Nonminority,Grants,793,263580
Real estate and rental and leasing,Nonminority,Other source(s) of capital,39888,9377352
Real estate and rental and leasing,Nonminority,Don't know,136848,59784832
Real estate and rental and leasing,Nonminority,None needed,205265,18152375
Real estate and rental and leasing,Nonminority,Total reporting,1495936(r),282540560(r)
Real estate and rental and leasing,Nonminority,Item not reported,21660(r),3313617(r)
Real estate and rental and leasing,"Nonminority, female-owned",All firms,560582,62347126
Real estate and rental and leasing,"Nonminority, female-owned",Personal/family savings of owner(s),214304,21845035
Real estate and rental and leasing,"Nonminority, female-owned",Personal/family assets other than savings of owner(s),31383,4052771
Real estate and rental and leasing,"Nonminority, female-owned",Personal/family home equity loan,10337,1266827
Real estate and rental and leasing,"Nonminority, female-owned",Personal credit card(s) carrying balances,21816,1862930
Real estate and rental and leasing,"Nonminority, female-owned",Business credit card(s) carrying balances,5790,578201
Real estate and rental and leasing,"Nonminority, female-owned","Business loan from federal, state, or local government",690,S
Real estate and rental and leasing,"Nonminority, female-owned",Government-guaranteed business loan from a bank or financial institution,1408,310472
Real estate and rental and leasing,"Nonminority, female-owned",Business loan from a bank or financial institution,23675,4977955
Real estate and rental and leasing,"Nonminority, female-owned",Business loan/investment from family/friends,5002,1008910
Real estate and rental and leasing,"Nonminority, female-owned",Investment by venture capitalist(s),544,199429
Real estate and rental and leasing,"Nonminority, female-owned",Grants,73,S
Real estate and rental and leasing,"Nonminority, female-owned",Other source(s) of capital,6931,810770
Real estate and rental and leasing,"Nonminority, female-owned",Don't know,26999,7152490
Real estate and rental and leasing,"Nonminority, female-owned",None needed,94771,6198216
Real estate and rental and leasing,"Nonminority, female-owned",Total reporting,381295(r),40709834(r)
Real estate and rental and leasing,"Nonminority, female-owned",Item not reported,7803(r),538823(r)
Real estate and rental and leasing,"Nonminority, male-owned",All firms,1199323,291024441
Real estate and rental and leasing,"Nonminority, male-owned",Personal/family savings of owner(s),494874,106922503
Real estate and rental and leasing,"Nonminority, male-owned",Personal/family assets other than savings of owner(s),66717,17938190
Real estate and rental and leasing,"Nonminority, male-owned",Personal/family home equity loan,25571,4674444
Real estate and rental and leasing,"Nonminority, male-owned",Personal credit card(s) carrying balances,28970,4478373
Real estate and rental and leasing,"Nonminority, male-owned",Business credit card(s) carrying balances,10539,2809451
Real estate and rental and leasing,"Nonminority, male-owned","Business loan from federal, state, or local government",3029,621471
Real estate and rental and leasing,"Nonminority, male-owned",Government-guaranteed business loan from a bank or financial institution,8672,2013998
Real estate and rental and leasing,"Nonminority, male-owned",Business loan from a bank or financial institution,155301,44284074
Real estate and rental and leasing,"Nonminority, male-owned",Business loan/investment from family/friends,15268,6723500
Real estate and rental and leasing,"Nonminority, male-owned",Investment by venture capitalist(s),4222,4044389
Real estate and rental and leasing,"Nonminority, male-owned",Grants,427,229915
Real estate and rental and leasing,"Nonminority, male-owned",Other source(s) of capital,24553,7391438
Real estate and rental and leasing,"Nonminority, male-owned",Don't know,92582,48079427
Real estate and rental and leasing,"Nonminority, male-owned",None needed,84920,9763117
Real estate and rental and leasing,"Nonminority, male-owned",Total reporting,818970(r),203385432(r)
Real estate and rental and leasing,"Nonminority, male-owned",Item not reported,12137(r),2254864(r)
Real estate and rental and leasing,"Nonminority, equally male-/female-owned",All firms,394208,58790165
Real estate and rental and leasing,"Nonminority, equally male-/female-owned",Personal/family savings of owner(s),192050,23824833
Real estate and rental and leasing,"Nonminority, equally male-/female-owned",Personal/family assets other than savings of owner(s),36661,5794674
Real estate and rental and leasing,"Nonminority, equally male-/female-owned",Personal/family home equity loan,22645,2453324
Real estate and rental and leasing,"Nonminority, equally male-/female-owned",Personal credit card(s) carrying balances,11263,1386587
Real estate and rental and leasing,"Nonminority, equally male-/female-owned",Business credit card(s) carrying balances,4420,487298
Real estate and rental and leasing,"Nonminority, equally male-/female-owned","Business loan from federal, state, or local government",1438,210880
Real estate and rental and leasing,"Nonminority, equally male-/female-owned",Government-guaranteed business loan from a bank or financial institution,4708,550514
Real estate and rental and leasing,"Nonminority, equally male-/female-owned",Business loan from a bank or financial institution,71733,9962341
Real estate and rental and leasing,"Nonminority, equally male-/female-owned",Business loan/investment from family/friends,6750,1034030
Real estate and rental and leasing,"Nonminority, equally male-/female-owned",Investment by venture capitalist(s),705,154356
Real estate and rental and leasing,"Nonminority, equally male-/female-owned",Grants,293,S
Real estate and rental and leasing,"Nonminority, equally male-/female-owned",Other source(s) of capital,8404,1175144
Real estate and rental and leasing,"Nonminority, equally male-/female-owned",Don't know,17268,4552914
Real estate and rental and leasing,"Nonminority, equally male-/female-owned",None needed,25573,2191042
Real estate and rental and leasing,"Nonminority, equally male-/female-owned",Total reporting,295671(r),38445293(r)
Real estate and rental and leasing,"Nonminority, equally male-/female-owned",Item not reported,1720(r),519930(r)
Real estate and rental and leasing,Veteran,All firms,216795,40637109
Real estate and rental and leasing,Veteran,Personal/family savings of owner(s),82823,13705637
Real estate and rental and leasing,Veteran,Personal/family assets other than savings of owner(s),10732,2034870
Real estate and rental and leasing,Veteran,Personal/family home equity loan,3407,332147
Real estate and rental and leasing,Veteran,Personal credit card(s) carrying balances,6440,572447
Real estate and rental and leasing,Veteran,Business credit card(s) carrying balances,2300,328597
Real estate and rental and leasing,Veteran,"Business loan from federal, state, or local government",410,78210
Real estate and rental and leasing,Veteran,Government-guaranteed business loan from a bank or financial institution,1651,271497
Real estate and rental and leasing,Veteran,Business loan from a bank or financial institution,18820,5382718
Real estate and rental and leasing,Veteran,Business loan/investment from family/friends,1496,771168
Real estate and rental and leasing,Veteran,Investment by venture capitalist(s),815,144615
Real estate and rental and leasing,Veteran,Grants,21,S
Real estate and rental and leasing,Veteran,Other source(s) of capital,3614,1107797
Real estate and rental and leasing,Veteran,Don't know,12863,6982464
Real estate and rental and leasing,Veteran,None needed,16938,1401939
Real estate and rental and leasing,Veteran,Total reporting,132858(r),26467772(r)
Real estate and rental and leasing,Veteran,Item not reported,3673(r),444961(r)
Real estate and rental and leasing,"Veteran, female-owned",All firms,20849,898119
Real estate and rental and leasing,"Veteran, female-owned",Personal/family savings of owner(s),3835,219447
Real estate and rental and leasing,"Veteran, female-owned",Personal/family assets other than savings of owner(s),458,S
Real estate and rental and leasing,"Veteran, female-owned",Personal/family home equity loan,127,15669
Real estate and rental and leasing,"Veteran, female-owned",Personal credit card(s) carrying balances,982,30608
Real estate and rental and leasing,"Veteran, female-owned",Business credit card(s) carrying balances,327,S
Real estate and rental and leasing,"Veteran, female-owned","Business loan from federal, state, or local government",0,0
Real estate and rental and leasing,"Veteran, female-owned",Government-guaranteed business loan from a bank or financial institution,0,0
Real estate and rental and leasing,"Veteran, female-owned",Business loan from a bank or financial institution,475,45237
Real estate and rental and leasing,"Veteran, female-owned",Business loan/investment from family/friends,4,S
Real estate and rental and leasing,"Veteran, female-owned",Investment by venture capitalist(s),0,0
Real estate and rental and leasing,"Veteran, female-owned",Grants,0,0
Real estate and rental and leasing,"Veteran, female-owned",Other source(s) of capital,60,S
Real estate and rental and leasing,"Veteran, female-owned",Don't know,127,S
Real estate and rental and leasing,"Veteran, female-owned",None needed,934,S
Real estate and rental and leasing,"Veteran, female-owned",Total reporting,5279(r),304049(r)
Real estate and rental and leasing,"Veteran, female-owned",Item not reported,373(r),S
Real estate and rental and leasing,"Veteran, male-owned",All firms,193504,39501258
Real estate and rental and leasing,"Veteran, male-owned",Personal/family savings of owner(s),77846,13421152
Real estate and rental and leasing,"Veteran, male-owned",Personal/family assets other than savings of owner(s),10112,2002198
Real estate and rental and leasing,"Veteran, male-owned",Personal/family home equity loan,3057,305511
Real estate and rental and leasing,"Veteran, male-owned",Personal credit card(s) carrying balances,5397,540670
Real estate and rental and leasing,"Veteran, male-owned",Business credit card(s) carrying balances,1912,320460
Real estate and rental and leasing,"Veteran, male-owned","Business loan from federal, state, or local government",410,78210
Real estate and rental and leasing,"Veteran, male-owned",Government-guaranteed business loan from a bank or financial institution,1651,271497
Real estate and rental and leasing,"Veteran, male-owned",Business loan from a bank or financial institution,18196,5308448
Real estate and rental and leasing,"Veteran, male-owned",Business loan/investment from family/friends,1492,770911
Real estate and rental and leasing,"Veteran, male-owned",Investment by venture capitalist(s),715,142917
Real estate and rental and leasing,"Veteran, male-owned",Grants,21,S
Real estate and rental and leasing,"Veteran, male-owned",Other source(s) of capital,3555,1107618
Real estate and rental and leasing,"Veteran, male-owned",Don't know,12654,6930527
Real estate and rental and leasing,"Veteran, male-owned",None needed,15898,1375625
Real estate and rental and leasing,"Veteran, male-owned",Total reporting,125884(r),26070207(r)
Real estate and rental and leasing,"Veteran, male-owned",Item not reported,3300(r),427024(r)
Real estate and rental and leasing,"Veteran, equally male-/female-owned",All firms,2442,237733
Real estate and rental and leasing,"Veteran, equally male-/female-owned",Personal/family savings of owner(s),1143,65039
Real estate and rental and leasing,"Veteran, equally male-/female-owned",Personal/family assets other than savings of owner(s),162,S
Real estate and rental and leasing,"Veteran, equally male-/female-owned",Personal/family home equity loan,223,S
Real estate and rental and leasing,"Veteran, equally male-/female-owned",Personal credit card(s) carrying balances,62,S
Real estate and rental and leasing,"Veteran, equally male-/female-owned",Business credit card(s) carrying balances,62,S
Real estate and rental and leasing,"Veteran, equally male-/female-owned","Business loan from federal, state, or local government",0,0
Real estate and rental and leasing,"Veteran, equally male-/female-owned",Government-guaranteed business loan from a bank or financial institution,0,0
Real estate and rental and leasing,"Veteran, equally male-/female-owned",Business loan from a bank or financial institution,149,S
Real estate and rental and leasing,"Veteran, equally male-/female-owned",Business loan/investment from family/friends,0,0
Real estate and rental and leasing,"Veteran, equally male-/female-owned",Investment by venture capitalist(s),100,S
Real estate and rental and leasing,"Veteran, equally male-/female-owned",Grants,0,0
Real estate and rental and leasing,"Veteran, equally male-/female-owned",Other source(s) of capital,0,0
Real estate and rental and leasing,"Veteran, equally male-/female-owned",Don't know,83,S
Real estate and rental and leasing,"Veteran, equally male-/female-owned",None needed,106,S
Real estate and rental and leasing,"Veteran, equally male-/female-owned",Total reporting,1695,93515
Real estate and rental and leasing,"Veteran, equally male-/female-owned",Item not reported,0,0
Real estate and rental and leasing,"Veteran, Hispanic",All firms,9905,724940
Real estate and rental and leasing,"Veteran, Hispanic",Personal/family savings of owner(s),2623,230510
Real estate and rental and leasing,"Veteran, Hispanic",Personal/family assets other than savings of owner(s),382,S
Real estate and rental and leasing,"Veteran, Hispanic",Personal/family home equity loan,110,4747
Real estate and rental and leasing,"Veteran, Hispanic",Personal credit card(s) carrying balances,636,14211
Real estate and rental and leasing,"Veteran, Hispanic",Business credit card(s) carrying balances,141,2542
Real estate and rental and leasing,"Veteran, Hispanic","Business loan from federal, state, or local government",62,S
Real estate and rental and leasing,"Veteran, Hispanic",Government-guaranteed business loan from a bank or financial institution,62,S
Real estate and rental and leasing,"Veteran, Hispanic",Business loan from a bank or financial institution,262,37790
Real estate and rental and leasing,"Veteran, Hispanic",Business loan/investment from family/friends,0,0
Real estate and rental and leasing,"Veteran, Hispanic",Investment by venture capitalist(s),70,S
Real estate and rental and leasing,"Veteran, Hispanic",Grants,0,0
Real estate and rental and leasing,"Veteran, Hispanic",Other source(s) of capital,62,S
Real estate and rental and leasing,"Veteran, Hispanic",Don't know,317,S
Real estate and rental and leasing,"Veteran, Hispanic",None needed,575,S
Real estate and rental and leasing,"Veteran, Hispanic",Total reporting,4050,354257
Real estate and rental and leasing,"Veteran, Hispanic",Item not reported,169,S
Real estate and rental and leasing,"Veteran, equally Hispanic/non-Hispanic",All firms,290,S
Real estate and rental and leasing,"Veteran, equally Hispanic/non-Hispanic",Personal/family savings of owner(s),163,S
Real estate and rental and leasing,"Veteran, equally Hispanic/non-Hispanic",Personal/family assets other than savings of owner(s),0,S
Real estate and rental and leasing,"Veteran, equally Hispanic/non-Hispanic",Personal/family home equity loan,0,S
Real estate and rental and leasing,"Veteran, equally Hispanic/non-Hispanic",Personal credit card(s) carrying balances,0,S
Real estate and rental and leasing,"Veteran, equally Hispanic/non-Hispanic",Business credit card(s) carrying balances,0,S
Real estate and rental and leasing,"Veteran, equally Hispanic/non-Hispanic","Business loan from federal, state, or local government",0,S
Real estate and rental and leasing,"Veteran, equally Hispanic/non-Hispanic",Government-guaranteed business loan from a bank or financial institution,0,S
Real estate and rental and leasing,"Veteran, equally Hispanic/non-Hispanic",Business loan from a bank or financial institution,0,S
Real estate and rental and leasing,"Veteran, equally Hispanic/non-Hispanic",Business loan/investment from family/friends,0,S
Real estate and rental and leasing,"Veteran, equally Hispanic/non-Hispanic",Investment by venture capitalist(s),0,S
Real estate and rental and leasing,"Veteran, equally Hispanic/non-Hispanic",Grants,0,S
Real estate and rental and leasing,"Veteran, equally Hispanic/non-Hispanic",Other source(s) of capital,0,S
Real estate and rental and leasing,"Veteran, equally Hispanic/non-Hispanic",Don't know,12,S
Real estate and rental and leasing,"Veteran, equally Hispanic/non-Hispanic",None needed,0,S
Real estate and rental and leasing,"Veteran, equally Hispanic/non-Hispanic",Total reporting,175,S
Real estate and rental and leasing,"Veteran, equally Hispanic/non-Hispanic",Item not reported,0,S
Real estate and rental and leasing,"Veteran, non-Hispanic",All firms,206600,39880514
Real estate and rental and leasing,"Veteran, non-Hispanic",Personal/family savings of owner(s),80037,13474041
Real estate and rental and leasing,"Veteran, non-Hispanic",Personal/family assets other than savings of owner(s),10350,2013923
Real estate and rental and leasing,"Veteran, non-Hispanic",Personal/family home equity loan,3297,327400
Real estate and rental and leasing,"Veteran, non-Hispanic",Personal credit card(s) carrying balances,5805,558236
Real estate and rental and leasing,"Veteran, non-Hispanic",Business credit card(s) carrying balances,2159,326055
Real estate and rental and leasing,"Veteran, non-Hispanic","Business loan from federal, state, or local government",348,72364
Real estate and rental and leasing,"Veteran, non-Hispanic",Government-guaranteed business loan from a bank or financial institution,1590,246636
Real estate and rental and leasing,"Veteran, non-Hispanic",Business loan from a bank or financial institution,18558,5344929
Real estate and rental and leasing,"Veteran, non-Hispanic",Business loan/investment from family/friends,1496,771168
Real estate and rental and leasing,"Veteran, non-Hispanic",Investment by venture capitalist(s),745,141713
Real estate and rental and leasing,"Veteran, non-Hispanic",Grants,21,S
Real estate and rental and leasing,"Veteran, non-Hispanic",Other source(s) of capital,3553,1105643
Real estate and rental and leasing,"Veteran, non-Hispanic",Don't know,12534,6945816
Real estate and rental and leasing,"Veteran, non-Hispanic",None needed,16364,1361036
Real estate and rental and leasing,"Veteran, non-Hispanic",Total reporting,128633(r),26111357(r)
Real estate and rental and leasing,"Veteran, non-Hispanic",Item not reported,3504(r),432967(r)
Real estate and rental and leasing,"Veteran, White",All firms,201520,39777165
Real estate and rental and leasing,"Veteran, White",Personal/family savings of owner(s),78698,13502439
Real estate and rental and leasing,"Veteran, White",Personal/family assets other than savings of owner(s),10185,2012916
Real estate and rental and leasing,"Veteran, White",Personal/family home equity loan,3376,329510
Real estate and rental and leasing,"Veteran, White",Personal credit card(s) carrying balances,5952,553836
Real estate and rental and leasing,"Veteran, White",Business credit card(s) carrying balances,2016,318700
Real estate and rental and leasing,"Veteran, White","Business loan from federal, state, or local government",403,77294
Real estate and rental and leasing,"Veteran, White",Government-guaranteed business loan from a bank or financial institution,1609,260009
Real estate and rental and leasing,"Veteran, White",Business loan from a bank or financial institution,18281,5300043
Real estate and rental and leasing,"Veteran, White",Business loan/investment from family/friends,1373,751541
Real estate and rental and leasing,"Veteran, White",Investment by venture capitalist(s),753,143939
Real estate and rental and leasing,"Veteran, White",Grants,21,S
Real estate and rental and leasing,"Veteran, White",Other source(s) of capital,3455,1101898
Real estate and rental and leasing,"Veteran, White",Don't know,12459,6946500
Real estate and rental and leasing,"Veteran, White",None needed,15903,1349855
Real estate and rental and leasing,"Veteran, White",Total reporting,126600(r),26118511(r)
Real estate and rental and leasing,"Veteran, White",Item not reported,3381(r),437927(r)
Real estate and rental and leasing,"Veteran, Black or African American",All firms,9623,431491
Real estate and rental and leasing,"Veteran, Black or African American",Personal/family savings of owner(s),2825,120310
Real estate and rental and leasing,"Veteran, Black or African American",Personal/family assets other than savings of owner(s),480,9789
Real estate and rental and leasing,"Veteran, Black or African American",Personal/family home equity loan,2,S
Real estate and rental and leasing,"Veteran, Black or African American",Personal credit card(s) carrying balances,435,S
Real estate and rental and leasing,"Veteran, Black or African American",Business credit card(s) carrying balances,258,S
Real estate and rental and leasing,"Veteran, Black or African American","Business loan from federal, state, or local government",7,S
Real estate and rental and leasing,"Veteran, Black or African American",Government-guaranteed business loan from a bank or financial institution,42,S
Real estate and rental and leasing,"Veteran, Black or African American",Business loan from a bank or financial institution,440,42187
Real estate and rental and leasing,"Veteran, Black or African American",Business loan/investment from family/friends,0,0
Real estate and rental and leasing,"Veteran, Black or African American",Investment by venture capitalist(s),61,S
Real estate and rental and leasing,"Veteran, Black or African American",Grants,0,0
Real estate and rental and leasing,"Veteran, Black or African American",Other source(s) of capital,150,5872
Real estate and rental and leasing,"Veteran, Black or African American",Don't know,290,S
Real estate and rental and leasing,"Veteran, Black or African American",None needed,694,S
Real estate and rental and leasing,"Veteran, Black or African American",Total reporting,4400,193592
Real estate and rental and leasing,"Veteran, Black or African American",Item not reported,91,S
Real estate and rental and leasing,"Veteran, American Indian and Alaska Native",All firms,1928,108260
Real estate and rental and leasing,"Veteran, American Indian and Alaska Native",Personal/family savings of owner(s),1046,59028
Real estate and rental and leasing,"Veteran, American Indian and Alaska Native",Personal/family assets other than savings of owner(s),255,S
Real estate and rental and leasing,"Veteran, American Indian and Alaska Native",Personal/family home equity loan,25,S
Real estate and rental and leasing,"Veteran, American Indian and Alaska Native",Personal credit card(s) carrying balances,263,S
Real estate and rental and leasing,"Veteran, American Indian and Alaska Native",Business credit card(s) carrying balances,9,S
Real estate and rental and leasing,"Veteran, American Indian and Alaska Native","Business loan from federal, state, or local government",0,0
Real estate and rental and leasing,"Veteran, American Indian and Alaska Native",Government-guaranteed business loan from a bank or financial institution,2,S
Real estate and rental and leasing,"Veteran, American Indian and Alaska Native",Business loan from a bank or financial institution,224,S
Real estate and rental and leasing,"Veteran, American Indian and Alaska Native",Business loan/investment from family/friends,0,0
Real estate and rental and leasing,"Veteran, American Indian and Alaska Native",Investment by venture capitalist(s),0,0
Real estate and rental and leasing,"Veteran, American Indian and Alaska Native",Grants,0,0
Real estate and rental and leasing,"Veteran, American Indian and Alaska Native",Other source(s) of capital,14,S
Real estate and rental and leasing,"Veteran, American Indian and Alaska Native",Don't know,83,S
Real estate and rental and leasing,"Veteran, American Indian and Alaska Native",None needed,129,S
Real estate and rental and leasing,"Veteran, American Indian and Alaska Native",Total reporting,1455(r),79407(r)
Real estate and rental and leasing,"Veteran, American Indian and Alaska Native",Item not reported,70(r),S
Real estate and rental and leasing,"Veteran, Asian",All firms,3321,259034
Real estate and rental and leasing,"Veteran, Asian",Personal/family savings of owner(s),685,49268
Real estate and rental and leasing,"Veteran, Asian",Personal/family assets other than savings of owner(s),40,S
Real estate and rental and leasing,"Veteran, Asian",Personal/family home equity loan,0,0
Real estate and rental and leasing,"Veteran, Asian",Personal credit card(s) carrying balances,20,S
Real estate and rental and leasing,"Veteran, Asian",Business credit card(s) carrying balances,19,S
Real estate and rental and leasing,"Veteran, Asian","Business loan from federal, state, or local government",0,0
Real estate and rental and leasing,"Veteran, Asian",Government-guaranteed business loan from a bank or financial institution,0,0
Real estate and rental and leasing,"Veteran, Asian",Business loan from a bank or financial institution,64,S
Real estate and rental and leasing,"Veteran, Asian",Business loan/investment from family/friends,123,S
Real estate and rental and leasing,"Veteran, Asian",Investment by venture capitalist(s),0,0
Real estate and rental and leasing,"Veteran, Asian",Grants,0,0
Real estate and rental and leasing,"Veteran, Asian",Other source(s) of capital,9,S
Real estate and rental and leasing,"Veteran, Asian",Don't know,26,9388
Real estate and rental and leasing,"Veteran, Asian",None needed,215,S
Real estate and rental and leasing,"Veteran, Asian",Total reporting,1032(r),111387(r)
Real estate and rental and leasing,"Veteran, Asian",Item not reported,131(r),S
Real estate and rental and leasing,"Veteran, Native Hawaiian and Other Pacific Islander",All firms,399,28195
Real estate and rental and leasing,"Veteran, Native Hawaiian and Other Pacific Islander",Personal/family savings of owner(s),93,2157
Real estate and rental and leasing,"Veteran, Native Hawaiian and Other Pacific Islander",Personal/family assets other than savings of owner(s),28,S
Real estate and rental and leasing,"Veteran, Native Hawaiian and Other Pacific Islander",Personal/family home equity loan,0,0
Real estate and rental and leasing,"Veteran, Native Hawaiian and Other Pacific Islander",Personal credit card(s) carrying balances,54,S
Real estate and rental and leasing,"Veteran, Native Hawaiian and Other Pacific Islander",Business credit card(s) carrying balances,41,S
Real estate and rental and leasing,"Veteran, Native Hawaiian and Other Pacific Islander","Business loan from federal, state, or local government",0,0
Real estate and rental and leasing,"Veteran, Native Hawaiian and Other Pacific Islander",Government-guaranteed business loan from a bank or financial institution,0,0
Real estate and rental and leasing,"Veteran, Native Hawaiian and Other Pacific Islander",Business loan from a bank or financial institution,0,0
Real estate and rental and leasing,"Veteran, Native Hawaiian and Other Pacific Islander",Business loan/investment from family/friends,0,0
Real estate and rental and leasing,"Veteran, Native Hawaiian and Other Pacific Islander",Investment by venture capitalist(s),0,0
Real estate and rental and leasing,"Veteran, Native Hawaiian and Other Pacific Islander",Grants,0,0
Real estate and rental and leasing,"Veteran, Native Hawaiian and Other Pacific Islander",Other source(s) of capital,0,0
Real estate and rental and leasing,"Veteran, Native Hawaiian and Other Pacific Islander",Don't know,2,S
Real estate and rental and leasing,"Veteran, Native Hawaiian and Other Pacific Islander",None needed,34,S
Real estate and rental and leasing,"Veteran, Native Hawaiian and Other Pacific Islander",Total reporting,156,8950
Real estate and rental and leasing,"Veteran, Native Hawaiian and Other Pacific Islander",Item not reported,2,S
Real estate and rental and leasing,"Veteran, some other race",All firms,2121,130390
Real estate and rental and leasing,"Veteran, some other race",Personal/family savings of owner(s),171,32404
Real estate and rental and leasing,"Veteran, some other race",Personal/family assets other than savings of owner(s),0,0
Real estate and rental and leasing,"Veteran, some other race",Personal/family home equity loan,8,S
Real estate and rental and leasing,"Veteran, some other race",Personal credit card(s) carrying balances,77,S
Real estate and rental and leasing,"Veteran, some other race",Business credit card(s) carrying balances,9,S
Real estate and rental and leasing,"Veteran, some other race","Business loan from federal, state, or local government",0,0
Real estate and rental and leasing,"Veteran, some other race",Government-guaranteed business loan from a bank or financial institution,0,0
Real estate and rental and leasing,"Veteran, some other race",Business loan from a bank or financial institution,27,S
Real estate and rental and leasing,"Veteran, some other race",Business loan/investment from family/friends,0,0
Real estate and rental and leasing,"Veteran, some other race",Investment by venture capitalist(s),0,0
Real estate and rental and leasing,"Veteran, some other race",Grants,0,0
Real estate and rental and leasing,"Veteran, some other race",Other source(s) of capital,0,0
Real estate and rental and leasing,"Veteran, some other race",Don't know,125,S
Real estate and rental and leasing,"Veteran, some other race",None needed,112,S
Real estate and rental and leasing,"Veteran, some other race",Total reporting,431,41211
Real estate and rental and leasing,"Veteran, some other race",Item not reported,0,0
Real estate and rental and leasing,"Veteran, minority",All firms,24381,1503082
Real estate and rental and leasing,"Veteran, minority",Personal/family savings of owner(s),6985,444491
Real estate and rental and leasing,"Veteran, minority",Personal/family assets other than savings of owner(s),1013,48113
Real estate and rental and leasing,"Veteran, minority",Personal/family home equity loan,122,4892
Real estate and rental and leasing,"Veteran, minority",Personal credit card(s) carrying balances,1166,38464
Real estate and rental and leasing,"Veteran, minority",Business credit card(s) carrying balances,410,S
Real estate and rental and leasing,"Veteran, minority","Business loan from federal, state, or local government",69,S
Real estate and rental and leasing,"Veteran, minority",Government-guaranteed business loan from a bank or financial institution,105,S
Real estate and rental and leasing,"Veteran, minority",Business loan from a bank or financial institution,922,136480
Real estate and rental and leasing,"Veteran, minority",Business loan/investment from family/friends,123,S
Real estate and rental and leasing,"Veteran, minority",Investment by venture capitalist(s),131,S
Real estate and rental and leasing,"Veteran, minority",Grants,0,0
Real estate and rental and leasing,"Veteran, minority",Other source(s) of capital,229,8138
Real estate and rental and leasing,"Veteran, minority",Don't know,646,S
Real estate and rental and leasing,"Veteran, minority",None needed,1728,106642
Real estate and rental and leasing,"Veteran, minority",Total reporting,10764(r),732135(r)
Real estate and rental and leasing,"Veteran, minority",Item not reported,461(r),S
Real estate and rental and leasing,"Veteran, equally minority/nonminority",All firms,500,S
Real estate and rental and leasing,"Veteran, equally minority/nonminority",Personal/family savings of owner(s),202,S
Real estate and rental and leasing,"Veteran, equally minority/nonminority",Personal/family assets other than savings of owner(s),0,S
Real estate and rental and leasing,"Veteran, equally minority/nonminority",Personal/family home equity loan,0,S
Real estate and rental and leasing,"Veteran, equally minority/nonminority",Personal credit card(s) carrying balances,0,S
Real estate and rental and leasing,"Veteran, equally minority/nonminority",Business credit card(s) carrying balances,0,S
Real estate and rental and leasing,"Veteran, equally minority/nonminority","Business loan from federal, state, or local government",0,S
Real estate and rental and leasing,"Veteran, equally minority/nonminority",Government-guaranteed business loan from a bank or financial institution,0,S
Real estate and rental and leasing,"Veteran, equally minority/nonminority",Business loan from a bank or financial institution,2,S
Real estate and rental and leasing,"Veteran, equally minority/nonminority",Business loan/investment from family/friends,0,S
Real estate and rental and leasing,"Veteran, equally minority/nonminority",Investment by venture capitalist(s),0,S
Real estate and rental and leasing,"Veteran, equally minority/nonminority",Grants,0,S
Real estate and rental and leasing,"Veteran, equally minority/nonminority",Other source(s) of capital,0,S
Real estate and rental and leasing,"Veteran, equally minority/nonminority",Don't know,138,S
Real estate and rental and leasing,"Veteran, equally minority/nonminority",None needed,0,S
Real estate and rental and leasing,"Veteran, equally minority/nonminority",Total reporting,340,S
Real estate and rental and leasing,"Veteran, equally minority/nonminority",Item not reported,0,S
Real estate and rental and leasing,"Veteran, nonminority",All firms,191915,39075654
Real estate and rental and leasing,"Veteran, nonminority",Personal/family savings of owner(s),75637,13258292
Real estate and rental and leasing,"Veteran, nonminority",Personal/family assets other than savings of owner(s),9719,1986757
Real estate and rental and leasing,"Veteran, nonminority",Personal/family home equity loan,3285,327255
Real estate and rental and leasing,"Veteran, nonminority",Personal credit card(s) carrying balances,5274,533984
Real estate and rental and leasing,"Veteran, nonminority",Business credit card(s) carrying balances,1891,316312
Real estate and rental and leasing,"Veteran, nonminority","Business loan from federal, state, or local government",341,71448
Real estate and rental and leasing,"Veteran, nonminority",Government-guaranteed business loan from a bank or financial institution,1546,235114
Real estate and rental and leasing,"Veteran, nonminority",Business loan from a bank or financial institution,17896,5244783
Real estate and rental and leasing,"Veteran, nonminority",Business loan/investment from family/friends,1373,751541
Real estate and rental and leasing,"Veteran, nonminority",Investment by venture capitalist(s),683,141037
Real estate and rental and leasing,"Veteran, nonminority",Grants,21,S
Real estate and rental and leasing,"Veteran, nonminority",Other source(s) of capital,3386,1099659
Real estate and rental and leasing,"Veteran, nonminority",Don't know,12078,6906228
Real estate and rental and leasing,"Veteran, nonminority",None needed,15210,1295297
Real estate and rental and leasing,"Veteran, nonminority",Total reporting,121754(r),25730842(r)
Real estate and rental and leasing,"Veteran, nonminority",Item not reported,3212(r),425933(r)
Real estate and rental and leasing,Equally veteran/nonveteran,All firms,141474,21671931
Real estate and rental and leasing,Equally veteran/nonveteran,Personal/family savings of owner(s),67012,8297520
Real estate and rental and leasing,Equally veteran/nonveteran,Personal/family assets other than savings of owner(s),12593,1595505
Real estate and rental and leasing,Equally veteran/nonveteran,Personal/family home equity loan,6516,722178
Real estate and rental and leasing,Equally veteran/nonveteran,Personal credit card(s) carrying balances,4018,308865
Real estate and rental and leasing,Equally veteran/nonveteran,Business credit card(s) carrying balances,1572,180430
Real estate and rental and leasing,Equally veteran/nonveteran,"Business loan from federal, state, or local government",353,S
Real estate and rental and leasing,Equally veteran/nonveteran,Government-guaranteed business loan from a bank or financial institution,1631,168133
Real estate and rental and leasing,Equally veteran/nonveteran,Business loan from a bank or financial institution,25752,3948905
Real estate and rental and leasing,Equally veteran/nonveteran,Business loan/investment from family/friends,1798,336779
Real estate and rental and leasing,Equally veteran/nonveteran,Investment by venture capitalist(s),181,45507
Real estate and rental and leasing,Equally veteran/nonveteran,Grants,55,S
Real estate and rental and leasing,Equally veteran/nonveteran,Other source(s) of capital,4319,669677
Real estate and rental and leasing,Equally veteran/nonveteran,Don't know,7497,1910694
Real estate and rental and leasing,Equally veteran/nonveteran,None needed,8322,788120
Real estate and rental and leasing,Equally veteran/nonveteran,Total reporting,105088(r),14163775(r)
Real estate and rental and leasing,Equally veteran/nonveteran,Item not reported,1690(r),148952(r)
Real estate and rental and leasing,"Equally veteran/nonveteran, female-owned",All firms,1007,119914
Real estate and rental and leasing,"Equally veteran/nonveteran, female-owned",Personal/family savings of owner(s),647,S
Real estate and rental and leasing,"Equally veteran/nonveteran, female-owned",Personal/family assets other than savings of owner(s),196,S
Real estate and rental and leasing,"Equally veteran/nonveteran, female-owned",Personal/family home equity loan,161,S
Real estate and rental and leasing,"Equally veteran/nonveteran, female-owned",Personal credit card(s) carrying balances,0,0
Real estate and rental and leasing,"Equally veteran/nonveteran, female-owned",Business credit card(s) carrying balances,0,0
Real estate and rental and leasing,"Equally veteran/nonveteran, female-owned","Business loan from federal, state, or local government",0,0
Real estate and rental and leasing,"Equally veteran/nonveteran, female-owned",Government-guaranteed business loan from a bank or financial institution,0,0
Real estate and rental and leasing,"Equally veteran/nonveteran, female-owned",Business loan from a bank or financial institution,68,S
Real estate and rental and leasing,"Equally veteran/nonveteran, female-owned",Business loan/investment from family/friends,0,0
Real estate and rental and leasing,"Equally veteran/nonveteran, female-owned",Investment by venture capitalist(s),0,0
Real estate and rental and leasing,"Equally veteran/nonveteran, female-owned",Grants,0,0
Real estate and rental and leasing,"Equally veteran/nonveteran, female-owned",Other source(s) of capital,0,0
Real estate and rental and leasing,"Equally veteran/nonveteran, female-owned",Don't know,0,0
Real estate and rental and leasing,"Equally veteran/nonveteran, female-owned",None needed,229,S
Real estate and rental and leasing,"Equally veteran/nonveteran, female-owned",Total reporting,1060,118141
Real estate and rental and leasing,"Equally veteran/nonveteran, female-owned",Item not reported,61,S
Real estate and rental and leasing,"Equally veteran/nonveteran, male-owned",All firms,53269,9947851
Real estate and rental and leasing,"Equally veteran/nonveteran, male-owned",Personal/family savings of owner(s),23590,3368818
Real estate and rental and leasing,"Equally veteran/nonveteran, male-owned",Personal/family assets other than savings of owner(s),3650,534341
Real estate and rental and leasing,"Equally veteran/nonveteran, male-owned",Personal/family home equity loan,1778,187872
Real estate and rental and leasing,"Equally veteran/nonveteran, male-owned",Personal credit card(s) carrying balances,505,41528
Real estate and rental and leasing,"Equally veteran/nonveteran, male-owned",Business credit card(s) carrying balances,493,58999
Real estate and rental and leasing,"Equally veteran/nonveteran, male-owned","Business loan from federal, state, or local government",111,S
Real estate and rental and leasing,"Equally veteran/nonveteran, male-owned",Government-guaranteed business loan from a bank or financial institution,754,91201
Real estate and rental and leasing,"Equally veteran/nonveteran, male-owned",Business loan from a bank or financial institution,11787,2047772
Real estate and rental and leasing,"Equally veteran/nonveteran, male-owned",Business loan/investment from family/friends,658,150450
Real estate and rental and leasing,"Equally veteran/nonveteran, male-owned",Investment by venture capitalist(s),20,S
Real estate and rental and leasing,"Equally veteran/nonveteran, male-owned",Grants,2,S
Real estate and rental and leasing,"Equally veteran/nonveteran, male-owned",Other source(s) of capital,2541,423902
Real estate and rental and leasing,"Equally veteran/nonveteran, male-owned",Don't know,4658,1169426
Real estate and rental and leasing,"Equally veteran/nonveteran, male-owned",None needed,2220,318233
Real estate and rental and leasing,"Equally veteran/nonveteran, male-owned",Total reporting,40579(r),6676752(r)
Real estate and rental and leasing,"Equally veteran/nonveteran, male-owned",Item not reported,694(r),71948(r)
Real estate and rental and leasing,"Equally veteran/nonveteran, equally male-/female-owned",All firms,87198,11604166
Real estate and rental and leasing,"Equally veteran/nonveteran, equally male-/female-owned",Personal/family savings of owner(s),42776,4851790
Real estate and rental and leasing,"Equally veteran/nonveteran, equally male-/female-owned",Personal/family assets other than savings of owner(s),8747,1028029
Real estate and rental and leasing,"Equally veteran/nonveteran, equally male-/female-owned",Personal/family home equity loan,4577,497276
Real estate and rental and leasing,"Equally veteran/nonveteran, equally male-/female-owned",Personal credit card(s) carrying balances,3513,267337
Real estate and rental and leasing,"Equally veteran/nonveteran, equally male-/female-owned",Business credit card(s) carrying balances,1079,121431
Real estate and rental and leasing,"Equally veteran/nonveteran, equally male-/female-owned","Business loan from federal, state, or local government",242,S
Real estate and rental and leasing,"Equally veteran/nonveteran, equally male-/female-owned",Government-guaranteed business loan from a bank or financial institution,876,76932
Real estate and rental and leasing,"Equally veteran/nonveteran, equally male-/female-owned",Business loan from a bank or financial institution,13897,1892466
Real estate and rental and leasing,"Equally veteran/nonveteran, equally male-/female-owned",Business loan/investment from family/friends,1140,186330
Real estate and rental and leasing,"Equally veteran/nonveteran, equally male-/female-owned",Investment by venture capitalist(s),161,42991
Real estate and rental and leasing,"Equally veteran/nonveteran, equally male-/female-owned",Grants,53,S
Real estate and rental and leasing,"Equally veteran/nonveteran, equally male-/female-owned",Other source(s) of capital,1778,245775
Real estate and rental and leasing,"Equally veteran/nonveteran, equally male-/female-owned",Don't know,2840,741268
Real estate and rental and leasing,"Equally veteran/nonveteran, equally male-/female-owned",None needed,5873,438010
Real estate and rental and leasing,"Equally veteran/nonveteran, equally male-/female-owned",Total reporting,63450(r),7368882(r)
Real estate and rental and leasing,"Equally veteran/nonveteran, equally male-/female-owned",Item not reported,935(r),76271(r)
Real estate and rental and leasing,"Equally veteran/nonveteran, Hispanic",All firms,1879,147513
Real estate and rental and leasing,"Equally veteran/nonveteran, Hispanic",Personal/family savings of owner(s),946,S
Real estate and rental and leasing,"Equally veteran/nonveteran, Hispanic",Personal/family assets other than savings of owner(s),217,S
Real estate and rental and leasing,"Equally veteran/nonveteran, Hispanic",Personal/family home equity loan,62,S
Real estate and rental and leasing,"Equally veteran/nonveteran, Hispanic",Personal credit card(s) carrying balances,123,S
Real estate and rental and leasing,"Equally veteran/nonveteran, Hispanic",Business credit card(s) carrying balances,123,S
Real estate and rental and leasing,"Equally veteran/nonveteran, Hispanic","Business loan from federal, state, or local government",0,0
Real estate and rental and leasing,"Equally veteran/nonveteran, Hispanic",Government-guaranteed business loan from a bank or financial institution,0,0
Real estate and rental and leasing,"Equally veteran/nonveteran, Hispanic",Business loan from a bank or financial institution,346,S
Real estate and rental and leasing,"Equally veteran/nonveteran, Hispanic",Business loan/investment from family/friends,0,0
Real estate and rental and leasing,"Equally veteran/nonveteran, Hispanic",Investment by venture capitalist(s),32,S
Real estate and rental and leasing,"Equally veteran/nonveteran, Hispanic",Grants,53,S
Real estate and rental and leasing,"Equally veteran/nonveteran, Hispanic",Other source(s) of capital,100,S
Real estate and rental and leasing,"Equally veteran/nonveteran, Hispanic",Don't know,2,S
Real estate and rental and leasing,"Equally veteran/nonveteran, Hispanic",None needed,104,S
Real estate and rental and leasing,"Equally veteran/nonveteran, Hispanic",Total reporting,1384,151167
Real estate and rental and leasing,"Equally veteran/nonveteran, Hispanic",Item not reported,8,S
Real estate and rental and leasing,"Equally veteran/nonveteran, equally Hispanic/non-Hispanic",All firms,2987,355395
Real estate and rental and leasing,"Equally veteran/nonveteran, equally Hispanic/non-Hispanic",Personal/family savings of owner(s),1751,173816
Real estate and rental and leasing,"Equally veteran/nonveteran, equally Hispanic/non-Hispanic",Personal/family assets other than savings of owner(s),89,S
Real estate and rental and leasing,"Equally veteran/nonveteran, equally Hispanic/non-Hispanic",Personal/family home equity loan,42,S
Real estate and rental and leasing,"Equally veteran/nonveteran, equally Hispanic/non-Hispanic",Personal credit card(s) carrying balances,50,S
Real estate and rental and leasing,"Equally veteran/nonveteran, equally Hispanic/non-Hispanic",Business credit card(s) carrying balances,32,S
Real estate and rental and leasing,"Equally veteran/nonveteran, equally Hispanic/non-Hispanic","Business loan from federal, state, or local government",0,0
Real estate and rental and leasing,"Equally veteran/nonveteran, equally Hispanic/non-Hispanic",Government-guaranteed business loan from a bank or financial institution,61,S
Real estate and rental and leasing,"Equally veteran/nonveteran, equally Hispanic/non-Hispanic",Business loan from a bank or financial institution,288,31700
Real estate and rental and leasing,"Equally veteran/nonveteran, equally Hispanic/non-Hispanic",Business loan/investment from family/friends,0,0
Real estate and rental and leasing,"Equally veteran/nonveteran, equally Hispanic/non-Hispanic",Investment by venture capitalist(s),0,0
Real estate and rental and leasing,"Equally veteran/nonveteran, equally Hispanic/non-Hispanic",Grants,0,0
Real estate and rental and leasing,"Equally veteran/nonveteran, equally Hispanic/non-Hispanic",Other source(s) of capital,2,S
Real estate and rental and leasing,"Equally veteran/nonveteran, equally Hispanic/non-Hispanic",Don't know,65,S
Real estate and rental and leasing,"Equally veteran/nonveteran, equally Hispanic/non-Hispanic",None needed,135,S
Real estate and rental and leasing,"Equally veteran/nonveteran, equally Hispanic/non-Hispanic",Total reporting,2078,220857
Real estate and rental and leasing,"Equally veteran/nonveteran, equally Hispanic/non-Hispanic",Item not reported,61,S
Real estate and rental and leasing,"Equally veteran/nonveteran, non-Hispanic",All firms,136609,21169023
Real estate and rental and leasing,"Equally veteran/nonveteran, non-Hispanic",Personal/family savings of owner(s),64315,8055883
Real estate and rental and leasing,"Equally veteran/nonveteran, non-Hispanic",Personal/family assets other than savings of owner(s),12287,1568050
Real estate and rental and leasing,"Equally veteran/nonveteran, non-Hispanic",Personal/family home equity loan,6413,711952
Real estate and rental and leasing,"Equally veteran/nonveteran, non-Hispanic",Personal credit card(s) carrying balances,3845,282640
Real estate and rental and leasing,"Equally veteran/nonveteran, non-Hispanic",Business credit card(s) carrying balances,1417,164939
Real estate and rental and leasing,"Equally veteran/nonveteran, non-Hispanic","Business loan from federal, state, or local government",353,S
Real estate and rental and leasing,"Equally veteran/nonveteran, non-Hispanic",Government-guaranteed business loan from a bank or financial institution,1569,163337
Real estate and rental and leasing,"Equally veteran/nonveteran, non-Hispanic",Business loan from a bank or financial institution,25118,3884624
Real estate and rental and leasing,"Equally veteran/nonveteran, non-Hispanic",Business loan/investment from family/friends,1798,336779
Real estate and rental and leasing,"Equally veteran/nonveteran, non-Hispanic",Investment by venture capitalist(s),148,43208
Real estate and rental and leasing,"Equally veteran/nonveteran, non-Hispanic",Grants,2,S
Real estate and rental and leasing,"Equally veteran/nonveteran, non-Hispanic",Other source(s) of capital,4217,656480
Real estate and rental and leasing,"Equally veteran/nonveteran, non-Hispanic",Don't know,7431,1887742
Real estate and rental and leasing,"Equally veteran/nonveteran, non-Hispanic",None needed,8083,721295
Real estate and rental and leasing,"Equally veteran/nonveteran, non-Hispanic",Total reporting,101626(r),13791751(r)
Real estate and rental and leasing,"Equally veteran/nonveteran, non-Hispanic",Item not reported,1621(r),146647(r)
Real estate and rental and leasing,"Equally veteran/nonveteran, White",All firms,133509,20972495
Real estate and rental and leasing,"Equally veteran/nonveteran, White",Personal/family savings of owner(s),63446,8041094
Real estate and rental and leasing,"Equally veteran/nonveteran, White",Personal/family assets other than savings of owner(s),11975,1532032
Real estate and rental and leasing,"Equally veteran/nonveteran, White",Personal/family home equity loan,5938,673225
Real estate and rental and leasing,"Equally veteran/nonveteran, White",Personal credit card(s) carrying balances,3627,275510
Real estate and rental and leasing,"Equally veteran/nonveteran, White",Business credit card(s) carrying balances,1460,172697
Real estate and rental and leasing,"Equally veteran/nonveteran, White","Business loan from federal, state, or local government",291,S
Real estate and rental and leasing,"Equally veteran/nonveteran, White",Government-guaranteed business loan from a bank or financial institution,1569,137858
Real estate and rental and leasing,"Equally veteran/nonveteran, White",Business loan from a bank or financial institution,24824,3844590
Real estate and rental and leasing,"Equally veteran/nonveteran, White",Business loan/investment from family/friends,1737,330749
Real estate and rental and leasing,"Equally veteran/nonveteran, White",Investment by venture capitalist(s),144,43025
Real estate and rental and leasing,"Equally veteran/nonveteran, White",Grants,55,S
Real estate and rental and leasing,"Equally veteran/nonveteran, White",Other source(s) of capital,4121,661280
Real estate and rental and leasing,"Equally veteran/nonveteran, White",Don't know,7226,1900394
Real estate and rental and leasing,"Equally veteran/nonveteran, White",None needed,8098,783818
Real estate and rental and leasing,"Equally veteran/nonveteran, White",Total reporting,100006(r),13774501(r)
Real estate and rental and leasing,"Equally veteran/nonveteran, White",Item not reported,1382(r),137633(r)
Real estate and rental and leasing,"Equally veteran/nonveteran, Black or African American",All firms,2245,130562
Real estate and rental and leasing,"Equally veteran/nonveteran, Black or African American",Personal/family savings of owner(s),851,41379
Real estate and rental and leasing,"Equally veteran/nonveteran, Black or African American",Personal/family assets other than savings of owner(s),62,S
Real estate and rental and leasing,"Equally veteran/nonveteran, Black or African American",Personal/family home equity loan,53,S
Real estate and rental and leasing,"Equally veteran/nonveteran, Black or African American",Personal credit card(s) carrying balances,51,S
Real estate and rental and leasing,"Equally veteran/nonveteran, Black or African American",Business credit card(s) carrying balances,51,S
Real estate and rental and leasing,"Equally veteran/nonveteran, Black or African American","Business loan from federal, state, or local government",0,0
Real estate and rental and leasing,"Equally veteran/nonveteran, Black or African American",Government-guaranteed business loan from a bank or financial institution,0,0
Real estate and rental and leasing,"Equally veteran/nonveteran, Black or African American",Business loan from a bank or financial institution,169,S
Real estate and rental and leasing,"Equally veteran/nonveteran, Black or African American",Business loan/investment from family/friends,0,0
Real estate and rental and leasing,"Equally veteran/nonveteran, Black or African American",Investment by venture capitalist(s),0,0
Real estate and rental and leasing,"Equally veteran/nonveteran, Black or African American",Grants,0,0
Real estate and rental and leasing,"Equally veteran/nonveteran, Black or African American",Other source(s) of capital,61,S
Real estate and rental and leasing,"Equally veteran/nonveteran, Black or African American",Don't know,104,1831
Real estate and rental and leasing,"Equally veteran/nonveteran, Black or African American",None needed,129,S
Real estate and rental and leasing,"Equally veteran/nonveteran, Black or African American",Total reporting,1270,46744
Real estate and rental and leasing,"Equally veteran/nonveteran, Black or African American",Item not reported,112,S
Real estate and rental and leasing,"Equally veteran/nonveteran, American Indian and Alaska Native",All firms,154,9508
Real estate and rental and leasing,"Equally veteran/nonveteran, American Indian and Alaska Native",Personal/family savings of owner(s),78,S
Real estate and rental and leasing,"Equally veteran/nonveteran, American Indian and Alaska Native",Personal/family assets other than savings of owner(s),69,S
Real estate and rental and leasing,"Equally veteran/nonveteran, American Indian and Alaska Native",Personal/family home equity loan,0,0
Real estate and rental and leasing,"Equally veteran/nonveteran, American Indian and Alaska Native",Personal credit card(s) carrying balances,0,0
Real estate and rental and leasing,"Equally veteran/nonveteran, American Indian and Alaska Native",Business credit card(s) carrying balances,0,0
Real estate and rental and leasing,"Equally veteran/nonveteran, American Indian and Alaska Native","Business loan from federal, state, or local government",0,0
Real estate and rental and leasing,"Equally veteran/nonveteran, American Indian and Alaska Native",Government-guaranteed business loan from a bank or financial institution,0,0
Real estate and rental and leasing,"Equally veteran/nonveteran, American Indian and Alaska Native",Business loan from a bank or financial institution,2,S
Real estate and rental and leasing,"Equally veteran/nonveteran, American Indian and Alaska Native",Business loan/investment from family/friends,0,0
Real estate and rental and leasing,"Equally veteran/nonveteran, American Indian and Alaska Native",Investment by venture capitalist(s),0,0
Real estate and rental and leasing,"Equally veteran/nonveteran, American Indian and Alaska Native",Grants,0,0
Real estate and rental and leasing,"Equally veteran/nonveteran, American Indian and Alaska Native",Other source(s) of capital,0,0
Real estate and rental and leasing,"Equally veteran/nonveteran, American Indian and Alaska Native",Don't know,0,0
Real estate and rental and leasing,"Equally veteran/nonveteran, American Indian and Alaska Native",None needed,61,S
Real estate and rental and leasing,"Equally veteran/nonveteran, American Indian and Alaska Native",Total reporting,202,14205
Real estate and rental and leasing,"Equally veteran/nonveteran, American Indian and Alaska Native",Item not reported,0,0
Real estate and rental and leasing,"Equally veteran/nonveteran, Asian",All firms,1452,176698
Real estate and rental and leasing,"Equally veteran/nonveteran, Asian",Personal/family savings of owner(s),656,55518
Real estate and rental and leasing,"Equally veteran/nonveteran, Asian",Personal/family assets other than savings of owner(s),133,12321
Real estate and rental and leasing,"Equally veteran/nonveteran, Asian",Personal/family home equity loan,205,S
Real estate and rental and leasing,"Equally veteran/nonveteran, Asian",Personal credit card(s) carrying balances,89,S
Real estate and rental and leasing,"Equally veteran/nonveteran, Asian",Business credit card(s) carrying balances,0,0
Real estate and rental and leasing,"Equally veteran/nonveteran, Asian","Business loan from federal, state, or local government",0,0
Real estate and rental and leasing,"Equally veteran/nonveteran, Asian",Government-guaranteed business loan from a bank or financial institution,62,S
Real estate and rental and leasing,"Equally veteran/nonveteran, Asian",Business loan from a bank or financial institution,325,S
Real estate and rental and leasing,"Equally veteran/nonveteran, Asian",Business loan/investment from family/friends,0,0
Real estate and rental and leasing,"Equally veteran/nonveteran, Asian",Investment by venture capitalist(s),0,0
Real estate and rental and leasing,"Equally veteran/nonveteran, Asian",Grants,0,0
Real estate and rental and leasing,"Equally veteran/nonveteran, Asian",Other source(s) of capital,116,6073
Real estate and rental and leasing,"Equally veteran/nonveteran, Asian",Don't know,59,S
Real estate and rental and leasing,"Equally veteran/nonveteran, Asian",None needed,0,0
Real estate and rental and leasing,"Equally veteran/nonveteran, Asian",Total reporting,1011,101831
Real estate and rental and leasing,"Equally veteran/nonveteran, Asian",Item not reported,0,0
Real estate and rental and leasing,"Equally veteran/nonveteran, Native Hawaiian and Other Pacific Islander",All firms,67,S
Real estate and rental and leasing,"Equally veteran/nonveteran, Native Hawaiian and Other Pacific Islander",Personal/family savings of owner(s),61,S
Real estate and rental and leasing,"Equally veteran/nonveteran, Native Hawaiian and Other Pacific Islander",Personal/family assets other than savings of owner(s),0,S
Real estate and rental and leasing,"Equally veteran/nonveteran, Native Hawaiian and Other Pacific Islander",Personal/family home equity loan,0,S
Real estate and rental and leasing,"Equally veteran/nonveteran, Native Hawaiian and Other Pacific Islander",Personal credit card(s) carrying balances,0,S
Real estate and rental and leasing,"Equally veteran/nonveteran, Native Hawaiian and Other Pacific Islander",Business credit card(s) carrying balances,0,S
Real estate and rental and leasing,"Equally veteran/nonveteran, Native Hawaiian and Other Pacific Islander","Business loan from federal, state, or local government",0,S
Real estate and rental and leasing,"Equally veteran/nonveteran, Native Hawaiian and Other Pacific Islander",Government-guaranteed business loan from a bank or financial institution,0,S
Real estate and rental and leasing,"Equally veteran/nonveteran, Native Hawaiian and Other Pacific Islander",Business loan from a bank or financial institution,0,S
Real estate and rental and leasing,"Equally veteran/nonveteran, Native Hawaiian and Other Pacific Islander",Business loan/investment from family/friends,0,S
Real estate and rental and leasing,"Equally veteran/nonveteran, Native Hawaiian and Other Pacific Islander",Investment by venture capitalist(s),0,S
Real estate and rental and leasing,"Equally veteran/nonveteran, Native Hawaiian and Other Pacific Islander",Grants,0,S
Real estate and rental and leasing,"Equally veteran/nonveteran, Native Hawaiian and Other Pacific Islander",Other source(s) of capital,0,S
Real estate and rental and leasing,"Equally veteran/nonveteran, Native Hawaiian and Other Pacific Islander",Don't know,19,S
Real estate and rental and leasing,"Equally veteran/nonveteran, Native Hawaiian and Other Pacific Islander",None needed,0,S
Real estate and rental and leasing,"Equally veteran/nonveteran, Native Hawaiian and Other Pacific Islander",Total reporting,80,S
Real estate and rental and leasing,"Equally veteran/nonveteran, Native Hawaiian and Other Pacific Islander",Item not reported,0,S
Real estate and rental and leasing,"Equally veteran/nonveteran, some other race",All firms,302,S
Real estate and rental and leasing,"Equally veteran/nonveteran, some other race",Personal/family savings of owner(s),75,S
Real estate and rental and leasing,"Equally veteran/nonveteran, some other race",Personal/family assets other than savings of owner(s),32,S
Real estate and rental and leasing,"Equally veteran/nonveteran, some other race",Personal/family home equity loan,0,S
Real estate and rental and leasing,"Equally veteran/nonveteran, some other race",Personal credit card(s) carrying balances,0,S
Real estate and rental and leasing,"Equally veteran/nonveteran, some other race",Business credit card(s) carrying balances,0,S
Real estate and rental and leasing,"Equally veteran/nonveteran, some other race","Business loan from federal, state, or local government",0,S
Real estate and rental and leasing,"Equally veteran/nonveteran, some other race",Government-guaranteed business loan from a bank or financial institution,0,S
Real estate and rental and leasing,"Equally veteran/nonveteran, some other race",Business loan from a bank or financial institution,61,S
Real estate and rental and leasing,"Equally veteran/nonveteran, some other race",Business loan/investment from family/friends,0,S
Real estate and rental and leasing,"Equally veteran/nonveteran, some other race",Investment by venture capitalist(s),32,S
Real estate and rental and leasing,"Equally veteran/nonveteran, some other race",Grants,0,S
Real estate and rental and leasing,"Equally veteran/nonveteran, some other race",Other source(s) of capital,0,S
Real estate and rental and leasing,"Equally veteran/nonveteran, some other race",Don't know,0,S
Real estate and rental and leasing,"Equally veteran/nonveteran, some other race",None needed,62,S
Real estate and rental and leasing,"Equally veteran/nonveteran, some other race",Total reporting,169,S
Real estate and rental and leasing,"Equally veteran/nonveteran, some other race",Item not reported,62,S
Real estate and rental and leasing,"Equally veteran/nonveteran, minority",All firms,6475,508452
Real estate and rental and leasing,"Equally veteran/nonveteran, minority",Personal/family savings of owner(s),2915,185317
Real estate and rental and leasing,"Equally veteran/nonveteran, minority",Personal/family assets other than savings of owner(s),480,S
Real estate and rental and leasing,"Equally veteran/nonveteran, minority",Personal/family home equity loan,320,S
Real estate and rental and leasing,"Equally veteran/nonveteran, minority",Personal credit card(s) carrying balances,278,S
Real estate and rental and leasing,"Equally veteran/nonveteran, minority",Business credit card(s) carrying balances,174,S
Real estate and rental and leasing,"Equally veteran/nonveteran, minority","Business loan from federal, state, or local government",0,0
Real estate and rental and leasing,"Equally veteran/nonveteran, minority",Government-guaranteed business loan from a bank or financial institution,62,S
Real estate and rental and leasing,"Equally veteran/nonveteran, minority",Business loan from a bank or financial institution,978,102601
Real estate and rental and leasing,"Equally veteran/nonveteran, minority",Business loan/investment from family/friends,0,0
Real estate and rental and leasing,"Equally veteran/nonveteran, minority",Investment by venture capitalist(s),32,S
Real estate and rental and leasing,"Equally veteran/nonveteran, minority",Grants,53,S
Real estate and rental and leasing,"Equally veteran/nonveteran, minority",Other source(s) of capital,284,S
Real estate and rental and leasing,"Equally veteran/nonveteran, minority",Don't know,165,6544
Real estate and rental and leasing,"Equally veteran/nonveteran, minority",None needed,293,S
Real estate and rental and leasing,"Equally veteran/nonveteran, minority",Total reporting,4261(r),330830(r)
Real estate and rental and leasing,"Equally veteran/nonveteran, minority",Item not reported,243(r),S
Real estate and rental and leasing,"Equally veteran/nonveteran, equally minority/nonminority",All firms,6530,719653
Real estate and rental and leasing,"Equally veteran/nonveteran, equally minority/nonminority",Personal/family savings of owner(s),3361,312861
Real estate and rental and leasing,"Equally veteran/nonveteran, equally minority/nonminority",Personal/family assets other than savings of owner(s),587,S
Real estate and rental and leasing,"Equally veteran/nonveteran, equally minority/nonminority",Personal/family home equity loan,423,35669
Real estate and rental and leasing,"Equally veteran/nonveteran, equally minority/nonminority",Personal credit card(s) carrying balances,309,S
Real estate and rental and leasing,"Equally veteran/nonveteran, equally minority/nonminority",Business credit card(s) carrying balances,95,S
Real estate and rental and leasing,"Equally veteran/nonveteran, equally minority/nonminority","Business loan from federal, state, or local government",61,S
Real estate and rental and leasing,"Equally veteran/nonveteran, equally minority/nonminority",Government-guaranteed business loan from a bank or financial institution,73,S
Real estate and rental and leasing,"Equally veteran/nonveteran, equally minority/nonminority",Business loan from a bank or financial institution,713,75157
Real estate and rental and leasing,"Equally veteran/nonveteran, equally minority/nonminority",Business loan/investment from family/friends,88,S
Real estate and rental and leasing,"Equally veteran/nonveteran, equally minority/nonminority",Investment by venture capitalist(s),5,S
Real estate and rental and leasing,"Equally veteran/nonveteran, equally minority/nonminority",Grants,0,0
Real estate and rental and leasing,"Equally veteran/nonveteran, equally minority/nonminority",Other source(s) of capital,52,S
Real estate and rental and leasing,"Equally veteran/nonveteran, equally minority/nonminority",Don't know,178,26495
Real estate and rental and leasing,"Equally veteran/nonveteran, equally minority/nonminority",None needed,195,S
Real estate and rental and leasing,"Equally veteran/nonveteran, equally minority/nonminority",Total reporting,4487(r),439761(r)
Real estate and rental and leasing,"Equally veteran/nonveteran, equally minority/nonminority",Item not reported,196(r),S
Real estate and rental and leasing,"Equally veteran/nonveteran, nonminority",All firms,128468,20443826
Real estate and rental and leasing,"Equally veteran/nonveteran, nonminority",Personal/family savings of owner(s),60736,7799342
Real estate and rental and leasing,"Equally veteran/nonveteran, nonminority",Personal/family assets other than savings of owner(s),11526,1499888
Real estate and rental and leasing,"Equally veteran/nonveteran, nonminority",Personal/family home equity loan,5773,659441
Real estate and rental and leasing,"Equally veteran/nonveteran, nonminority",Personal credit card(s) carrying balances,3431,248315
Real estate and rental and leasing,"Equally veteran/nonveteran, nonminority",Business credit card(s) carrying balances,1303,156472
Real estate and rental and leasing,"Equally veteran/nonveteran, nonminority","Business loan from federal, state, or local government",291,S
Real estate and rental and leasing,"Equally veteran/nonveteran, nonminority",Government-guaranteed business loan from a bank or financial institution,1496,132856
Real estate and rental and leasing,"Equally veteran/nonveteran, nonminority",Business loan from a bank or financial institution,24061,3771147
Real estate and rental and leasing,"Equally veteran/nonveteran, nonminority",Business loan/investment from family/friends,1710,330267
Real estate and rental and leasing,"Equally veteran/nonveteran, nonminority",Investment by venture capitalist(s),144,43025
Real estate and rental and leasing,"Equally veteran/nonveteran, nonminority",Grants,2,S
Real estate and rental and leasing,"Equally veteran/nonveteran, nonminority",Other source(s) of capital,3983,647212
Real estate and rental and leasing,"Equally veteran/nonveteran, nonminority",Don't know,7155,1877655
Real estate and rental and leasing,"Equally veteran/nonveteran, nonminority",None needed,7834,714726
Real estate and rental and leasing,"Equally veteran/nonveteran, nonminority",Total reporting,96340(r),13393183(r)
Real estate and rental and leasing,"Equally veteran/nonveteran, nonminority",Item not reported,1251(r),132252(r)
Real estate and rental and leasing,Nonveteran,All firms,2221468,395875753
Real estate and rental and leasing,Nonveteran,Personal/family savings of owner(s),910818,146153254
Real estate and rental and leasing,Nonveteran,Personal/family assets other than savings of owner(s),132078,26851243
Real estate and rental and leasing,Nonveteran,Personal/family home equity loan,64297,8929509
Real estate and rental and leasing,Nonveteran,Personal credit card(s) carrying balances,68190,8143072
Real estate and rental and leasing,Nonveteran,Business credit card(s) carrying balances,21086,3769958
Real estate and rental and leasing,Nonveteran,"Business loan from federal, state, or local government",5414,1092502
Real estate and rental and leasing,Nonveteran,Government-guaranteed business loan from a bank or financial institution,14242,2945390
Real estate and rental and leasing,Nonveteran,Business loan from a bank or financial institution,237067,55391229
Real estate and rental and leasing,Nonveteran,Business loan/investment from family/friends,27762,8506496
Real estate and rental and leasing,Nonveteran,Investment by venture capitalist(s),5691,4341776
Real estate and rental and leasing,Nonveteran,Grants,1227,206234
Real estate and rental and leasing,Nonveteran,Other source(s) of capital,37489,8777061
Real estate and rental and leasing,Nonveteran,Don't know,132672,55785043
Real estate and rental and leasing,Nonveteran,None needed,209827,17514457
Real estate and rental and leasing,Nonveteran,Total reporting,1493694(r),268871617(r)
Real estate and rental and leasing,Nonveteran,Item not reported,21839(r),3011689(r)
Real estate and rental and leasing,"Nonveteran, female-owned",All firms,689905,71696430
Real estate and rental and leasing,"Nonveteran, female-owned",Personal/family savings of owner(s),255774,24773506
Real estate and rental and leasing,"Nonveteran, female-owned",Personal/family assets other than savings of owner(s),35728,4642535
Real estate and rental and leasing,"Nonveteran, female-owned",Personal/family home equity loan,13920,1469474
Real estate and rental and leasing,"Nonveteran, female-owned",Personal credit card(s) carrying balances,26779,2172638
Real estate and rental and leasing,"Nonveteran, female-owned",Business credit card(s) carrying balances,6350,629311
Real estate and rental and leasing,"Nonveteran, female-owned","Business loan from federal, state, or local government",918,219589
Real estate and rental and leasing,"Nonveteran, female-owned",Government-guaranteed business loan from a bank or financial institution,1631,331911
Real estate and rental and leasing,"Nonveteran, female-owned",Business loan from a bank or financial institution,27544,5652904
Real estate and rental and leasing,"Nonveteran, female-owned",Business loan/investment from family/friends,5508,1361111
Real estate and rental and leasing,"Nonveteran, female-owned",Investment by venture capitalist(s),544,199429
Real estate and rental and leasing,"Nonveteran, female-owned",Grants,310,37120
Real estate and rental and leasing,"Nonveteran, female-owned",Other source(s) of capital,8457,903664
Real estate and rental and leasing,"Nonveteran, female-owned",Don't know,30786,7486462
Real estate and rental and leasing,"Nonveteran, female-owned",None needed,107845,6568531
Real estate and rental and leasing,"Nonveteran, female-owned",Total reporting,446686(r),45342162(r)
Real estate and rental and leasing,"Nonveteran, female-owned",Item not reported,9921(r),616140(r)
Real estate and rental and leasing,"Nonveteran, male-owned",All firms,1140651,265132640
Real estate and rental and leasing,"Nonveteran, male-owned",Personal/family savings of owner(s),466440,98562749
Real estate and rental and leasing,"Nonveteran, male-owned",Personal/family assets other than savings of owner(s),61754,16784840
Real estate and rental and leasing,"Nonveteran, male-owned",Personal/family home equity loan,26575,4976865
Real estate and rental and leasing,"Nonveteran, male-owned",Personal credit card(s) carrying balances,29957,4514067
Real estate and rental and leasing,"Nonveteran, male-owned",Business credit card(s) carrying balances,10073,2641291
Real estate and rental and leasing,"Nonveteran, male-owned","Business loan from federal, state, or local government",2945,639160
Real estate and rental and leasing,"Nonveteran, male-owned",Government-guaranteed business loan from a bank or financial institution,7665,1986867
Real estate and rental and leasing,"Nonveteran, male-owned",Business loan from a bank or financial institution,140058,40232490
Real estate and rental and leasing,"Nonveteran, male-owned",Business loan/investment from family/friends,15391,6215391
Real estate and rental and leasing,"Nonveteran, male-owned",Investment by venture capitalist(s),4257,3997703
Real estate and rental and leasing,"Nonveteran, male-owned",Grants,621,S
Real estate and rental and leasing,"Nonveteran, male-owned",Other source(s) of capital,21369,6844672
Real estate and rental and leasing,"Nonveteran, male-owned",Don't know,84705,43859024
Real estate and rental and leasing,"Nonveteran, male-owned",None needed,79614,8944268
Real estate and rental and leasing,"Nonveteran, male-owned",Total reporting,761935(r),186821310(r)
Real estate and rental and leasing,"Nonveteran, male-owned",Item not reported,10628(r),1931046(r)
Real estate and rental and leasing,"Nonveteran, equally male-/female-owned",All firms,390912,59046683
Real estate and rental and leasing,"Nonveteran, equally male-/female-owned",Personal/family savings of owner(s),188604,22816999
Real estate and rental and leasing,"Nonveteran, equally male-/female-owned",Personal/family assets other than savings of owner(s),34596,5423867
Real estate and rental and leasing,"Nonveteran, equally male-/female-owned",Personal/family home equity loan,23802,2483171
Real estate and rental and leasing,"Nonveteran, equally male-/female-owned",Personal credit card(s) carrying balances,11454,1456367
Real estate and rental and leasing,"Nonveteran, equally male-/female-owned",Business credit card(s) carrying balances,4663,499356
Real estate and rental and leasing,"Nonveteran, equally male-/female-owned","Business loan from federal, state, or local government",1551,233752
Real estate and rental and leasing,"Nonveteran, equally male-/female-owned",Government-guaranteed business loan from a bank or financial institution,4946,626611
Real estate and rental and leasing,"Nonveteran, equally male-/female-owned",Business loan from a bank or financial institution,69465,9505836
Real estate and rental and leasing,"Nonveteran, equally male-/female-owned",Business loan/investment from family/friends,6863,929994
Real estate and rental and leasing,"Nonveteran, equally male-/female-owned",Investment by venture capitalist(s),890,144643
Real estate and rental and leasing,"Nonveteran, equally male-/female-owned",Grants,296,S
Real estate and rental and leasing,"Nonveteran, equally male-/female-owned",Other source(s) of capital,7662,1028726
Real estate and rental and leasing,"Nonveteran, equally male-/female-owned",Don't know,17182,4439557
Real estate and rental and leasing,"Nonveteran, equally male-/female-owned",None needed,22369,2001657
Real estate and rental and leasing,"Nonveteran, equally male-/female-owned",Total reporting,285072(r),36708145(r)
Real estate and rental and leasing,"Nonveteran, equally male-/female-owned",Item not reported,1290(r),464502(r)
Real estate and rental and leasing,"Nonveteran, Hispanic",All firms,130913,11669198
Real estate and rental and leasing,"Nonveteran, Hispanic",Personal/family savings of owner(s),41286,3969191
Real estate and rental and leasing,"Nonveteran, Hispanic",Personal/family assets other than savings of owner(s),4773,595693
Real estate and rental and leasing,"Nonveteran, Hispanic",Personal/family home equity loan,3447,271370
Real estate and rental and leasing,"Nonveteran, Hispanic",Personal credit card(s) carrying balances,4673,351464
Real estate and rental and leasing,"Nonveteran, Hispanic",Business credit card(s) carrying balances,1321,104106
Real estate and rental and leasing,"Nonveteran, Hispanic","Business loan from federal, state, or local government",36,S
Real estate and rental and leasing,"Nonveteran, Hispanic",Government-guaranteed business loan from a bank or financial institution,516,83601
Real estate and rental and leasing,"Nonveteran, Hispanic",Business loan from a bank or financial institution,4495,1024704
Real estate and rental and leasing,"Nonveteran, Hispanic",Business loan/investment from family/friends,921,145251
Real estate and rental and leasing,"Nonveteran, Hispanic",Investment by venture capitalist(s),306,29810
Real estate and rental and leasing,"Nonveteran, Hispanic",Grants,48,S
Real estate and rental and leasing,"Nonveteran, Hispanic",Other source(s) of capital,1336,209803
Real estate and rental and leasing,"Nonveteran, Hispanic",Don't know,4433,816152
Real estate and rental and leasing,"Nonveteran, Hispanic",None needed,11189,481001
Real estate and rental and leasing,"Nonveteran, Hispanic",Total reporting,64407(r),6232484(r)
Real estate and rental and leasing,"Nonveteran, Hispanic",Item not reported,1844(r),80647(r)
Real estate and rental and leasing,"Nonveteran, equally Hispanic/non-Hispanic",All firms,18552,4059495
Real estate and rental and leasing,"Nonveteran, equally Hispanic/non-Hispanic",Personal/family savings of owner(s),9572,909723
Real estate and rental and leasing,"Nonveteran, equally Hispanic/non-Hispanic",Personal/family assets other than savings of owner(s),1628,170738
Real estate and rental and leasing,"Nonveteran, equally Hispanic/non-Hispanic",Personal/family home equity loan,830,127916
Real estate and rental and leasing,"Nonveteran, equally Hispanic/non-Hispanic",Personal credit card(s) carrying balances,783,87661
Real estate and rental and leasing,"Nonveteran, equally Hispanic/non-Hispanic",Business credit card(s) carrying balances,341,S
Real estate and rental and leasing,"Nonveteran, equally Hispanic/non-Hispanic","Business loan from federal, state, or local government",66,S
Real estate and rental and leasing,"Nonveteran, equally Hispanic/non-Hispanic",Government-guaranteed business loan from a bank or financial institution,315,S
Real estate and rental and leasing,"Nonveteran, equally Hispanic/non-Hispanic",Business loan from a bank or financial institution,2899,276203
Real estate and rental and leasing,"Nonveteran, equally Hispanic/non-Hispanic",Business loan/investment from family/friends,247,S
Real estate and rental and leasing,"Nonveteran, equally Hispanic/non-Hispanic",Investment by venture capitalist(s),11,S
Real estate and rental and leasing,"Nonveteran, equally Hispanic/non-Hispanic",Grants,0,0
Real estate and rental and leasing,"Nonveteran, equally Hispanic/non-Hispanic",Other source(s) of capital,324,8590
Real estate and rental and leasing,"Nonveteran, equally Hispanic/non-Hispanic",Don't know,734,174527
Real estate and rental and leasing,"Nonveteran, equally Hispanic/non-Hispanic",None needed,585,54104
Real estate and rental and leasing,"Nonveteran, equally Hispanic/non-Hispanic",Total reporting,12968,1336610
Real estate and rental and leasing,"Nonveteran, equally Hispanic/non-Hispanic",Item not reported,72,11280
Real estate and rental and leasing,"Nonveteran, non-Hispanic",All firms,2072004,380147060
Real estate and rental and leasing,"Nonveteran, non-Hispanic",Personal/family savings of owner(s),859960,141274340
Real estate and rental and leasing,"Nonveteran, non-Hispanic",Personal/family assets other than savings of owner(s),125677,26084812
Real estate and rental and leasing,"Nonveteran, non-Hispanic",Personal/family home equity loan,60020,8530223
Real estate and rental and leasing,"Nonveteran, non-Hispanic",Personal credit card(s) carrying balances,62734,7703947
Real estate and rental and leasing,"Nonveteran, non-Hispanic",Business credit card(s) carrying balances,19424,3617699
Real estate and rental and leasing,"Nonveteran, non-Hispanic","Business loan from federal, state, or local government",5313,1060470
Real estate and rental and leasing,"Nonveteran, non-Hispanic",Government-guaranteed business loan from a bank or financial institution,13411,2840417
Real estate and rental and leasing,"Nonveteran, non-Hispanic",Business loan from a bank or financial institution,229674,54090322
Real estate and rental and leasing,"Nonveteran, non-Hispanic",Business loan/investment from family/friends,26593,8277117
Real estate and rental and leasing,"Nonveteran, non-Hispanic",Investment by venture capitalist(s),5375,4310660
Real estate and rental and leasing,"Nonveteran, non-Hispanic",Grants,1179,195649
Real estate and rental and leasing,"Nonveteran, non-Hispanic",Other source(s) of capital,35828,8558668
Real estate and rental and leasing,"Nonveteran, non-Hispanic",Don't know,127505,54794364
Real estate and rental and leasing,"Nonveteran, non-Hispanic",None needed,198053,16979352
Real estate and rental and leasing,"Nonveteran, non-Hispanic",Total reporting,1416319(r),261302523(r)
Real estate and rental and leasing,"Nonveteran, non-Hispanic",Item not reported,19923(r),2919762(r)
Real estate and rental and leasing,"Nonveteran, White",All firms,1971004,368190328
Real estate and rental and leasing,"Nonveteran, White",Personal/family savings of owner(s),814865,136693490
Real estate and rental and leasing,"Nonveteran, White",Personal/family assets other than savings of owner(s),119800,25147315
Real estate and rental and leasing,"Nonveteran, White",Personal/family home equity loan,53926,7787483
Real estate and rental and leasing,"Nonveteran, White",Personal credit card(s) carrying balances,59346,7478076
Real estate and rental and leasing,"Nonveteran, White",Business credit card(s) carrying balances,19185,3538959
Real estate and rental and leasing,"Nonveteran, White","Business loan from federal, state, or local government",4725,1005939
Real estate and rental and leasing,"Nonveteran, White",Government-guaranteed business loan from a bank or financial institution,12539,2658888
Real estate and rental and leasing,"Nonveteran, White",Business loan from a bank or financial institution,216387,51587812
Real estate and rental and leasing,"Nonveteran, White",Business loan/investment from family/friends,25275,7863148
Real estate and rental and leasing,"Nonveteran, White",Investment by venture capitalist(s),4991,4250981
Real estate and rental and leasing,"Nonveteran, White",Grants,818,S
Real estate and rental and leasing,"Nonveteran, White",Other source(s) of capital,34006,7862108
Real estate and rental and leasing,"Nonveteran, White",Don't know,122049,51945148
Real estate and rental and leasing,"Nonveteran, White",None needed,194203,16805028
Real estate and rental and leasing,"Nonveteran, White",Total reporting,1353417(r),251253148(r)
Real estate and rental and leasing,"Nonveteran, White",Item not reported,18904(r),2845804(r)
Real estate and rental and leasing,"Nonveteran, Black or African American",All firms,66142,3905561
Real estate and rental and leasing,"Nonveteran, Black or African American",Personal/family savings of owner(s),20080,1061210
Real estate and rental and leasing,"Nonveteran, Black or African American",Personal/family assets other than savings of owner(s),1978,145748
Real estate and rental and leasing,"Nonveteran, Black or African American",Personal/family home equity loan,1902,171414
Real estate and rental and leasing,"Nonveteran, Black or African American",Personal credit card(s) carrying balances,3055,136888
Real estate and rental and leasing,"Nonveteran, Black or African American",Business credit card(s) carrying balances,439,52262
Real estate and rental and leasing,"Nonveteran, Black or African American","Business loan from federal, state, or local government",328,S
Real estate and rental and leasing,"Nonveteran, Black or African American",Government-guaranteed business loan from a bank or financial institution,48,S
Real estate and rental and leasing,"Nonveteran, Black or African American",Business loan from a bank or financial institution,2770,496847
Real estate and rental and leasing,"Nonveteran, Black or African American",Business loan/investment from family/friends,454,28876
Real estate and rental and leasing,"Nonveteran, Black or African American",Investment by venture capitalist(s),118,S
Real estate and rental and leasing,"Nonveteran, Black or African American",Grants,264,S
Real estate and rental and leasing,"Nonveteran, Black or African American",Other source(s) of capital,889,119826
Real estate and rental and leasing,"Nonveteran, Black or African American",Don't know,1290,504009
Real estate and rental and leasing,"Nonveteran, Black or African American",None needed,4865,207245
Real estate and rental and leasing,"Nonveteran, Black or African American",Total reporting,29552(r),2123258(r)
Real estate and rental and leasing,"Nonveteran, Black or African American",Item not reported,1309(r),77025(r)
Real estate and rental and leasing,"Nonveteran, American Indian and Alaska Native",All firms,8843,799883
Real estate and rental and leasing,"Nonveteran, American Indian and Alaska Native",Personal/family savings of owner(s),3903,375139
Real estate and rental and leasing,"Nonveteran, American Indian and Alaska Native",Personal/family assets other than savings of owner(s),587,S
Real estate and rental and leasing,"Nonveteran, American Indian and Alaska Native",Personal/family home equity loan,218,8488
Real estate and rental and leasing,"Nonveteran, American Indian and Alaska Native",Personal credit card(s) carrying balances,1000,115990
Real estate and rental and leasing,"Nonveteran, American Indian and Alaska Native",Business credit card(s) carrying balances,164,S
Real estate and rental and leasing,"Nonveteran, American Indian and Alaska Native","Business loan from federal, state, or local government",0,0
Real estate and rental and leasing,"Nonveteran, American Indian and Alaska Native",Government-guaranteed business loan from a bank or financial institution,34,S
Real estate and rental and leasing,"Nonveteran, American Indian and Alaska Native",Business loan from a bank or financial institution,770,S
Real estate and rental and leasing,"Nonveteran, American Indian and Alaska Native",Business loan/investment from family/friends,152,S
Real estate and rental and leasing,"Nonveteran, American Indian and Alaska Native",Investment by venture capitalist(s),0,0
Real estate and rental and leasing,"Nonveteran, American Indian and Alaska Native",Grants,9,S
Real estate and rental and leasing,"Nonveteran, American Indian and Alaska Native",Other source(s) of capital,189,6838
Real estate and rental and leasing,"Nonveteran, American Indian and Alaska Native",Don't know,104,10369
Real estate and rental and leasing,"Nonveteran, American Indian and Alaska Native",None needed,1065,25674
Real estate and rental and leasing,"Nonveteran, American Indian and Alaska Native",Total reporting,5947,478014
Real estate and rental and leasing,"Nonveteran, American Indian and Alaska Native",Item not reported,259,S
Real estate and rental and leasing,"Nonveteran, Asian",All firms,144679,19431972
Real estate and rental and leasing,"Nonveteran, Asian",Personal/family savings of owner(s),61438,7004140
Real estate and rental and leasing,"Nonveteran, Asian",Personal/family assets other than savings of owner(s),8604,1399120
Real estate and rental and leasing,"Nonveteran, Asian",Personal/family home equity loan,7156,874316
Real estate and rental and leasing,"Nonveteran, Asian",Personal credit card(s) carrying balances,4410,435021
Real estate and rental and leasing,"Nonveteran, Asian",Business credit card(s) carrying balances,885,138972
Real estate and rental and leasing,"Nonveteran, Asian","Business loan from federal, state, or local government",361,51520
Real estate and rental and leasing,"Nonveteran, Asian",Government-guaranteed business loan from a bank or financial institution,1297,227712
Real estate and rental and leasing,"Nonveteran, Asian",Business loan from a bank or financial institution,14452,2518532
Real estate and rental and leasing,"Nonveteran, Asian",Business loan/investment from family/friends,1696,210991
Real estate and rental and leasing,"Nonveteran, Asian",Investment by venture capitalist(s),465,S
Real estate and rental and leasing,"Nonveteran, Asian",Grants,125,S
Real estate and rental and leasing,"Nonveteran, Asian",Other source(s) of capital,1852,733241
Real estate and rental and leasing,"Nonveteran, Asian",Don't know,7444,2932563
Real estate and rental and leasing,"Nonveteran, Asian",None needed,9418,580643
Real estate and rental and leasing,"Nonveteran, Asian",Total reporting,89772(r),12826550(r)
Real estate and rental and leasing,"Nonveteran, Asian",Item not reported,1156(r),72125(r)
Real estate and rental and leasing,"Nonveteran, Native Hawaiian and Other Pacific Islander",All firms,2325,165265
Real estate and rental and leasing,"Nonveteran, Native Hawaiian and Other Pacific Islander",Personal/family savings of owner(s),796,62392
Real estate and rental and leasing,"Nonveteran, Native Hawaiian and Other Pacific Islander",Personal/family assets other than savings of owner(s),85,S
Real estate and rental and leasing,"Nonveteran, Native Hawaiian and Other Pacific Islander",Personal/family home equity loan,35,S
Real estate and rental and leasing,"Nonveteran, Native Hawaiian and Other Pacific Islander",Personal credit card(s) carrying balances,191,S
Real estate and rental and leasing,"Nonveteran, Native Hawaiian and Other Pacific Islander",Business credit card(s) carrying balances,84,S
Real estate and rental and leasing,"Nonveteran, Native Hawaiian and Other Pacific Islander","Business loan from federal, state, or local government",0,0
Real estate and rental and leasing,"Nonveteran, Native Hawaiian and Other Pacific Islander",Government-guaranteed business loan from a bank or financial institution,0,0
Real estate and rental and leasing,"Nonveteran, Native Hawaiian and Other Pacific Islander",Business loan from a bank or financial institution,28,S
Real estate and rental and leasing,"Nonveteran, Native Hawaiian and Other Pacific Islander",Business loan/investment from family/friends,47,S
Real estate and rental and leasing,"Nonveteran, Native Hawaiian and Other Pacific Islander",Investment by venture capitalist(s),0,0
Real estate and rental and leasing,"Nonveteran, Native Hawaiian and Other Pacific Islander",Grants,0,0
Real estate and rental and leasing,"Nonveteran, Native Hawaiian and Other Pacific Islander",Other source(s) of capital,0,0
Real estate and rental and leasing,"Nonveteran, Native Hawaiian and Other Pacific Islander",Don't know,67,S
Real estate and rental and leasing,"Nonveteran, Native Hawaiian and Other Pacific Islander",None needed,174,6944
Real estate and rental and leasing,"Nonveteran, Native Hawaiian and Other Pacific Islander",Total reporting,1086(r),81997(r)
Real estate and rental and leasing,"Nonveteran, Native Hawaiian and Other Pacific Islander",Item not reported,4(r),S
Real estate and rental and leasing,"Nonveteran, some other race",All firms,29259,2085153
Real estate and rental and leasing,"Nonveteran, some other race",Personal/family savings of owner(s),7346,699794
Real estate and rental and leasing,"Nonveteran, some other race",Personal/family assets other than savings of owner(s),1073,155457
Real estate and rental and leasing,"Nonveteran, some other race",Personal/family home equity loan,574,S
Real estate and rental and leasing,"Nonveteran, some other race",Personal credit card(s) carrying balances,1018,42464
Real estate and rental and leasing,"Nonveteran, some other race",Business credit card(s) carrying balances,348,22099
Real estate and rental and leasing,"Nonveteran, some other race","Business loan from federal, state, or local government",0,0
Real estate and rental and leasing,"Nonveteran, some other race",Government-guaranteed business loan from a bank or financial institution,117,S
Real estate and rental and leasing,"Nonveteran, some other race",Business loan from a bank or financial institution,1098,238097
Real estate and rental and leasing,"Nonveteran, some other race",Business loan/investment from family/friends,128,S
Real estate and rental and leasing,"Nonveteran, some other race",Investment by venture capitalist(s),62,S
Real estate and rental and leasing,"Nonveteran, some other race",Grants,0,0
Real estate and rental and leasing,"Nonveteran, some other race",Other source(s) of capital,353,S
Real estate and rental and leasing,"Nonveteran, some other race",Don't know,1655,291479
Real estate and rental and leasing,"Nonveteran, some other race",None needed,2164,119894
Real estate and rental and leasing,"Nonveteran, some other race",Total reporting,12741(r),1286842(r)
Real estate and rental and leasing,"Nonveteran, some other race",Item not reported,301(r),S
Real estate and rental and leasing,"Nonveteran, minority",All firms,352225,36397003
Real estate and rental and leasing,"Nonveteran, minority",Personal/family savings of owner(s),127856,12606135
Real estate and rental and leasing,"Nonveteran, minority",Personal/family assets other than savings of owner(s),15980,2283247
Real estate and rental and leasing,"Nonveteran, minority",Personal/family home equity loan,12635,1329236
Real estate and rental and leasing,"Nonveteran, minority",Personal credit card(s) carrying balances,13133,1033133
Real estate and rental and leasing,"Nonveteran, minority",Business credit card(s) carrying balances,2817,304479
Real estate and rental and leasing,"Nonveteran, minority","Business loan from federal, state, or local government",724,111011
Real estate and rental and leasing,"Nonveteran, minority",Government-guaranteed business loan from a bank or financial institution,2151,366120
Real estate and rental and leasing,"Nonveteran, minority",Business loan from a bank or financial institution,22773,4255522
Real estate and rental and leasing,"Nonveteran, minority",Business loan/investment from family/friends,3232,402587
Real estate and rental and leasing,"Nonveteran, minority",Investment by venture capitalist(s),882,104473
Real estate and rental and leasing,"Nonveteran, minority",Grants,446,55732
Real estate and rental and leasing,"Nonveteran, minority",Other source(s) of capital,4277,1071304
Real estate and rental and leasing,"Nonveteran, minority",Don't know,13808,4429888
Real estate and rental and leasing,"Nonveteran, minority",None needed,26770,1305892
Real estate and rental and leasing,"Nonveteran, minority",Total reporting,191558(r),22069698(r)
Real estate and rental and leasing,"Nonveteran, minority",Item not reported,4412(r),232739(r)
Real estate and rental and leasing,"Nonveteran, equally minority/nonminority",All firms,35513,6836498
Real estate and rental and leasing,"Nonveteran, equally minority/nonminority",Personal/family savings of owner(s),18107,2012382
Real estate and rental and leasing,"Nonveteran, equally minority/nonminority",Personal/family assets other than savings of owner(s),2582,269006
Real estate and rental and leasing,"Nonveteran, equally minority/nonminority",Personal/family home equity loan,2166,192373
Real estate and rental and leasing,"Nonveteran, equally minority/nonminority",Personal credit card(s) carrying balances,1714,164348
Real estate and rental and leasing,"Nonveteran, equally minority/nonminority",Business credit card(s) carrying balances,714,63314
Real estate and rental and leasing,"Nonveteran, equally minority/nonminority","Business loan from federal, state, or local government",166,S
Real estate and rental and leasing,"Nonveteran, equally minority/nonminority",Government-guaranteed business loan from a bank or financial institution,346,S
Real estate and rental and leasing,"Nonveteran, equally minority/nonminority",Business loan from a bank or financial institution,5542,927268
Real estate and rental and leasing,"Nonveteran, equally minority/nonminority",Business loan/investment from family/friends,592,S
Real estate and rental and leasing,"Nonveteran, equally minority/nonminority",Investment by venture capitalist(s),164,S
Real estate and rental and leasing,"Nonveteran, equally minority/nonminority",Grants,10,S
Real estate and rental and leasing,"Nonveteran, equally minority/nonminority",Other source(s) of capital,692,75276
Real estate and rental and leasing,"Nonveteran, equally minority/nonminority",Don't know,1250,354206
Real estate and rental and leasing,"Nonveteran, equally minority/nonminority",None needed,836,66213
Real estate and rental and leasing,"Nonveteran, equally minority/nonminority",Total reporting,24294,3385384
Real estate and rental and leasing,"Nonveteran, equally minority/nonminority",Item not reported,229,23518
Real estate and rental and leasing,"Nonveteran, nonminority",All firms,1833730,352642252
Real estate and rental and leasing,"Nonveteran, nonminority",Personal/family savings of owner(s),764855,131534738
Real estate and rental and leasing,"Nonveteran, nonminority",Personal/family assets other than savings of owner(s),113516,24298990
Real estate and rental and leasing,"Nonveteran, nonminority",Personal/family home equity loan,49495,7407899
Real estate and rental and leasing,"Nonveteran, nonminority",Personal credit card(s) carrying balances,53344,6945591
Real estate and rental and leasing,"Nonveteran, nonminority",Business credit card(s) carrying balances,17555,3402165
Real estate and rental and leasing,"Nonveteran, nonminority","Business loan from federal, state, or local government",4524,913646
Real estate and rental and leasing,"Nonveteran, nonminority",Government-guaranteed business loan from a bank or financial institution,11746,2507014
Real estate and rental and leasing,"Nonveteran, nonminority",Business loan from a bank or financial institution,208752,50208439
Real estate and rental and leasing,"Nonveteran, nonminority",Business loan/investment from family/friends,23937,7684631
Real estate and rental and leasing,"Nonveteran, nonminority",Investment by venture capitalist(s),4645,4214112
Real estate and rental and leasing,"Nonveteran, nonminority",Grants,771,S
Real estate and rental and leasing,"Nonveteran, nonminority",Other source(s) of capital,32520,7630482
Real estate and rental and leasing,"Nonveteran, nonminority",Don't know,117615,51000949
Real estate and rental and leasing,"Nonveteran, nonminority",None needed,182220,16142351
Real estate and rental and leasing,"Nonveteran, nonminority",Total reporting,1277842(r),243416534(r)
Real estate and rental and leasing,"Nonveteran, nonminority",Item not reported,17197(r),2755432(r)
Real estate and rental and leasing,"All firms classifiable by gender, ethnicity, race, and veteran status",All firms,2579737,458184793
Real estate and rental and leasing,"All firms classifiable by gender, ethnicity, race, and veteran status",Personal/family savings of owner(s),1060653,168156412
Real estate and rental and leasing,"All firms classifiable by gender, ethnicity, race, and veteran status",Personal/family assets other than savings of owner(s),155403,30481618
Real estate and rental and leasing,"All firms classifiable by gender, ethnicity, race, and veteran status",Personal/family home equity loan,74220,9983834
Real estate and rental and leasing,"All firms classifiable by gender, ethnicity, race, and veteran status",Personal credit card(s) carrying balances,78648,9024384
Real estate and rental and leasing,"All firms classifiable by gender, ethnicity, race, and veteran status",Business credit card(s) carrying balances,24958,4278985
Real estate and rental and leasing,"All firms classifiable by gender, ethnicity, race, and veteran status","Business loan from federal, state, or local government",6177,1197559
Real estate and rental and leasing,"All firms classifiable by gender, ethnicity, race, and veteran status",Government-guaranteed business loan from a bank or financial institution,17524,3385020
Real estate and rental and leasing,"All firms classifiable by gender, ethnicity, race, and veteran status",Business loan from a bank or financial institution,281638,64722853
Real estate and rental and leasing,"All firms classifiable by gender, ethnicity, race, and veteran status",Business loan/investment from family/friends,31056,9614443
Real estate and rental and leasing,"All firms classifiable by gender, ethnicity, race, and veteran status",Investment by venture capitalist(s),6687,4531897
Real estate and rental and leasing,"All firms classifiable by gender, ethnicity, race, and veteran status",Grants,1303,321659
Real estate and rental and leasing,"All firms classifiable by gender, ethnicity, race, and veteran status",Other source(s) of capital,45422,10554535
Real estate and rental and leasing,"All firms classifiable by gender, ethnicity, race, and veteran status",Don't know,153032,64678201
Real estate and rental and leasing,"All firms classifiable by gender, ethnicity, race, and veteran status",None needed,235088,19704516
Real estate and rental and leasing,"All firms classifiable by gender, ethnicity, race, and veteran status",Total reporting,1731640(r),309503164(r)
Real estate and rental and leasing,"All firms classifiable by gender, ethnicity, race, and veteran status",Item not reported,27202(r),3605601(r)
Real estate and rental and leasing,"Publicly held and other firms not classifiable by gender, ethnicity, race, and veteran status",All firms,101205,259227700
Real estate and rental and leasing,"Publicly held and other firms not classifiable by gender, ethnicity, race, and veteran status",Personal/family savings of owner(s),1283,839572
Real estate and rental and leasing,"Publicly held and other firms not classifiable by gender, ethnicity, race, and veteran status",Personal/family assets other than savings of owner(s),452,133778
Real estate and rental and leasing,"Publicly held and other firms not classifiable by gender, ethnicity, race, and veteran status",Personal/family home equity loan,109,S
Real estate and rental and leasing,"Publicly held and other firms not classifiable by gender, ethnicity, race, and veteran status",Personal credit card(s) carrying balances,0,0
Real estate and rental and leasing,"Publicly held and other firms not classifiable by gender, ethnicity, race, and veteran status",Business credit card(s) carrying balances,2,S
Real estate and rental and leasing,"Publicly held and other firms not classifiable by gender, ethnicity, race, and veteran status","Business loan from federal, state, or local government",5,S
Real estate and rental and leasing,"Publicly held and other firms not classifiable by gender, ethnicity, race, and veteran status",Government-guaranteed business loan from a bank or financial institution,61,S
Real estate and rental and leasing,"Publicly held and other firms not classifiable by gender, ethnicity, race, and veteran status",Business loan from a bank or financial institution,1042,666944
Real estate and rental and leasing,"Publicly held and other firms not classifiable by gender, ethnicity, race, and veteran status",Business loan/investment from family/friends,125,S
Real estate and rental and leasing,"Publicly held and other firms not classifiable by gender, ethnicity, race, and veteran status",Investment by venture capitalist(s),102,S
Real estate and rental and leasing,"Publicly held and other firms not classifiable by gender, ethnicity, race, and veteran status",Grants,39,S
Real estate and rental and leasing,"Publicly held and other firms not classifiable by gender, ethnicity, race, and veteran status",Other source(s) of capital,871,590379
Real estate and rental and leasing,"Publicly held and other firms not classifiable by gender, ethnicity, race, and veteran status",Don't know,2981,1047175
Real estate and rental and leasing,"Publicly held and other firms not classifiable by gender, ethnicity, race, and veteran status",None needed,1327,293552
Real estate and rental and leasing,"Publicly held and other firms not classifiable by gender, ethnicity, race, and veteran status",Total reporting,7429(r),3306647(r)
Real estate and rental and leasing,"Publicly held and other firms not classifiable by gender, ethnicity, race, and veteran status",Item not reported,95906(r),157105876(r)
"Professional, scientific, and technical services",All firms,All firms,3898509,1723941607
"Professional, scientific, and technical services",All firms,Personal/family savings of owner(s),1750357,382592319
"Professional, scientific, and technical services",All firms,Personal/family assets other than savings of owner(s),129194,36376941
"Professional, scientific, and technical services",All firms,Personal/family home equity loan,55271,25737373
"Professional, scientific, and technical services",All firms,Personal credit card(s) carrying balances,221077,40469060
"Professional, scientific, and technical services",All firms,Business credit card(s) carrying balances,70824,17291086
"Professional, scientific, and technical services",All firms,"Business loan from federal, state, or local government",1353,886858
"Professional, scientific, and technical services",All firms,Government-guaranteed business loan from a bank or financial institution,9288,5745266
"Professional, scientific, and technical services",All firms,Business loan from a bank or financial institution,86625,64178554
"Professional, scientific, and technical services",All firms,Business loan/investment from family/friends,30590,16925363
"Professional, scientific, and technical services",All firms,Investment by venture capitalist(s),6209,7602792
"Professional, scientific, and technical services",All firms,Grants,7402,1615526
"Professional, scientific, and technical services",All firms,Other source(s) of capital,40633,23744244
"Professional, scientific, and technical services",All firms,Don't know,132176,154615775
"Professional, scientific, and technical services",All firms,None needed,840501,63045027
"Professional, scientific, and technical services",All firms,Total reporting,2882495(r),660577690(r)
"Professional, scientific, and technical services",All firms,Item not reported,60806(r),395693040(r)
"Professional, scientific, and technical services",Female-owned,All firms,1334561,138669937
"Professional, scientific, and technical services",Female-owned,Personal/family savings of owner(s),513951,64285765
"Professional, scientific, and technical services",Female-owned,Personal/family assets other than savings of owner(s),34102,5543631
"Professional, scientific, and technical services",Female-owned,Personal/family home equity loan,11852,3634036
"Professional, scientific, and technical services",Female-owned,Personal credit card(s) carrying balances,69588,8281652
"Professional, scientific, and technical services",Female-owned,Business credit card(s) carrying balances,19864,3240751
"Professional, scientific, and technical services",Female-owned,"Business loan from federal, state, or local government",480,312481
"Professional, scientific, and technical services",Female-owned,Government-guaranteed business loan from a bank or financial institution,2474,1286603
"Professional, scientific, and technical services",Female-owned,Business loan from a bank or financial institution,16855,8429738
"Professional, scientific, and technical services",Female-owned,Business loan/investment from family/friends,7891,3008922
"Professional, scientific, and technical services",Female-owned,Investment by venture capitalist(s),724,889118
"Professional, scientific, and technical services",Female-owned,Grants,2170,152659
"Professional, scientific, and technical services",Female-owned,Other source(s) of capital,10443,3282643
"Professional, scientific, and technical services",Female-owned,Don't know,33974,13653177
"Professional, scientific, and technical services",Female-owned,None needed,349317,14652086
"Professional, scientific, and technical services",Female-owned,Total reporting,944550(r),102765179(r)
"Professional, scientific, and technical services",Female-owned,Item not reported,15983(r),1024915(r)
"Professional, scientific, and technical services",Male-owned,All firms,2261224,679529557
"Professional, scientific, and technical services",Male-owned,Personal/family savings of owner(s),1069126,288058008
"Professional, scientific, and technical services",Male-owned,Personal/family assets other than savings of owner(s),77161,27382794
"Professional, scientific, and technical services",Male-owned,Personal/family home equity loan,33737,19849179
"Professional, scientific, and technical services",Male-owned,Personal credit card(s) carrying balances,129547,28829918
"Professional, scientific, and technical services",Male-owned,Business credit card(s) carrying balances,42298,12424777
"Professional, scientific, and technical services",Male-owned,"Business loan from federal, state, or local government",573,542667
"Professional, scientific, and technical services",Male-owned,Government-guaranteed business loan from a bank or financial institution,5375,3777228
"Professional, scientific, and technical services",Male-owned,Business loan from a bank or financial institution,57581,50324911
"Professional, scientific, and technical services",Male-owned,Business loan/investment from family/friends,18973,12528649
"Professional, scientific, and technical services",Male-owned,Investment by venture capitalist(s),4956,6238242
"Professional, scientific, and technical services",Male-owned,Grants,4487,1295989
"Professional, scientific, and technical services",Male-owned,Other source(s) of capital,26312,18288400
"Professional, scientific, and technical services",Male-owned,Don't know,89655,131307331
"Professional, scientific, and technical services",Male-owned,None needed,453224,40185626
"Professional, scientific, and technical services",Male-owned,Total reporting,1706368(r),504244844(r)
"Professional, scientific, and technical services",Male-owned,Item not reported,20411(r),4204986(r)
"Professional, scientific, and technical services",Equally male-/female-owned,All firms,272872,59038386
"Professional, scientific, and technical services",Equally male-/female-owned,Personal/family savings of owner(s),166384,29241733
"Professional, scientific, and technical services",Equally male-/female-owned,Personal/family assets other than savings of owner(s),17786,3368313
"Professional, scientific, and technical services",Equally male-/female-owned,Personal/family home equity loan,9607,2084180
"Professional, scientific, and technical services",Equally male-/female-owned,Personal credit card(s) carrying balances,21782,3300223
"Professional, scientific, and technical services",Equally male-/female-owned,Business credit card(s) carrying balances,8623,1620254
"Professional, scientific, and technical services",Equally male-/female-owned,"Business loan from federal, state, or local government",241,30416
"Professional, scientific, and technical services",Equally male-/female-owned,Government-guaranteed business loan from a bank or financial institution,1431,667304
"Professional, scientific, and technical services",Equally male-/female-owned,Business loan from a bank or financial institution,12156,4747269
"Professional, scientific, and technical services",Equally male-/female-owned,Business loan/investment from family/friends,3647,1216807
"Professional, scientific, and technical services",Equally male-/female-owned,Investment by venture capitalist(s),443,155818
"Professional, scientific, and technical services",Equally male-/female-owned,Grants,739,62618
"Professional, scientific, and technical services",Equally male-/female-owned,Other source(s) of capital,3524,1152281
"Professional, scientific, and technical services",Equally male-/female-owned,Don't know,7150,5595290
"Professional, scientific, and technical services",Equally male-/female-owned,None needed,37269,3848576
"Professional, scientific, and technical services",Equally male-/female-owned,Total reporting,227857(r),42589710(r)
"Professional, scientific, and technical services",Equally male-/female-owned,Item not reported,1159(r),490487(r)
"Professional, scientific, and technical services",Hispanic,All firms,278066,33525181
"Professional, scientific, and technical services",Hispanic,Personal/family savings of owner(s),88490,14598801
"Professional, scientific, and technical services",Hispanic,Personal/family assets other than savings of owner(s),6393,1126328
"Professional, scientific, and technical services",Hispanic,Personal/family home equity loan,2561,1046713
"Professional, scientific, and technical services",Hispanic,Personal credit card(s) carrying balances,15193,2318688
"Professional, scientific, and technical services",Hispanic,Business credit card(s) carrying balances,3917,1148544
"Professional, scientific, and technical services",Hispanic,"Business loan from federal, state, or local government",75,100830
"Professional, scientific, and technical services",Hispanic,Government-guaranteed business loan from a bank or financial institution,289,130970
"Professional, scientific, and technical services",Hispanic,Business loan from a bank or financial institution,3098,1812087
"Professional, scientific, and technical services",Hispanic,Business loan/investment from family/friends,1382,855215
"Professional, scientific, and technical services",Hispanic,Investment by venture capitalist(s),117,109383
"Professional, scientific, and technical services",Hispanic,Grants,498,31905
"Professional, scientific, and technical services",Hispanic,Other source(s) of capital,2449,458182
"Professional, scientific, and technical services",Hispanic,Don't know,7739,3541862
"Professional, scientific, and technical services",Hispanic,None needed,43955,2523181
"Professional, scientific, and technical services",Hispanic,Total reporting,149249(r),22291818(r)
"Professional, scientific, and technical services",Hispanic,Item not reported,3285(r),169048(r)
"Professional, scientific, and technical services","Hispanic, female-owned",All firms,118694,7962967
"Professional, scientific, and technical services","Hispanic, female-owned",Personal/family savings of owner(s),29174,2684348
"Professional, scientific, and technical services","Hispanic, female-owned",Personal/family assets other than savings of owner(s),2079,217347
"Professional, scientific, and technical services","Hispanic, female-owned",Personal/family home equity loan,605,160114
"Professional, scientific, and technical services","Hispanic, female-owned",Personal credit card(s) carrying balances,5376,642740
"Professional, scientific, and technical services","Hispanic, female-owned",Business credit card(s) carrying balances,964,138048
"Professional, scientific, and technical services","Hispanic, female-owned","Business loan from federal, state, or local government",60,S
"Professional, scientific, and technical services","Hispanic, female-owned",Government-guaranteed business loan from a bank or financial institution,60,35831
"Professional, scientific, and technical services","Hispanic, female-owned",Business loan from a bank or financial institution,889,313704
"Professional, scientific, and technical services","Hispanic, female-owned",Business loan/investment from family/friends,402,130027
"Professional, scientific, and technical services","Hispanic, female-owned",Investment by venture capitalist(s),66,S
"Professional, scientific, and technical services","Hispanic, female-owned",Grants,150,S
"Professional, scientific, and technical services","Hispanic, female-owned",Other source(s) of capital,909,115047
"Professional, scientific, and technical services","Hispanic, female-owned",Don't know,2477,921991
"Professional, scientific, and technical services","Hispanic, female-owned",None needed,22284,581072
"Professional, scientific, and technical services","Hispanic, female-owned",Total reporting,57403(r),4752714(r)
"Professional, scientific, and technical services","Hispanic, female-owned",Item not reported,1369(r),58423(r)
"Professional, scientific, and technical services","Hispanic, male-owned",All firms,150124,24547942
"Professional, scientific, and technical services","Hispanic, male-owned",Personal/family savings of owner(s),54809,11427700
"Professional, scientific, and technical services","Hispanic, male-owned",Personal/family assets other than savings of owner(s),3805,853916
"Professional, scientific, and technical services","Hispanic, male-owned",Personal/family home equity loan,1710,843212
"Professional, scientific, and technical services","Hispanic, male-owned",Personal credit card(s) carrying balances,9251,1562718
"Professional, scientific, and technical services","Hispanic, male-owned",Business credit card(s) carrying balances,2561,948164
"Professional, scientific, and technical services","Hispanic, male-owned","Business loan from federal, state, or local government",15,S
"Professional, scientific, and technical services","Hispanic, male-owned",Government-guaranteed business loan from a bank or financial institution,154,83850
"Professional, scientific, and technical services","Hispanic, male-owned",Business loan from a bank or financial institution,1941,1447253
"Professional, scientific, and technical services","Hispanic, male-owned",Business loan/investment from family/friends,972,722798
"Professional, scientific, and technical services","Hispanic, male-owned",Investment by venture capitalist(s),51,S
"Professional, scientific, and technical services","Hispanic, male-owned",Grants,348,27628
"Professional, scientific, and technical services","Hispanic, male-owned",Other source(s) of capital,1387,341358
"Professional, scientific, and technical services","Hispanic, male-owned",Don't know,4924,2581449
"Professional, scientific, and technical services","Hispanic, male-owned",None needed,20459,1914012
"Professional, scientific, and technical services","Hispanic, male-owned",Total reporting,85473(r),16934836(r)
"Professional, scientific, and technical services","Hispanic, male-owned",Item not reported,1804(r),109319(r)
"Professional, scientific, and technical services","Hispanic, equally male-/female-owned",All firms,9248,1014272
"Professional, scientific, and technical services","Hispanic, equally male-/female-owned",Personal/family savings of owner(s),4507,486753
"Professional, scientific, and technical services","Hispanic, equally male-/female-owned",Personal/family assets other than savings of owner(s),509,55065
"Professional, scientific, and technical services","Hispanic, equally male-/female-owned",Personal/family home equity loan,247,43387
"Professional, scientific, and technical services","Hispanic, equally male-/female-owned",Personal credit card(s) carrying balances,566,113230
"Professional, scientific, and technical services","Hispanic, equally male-/female-owned",Business credit card(s) carrying balances,392,S
"Professional, scientific, and technical services","Hispanic, equally male-/female-owned","Business loan from federal, state, or local government",0,0
"Professional, scientific, and technical services","Hispanic, equally male-/female-owned",Government-guaranteed business loan from a bank or financial institution,76,S
"Professional, scientific, and technical services","Hispanic, equally male-/female-owned",Business loan from a bank or financial institution,269,51130
"Professional, scientific, and technical services","Hispanic, equally male-/female-owned",Business loan/investment from family/friends,8,S
"Professional, scientific, and technical services","Hispanic, equally male-/female-owned",Investment by venture capitalist(s),0,0
"Professional, scientific, and technical services","Hispanic, equally male-/female-owned",Grants,0,0
"Professional, scientific, and technical services","Hispanic, equally male-/female-owned",Other source(s) of capital,152,S
"Professional, scientific, and technical services","Hispanic, equally male-/female-owned",Don't know,339,38422
"Professional, scientific, and technical services","Hispanic, equally male-/female-owned",None needed,1212,28097
"Professional, scientific, and technical services","Hispanic, equally male-/female-owned",Total reporting,6373(r),604267(r)
"Professional, scientific, and technical services","Hispanic, equally male-/female-owned",Item not reported,113(r),S
"Professional, scientific, and technical services",Equally Hispanic/non-Hispanic,All firms,18619,4321454
"Professional, scientific, and technical services",Equally Hispanic/non-Hispanic,Personal/family savings of owner(s),11084,1971678
"Professional, scientific, and technical services",Equally Hispanic/non-Hispanic,Personal/family assets other than savings of owner(s),1081,147282
"Professional, scientific, and technical services",Equally Hispanic/non-Hispanic,Personal/family home equity loan,408,150700
"Professional, scientific, and technical services",Equally Hispanic/non-Hispanic,Personal credit card(s) carrying balances,1970,343758
"Professional, scientific, and technical services",Equally Hispanic/non-Hispanic,Business credit card(s) carrying balances,850,141645
"Professional, scientific, and technical services",Equally Hispanic/non-Hispanic,"Business loan from federal, state, or local government",0,0
"Professional, scientific, and technical services",Equally Hispanic/non-Hispanic,Government-guaranteed business loan from a bank or financial institution,98,S
"Professional, scientific, and technical services",Equally Hispanic/non-Hispanic,Business loan from a bank or financial institution,631,347661
"Professional, scientific, and technical services",Equally Hispanic/non-Hispanic,Business loan/investment from family/friends,438,73137
"Professional, scientific, and technical services",Equally Hispanic/non-Hispanic,Investment by venture capitalist(s),124,8417
"Professional, scientific, and technical services",Equally Hispanic/non-Hispanic,Grants,96,7457
"Professional, scientific, and technical services",Equally Hispanic/non-Hispanic,Other source(s) of capital,276,S
"Professional, scientific, and technical services",Equally Hispanic/non-Hispanic,Don't know,247,401561
"Professional, scientific, and technical services",Equally Hispanic/non-Hispanic,None needed,2060,165792
"Professional, scientific, and technical services",Equally Hispanic/non-Hispanic,Total reporting,14430,2829108
"Professional, scientific, and technical services",Equally Hispanic/non-Hispanic,Item not reported,48,S
"Professional, scientific, and technical services","Equally Hispanic/non-Hispanic, female-owned",All firms,649,165328
"Professional, scientific, and technical services","Equally Hispanic/non-Hispanic, female-owned",Personal/family savings of owner(s),512,45185
"Professional, scientific, and technical services","Equally Hispanic/non-Hispanic, female-owned",Personal/family assets other than savings of owner(s),20,S
"Professional, scientific, and technical services","Equally Hispanic/non-Hispanic, female-owned",Personal/family home equity loan,61,S
"Professional, scientific, and technical services","Equally Hispanic/non-Hispanic, female-owned",Personal credit card(s) carrying balances,190,S
"Professional, scientific, and technical services","Equally Hispanic/non-Hispanic, female-owned",Business credit card(s) carrying balances,93,S
"Professional, scientific, and technical services","Equally Hispanic/non-Hispanic, female-owned","Business loan from federal, state, or local government",0,0
"Professional, scientific, and technical services","Equally Hispanic/non-Hispanic, female-owned",Government-guaranteed business loan from a bank or financial institution,0,0
"Professional, scientific, and technical services","Equally Hispanic/non-Hispanic, female-owned",Business loan from a bank or financial institution,18,S
"Professional, scientific, and technical services","Equally Hispanic/non-Hispanic, female-owned",Business loan/investment from family/friends,0,0
"Professional, scientific, and technical services","Equally Hispanic/non-Hispanic, female-owned",Investment by venture capitalist(s),0,0
"Professional, scientific, and technical services","Equally Hispanic/non-Hispanic, female-owned",Grants,0,0
"Professional, scientific, and technical services","Equally Hispanic/non-Hispanic, female-owned",Other source(s) of capital,8,S
"Professional, scientific, and technical services","Equally Hispanic/non-Hispanic, female-owned",Don't know,0,0
"Professional, scientific, and technical services","Equally Hispanic/non-Hispanic, female-owned",None needed,92,S
"Professional, scientific, and technical services","Equally Hispanic/non-Hispanic, female-owned",Total reporting,642,74845
"Professional, scientific, and technical services","Equally Hispanic/non-Hispanic, female-owned",Item not reported,0,0
"Professional, scientific, and technical services","Equally Hispanic/non-Hispanic, male-owned",All firms,3311,1839014
"Professional, scientific, and technical services","Equally Hispanic/non-Hispanic, male-owned",Personal/family savings of owner(s),1456,746935
"Professional, scientific, and technical services","Equally Hispanic/non-Hispanic, male-owned",Personal/family assets other than savings of owner(s),134,37132
"Professional, scientific, and technical services","Equally Hispanic/non-Hispanic, male-owned",Personal/family home equity loan,29,15206
"Professional, scientific, and technical services","Equally Hispanic/non-Hispanic, male-owned",Personal credit card(s) carrying balances,109,74098
"Professional, scientific, and technical services","Equally Hispanic/non-Hispanic, male-owned",Business credit card(s) carrying balances,74,S
"Professional, scientific, and technical services","Equally Hispanic/non-Hispanic, male-owned","Business loan from federal, state, or local government",0,0
"Professional, scientific, and technical services","Equally Hispanic/non-Hispanic, male-owned",Government-guaranteed business loan from a bank or financial institution,0,0
"Professional, scientific, and technical services","Equally Hispanic/non-Hispanic, male-owned",Business loan from a bank or financial institution,51,61059
"Professional, scientific, and technical services","Equally Hispanic/non-Hispanic, male-owned",Business loan/investment from family/friends,69,S
"Professional, scientific, and technical services","Equally Hispanic/non-Hispanic, male-owned",Investment by venture capitalist(s),63,S
"Professional, scientific, and technical services","Equally Hispanic/non-Hispanic, male-owned",Grants,8,5243
"Professional, scientific, and technical services","Equally Hispanic/non-Hispanic, male-owned",Other source(s) of capital,158,S
"Professional, scientific, and technical services","Equally Hispanic/non-Hispanic, male-owned",Don't know,128,366792
"Professional, scientific, and technical services","Equally Hispanic/non-Hispanic, male-owned",None needed,74,43957
"Professional, scientific, and technical services","Equally Hispanic/non-Hispanic, male-owned",Total reporting,1906,1212102
"Professional, scientific, and technical services","Equally Hispanic/non-Hispanic, male-owned",Item not reported,21,S
"Professional, scientific, and technical services","Equally Hispanic/non-Hispanic, equally male-/female-owned",All firms,14659,2317112
"Professional, scientific, and technical services","Equally Hispanic/non-Hispanic, equally male-/female-owned",Personal/family savings of owner(s),9116,1179559
"Professional, scientific, and technical services","Equally Hispanic/non-Hispanic, equally male-/female-owned",Personal/family assets other than savings of owner(s),926,108729
"Professional, scientific, and technical services","Equally Hispanic/non-Hispanic, equally male-/female-owned",Personal/family home equity loan,318,130041
"Professional, scientific, and technical services","Equally Hispanic/non-Hispanic, equally male-/female-owned",Personal credit card(s) carrying balances,1672,256430
"Professional, scientific, and technical services","Equally Hispanic/non-Hispanic, equally male-/female-owned",Business credit card(s) carrying balances,683,114290
"Professional, scientific, and technical services","Equally Hispanic/non-Hispanic, equally male-/female-owned","Business loan from federal, state, or local government",0,0
"Professional, scientific, and technical services","Equally Hispanic/non-Hispanic, equally male-/female-owned",Government-guaranteed business loan from a bank or financial institution,98,S
"Professional, scientific, and technical services","Equally Hispanic/non-Hispanic, equally male-/female-owned",Business loan from a bank or financial institution,562,267692
"Professional, scientific, and technical services","Equally Hispanic/non-Hispanic, equally male-/female-owned",Business loan/investment from family/friends,369,60970
"Professional, scientific, and technical services","Equally Hispanic/non-Hispanic, equally male-/female-owned",Investment by venture capitalist(s),62,S
"Professional, scientific, and technical services","Equally Hispanic/non-Hispanic, equally male-/female-owned",Grants,89,S
"Professional, scientific, and technical services","Equally Hispanic/non-Hispanic, equally male-/female-owned",Other source(s) of capital,110,S
"Professional, scientific, and technical services","Equally Hispanic/non-Hispanic, equally male-/female-owned",Don't know,118,34769
"Professional, scientific, and technical services","Equally Hispanic/non-Hispanic, equally male-/female-owned",None needed,1894,112507
"Professional, scientific, and technical services","Equally Hispanic/non-Hispanic, equally male-/female-owned",Total reporting,11882,1542161
"Professional, scientific, and technical services","Equally Hispanic/non-Hispanic, equally male-/female-owned",Item not reported,27,S
"Professional, scientific, and technical services",Non-Hispanic,All firms,3571972,839391245
"Professional, scientific, and technical services",Non-Hispanic,Personal/family savings of owner(s),1649886,365015027
"Professional, scientific, and technical services",Non-Hispanic,Personal/family assets other than savings of owner(s),121576,35021128
"Professional, scientific, and technical services",Non-Hispanic,Personal/family home equity loan,52226,24369982
"Professional, scientific, and technical services",Non-Hispanic,Personal credit card(s) carrying balances,203753,37749348
"Professional, scientific, and technical services",Non-Hispanic,Business credit card(s) carrying balances,66019,15995593
"Professional, scientific, and technical services",Non-Hispanic,"Business loan from federal, state, or local government",1219,784734
"Professional, scientific, and technical services",Non-Hispanic,Government-guaranteed business loan from a bank or financial institution,8893,5558147
"Professional, scientific, and technical services",Non-Hispanic,Business loan from a bank or financial institution,82862,61342170
"Professional, scientific, and technical services",Non-Hispanic,Business loan/investment from family/friends,28691,15826025
"Professional, scientific, and technical services",Non-Hispanic,Investment by venture capitalist(s),5882,7165379
"Professional, scientific, and technical services",Non-Hispanic,Grants,6802,1471904
"Professional, scientific, and technical services",Non-Hispanic,Other source(s) of capital,37553,21948306
"Professional, scientific, and technical services",Non-Hispanic,Don't know,122793,146612375
"Professional, scientific, and technical services",Non-Hispanic,None needed,793795,55997315
"Professional, scientific, and technical services",Non-Hispanic,Total reporting,2715095(r),624478807(r)
"Professional, scientific, and technical services",Non-Hispanic,Item not reported,34220(r),5324835(r)
"Professional, scientific, and technical services","Non-Hispanic, female-owned",All firms,1215219,130541642
"Professional, scientific, and technical services","Non-Hispanic, female-owned",Personal/family savings of owner(s),484265,61556232
"Professional, scientific, and technical services","Non-Hispanic, female-owned",Personal/family assets other than savings of owner(s),32003,5324862
"Professional, scientific, and technical services","Non-Hispanic, female-owned",Personal/family home equity loan,11186,3468468
"Professional, scientific, and technical services","Non-Hispanic, female-owned",Personal credit card(s) carrying balances,64022,7625683
"Professional, scientific, and technical services","Non-Hispanic, female-owned",Business credit card(s) carrying balances,18807,3095429
"Professional, scientific, and technical services","Non-Hispanic, female-owned","Business loan from federal, state, or local government",419,228670
"Professional, scientific, and technical services","Non-Hispanic, female-owned",Government-guaranteed business loan from a bank or financial institution,2414,1250772
"Professional, scientific, and technical services","Non-Hispanic, female-owned",Business loan from a bank or financial institution,15947,8097124
"Professional, scientific, and technical services","Non-Hispanic, female-owned",Business loan/investment from family/friends,7489,2878894
"Professional, scientific, and technical services","Non-Hispanic, female-owned",Investment by venture capitalist(s),659,877005
"Professional, scientific, and technical services","Non-Hispanic, female-owned",Grants,2019,148381
"Professional, scientific, and technical services","Non-Hispanic, female-owned",Other source(s) of capital,9525,3166633
"Professional, scientific, and technical services","Non-Hispanic, female-owned",Don't know,31497,12731186
"Professional, scientific, and technical services","Non-Hispanic, female-owned",None needed,326941,14061686
"Professional, scientific, and technical services","Non-Hispanic, female-owned",Total reporting,886505(r),97937619(r)
"Professional, scientific, and technical services","Non-Hispanic, female-owned",Item not reported,14614(r),966492(r)
"Professional, scientific, and technical services","Non-Hispanic, male-owned",All firms,2107788,653142601
"Professional, scientific, and technical services","Non-Hispanic, male-owned",Personal/family savings of owner(s),1012861,275883373
"Professional, scientific, and technical services","Non-Hispanic, male-owned",Personal/family assets other than savings of owner(s),73222,26491747
"Professional, scientific, and technical services","Non-Hispanic, male-owned",Personal/family home equity loan,31998,18990761
"Professional, scientific, and technical services","Non-Hispanic, male-owned",Personal credit card(s) carrying balances,120187,27193102
"Professional, scientific, and technical services","Non-Hispanic, male-owned",Business credit card(s) carrying balances,39663,11456532
"Professional, scientific, and technical services","Non-Hispanic, male-owned","Business loan from federal, state, or local government",558,525648
"Professional, scientific, and technical services","Non-Hispanic, male-owned",Government-guaranteed business loan from a bank or financial institution,5221,3693378
"Professional, scientific, and technical services","Non-Hispanic, male-owned",Business loan from a bank or financial institution,55589,48816599
"Professional, scientific, and technical services","Non-Hispanic, male-owned",Business loan/investment from family/friends,17932,11793684
"Professional, scientific, and technical services","Non-Hispanic, male-owned",Investment by venture capitalist(s),4842,6134217
"Professional, scientific, and technical services","Non-Hispanic, male-owned",Grants,4132,1263119
"Professional, scientific, and technical services","Non-Hispanic, male-owned",Other source(s) of capital,24766,17715157
"Professional, scientific, and technical services","Non-Hispanic, male-owned",Don't know,84603,128359090
"Professional, scientific, and technical services","Non-Hispanic, male-owned",None needed,432691,38227657
"Professional, scientific, and technical services","Non-Hispanic, male-owned",Total reporting,1618989(r),486097906(r)
"Professional, scientific, and technical services","Non-Hispanic, male-owned",Item not reported,18586(r),4091496(r)
"Professional, scientific, and technical services","Non-Hispanic, equally male-/female-owned",All firms,248965,55707002
"Professional, scientific, and technical services","Non-Hispanic, equally male-/female-owned",Personal/family savings of owner(s),152761,27575421
"Professional, scientific, and technical services","Non-Hispanic, equally male-/female-owned",Personal/family assets other than savings of owner(s),16351,3204519
"Professional, scientific, and technical services","Non-Hispanic, equally male-/female-owned",Personal/family home equity loan,9042,1910753
"Professional, scientific, and technical services","Non-Hispanic, equally male-/female-owned",Personal credit card(s) carrying balances,19544,2930563
"Professional, scientific, and technical services","Non-Hispanic, equally male-/female-owned",Business credit card(s) carrying balances,7548,1443632
"Professional, scientific, and technical services","Non-Hispanic, equally male-/female-owned","Business loan from federal, state, or local government",241,30416
"Professional, scientific, and technical services","Non-Hispanic, equally male-/female-owned",Government-guaranteed business loan from a bank or financial institution,1258,613997
"Professional, scientific, and technical services","Non-Hispanic, equally male-/female-owned",Business loan from a bank or financial institution,11326,4428447
"Professional, scientific, and technical services","Non-Hispanic, equally male-/female-owned",Business loan/investment from family/friends,3270,1153447
"Professional, scientific, and technical services","Non-Hispanic, equally male-/female-owned",Investment by venture capitalist(s),382,154157
"Professional, scientific, and technical services","Non-Hispanic, equally male-/female-owned",Grants,650,60404
"Professional, scientific, and technical services","Non-Hispanic, equally male-/female-owned",Other source(s) of capital,3262,1066516
"Professional, scientific, and technical services","Non-Hispanic, equally male-/female-owned",Don't know,6693,5522099
"Professional, scientific, and technical services","Non-Hispanic, equally male-/female-owned",None needed,34163,3707972
"Professional, scientific, and technical services","Non-Hispanic, equally male-/female-owned",Total reporting,209601(r),40443282(r)
"Professional, scientific, and technical services","Non-Hispanic, equally male-/female-owned",Item not reported,1020(r),266847(r)
"Professional, scientific, and technical services",White,All firms,3324832,782910623
"Professional, scientific, and technical services",White,Personal/family savings of owner(s),1545738,338817502
"Professional, scientific, and technical services",White,Personal/family assets other than savings of owner(s),113994,32962242
"Professional, scientific, and technical services",White,Personal/family home equity loan,49169,22868930
"Professional, scientific, and technical services",White,Personal credit card(s) carrying balances,192883,36025464
"Professional, scientific, and technical services",White,Business credit card(s) carrying balances,62704,15447492
"Professional, scientific, and technical services",White,"Business loan from federal, state, or local government",1179,713247
"Professional, scientific, and technical services",White,Government-guaranteed business loan from a bank or financial institution,8559,5449344
"Professional, scientific, and technical services",White,Business loan from a bank or financial institution,80970,59554778
"Professional, scientific, and technical services",White,Business loan/investment from family/friends,27433,15168390
"Professional, scientific, and technical services",White,Investment by venture capitalist(s),5320,6101824
"Professional, scientific, and technical services",White,Grants,6539,1144989
"Professional, scientific, and technical services",White,Other source(s) of capital,34284,20946024
"Professional, scientific, and technical services",White,Don't know,114441,138652724
"Professional, scientific, and technical services",White,None needed,758505,54132254
"Professional, scientific, and technical services",White,Total reporting,2562055(r),586186086(r)
"Professional, scientific, and technical services",White,Item not reported,32061(r),5122082(r)
"Professional, scientific, and technical services","White, female-owned",All firms,1112778,118040674
"Professional, scientific, and technical services","White, female-owned",Personal/family savings of owner(s),446740,54575278
"Professional, scientific, and technical services","White, female-owned",Personal/family assets other than savings of owner(s),29400,4874222
"Professional, scientific, and technical services","White, female-owned",Personal/family home equity loan,10486,2774065
"Professional, scientific, and technical services","White, female-owned",Personal credit card(s) carrying balances,60227,7140099
"Professional, scientific, and technical services","White, female-owned",Business credit card(s) carrying balances,17328,2781613
"Professional, scientific, and technical services","White, female-owned","Business loan from federal, state, or local government",459,290584
"Professional, scientific, and technical services","White, female-owned",Government-guaranteed business loan from a bank or financial institution,2189,1231088
"Professional, scientific, and technical services","White, female-owned",Business loan from a bank or financial institution,15604,7467026
"Professional, scientific, and technical services","White, female-owned",Business loan/investment from family/friends,7027,2739340
"Professional, scientific, and technical services","White, female-owned",Investment by venture capitalist(s),503,776676
"Professional, scientific, and technical services","White, female-owned",Grants,1892,139309
"Professional, scientific, and technical services","White, female-owned",Other source(s) of capital,8640,2903307
"Professional, scientific, and technical services","White, female-owned",Don't know,28810,11906093
"Professional, scientific, and technical services","White, female-owned",None needed,314129,13185014
"Professional, scientific, and technical services","White, female-owned",Total reporting,831611(r),88828212(r)
"Professional, scientific, and technical services","White, female-owned",Item not reported,13142(r),774091(r)
"Professional, scientific, and technical services","White, male-owned",All firms,1980045,613465023
"Professional, scientific, and technical services","White, male-owned",Personal/family savings of owner(s),955236,258584707
"Professional, scientific, and technical services","White, male-owned",Personal/family assets other than savings of owner(s),69323,25151831
"Professional, scientific, and technical services","White, male-owned",Personal/family home equity loan,30460,18218100
"Professional, scientific, and technical services","White, male-owned",Personal credit card(s) carrying balances,113883,25945004
"Professional, scientific, and technical services","White, male-owned",Business credit card(s) carrying balances,37837,11171703
"Professional, scientific, and technical services","White, male-owned","Business loan from federal, state, or local government",489,392732
"Professional, scientific, and technical services","White, male-owned",Government-guaranteed business loan from a bank or financial institution,5056,3623503
"Professional, scientific, and technical services","White, male-owned",Business loan from a bank or financial institution,54130,47733332
"Professional, scientific, and technical services","White, male-owned",Business loan/investment from family/friends,17209,11298865
"Professional, scientific, and technical services","White, male-owned",Investment by venture capitalist(s),4428,5251517
"Professional, scientific, and technical services","White, male-owned",Grants,3971,963940
"Professional, scientific, and technical services","White, male-owned",Other source(s) of capital,22674,17026826
"Professional, scientific, and technical services","White, male-owned",Don't know,79454,121507790
"Professional, scientific, and technical services","White, male-owned",None needed,411344,37346972
"Professional, scientific, and technical services","White, male-owned",Total reporting,1532122(r),459162416(r)
"Professional, scientific, and technical services","White, male-owned",Item not reported,17831(r),3871271(r)
"Professional, scientific, and technical services","White, equally male-/female-owned",All firms,232009,51404926
"Professional, scientific, and technical services","White, equally male-/female-owned",Personal/family savings of owner(s),143762,25657517
"Professional, scientific, and technical services","White, equally male-/female-owned",Personal/family assets other than savings of owner(s),15271,2936189
"Professional, scientific, and technical services","White, equally male-/female-owned",Personal/family home equity loan,8223,1876766
"Professional, scientific, and technical services","White, equally male-/female-owned",Personal credit card(s) carrying balances,18773,2940361
"Professional, scientific, and technical services","White, equally male-/female-owned",Business credit card(s) carrying balances,7539,1494176
"Professional, scientific, and technical services","White, equally male-/female-owned","Business loan from federal, state, or local government",231,29932
"Professional, scientific, and technical services","White, equally male-/female-owned",Government-guaranteed business loan from a bank or financial institution,1314,594752
"Professional, scientific, and technical services","White, equally male-/female-owned",Business loan from a bank or financial institution,11236,4354420
"Professional, scientific, and technical services","White, equally male-/female-owned",Business loan/investment from family/friends,3197,1130184
"Professional, scientific, and technical services","White, equally male-/female-owned",Investment by venture capitalist(s),389,73631
"Professional, scientific, and technical services","White, equally male-/female-owned",Grants,675,41740
"Professional, scientific, and technical services","White, equally male-/female-owned",Other source(s) of capital,2970,1015890
"Professional, scientific, and technical services","White, equally male-/female-owned",Don't know,6177,5238841
"Professional, scientific, and technical services","White, equally male-/female-owned",None needed,33031,3600267
"Professional, scientific, and technical services","White, equally male-/female-owned",Total reporting,198323(r),38195457(r)
"Professional, scientific, and technical services","White, equally male-/female-owned",Item not reported,1088(r),476719(r)
"Professional, scientific, and technical services",Black or African American,All firms,206942,15682967
"Professional, scientific, and technical services",Black or African American,Personal/family savings of owner(s),65826,6899665
"Professional, scientific, and technical services",Black or African American,Personal/family assets other than savings of owner(s),6046,728741
"Professional, scientific, and technical services",Black or African American,Personal/family home equity loan,1381,291947
"Professional, scientific, and technical services",Black or African American,Personal credit card(s) carrying balances,12325,1210973
"Professional, scientific, and technical services",Black or African American,Business credit card(s) carrying balances,3629,405117
"Professional, scientific, and technical services",Black or African American,"Business loan from federal, state, or local government",26,35937
"Professional, scientific, and technical services",Black or African American,Government-guaranteed business loan from a bank or financial institution,467,113646
"Professional, scientific, and technical services",Black or African American,Business loan from a bank or financial institution,1479,717977
"Professional, scientific, and technical services",Black or African American,Business loan/investment from family/friends,889,167238
"Professional, scientific, and technical services",Black or African American,Investment by venture capitalist(s),19,S
"Professional, scientific, and technical services",Black or African American,Grants,249,39703
"Professional, scientific, and technical services",Black or African American,Other source(s) of capital,2188,378759
"Professional, scientific, and technical services",Black or African American,Don't know,3713,823908
"Professional, scientific, and technical services",Black or African American,None needed,25768,872241
"Professional, scientific, and technical services",Black or African American,Total reporting,101644(r),9413701(r)
"Professional, scientific, and technical services",Black or African American,Item not reported,2128(r),121552(r)
"Professional, scientific, and technical services","Black or African American, female-owned",All firms,102572,4756256
"Professional, scientific, and technical services","Black or African American, female-owned",Personal/family savings of owner(s),27752,1976616
"Professional, scientific, and technical services","Black or African American, female-owned",Personal/family assets other than savings of owner(s),2718,225522
"Professional, scientific, and technical services","Black or African American, female-owned",Personal/family home equity loan,317,91566
"Professional, scientific, and technical services","Black or African American, female-owned",Personal credit card(s) carrying balances,5527,385025
"Professional, scientific, and technical services","Black or African American, female-owned",Business credit card(s) carrying balances,1724,160397
"Professional, scientific, and technical services","Black or African American, female-owned","Business loan from federal, state, or local government",12,S
"Professional, scientific, and technical services","Black or African American, female-owned",Government-guaranteed business loan from a bank or financial institution,228,19017
"Professional, scientific, and technical services","Black or African American, female-owned",Business loan from a bank or financial institution,338,269361
"Professional, scientific, and technical services","Black or African American, female-owned",Business loan/investment from family/friends,411,67961
"Professional, scientific, and technical services","Black or African American, female-owned",Investment by venture capitalist(s),4,S
"Professional, scientific, and technical services","Black or African American, female-owned",Grants,127,2772
"Professional, scientific, and technical services","Black or African American, female-owned",Other source(s) of capital,881,42946
"Professional, scientific, and technical services","Black or African American, female-owned",Don't know,1403,135697
"Professional, scientific, and technical services","Black or African American, female-owned",None needed,12643,247117
"Professional, scientific, and technical services","Black or African American, female-owned",Total reporting,44810(r),2575380(r)
"Professional, scientific, and technical services","Black or African American, female-owned",Item not reported,1039(r),S
"Professional, scientific, and technical services","Black or African American, male-owned",All firms,98221,10356485
"Professional, scientific, and technical services","Black or African American, male-owned",Personal/family savings of owner(s),34951,4736340
"Professional, scientific, and technical services","Black or African American, male-owned",Personal/family assets other than savings of owner(s),2776,455575
"Professional, scientific, and technical services","Black or African American, male-owned",Personal/family home equity loan,819,188409
"Professional, scientific, and technical services","Black or African American, male-owned",Personal credit card(s) carrying balances,6038,787441
"Professional, scientific, and technical services","Black or African American, male-owned",Business credit card(s) carrying balances,1553,232192
"Professional, scientific, and technical services","Black or African American, male-owned","Business loan from federal, state, or local government",14,S
"Professional, scientific, and technical services","Black or African American, male-owned",Government-guaranteed business loan from a bank or financial institution,237,93501
"Professional, scientific, and technical services","Black or African American, male-owned",Business loan from a bank or financial institution,928,421790
"Professional, scientific, and technical services","Black or African American, male-owned",Business loan/investment from family/friends,478,99277
"Professional, scientific, and technical services","Black or African American, male-owned",Investment by venture capitalist(s),15,S
"Professional, scientific, and technical services","Black or African American, male-owned",Grants,122,S
"Professional, scientific, and technical services","Black or African American, male-owned",Other source(s) of capital,1165,328587
"Professional, scientific, and technical services","Black or African American, male-owned",Don't know,2217,668294
"Professional, scientific, and technical services","Black or African American, male-owned",None needed,12376,611937
"Professional, scientific, and technical services","Black or African American, male-owned",Total reporting,52355(r),6572159(r)
"Professional, scientific, and technical services","Black or African American, male-owned",Item not reported,1072(r),75017(r)
"Professional, scientific, and technical services","Black or African American, equally male-/female-owned",All firms,6148,570226
"Professional, scientific, and technical services","Black or African American, equally male-/female-owned",Personal/family savings of owner(s),3123,186708
"Professional, scientific, and technical services","Black or African American, equally male-/female-owned",Personal/family assets other than savings of owner(s),552,S
"Professional, scientific, and technical services","Black or African American, equally male-/female-owned",Personal/family home equity loan,245,S
"Professional, scientific, and technical services","Black or African American, equally male-/female-owned",Personal credit card(s) carrying balances,760,38508
"Professional, scientific, and technical services","Black or African American, equally male-/female-owned",Business credit card(s) carrying balances,352,S
"Professional, scientific, and technical services","Black or African American, equally male-/female-owned","Business loan from federal, state, or local government",0,0
"Professional, scientific, and technical services","Black or African American, equally male-/female-owned",Government-guaranteed business loan from a bank or financial institution,2,S
"Professional, scientific, and technical services","Black or African American, equally male-/female-owned",Business loan from a bank or financial institution,213,26826
"Professional, scientific, and technical services","Black or African American, equally male-/female-owned",Business loan/investment from family/friends,0,0
"Professional, scientific, and technical services","Black or African American, equally male-/female-owned",Investment by venture capitalist(s),0,0
"Professional, scientific, and technical services","Black or African American, equally male-/female-owned",Grants,0,0
"Professional, scientific, and technical services","Black or African American, equally male-/female-owned",Other source(s) of capital,143,7226
"Professional, scientific, and technical services","Black or African American, equally male-/female-owned",Don't know,93,S
"Professional, scientific, and technical services","Black or African American, equally male-/female-owned",None needed,749,13187
"Professional, scientific, and technical services","Black or African American, equally male-/female-owned",Total reporting,4479(r),266162(r)
"Professional, scientific, and technical services","Black or African American, equally male-/female-owned",Item not reported,17(r),S
"Professional, scientific, and technical services",American Indian and Alaska Native,All firms,30966,3168244
"Professional, scientific, and technical services",American Indian and Alaska Native,Personal/family savings of owner(s),12970,1742079
"Professional, scientific, and technical services",American Indian and Alaska Native,Personal/family assets other than savings of owner(s),1331,297210
"Professional, scientific, and technical services",American Indian and Alaska Native,Personal/family home equity loan,381,153675
"Professional, scientific, and technical services",American Indian and Alaska Native,Personal credit card(s) carrying balances,2247,361946
"Professional, scientific, and technical services",American Indian and Alaska Native,Business credit card(s) carrying balances,525,165826
"Professional, scientific, and technical services",American Indian and Alaska Native,"Business loan from federal, state, or local government",76,S
"Professional, scientific, and technical services",American Indian and Alaska Native,Government-guaranteed business loan from a bank or financial institution,35,7775
"Professional, scientific, and technical services",American Indian and Alaska Native,Business loan from a bank or financial institution,497,212165
"Professional, scientific, and technical services",American Indian and Alaska Native,Business loan/investment from family/friends,337,54679
"Professional, scientific, and technical services",American Indian and Alaska Native,Investment by venture capitalist(s),21,S
"Professional, scientific, and technical services",American Indian and Alaska Native,Grants,95,S
"Professional, scientific, and technical services",American Indian and Alaska Native,Other source(s) of capital,499,78690
"Professional, scientific, and technical services",American Indian and Alaska Native,Don't know,482,197480
"Professional, scientific, and technical services",American Indian and Alaska Native,None needed,5165,203363
"Professional, scientific, and technical services",American Indian and Alaska Native,Total reporting,19922(r),2375646(r)
"Professional, scientific, and technical services",American Indian and Alaska Native,Item not reported,678(r),89402(r)
"Professional, scientific, and technical services","American Indian and Alaska Native, female-owned",All firms,13728,752631
"Professional, scientific, and technical services","American Indian and Alaska Native, female-owned",Personal/family savings of owner(s),5043,399817
"Professional, scientific, and technical services","American Indian and Alaska Native, female-owned",Personal/family assets other than savings of owner(s),502,S
"Professional, scientific, and technical services","American Indian and Alaska Native, female-owned",Personal/family home equity loan,168,S
"Professional, scientific, and technical services","American Indian and Alaska Native, female-owned",Personal credit card(s) carrying balances,929,S
"Professional, scientific, and technical services","American Indian and Alaska Native, female-owned",Business credit card(s) carrying balances,285,S
"Professional, scientific, and technical services","American Indian and Alaska Native, female-owned","Business loan from federal, state, or local government",50,S
"Professional, scientific, and technical services","American Indian and Alaska Native, female-owned",Government-guaranteed business loan from a bank or financial institution,22,S
"Professional, scientific, and technical services","American Indian and Alaska Native, female-owned",Business loan from a bank or financial institution,113,38059
"Professional, scientific, and technical services","American Indian and Alaska Native, female-owned",Business loan/investment from family/friends,133,S
"Professional, scientific, and technical services","American Indian and Alaska Native, female-owned",Investment by venture capitalist(s),0,0
"Professional, scientific, and technical services","American Indian and Alaska Native, female-owned",Grants,78,S
"Professional, scientific, and technical services","American Indian and Alaska Native, female-owned",Other source(s) of capital,283,S
"Professional, scientific, and technical services","American Indian and Alaska Native, female-owned",Don't know,145,19808
"Professional, scientific, and technical services","American Indian and Alaska Native, female-owned",None needed,2193,53046
"Professional, scientific, and technical services","American Indian and Alaska Native, female-owned",Total reporting,7992(r),544959(r)
"Professional, scientific, and technical services","American Indian and Alaska Native, female-owned",Item not reported,203(r),S
"Professional, scientific, and technical services","American Indian and Alaska Native, male-owned",All firms,16938,2379729
"Professional, scientific, and technical services","American Indian and Alaska Native, male-owned",Personal/family savings of owner(s),7694,1299089
"Professional, scientific, and technical services","American Indian and Alaska Native, male-owned",Personal/family assets other than savings of owner(s),778,200023
"Professional, scientific, and technical services","American Indian and Alaska Native, male-owned",Personal/family home equity loan,211,77292
"Professional, scientific, and technical services","American Indian and Alaska Native, male-owned",Personal credit card(s) carrying balances,1308,246198
"Professional, scientific, and technical services","American Indian and Alaska Native, male-owned",Business credit card(s) carrying balances,238,99959
"Professional, scientific, and technical services","American Indian and Alaska Native, male-owned","Business loan from federal, state, or local government",26,S
"Professional, scientific, and technical services","American Indian and Alaska Native, male-owned",Government-guaranteed business loan from a bank or financial institution,6,S
"Professional, scientific, and technical services","American Indian and Alaska Native, male-owned",Business loan from a bank or financial institution,383,174032
"Professional, scientific, and technical services","American Indian and Alaska Native, male-owned",Business loan/investment from family/friends,199,32617
"Professional, scientific, and technical services","American Indian and Alaska Native, male-owned",Investment by venture capitalist(s),21,S
"Professional, scientific, and technical services","American Indian and Alaska Native, male-owned",Grants,17,S
"Professional, scientific, and technical services","American Indian and Alaska Native, male-owned",Other source(s) of capital,216,70308
"Professional, scientific, and technical services","American Indian and Alaska Native, male-owned",Don't know,337,177672
"Professional, scientific, and technical services","American Indian and Alaska Native, male-owned",None needed,2903,142558
"Professional, scientific, and technical services","American Indian and Alaska Native, male-owned",Total reporting,11589(r),1779092(r)
"Professional, scientific, and technical services","American Indian and Alaska Native, male-owned",Item not reported,474(r),83015(r)
"Professional, scientific, and technical services","American Indian and Alaska Native, equally male-/female-owned",All firms,300,35884
"Professional, scientific, and technical services","American Indian and Alaska Native, equally male-/female-owned",Personal/family savings of owner(s),233,43173
"Professional, scientific, and technical services","American Indian and Alaska Native, equally male-/female-owned",Personal/family assets other than savings of owner(s),51,28748
"Professional, scientific, and technical services","American Indian and Alaska Native, equally male-/female-owned",Personal/family home equity loan,2,S
"Professional, scientific, and technical services","American Indian and Alaska Native, equally male-/female-owned",Personal credit card(s) carrying balances,10,S
"Professional, scientific, and technical services","American Indian and Alaska Native, equally male-/female-owned",Business credit card(s) carrying balances,2,S
"Professional, scientific, and technical services","American Indian and Alaska Native, equally male-/female-owned","Business loan from federal, state, or local government",0,0
"Professional, scientific, and technical services","American Indian and Alaska Native, equally male-/female-owned",Government-guaranteed business loan from a bank or financial institution,7,S
"Professional, scientific, and technical services","American Indian and Alaska Native, equally male-/female-owned",Business loan from a bank or financial institution,2,S
"Professional, scientific, and technical services","American Indian and Alaska Native, equally male-/female-owned",Business loan/investment from family/friends,5,S
"Professional, scientific, and technical services","American Indian and Alaska Native, equally male-/female-owned",Investment by venture capitalist(s),0,0
"Professional, scientific, and technical services","American Indian and Alaska Native, equally male-/female-owned",Grants,0,0
"Professional, scientific, and technical services","American Indian and Alaska Native, equally male-/female-owned",Other source(s) of capital,0,0
"Professional, scientific, and technical services","American Indian and Alaska Native, equally male-/female-owned",Don't know,0,0
"Professional, scientific, and technical services","American Indian and Alaska Native, equally male-/female-owned",None needed,69,S
"Professional, scientific, and technical services","American Indian and Alaska Native, equally male-/female-owned",Total reporting,340,51596
"Professional, scientific, and technical services","American Indian and Alaska Native, equally male-/female-owned",Item not reported,0,0
"Professional, scientific, and technical services",Asian,All firms,276960,67766453
"Professional, scientific, and technical services",Asian,Personal/family savings of owner(s),122508,31093229
"Professional, scientific, and technical services",Asian,Personal/family assets other than savings of owner(s),7079,2179169
"Professional, scientific, and technical services",Asian,Personal/family home equity loan,3975,1774741
"Professional, scientific, and technical services",Asian,Personal credit card(s) carrying balances,14291,2656193
"Professional, scientific, and technical services",Asian,Business credit card(s) carrying balances,4517,1189617
"Professional, scientific, and technical services",Asian,"Business loan from federal, state, or local government",58,S
"Professional, scientific, and technical services",Asian,Government-guaranteed business loan from a bank or financial institution,240,104907
"Professional, scientific, and technical services",Asian,Business loan from a bank or financial institution,3149,2147430
"Professional, scientific, and technical services",Asian,Business loan/investment from family/friends,1970,888894
"Professional, scientific, and technical services",Asian,Investment by venture capitalist(s),675,1031336
"Professional, scientific, and technical services",Asian,Grants,576,318699
"Professional, scientific, and technical services",Asian,Other source(s) of capital,3149,1174824
"Professional, scientific, and technical services",Asian,Don't know,10251,9752442
"Professional, scientific, and technical services",Asian,None needed,50526,3375396
"Professional, scientific, and technical services",Asian,Total reporting,190431(r),46953682(r)
"Professional, scientific, and technical services",Asian,Item not reported,2571(r),386954(r)
"Professional, scientific, and technical services","Asian, female-owned",All firms,102349,14653641
"Professional, scientific, and technical services","Asian, female-owned",Personal/family savings of owner(s),39459,7327858
"Professional, scientific, and technical services","Asian, female-owned",Personal/family assets other than savings of owner(s),1901,452455
"Professional, scientific, and technical services","Asian, female-owned",Personal/family home equity loan,910,692141
"Professional, scientific, and technical services","Asian, female-owned",Personal credit card(s) carrying balances,4122,792249
"Professional, scientific, and technical services","Asian, female-owned",Business credit card(s) carrying balances,1166,367479
"Professional, scientific, and technical services","Asian, female-owned","Business loan from federal, state, or local government",0,0
"Professional, scientific, and technical services","Asian, female-owned",Government-guaranteed business loan from a bank or financial institution,96,32803
"Professional, scientific, and technical services","Asian, female-owned",Business loan from a bank or financial institution,717,577605
"Professional, scientific, and technical services","Asian, female-owned",Business loan/investment from family/friends,498,202560
"Professional, scientific, and technical services","Asian, female-owned",Investment by venture capitalist(s),205,87049
"Professional, scientific, and technical services","Asian, female-owned",Grants,192,S
"Professional, scientific, and technical services","Asian, female-owned",Other source(s) of capital,895,328154
"Professional, scientific, and technical services","Asian, female-owned",Don't know,3427,1287556
"Professional, scientific, and technical services","Asian, female-owned",None needed,21307,1224238
"Professional, scientific, and technical services","Asian, female-owned",Total reporting,66406(r),10538878(r)
"Professional, scientific, and technical services","Asian, female-owned",Item not reported,1450(r),S
"Professional, scientific, and technical services","Asian, male-owned",All firms,156391,48879066
"Professional, scientific, and technical services","Asian, male-owned",Personal/family savings of owner(s),72895,21742422
"Professional, scientific, and technical services","Asian, male-owned",Personal/family assets other than savings of owner(s),4390,1492648
"Professional, scientific, and technical services","Asian, male-owned",Personal/family home equity loan,2258,1006215
"Professional, scientific, and technical services","Asian, male-owned",Personal credit card(s) carrying balances,9340,1770900
"Professional, scientific, and technical services","Asian, male-owned",Business credit card(s) carrying balances,2956,773321
"Professional, scientific, and technical services","Asian, male-owned","Business loan from federal, state, or local government",48,S
"Professional, scientific, and technical services","Asian, male-owned",Government-guaranteed business loan from a bank or financial institution,92,49598
"Professional, scientific, and technical services","Asian, male-owned",Business loan from a bank or financial institution,2128,1437184
"Professional, scientific, and technical services","Asian, male-owned",Business loan/investment from family/friends,1152,657931
"Professional, scientific, and technical services","Asian, male-owned",Investment by venture capitalist(s),458,942929
"Professional, scientific, and technical services","Asian, male-owned",Grants,347,287110
"Professional, scientific, and technical services","Asian, male-owned",Other source(s) of capital,2024,814558
"Professional, scientific, and technical services","Asian, male-owned",Don't know,6442,8340781
"Professional, scientific, and technical services","Asian, male-owned",None needed,27784,2037214
"Professional, scientific, and technical services","Asian, male-owned",Total reporting,111499(r),34092727(r)
"Professional, scientific, and technical services","Asian, male-owned",Item not reported,1074(r),169060(r)
"Professional, scientific, and technical services","Asian, equally male-/female-owned",All firms,18219,4233746
"Professional, scientific, and technical services","Asian, equally male-/female-owned",Personal/family savings of owner(s),10154,2022949
"Professional, scientific, and technical services","Asian, equally male-/female-owned",Personal/family assets other than savings of owner(s),789,234067
"Professional, scientific, and technical services","Asian, equally male-/female-owned",Personal/family home equity loan,808,76385
"Professional, scientific, and technical services","Asian, equally male-/female-owned",Personal credit card(s) carrying balances,829,93044
"Professional, scientific, and technical services","Asian, equally male-/female-owned",Business credit card(s) carrying balances,395,48817
"Professional, scientific, and technical services","Asian, equally male-/female-owned","Business loan from federal, state, or local government",10,S
"Professional, scientific, and technical services","Asian, equally male-/female-owned",Government-guaranteed business loan from a bank or financial institution,52,S
"Professional, scientific, and technical services","Asian, equally male-/female-owned",Business loan from a bank or financial institution,304,132640
"Professional, scientific, and technical services","Asian, equally male-/female-owned",Business loan/investment from family/friends,321,28403
"Professional, scientific, and technical services","Asian, equally male-/female-owned",Investment by venture capitalist(s),12,S
"Professional, scientific, and technical services","Asian, equally male-/female-owned",Grants,37,S
"Professional, scientific, and technical services","Asian, equally male-/female-owned",Other source(s) of capital,230,32113
"Professional, scientific, and technical services","Asian, equally male-/female-owned",Don't know,382,124105
"Professional, scientific, and technical services","Asian, equally male-/female-owned",None needed,1435,113943
"Professional, scientific, and technical services","Asian, equally male-/female-owned",Total reporting,12526(r),2322077(r)
"Professional, scientific, and technical services","Asian, equally male-/female-owned",Item not reported,46(r),S
"Professional, scientific, and technical services",Native Hawaiian and Other Pacific Islander,All firms,6292,931973
"Professional, scientific, and technical services",Native Hawaiian and Other Pacific Islander,Personal/family savings of owner(s),2578,582171
"Professional, scientific, and technical services",Native Hawaiian and Other Pacific Islander,Personal/family assets other than savings of owner(s),245,15730
"Professional, scientific, and technical services",Native Hawaiian and Other Pacific Islander,Personal/family home equity loan,33,151265
"Professional, scientific, and technical services",Native Hawaiian and Other Pacific Islander,Personal credit card(s) carrying balances,486,125169
"Professional, scientific, and technical services",Native Hawaiian and Other Pacific Islander,Business credit card(s) carrying balances,130,13794
"Professional, scientific, and technical services",Native Hawaiian and Other Pacific Islander,"Business loan from federal, state, or local government",4,S
"Professional, scientific, and technical services",Native Hawaiian and Other Pacific Islander,Government-guaranteed business loan from a bank or financial institution,21,S
"Professional, scientific, and technical services",Native Hawaiian and Other Pacific Islander,Business loan from a bank or financial institution,177,185474
"Professional, scientific, and technical services",Native Hawaiian and Other Pacific Islander,Business loan/investment from family/friends,104,16620
"Professional, scientific, and technical services",Native Hawaiian and Other Pacific Islander,Investment by venture capitalist(s),4,S
"Professional, scientific, and technical services",Native Hawaiian and Other Pacific Islander,Grants,4,S
"Professional, scientific, and technical services",Native Hawaiian and Other Pacific Islander,Other source(s) of capital,87,S
"Professional, scientific, and technical services",Native Hawaiian and Other Pacific Islander,Don't know,375,S
"Professional, scientific, and technical services",Native Hawaiian and Other Pacific Islander,None needed,1009,24650
"Professional, scientific, and technical services",Native Hawaiian and Other Pacific Islander,Total reporting,4174(r),984430(r)
"Professional, scientific, and technical services",Native Hawaiian and Other Pacific Islander,Item not reported,36(r),918(r)
"Professional, scientific, and technical services","Native Hawaiian and Other Pacific Islander, female-owned",All firms,2506,199328
"Professional, scientific, and technical services","Native Hawaiian and Other Pacific Islander, female-owned",Personal/family savings of owner(s),731,164098
"Professional, scientific, and technical services","Native Hawaiian and Other Pacific Islander, female-owned",Personal/family assets other than savings of owner(s),14,S
"Professional, scientific, and technical services","Native Hawaiian and Other Pacific Islander, female-owned",Personal/family home equity loan,4,S
"Professional, scientific, and technical services","Native Hawaiian and Other Pacific Islander, female-owned",Personal credit card(s) carrying balances,193,38189
"Professional, scientific, and technical services","Native Hawaiian and Other Pacific Islander, female-owned",Business credit card(s) carrying balances,4,S
"Professional, scientific, and technical services","Native Hawaiian and Other Pacific Islander, female-owned","Business loan from federal, state, or local government",0,0
"Professional, scientific, and technical services","Native Hawaiian and Other Pacific Islander, female-owned",Government-guaranteed business loan from a bank or financial institution,8,S
"Professional, scientific, and technical services","Native Hawaiian and Other Pacific Islander, female-owned",Business loan from a bank or financial institution,25,S
"Professional, scientific, and technical services","Native Hawaiian and Other Pacific Islander, female-owned",Business loan/investment from family/friends,4,S
"Professional, scientific, and technical services","Native Hawaiian and Other Pacific Islander, female-owned",Investment by venture capitalist(s),0,0
"Professional, scientific, and technical services","Native Hawaiian and Other Pacific Islander, female-owned",Grants,0,0
"Professional, scientific, and technical services","Native Hawaiian and Other Pacific Islander, female-owned",Other source(s) of capital,24,S
"Professional, scientific, and technical services","Native Hawaiian and Other Pacific Islander, female-owned",Don't know,144,S
"Professional, scientific, and technical services","Native Hawaiian and Other Pacific Islander, female-owned",None needed,428,11046
"Professional, scientific, and technical services","Native Hawaiian and Other Pacific Islander, female-owned",Total reporting,1379(r),219959(r)
"Professional, scientific, and technical services","Native Hawaiian and Other Pacific Islander, female-owned",Item not reported,21(r),546(r)
"Professional, scientific, and technical services","Native Hawaiian and Other Pacific Islander, male-owned",All firms,3617,716781
"Professional, scientific, and technical services","Native Hawaiian and Other Pacific Islander, male-owned",Personal/family savings of owner(s),1790,416853
"Professional, scientific, and technical services","Native Hawaiian and Other Pacific Islander, male-owned",Personal/family assets other than savings of owner(s),231,15573
"Professional, scientific, and technical services","Native Hawaiian and Other Pacific Islander, male-owned",Personal/family home equity loan,29,S
"Professional, scientific, and technical services","Native Hawaiian and Other Pacific Islander, male-owned",Personal credit card(s) carrying balances,281,S
"Professional, scientific, and technical services","Native Hawaiian and Other Pacific Islander, male-owned",Business credit card(s) carrying balances,126,11857
"Professional, scientific, and technical services","Native Hawaiian and Other Pacific Islander, male-owned","Business loan from federal, state, or local government",4,S
"Professional, scientific, and technical services","Native Hawaiian and Other Pacific Islander, male-owned",Government-guaranteed business loan from a bank or financial institution,13,S
"Professional, scientific, and technical services","Native Hawaiian and Other Pacific Islander, male-owned",Business loan from a bank or financial institution,152,104916
"Professional, scientific, and technical services","Native Hawaiian and Other Pacific Islander, male-owned",Business loan/investment from family/friends,100,S
"Professional, scientific, and technical services","Native Hawaiian and Other Pacific Islander, male-owned",Investment by venture capitalist(s),4,S
"Professional, scientific, and technical services","Native Hawaiian and Other Pacific Islander, male-owned",Grants,4,S
"Professional, scientific, and technical services","Native Hawaiian and Other Pacific Islander, male-owned",Other source(s) of capital,52,S
"Professional, scientific, and technical services","Native Hawaiian and Other Pacific Islander, male-owned",Don't know,232,S
"Professional, scientific, and technical services","Native Hawaiian and Other Pacific Islander, male-owned",None needed,561,13211
"Professional, scientific, and technical services","Native Hawaiian and Other Pacific Islander, male-owned",Total reporting,2708,762672
"Professional, scientific, and technical services","Native Hawaiian and Other Pacific Islander, male-owned",Item not reported,16,S
"Professional, scientific, and technical services","Native Hawaiian and Other Pacific Islander, equally male-/female-owned",All firms,169,S
"Professional, scientific, and technical services","Native Hawaiian and Other Pacific Islander, equally male-/female-owned",Personal/family savings of owner(s),57,S
"Professional, scientific, and technical services","Native Hawaiian and Other Pacific Islander, equally male-/female-owned",Personal/family assets other than savings of owner(s),0,S
"Professional, scientific, and technical services","Native Hawaiian and Other Pacific Islander, equally male-/female-owned",Personal/family home equity loan,0,S
"Professional, scientific, and technical services","Native Hawaiian and Other Pacific Islander, equally male-/female-owned",Personal credit card(s) carrying balances,12,S
"Professional, scientific, and technical services","Native Hawaiian and Other Pacific Islander, equally male-/female-owned",Business credit card(s) carrying balances,0,S
"Professional, scientific, and technical services","Native Hawaiian and Other Pacific Islander, equally male-/female-owned","Business loan from federal, state, or local government",0,S
"Professional, scientific, and technical services","Native Hawaiian and Other Pacific Islander, equally male-/female-owned",Government-guaranteed business loan from a bank or financial institution,0,S
"Professional, scientific, and technical services","Native Hawaiian and Other Pacific Islander, equally male-/female-owned",Business loan from a bank or financial institution,0,S
"Professional, scientific, and technical services","Native Hawaiian and Other Pacific Islander, equally male-/female-owned",Business loan/investment from family/friends,0,S
"Professional, scientific, and technical services","Native Hawaiian and Other Pacific Islander, equally male-/female-owned",Investment by venture capitalist(s),0,S
"Professional, scientific, and technical services","Native Hawaiian and Other Pacific Islander, equally male-/female-owned",Grants,0,S
"Professional, scientific, and technical services","Native Hawaiian and Other Pacific Islander, equally male-/female-owned",Other source(s) of capital,11,S
"Professional, scientific, and technical services","Native Hawaiian and Other Pacific Islander, equally male-/female-owned",Don't know,0,S
"Professional, scientific, and technical services","Native Hawaiian and Other Pacific Islander, equally male-/female-owned",None needed,20,S
"Professional, scientific, and technical services","Native Hawaiian and Other Pacific Islander, equally male-/female-owned",Total reporting,88,S
"Professional, scientific, and technical services","Native Hawaiian and Other Pacific Islander, equally male-/female-owned",Item not reported,0,S
"Professional, scientific, and technical services",Some other race,All firms,67665,7089697
"Professional, scientific, and technical services",Some other race,Personal/family savings of owner(s),16533,2621331
"Professional, scientific, and technical services",Some other race,Personal/family assets other than savings of owner(s),1372,263228
"Professional, scientific, and technical services",Some other race,Personal/family home equity loan,420,S
"Professional, scientific, and technical services",Some other race,Personal credit card(s) carrying balances,2714,S
"Professional, scientific, and technical services",Some other race,Business credit card(s) carrying balances,561,S
"Professional, scientific, and technical services",Some other race,"Business loan from federal, state, or local government",5,S
"Professional, scientific, and technical services",Some other race,Government-guaranteed business loan from a bank or financial institution,42,S
"Professional, scientific, and technical services",Some other race,Business loan from a bank or financial institution,783,S
"Professional, scientific, and technical services",Some other race,Business loan/investment from family/friends,322,S
"Professional, scientific, and technical services",Some other race,Investment by venture capitalist(s),6,54268
"Professional, scientific, and technical services",Some other race,Grants,49,S
"Professional, scientific, and technical services",Some other race,Other source(s) of capital,770,52870
"Professional, scientific, and technical services",Some other race,Don't know,2378,915690
"Professional, scientific, and technical services",Some other race,None needed,8954,S
"Professional, scientific, and technical services",Some other race,Total reporting,29508(r),4698030(r)
"Professional, scientific, and technical services",Some other race,Item not reported,1229(r),40170(r)
"Professional, scientific, and technical services","Some other race, female-owned",All firms,29558,1741362
"Professional, scientific, and technical services","Some other race, female-owned",Personal/family savings of owner(s),5612,623884
"Professional, scientific, and technical services","Some other race, female-owned",Personal/family assets other than savings of owner(s),434,43657
"Professional, scientific, and technical services","Some other race, female-owned",Personal/family home equity loan,106,S
"Professional, scientific, and technical services","Some other race, female-owned",Personal credit card(s) carrying balances,948,75138
"Professional, scientific, and technical services","Some other race, female-owned",Business credit card(s) carrying balances,169,7948
"Professional, scientific, and technical services","Some other race, female-owned","Business loan from federal, state, or local government",0,0
"Professional, scientific, and technical services","Some other race, female-owned",Government-guaranteed business loan from a bank or financial institution,0,0
"Professional, scientific, and technical services","Some other race, female-owned",Business loan from a bank or financial institution,247,45778
"Professional, scientific, and technical services","Some other race, female-owned",Business loan/investment from family/friends,46,S
"Professional, scientific, and technical services","Some other race, female-owned",Investment by venture capitalist(s),0,0
"Professional, scientific, and technical services","Some other race, female-owned",Grants,15,S
"Professional, scientific, and technical services","Some other race, female-owned",Other source(s) of capital,189,S
"Professional, scientific, and technical services","Some other race, female-owned",Don't know,693,S
"Professional, scientific, and technical services","Some other race, female-owned",None needed,3906,68942
"Professional, scientific, and technical services","Some other race, female-owned",Total reporting,10660(r),1158560(r)
"Professional, scientific, and technical services","Some other race, female-owned",Item not reported,701(r),10904(r)
"Professional, scientific, and technical services","Some other race, male-owned",All firms,36446,5109308
"Professional, scientific, and technical services","Some other race, male-owned",Personal/family savings of owner(s),10111,1911119
"Professional, scientific, and technical services","Some other race, male-owned",Personal/family assets other than savings of owner(s),790,209982
"Professional, scientific, and technical services","Some other race, male-owned",Personal/family home equity loan,314,S
"Professional, scientific, and technical services","Some other race, male-owned",Personal credit card(s) carrying balances,1694,S
"Professional, scientific, and technical services","Some other race, male-owned",Business credit card(s) carrying balances,392,S
"Professional, scientific, and technical services","Some other race, male-owned","Business loan from federal, state, or local government",5,S
"Professional, scientific, and technical services","Some other race, male-owned",Government-guaranteed business loan from a bank or financial institution,2,S
"Professional, scientific, and technical services","Some other race, male-owned",Business loan from a bank or financial institution,474,S
"Professional, scientific, and technical services","Some other race, male-owned",Business loan/investment from family/friends,260,S
"Professional, scientific, and technical services","Some other race, male-owned",Investment by venture capitalist(s),6,54268
"Professional, scientific, and technical services","Some other race, male-owned",Grants,34,S
"Professional, scientific, and technical services","Some other race, male-owned",Other source(s) of capital,553,37093
"Professional, scientific, and technical services","Some other race, male-owned",Don't know,1683,550024
"Professional, scientific, and technical services","Some other race, male-owned",None needed,4887,S
"Professional, scientific, and technical services","Some other race, male-owned",Total reporting,17754(r),3437691(r)
"Professional, scientific, and technical services","Some other race, male-owned",Item not reported,528(r),29266(r)
"Professional, scientific, and technical services","Some other race, equally male-/female-owned",All firms,1662,239027
"Professional, scientific, and technical services","Some other race, equally male-/female-owned",Personal/family savings of owner(s),810,86329
"Professional, scientific, and technical services","Some other race, equally male-/female-owned",Personal/family assets other than savings of owner(s),149,S
"Professional, scientific, and technical services","Some other race, equally male-/female-owned",Personal/family home equity loan,0,0
"Professional, scientific, and technical services","Some other race, equally male-/female-owned",Personal credit card(s) carrying balances,71,S
"Professional, scientific, and technical services","Some other race, equally male-/female-owned",Business credit card(s) carrying balances,0,0
"Professional, scientific, and technical services","Some other race, equally male-/female-owned","Business loan from federal, state, or local government",0,0
"Professional, scientific, and technical services","Some other race, equally male-/female-owned",Government-guaranteed business loan from a bank or financial institution,40,S
"Professional, scientific, and technical services","Some other race, equally male-/female-owned",Business loan from a bank or financial institution,61,S
"Professional, scientific, and technical services","Some other race, equally male-/female-owned",Business loan/investment from family/friends,15,S
"Professional, scientific, and technical services","Some other race, equally male-/female-owned",Investment by venture capitalist(s),0,0
"Professional, scientific, and technical services","Some other race, equally male-/female-owned",Grants,0,0
"Professional, scientific, and technical services","Some other race, equally male-/female-owned",Other source(s) of capital,27,S
"Professional, scientific, and technical services","Some other race, equally male-/female-owned",Don't know,2,S
"Professional, scientific, and technical services","Some other race, equally male-/female-owned",None needed,161,S
"Professional, scientific, and technical services","Some other race, equally male-/female-owned",Total reporting,1095,101778
"Professional, scientific, and technical services","Some other race, equally male-/female-owned",Item not reported,0,0
"Professional, scientific, and technical services",Minority,All firms,783716,121408852
"Professional, scientific, and technical services",Minority,Personal/family savings of owner(s),288058,55139446
"Professional, scientific, and technical services",Minority,Personal/family assets other than savings of owner(s),20613,4336384
"Professional, scientific, and technical services",Minority,Personal/family home equity loan,8243,3302309
"Professional, scientific, and technical services",Minority,Personal credit card(s) carrying balances,43469,6320483
"Professional, scientific, and technical services",Minority,Business credit card(s) carrying balances,12268,2685714
"Professional, scientific, and technical services",Minority,"Business loan from federal, state, or local government",228,279421
"Professional, scientific, and technical services",Minority,Government-guaranteed business loan from a bank or financial institution,1079,431986
"Professional, scientific, and technical services",Minority,Business loan from a bank or financial institution,8214,5136463
"Professional, scientific, and technical services",Minority,Business loan/investment from family/friends,4536,1971066
"Professional, scientific, and technical services",Minority,Investment by venture capitalist(s),886,1185810
"Professional, scientific, and technical services",Minority,Grants,1272,406594
"Professional, scientific, and technical services",Minority,Other source(s) of capital,8285,2144803
"Professional, scientific, and technical services",Minority,Don't know,22309,14581520
"Professional, scientific, and technical services",Minority,None needed,123968,6977732
"Professional, scientific, and technical services",Minority,Total reporting,458280(r),82251670(r)
"Professional, scientific, and technical services",Minority,Item not reported,8439(r),763201(r)
"Professional, scientific, and technical services","Minority, female-owned",All firms,329725,28007903
"Professional, scientific, and technical services","Minority, female-owned",Personal/family savings of owner(s),99169,12468192
"Professional, scientific, and technical services","Minority, female-owned",Personal/family assets other than savings of owner(s),6964,872161
"Professional, scientific, and technical services","Minority, female-owned",Personal/family home equity loan,1971,978211
"Professional, scientific, and technical services","Minority, female-owned",Personal credit card(s) carrying balances,15496,1811265
"Professional, scientific, and technical services","Minority, female-owned",Business credit card(s) carrying balances,3872,620966
"Professional, scientific, and technical services","Minority, female-owned","Business loan from federal, state, or local government",115,107128
"Professional, scientific, and technical services","Minority, female-owned",Government-guaranteed business loan from a bank or financial institution,405,106774
"Professional, scientific, and technical services","Minority, female-owned",Business loan from a bank or financial institution,2133,1279597
"Professional, scientific, and technical services","Minority, female-owned",Business loan/investment from family/friends,1401,426286
"Professional, scientific, and technical services","Minority, female-owned",Investment by venture capitalist(s),274,103809
"Professional, scientific, and technical services","Minority, female-owned",Grants,460,16246
"Professional, scientific, and technical services","Minority, female-owned",Other source(s) of capital,2745,494757
"Professional, scientific, and technical services","Minority, female-owned",Don't know,7245,2388233
"Professional, scientific, and technical services","Minority, female-owned",None needed,57227,2111125
"Professional, scientific, and technical services","Minority, female-owned",Total reporting,172852(r),18541048(r)
"Professional, scientific, and technical services","Minority, female-owned",Item not reported,4002(r),315078(r)
"Professional, scientific, and technical services","Minority, male-owned",All firms,418074,87227212
"Professional, scientific, and technical services","Minority, male-owned",Personal/family savings of owner(s),169435,39798583
"Professional, scientific, and technical services","Minority, male-owned",Personal/family assets other than savings of owner(s),11506,3087296
"Professional, scientific, and technical services","Minority, male-owned",Personal/family home equity loan,4958,2170403
"Professional, scientific, and technical services","Minority, male-owned",Personal credit card(s) carrying balances,25479,4209628
"Professional, scientific, and technical services","Minority, male-owned",Business credit card(s) carrying balances,7111,1934561
"Professional, scientific, and technical services","Minority, male-owned","Business loan from federal, state, or local government",102,171808
"Professional, scientific, and technical services","Minority, male-owned",Government-guaranteed business loan from a bank or financial institution,493,249071
"Professional, scientific, and technical services","Minority, male-owned",Business loan from a bank or financial institution,5272,3619631
"Professional, scientific, and technical services","Minority, male-owned",Business loan/investment from family/friends,2777,1504214
"Professional, scientific, and technical services","Minority, male-owned",Investment by venture capitalist(s),599,1080643
"Professional, scientific, and technical services","Minority, male-owned",Grants,774,370171
"Professional, scientific, and technical services","Minority, male-owned",Other source(s) of capital,4997,1606233
"Professional, scientific, and technical services","Minority, male-owned",Don't know,14249,12010667
"Professional, scientific, and technical services","Minority, male-owned",None needed,62953,4689231
"Professional, scientific, and technical services","Minority, male-owned",Total reporting,259814(r),60306324(r)
"Professional, scientific, and technical services","Minority, male-owned",Item not reported,4252(r),433051(r)
"Professional, scientific, and technical services","Minority, equally male-/female-owned",All firms,35917,6173738
"Professional, scientific, and technical services","Minority, equally male-/female-owned",Personal/family savings of owner(s),19454,2872672
"Professional, scientific, and technical services","Minority, equally male-/female-owned",Personal/family assets other than savings of owner(s),2143,376927
"Professional, scientific, and technical services","Minority, equally male-/female-owned",Personal/family home equity loan,1314,153695
"Professional, scientific, and technical services","Minority, equally male-/female-owned",Personal credit card(s) carrying balances,2494,299591
"Professional, scientific, and technical services","Minority, equally male-/female-owned",Business credit card(s) carrying balances,1285,130186
"Professional, scientific, and technical services","Minority, equally male-/female-owned","Business loan from federal, state, or local government",10,S
"Professional, scientific, and technical services","Minority, equally male-/female-owned",Government-guaranteed business loan from a bank or financial institution,182,S
"Professional, scientific, and technical services","Minority, equally male-/female-owned",Business loan from a bank or financial institution,810,237235
"Professional, scientific, and technical services","Minority, equally male-/female-owned",Business loan/investment from family/friends,358,40566
"Professional, scientific, and technical services","Minority, equally male-/female-owned",Investment by venture capitalist(s),12,S
"Professional, scientific, and technical services","Minority, equally male-/female-owned",Grants,37,S
"Professional, scientific, and technical services","Minority, equally male-/female-owned",Other source(s) of capital,543,43813
"Professional, scientific, and technical services","Minority, equally male-/female-owned",Don't know,815,182619
"Professional, scientific, and technical services","Minority, equally male-/female-owned",None needed,3788,177376
"Professional, scientific, and technical services","Minority, equally male-/female-owned",Total reporting,25614(r),3404298(r)
"Professional, scientific, and technical services","Minority, equally male-/female-owned",Item not reported,184(r),S
"Professional, scientific, and technical services",Equally minority/nonminority,All firms,35789,10252351
"Professional, scientific, and technical services",Equally minority/nonminority,Personal/family savings of owner(s),21688,4840565
"Professional, scientific, and technical services",Equally minority/nonminority,Personal/family assets other than savings of owner(s),2490,556619
"Professional, scientific, and technical services",Equally minority/nonminority,Personal/family home equity loan,1067,399306
"Professional, scientific, and technical services",Equally minority/nonminority,Personal credit card(s) carrying balances,2878,749133
"Professional, scientific, and technical services",Equally minority/nonminority,Business credit card(s) carrying balances,1105,224843
"Professional, scientific, and technical services",Equally minority/nonminority,"Business loan from federal, state, or local government",0,0
"Professional, scientific, and technical services",Equally minority/nonminority,Government-guaranteed business loan from a bank or financial institution,117,67026
"Professional, scientific, and technical services",Equally minority/nonminority,Business loan from a bank or financial institution,1250,764426
"Professional, scientific, and technical services",Equally minority/nonminority,Business loan/investment from family/friends,636,288618
"Professional, scientific, and technical services",Equally minority/nonminority,Investment by venture capitalist(s),124,S
"Professional, scientific, and technical services",Equally minority/nonminority,Grants,146,14566
"Professional, scientific, and technical services",Equally minority/nonminority,Other source(s) of capital,603,467885
"Professional, scientific, and technical services",Equally minority/nonminority,Don't know,1130,848522
"Professional, scientific, and technical services",Equally minority/nonminority,None needed,3955,457183
"Professional, scientific, and technical services",Equally minority/nonminority,Total reporting,28690,6726555
"Professional, scientific, and technical services",Equally minority/nonminority,Item not reported,75,S
"Professional, scientific, and technical services","Equally minority/nonminority, female-owned",All firms,1388,396293
"Professional, scientific, and technical services","Equally minority/nonminority, female-owned",Personal/family savings of owner(s),1003,187499
"Professional, scientific, and technical services","Equally minority/nonminority, female-owned",Personal/family assets other than savings of owner(s),29,S
"Professional, scientific, and technical services","Equally minority/nonminority, female-owned",Personal/family home equity loan,129,S
"Professional, scientific, and technical services","Equally minority/nonminority, female-owned",Personal credit card(s) carrying balances,138,30856
"Professional, scientific, and technical services","Equally minority/nonminority, female-owned",Business credit card(s) carrying balances,95,S
"Professional, scientific, and technical services","Equally minority/nonminority, female-owned","Business loan from federal, state, or local government",0,0
"Professional, scientific, and technical services","Equally minority/nonminority, female-owned",Government-guaranteed business loan from a bank or financial institution,2,S
"Professional, scientific, and technical services","Equally minority/nonminority, female-owned",Business loan from a bank or financial institution,127,55274
"Professional, scientific, and technical services","Equally minority/nonminority, female-owned",Business loan/investment from family/friends,15,S
"Professional, scientific, and technical services","Equally minority/nonminority, female-owned",Investment by venture capitalist(s),12,S
"Professional, scientific, and technical services","Equally minority/nonminority, female-owned",Grants,0,0
"Professional, scientific, and technical services","Equally minority/nonminority, female-owned",Other source(s) of capital,8,S
"Professional, scientific, and technical services","Equally minority/nonminority, female-owned",Don't know,0,0
"Professional, scientific, and technical services","Equally minority/nonminority, female-owned",None needed,169,24048
"Professional, scientific, and technical services","Equally minority/nonminority, female-owned",Total reporting,1239,263294
"Professional, scientific, and technical services","Equally minority/nonminority, female-owned",Item not reported,0,0
"Professional, scientific, and technical services","Equally minority/nonminority, male-owned",All firms,7402,4996234
"Professional, scientific, and technical services","Equally minority/nonminority, male-owned",Personal/family savings of owner(s),4076,2160049
"Professional, scientific, and technical services","Equally minority/nonminority, male-owned",Personal/family assets other than savings of owner(s),606,199764
"Professional, scientific, and technical services","Equally minority/nonminority, male-owned",Personal/family home equity loan,105,86713
"Professional, scientific, and technical services","Equally minority/nonminority, male-owned",Personal credit card(s) carrying balances,258,S
"Professional, scientific, and technical services","Equally minority/nonminority, male-owned",Business credit card(s) carrying balances,141,51855
"Professional, scientific, and technical services","Equally minority/nonminority, male-owned","Business loan from federal, state, or local government",0,0
"Professional, scientific, and technical services","Equally minority/nonminority, male-owned",Government-guaranteed business loan from a bank or financial institution,2,S
"Professional, scientific, and technical services","Equally minority/nonminority, male-owned",Business loan from a bank or financial institution,249,252276
"Professional, scientific, and technical services","Equally minority/nonminority, male-owned",Business loan/investment from family/friends,167,S
"Professional, scientific, and technical services","Equally minority/nonminority, male-owned",Investment by venture capitalist(s),9,6613
"Professional, scientific, and technical services","Equally minority/nonminority, male-owned",Grants,28,S
"Professional, scientific, and technical services","Equally minority/nonminority, male-owned",Other source(s) of capital,296,S
"Professional, scientific, and technical services","Equally minority/nonminority, male-owned",Don't know,364,581861
"Professional, scientific, and technical services","Equally minority/nonminority, male-owned",None needed,368,199459
"Professional, scientific, and technical services","Equally minority/nonminority, male-owned",Total reporting,5292,3157146
"Professional, scientific, and technical services","Equally minority/nonminority, male-owned",Item not reported,57,S
"Professional, scientific, and technical services","Equally minority/nonminority, equally male-/female-owned",All firms,26999,4859824
"Professional, scientific, and technical services","Equally minority/nonminority, equally male-/female-owned",Personal/family savings of owner(s),16609,2493016
"Professional, scientific, and technical services","Equally minority/nonminority, equally male-/female-owned",Personal/family assets other than savings of owner(s),1856,344116
"Professional, scientific, and technical services","Equally minority/nonminority, equally male-/female-owned",Personal/family home equity loan,834,277512
"Professional, scientific, and technical services","Equally minority/nonminority, equally male-/female-owned",Personal credit card(s) carrying balances,2482,440371
"Professional, scientific, and technical services","Equally minority/nonminority, equally male-/female-owned",Business credit card(s) carrying balances,870,163257
"Professional, scientific, and technical services","Equally minority/nonminority, equally male-/female-owned","Business loan from federal, state, or local government",0,0
"Professional, scientific, and technical services","Equally minority/nonminority, equally male-/female-owned",Government-guaranteed business loan from a bank or financial institution,113,53603
"Professional, scientific, and technical services","Equally minority/nonminority, equally male-/female-owned",Business loan from a bank or financial institution,875,456877
"Professional, scientific, and technical services","Equally minority/nonminority, equally male-/female-owned",Business loan/investment from family/friends,454,S
"Professional, scientific, and technical services","Equally minority/nonminority, equally male-/female-owned",Investment by venture capitalist(s),103,S
"Professional, scientific, and technical services","Equally minority/nonminority, equally male-/female-owned",Grants,118,S
"Professional, scientific, and technical services","Equally minority/nonminority, equally male-/female-owned",Other source(s) of capital,299,S
"Professional, scientific, and technical services","Equally minority/nonminority, equally male-/female-owned",Don't know,767,266661
"Professional, scientific, and technical services","Equally minority/nonminority, equally male-/female-owned",None needed,3418,233676
"Professional, scientific, and technical services","Equally minority/nonminority, equally male-/female-owned",Total reporting,22159,3306115
"Professional, scientific, and technical services","Equally minority/nonminority, equally male-/female-owned",Item not reported,18,S
"Professional, scientific, and technical services",Nonminority,All firms,3049153,745576678
"Professional, scientific, and technical services",Nonminority,Personal/family savings of owner(s),1439714,321605496
"Professional, scientific, and technical services",Nonminority,Personal/family assets other than savings of owner(s),105947,31401735
"Professional, scientific, and technical services",Nonminority,Personal/family home equity loan,45885,21865780
"Professional, scientific, and technical services",Nonminority,Personal credit card(s) carrying balances,174570,33342178
"Professional, scientific, and technical services",Nonminority,Business credit card(s) carrying balances,57413,14375225
"Professional, scientific, and technical services",Nonminority,"Business loan from federal, state, or local government",1067,606143
"Professional, scientific, and technical services",Nonminority,Government-guaranteed business loan from a bank or financial institution,8084,5232123
"Professional, scientific, and technical services",Nonminority,Business loan from a bank or financial institution,77127,57601029
"Professional, scientific, and technical services",Nonminority,Business loan/investment from family/friends,25339,14494693
"Professional, scientific, and technical services",Nonminority,Investment by venture capitalist(s),5113,5987520
"Professional, scientific, and technical services",Nonminority,Grants,5978,1090106
"Professional, scientific, and technical services",Nonminority,Other source(s) of capital,31390,20110636
"Professional, scientific, and technical services",Nonminority,Don't know,107340,135125757
"Professional, scientific, and technical services",Nonminority,None needed,711888,51251372
"Professional, scientific, and technical services",Nonminority,Total reporting,2391804(r),560621509(r)
"Professional, scientific, and technical services",Nonminority,Item not reported,29039(r),4697526(r)
"Professional, scientific, and technical services","Nonminority, female-owned",All firms,1003448,110265742
"Professional, scientific, and technical services","Nonminority, female-owned",Personal/family savings of owner(s),413779,51630074
"Professional, scientific, and technical services","Nonminority, female-owned",Personal/family assets other than savings of owner(s),27109,4658732
"Professional, scientific, and technical services","Nonminority, female-owned",Personal/family home equity loan,9753,2620743
"Professional, scientific, and technical services","Nonminority, female-owned",Personal credit card(s) carrying balances,53954,6439532
"Professional, scientific, and technical services","Nonminority, female-owned",Business credit card(s) carrying balances,15897,2610053
"Professional, scientific, and technical services","Nonminority, female-owned","Business loan from federal, state, or local government",365,205353
"Professional, scientific, and technical services","Nonminority, female-owned",Government-guaranteed business loan from a bank or financial institution,2067,1175402
"Professional, scientific, and technical services","Nonminority, female-owned",Business loan from a bank or financial institution,14595,7094868
"Professional, scientific, and technical services","Nonminority, female-owned",Business loan/investment from family/friends,6476,2567898
"Professional, scientific, and technical services","Nonminority, female-owned",Investment by venture capitalist(s),438,764564
"Professional, scientific, and technical services","Nonminority, female-owned",Grants,1709,136413
"Professional, scientific, and technical services","Nonminority, female-owned",Other source(s) of capital,7690,2786924
"Professional, scientific, and technical services","Nonminority, female-owned",Don't know,26729,11264944
"Professional, scientific, and technical services","Nonminority, female-owned",None needed,291921,12516913
"Professional, scientific, and technical services","Nonminority, female-owned",Total reporting,770459(r),83960836(r)
"Professional, scientific, and technical services","Nonminority, female-owned",Item not reported,11980(r),709837(r)
"Professional, scientific, and technical services","Nonminority, male-owned",All firms,1835748,587306112
"Professional, scientific, and technical services","Nonminority, male-owned",Personal/family savings of owner(s),895614,246099377
"Professional, scientific, and technical services","Nonminority, male-owned",Personal/family assets other than savings of owner(s),65049,24095733
"Professional, scientific, and technical services","Nonminority, male-owned",Personal/family home equity loan,28674,17592063
"Professional, scientific, and technical services","Nonminority, male-owned",Personal credit card(s) carrying balances,103810,24342385
"Professional, scientific, and technical services","Nonminority, male-owned",Business credit card(s) carrying balances,35047,10438361
"Professional, scientific, and technical services","Nonminority, male-owned","Business loan from federal, state, or local government",471,370858
"Professional, scientific, and technical services","Nonminority, male-owned",Government-guaranteed business loan from a bank or financial institution,4880,3519161
"Professional, scientific, and technical services","Nonminority, male-owned",Business loan from a bank or financial institution,52060,46453004
"Professional, scientific, and technical services","Nonminority, male-owned",Business loan/investment from family/friends,16029,10868165
"Professional, scientific, and technical services","Nonminority, male-owned",Investment by venture capitalist(s),4348,5150986
"Professional, scientific, and technical services","Nonminority, male-owned",Grants,3685,914176
"Professional, scientific, and technical services","Nonminority, male-owned",Other source(s) of capital,21018,16379587
"Professional, scientific, and technical services","Nonminority, male-owned",Don't know,75043,118714802
"Professional, scientific, and technical services","Nonminority, male-owned",None needed,389903,35296936
"Professional, scientific, and technical services","Nonminority, male-owned",Total reporting,1441261(r),440781375(r)
"Professional, scientific, and technical services","Nonminority, male-owned",Item not reported,16102(r),3733776(r)
"Professional, scientific, and technical services","Nonminority, equally male-/female-owned",All firms,209957,48004824
"Professional, scientific, and technical services","Nonminority, equally male-/female-owned",Personal/family savings of owner(s),130320,23876045
"Professional, scientific, and technical services","Nonminority, equally male-/female-owned",Personal/family assets other than savings of owner(s),13788,2647270
"Professional, scientific, and technical services","Nonminority, equally male-/female-owned",Personal/family home equity loan,7459,1652974
"Professional, scientific, and technical services","Nonminority, equally male-/female-owned",Personal credit card(s) carrying balances,16805,2560261
"Professional, scientific, and technical services","Nonminority, equally male-/female-owned",Business credit card(s) carrying balances,6469,1326811
"Professional, scientific, and technical services","Nonminority, equally male-/female-owned","Business loan from federal, state, or local government",231,29932
"Professional, scientific, and technical services","Nonminority, equally male-/female-owned",Government-guaranteed business loan from a bank or financial institution,1136,537560
"Professional, scientific, and technical services","Nonminority, equally male-/female-owned",Business loan from a bank or financial institution,10472,4053157
"Professional, scientific, and technical services","Nonminority, equally male-/female-owned",Business loan/investment from family/friends,2834,1058630
"Professional, scientific, and technical services","Nonminority, equally male-/female-owned",Investment by venture capitalist(s),327,71970
"Professional, scientific, and technical services","Nonminority, equally male-/female-owned",Grants,584,39517
"Professional, scientific, and technical services","Nonminority, equally male-/female-owned",Other source(s) of capital,2682,944125
"Professional, scientific, and technical services","Nonminority, equally male-/female-owned",Don't know,5568,5146010
"Professional, scientific, and technical services","Nonminority, equally male-/female-owned",None needed,30063,3437524
"Professional, scientific, and technical services","Nonminority, equally male-/female-owned",Total reporting,180083(r),35879297(r)
"Professional, scientific, and technical services","Nonminority, equally male-/female-owned",Item not reported,957(r),253913(r)
"Professional, scientific, and technical services",Veteran,All firms,419666,80313667
"Professional, scientific, and technical services",Veteran,Personal/family savings of owner(s),190819,34932876
"Professional, scientific, and technical services",Veteran,Personal/family assets other than savings of owner(s),15764,3503757
"Professional, scientific, and technical services",Veteran,Personal/family home equity loan,5809,2741258
"Professional, scientific, and technical services",Veteran,Personal credit card(s) carrying balances,22176,3898073
"Professional, scientific, and technical services",Veteran,Business credit card(s) carrying balances,7075,1623743
"Professional, scientific, and technical services",Veteran,"Business loan from federal, state, or local government",104,S
"Professional, scientific, and technical services",Veteran,Government-guaranteed business loan from a bank or financial institution,1071,389624
"Professional, scientific, and technical services",Veteran,Business loan from a bank or financial institution,10062,5426854
"Professional, scientific, and technical services",Veteran,Business loan/investment from family/friends,2571,774425
"Professional, scientific, and technical services",Veteran,Investment by venture capitalist(s),163,121948
"Professional, scientific, and technical services",Veteran,Grants,432,73135
"Professional, scientific, and technical services",Veteran,Other source(s) of capital,3276,1288839
"Professional, scientific, and technical services",Veteran,Don't know,11039,11645626
"Professional, scientific, and technical services",Veteran,None needed,82874,5480217
"Professional, scientific, and technical services",Veteran,Total reporting,302193(r),55953649(r)
"Professional, scientific, and technical services",Veteran,Item not reported,4871(r),434296(r)
"Professional, scientific, and technical services","Veteran, female-owned",All firms,43400,2805502
"Professional, scientific, and technical services","Veteran, female-owned",Personal/family savings of owner(s),7803,1163197
"Professional, scientific, and technical services","Veteran, female-owned",Personal/family assets other than savings of owner(s),949,164491
"Professional, scientific, and technical services","Veteran, female-owned",Personal/family home equity loan,235,138146
"Professional, scientific, and technical services","Veteran, female-owned",Personal credit card(s) carrying balances,1689,199909
"Professional, scientific, and technical services","Veteran, female-owned",Business credit card(s) carrying balances,498,71390
"Professional, scientific, and technical services","Veteran, female-owned","Business loan from federal, state, or local government",7,S
"Professional, scientific, and technical services","Veteran, female-owned",Government-guaranteed business loan from a bank or financial institution,75,S
"Professional, scientific, and technical services","Veteran, female-owned",Business loan from a bank or financial institution,280,321453
"Professional, scientific, and technical services","Veteran, female-owned",Business loan/investment from family/friends,73,S
"Professional, scientific, and technical services","Veteran, female-owned",Investment by venture capitalist(s),5,S
"Professional, scientific, and technical services","Veteran, female-owned",Grants,82,S
"Professional, scientific, and technical services","Veteran, female-owned",Other source(s) of capital,147,S
"Professional, scientific, and technical services","Veteran, female-owned",Don't know,314,S
"Professional, scientific, and technical services","Veteran, female-owned",None needed,4802,160826
"Professional, scientific, and technical services","Veteran, female-owned",Total reporting,14081,1546088
"Professional, scientific, and technical services","Veteran, female-owned",Item not reported,347,2820
"Professional, scientific, and technical services","Veteran, male-owned",All firms,374201,77337482
"Professional, scientific, and technical services","Veteran, male-owned",Personal/family savings of owner(s),181927,33672767
"Professional, scientific, and technical services","Veteran, male-owned",Personal/family assets other than savings of owner(s),14732,3335468
"Professional, scientific, and technical services","Veteran, male-owned",Personal/family home equity loan,5542,2594622
"Professional, scientific, and technical services","Veteran, male-owned",Personal credit card(s) carrying balances,20297,3678806
"Professional, scientific, and technical services","Veteran, male-owned",Business credit card(s) carrying balances,6536,1535175
"Professional, scientific, and technical services","Veteran, male-owned","Business loan from federal, state, or local government",93,S
"Professional, scientific, and technical services","Veteran, male-owned",Government-guaranteed business loan from a bank or financial institution,992,283026
"Professional, scientific, and technical services","Veteran, male-owned",Business loan from a bank or financial institution,9698,5093110
"Professional, scientific, and technical services","Veteran, male-owned",Business loan/investment from family/friends,2498,677391
"Professional, scientific, and technical services","Veteran, male-owned",Investment by venture capitalist(s),158,121106
"Professional, scientific, and technical services","Veteran, male-owned",Grants,350,71572
"Professional, scientific, and technical services","Veteran, male-owned",Other source(s) of capital,3043,1272860
"Professional, scientific, and technical services","Veteran, male-owned",Don't know,10616,11574979
"Professional, scientific, and technical services","Veteran, male-owned",None needed,77914,5307916
"Professional, scientific, and technical services","Veteran, male-owned",Total reporting,286599(r),54280762(r)
"Professional, scientific, and technical services","Veteran, male-owned",Item not reported,4524(r),431476(r)
"Professional, scientific, and technical services","Veteran, equally male-/female-owned",All firms,2066,170684
"Professional, scientific, and technical services","Veteran, equally male-/female-owned",Personal/family savings of owner(s),1088,96912
"Professional, scientific, and technical services","Veteran, equally male-/female-owned",Personal/family assets other than savings of owner(s),83,3799
"Professional, scientific, and technical services","Veteran, equally male-/female-owned",Personal/family home equity loan,32,S
"Professional, scientific, and technical services","Veteran, equally male-/female-owned",Personal credit card(s) carrying balances,190,S
"Professional, scientific, and technical services","Veteran, equally male-/female-owned",Business credit card(s) carrying balances,40,S
"Professional, scientific, and technical services","Veteran, equally male-/female-owned","Business loan from federal, state, or local government",4,S
"Professional, scientific, and technical services","Veteran, equally male-/female-owned",Government-guaranteed business loan from a bank or financial institution,5,S
"Professional, scientific, and technical services","Veteran, equally male-/female-owned",Business loan from a bank or financial institution,84,12292
"Professional, scientific, and technical services","Veteran, equally male-/female-owned",Business loan/investment from family/friends,0,0
"Professional, scientific, and technical services","Veteran, equally male-/female-owned",Investment by venture capitalist(s),0,0
"Professional, scientific, and technical services","Veteran, equally male-/female-owned",Grants,0,0
"Professional, scientific, and technical services","Veteran, equally male-/female-owned",Other source(s) of capital,86,S
"Professional, scientific, and technical services","Veteran, equally male-/female-owned",Don't know,109,S
"Professional, scientific, and technical services","Veteran, equally male-/female-owned",None needed,158,S
"Professional, scientific, and technical services","Veteran, equally male-/female-owned",Total reporting,1513,126799
"Professional, scientific, and technical services","Veteran, equally male-/female-owned",Item not reported,0,0
"Professional, scientific, and technical services","Veteran, Hispanic",All firms,21418,4919563
"Professional, scientific, and technical services","Veteran, Hispanic",Personal/family savings of owner(s),5876,2815569
"Professional, scientific, and technical services","Veteran, Hispanic",Personal/family assets other than savings of owner(s),390,165265
"Professional, scientific, and technical services","Veteran, Hispanic",Personal/family home equity loan,117,S
"Professional, scientific, and technical services","Veteran, Hispanic",Personal credit card(s) carrying balances,1065,252140
"Professional, scientific, and technical services","Veteran, Hispanic",Business credit card(s) carrying balances,299,S
"Professional, scientific, and technical services","Veteran, Hispanic","Business loan from federal, state, or local government",2,S
"Professional, scientific, and technical services","Veteran, Hispanic",Government-guaranteed business loan from a bank or financial institution,46,S
"Professional, scientific, and technical services","Veteran, Hispanic",Business loan from a bank or financial institution,215,168932
"Professional, scientific, and technical services","Veteran, Hispanic",Business loan/investment from family/friends,98,29946
"Professional, scientific, and technical services","Veteran, Hispanic",Investment by venture capitalist(s),0,0
"Professional, scientific, and technical services","Veteran, Hispanic",Grants,77,S
"Professional, scientific, and technical services","Veteran, Hispanic",Other source(s) of capital,125,S
"Professional, scientific, and technical services","Veteran, Hispanic",Don't know,683,385464
"Professional, scientific, and technical services","Veteran, Hispanic",None needed,2612,215877
"Professional, scientific, and technical services","Veteran, Hispanic",Total reporting,9819(r),3562752(r)
"Professional, scientific, and technical services","Veteran, Hispanic",Item not reported,249(r),S
"Professional, scientific, and technical services","Veteran, equally Hispanic/non-Hispanic",All firms,263,S
"Professional, scientific, and technical services","Veteran, equally Hispanic/non-Hispanic",Personal/family savings of owner(s),184,S
"Professional, scientific, and technical services","Veteran, equally Hispanic/non-Hispanic",Personal/family assets other than savings of owner(s),46,S
"Professional, scientific, and technical services","Veteran, equally Hispanic/non-Hispanic",Personal/family home equity loan,11,S
"Professional, scientific, and technical services","Veteran, equally Hispanic/non-Hispanic",Personal credit card(s) carrying balances,60,S
"Professional, scientific, and technical services","Veteran, equally Hispanic/non-Hispanic",Business credit card(s) carrying balances,0,S
"Professional, scientific, and technical services","Veteran, equally Hispanic/non-Hispanic","Business loan from federal, state, or local government",0,S
"Professional, scientific, and technical services","Veteran, equally Hispanic/non-Hispanic",Government-guaranteed business loan from a bank or financial institution,0,S
"Professional, scientific, and technical services","Veteran, equally Hispanic/non-Hispanic",Business loan from a bank or financial institution,17,S
"Professional, scientific, and technical services","Veteran, equally Hispanic/non-Hispanic",Business loan/investment from family/friends,0,S
"Professional, scientific, and technical services","Veteran, equally Hispanic/non-Hispanic",Investment by venture capitalist(s),0,S
"Professional, scientific, and technical services","Veteran, equally Hispanic/non-Hispanic",Grants,0,S
"Professional, scientific, and technical services","Veteran, equally Hispanic/non-Hispanic",Other source(s) of capital,0,S
"Professional, scientific, and technical services","Veteran, equally Hispanic/non-Hispanic",Don't know,2,S
"Professional, scientific, and technical services","Veteran, equally Hispanic/non-Hispanic",None needed,79,S
"Professional, scientific, and technical services","Veteran, equally Hispanic/non-Hispanic",Total reporting,276,S
"Professional, scientific, and technical services","Veteran, equally Hispanic/non-Hispanic",Item not reported,0,S
"Professional, scientific, and technical services","Veteran, non-Hispanic",All firms,397985,75313835
"Professional, scientific, and technical services","Veteran, non-Hispanic",Personal/family savings of owner(s),184758,32067035
"Professional, scientific, and technical services","Veteran, non-Hispanic",Personal/family assets other than savings of owner(s),15328,3338127
"Professional, scientific, and technical services","Veteran, non-Hispanic",Personal/family home equity loan,5681,2494370
"Professional, scientific, and technical services","Veteran, non-Hispanic",Personal credit card(s) carrying balances,21051,3645511
"Professional, scientific, and technical services","Veteran, non-Hispanic",Business credit card(s) carrying balances,6775,1500443
"Professional, scientific, and technical services","Veteran, non-Hispanic","Business loan from federal, state, or local government",102,S
"Professional, scientific, and technical services","Veteran, non-Hispanic",Government-guaranteed business loan from a bank or financial institution,1025,360529
"Professional, scientific, and technical services","Veteran, non-Hispanic",Business loan from a bank or financial institution,9830,5247454
"Professional, scientific, and technical services","Veteran, non-Hispanic",Business loan/investment from family/friends,2473,744479
"Professional, scientific, and technical services","Veteran, non-Hispanic",Investment by venture capitalist(s),163,121948
"Professional, scientific, and technical services","Veteran, non-Hispanic",Grants,355,71614
"Professional, scientific, and technical services","Veteran, non-Hispanic",Other source(s) of capital,3150,1278368
"Professional, scientific, and technical services","Veteran, non-Hispanic",Don't know,10354,11256676
"Professional, scientific, and technical services","Veteran, non-Hispanic",None needed,80183,5261949
"Professional, scientific, and technical services","Veteran, non-Hispanic",Total reporting,292098(r),52331483(r)
"Professional, scientific, and technical services","Veteran, non-Hispanic",Item not reported,4622(r),418903(r)
"Professional, scientific, and technical services","Veteran, White",All firms,382437,75200559
"Professional, scientific, and technical services","Veteran, White",Personal/family savings of owner(s),178725,32433875
"Professional, scientific, and technical services","Veteran, White",Personal/family assets other than savings of owner(s),14328,3313575
"Professional, scientific, and technical services","Veteran, White",Personal/family home equity loan,5415,2521687
"Professional, scientific, and technical services","Veteran, White",Personal credit card(s) carrying balances,19720,3574223
"Professional, scientific, and technical services","Veteran, White",Business credit card(s) carrying balances,6189,1520421
"Professional, scientific, and technical services","Veteran, White","Business loan from federal, state, or local government",102,38070
"Professional, scientific, and technical services","Veteran, White",Government-guaranteed business loan from a bank or financial institution,949,376771
"Professional, scientific, and technical services","Veteran, White",Business loan from a bank or financial institution,9703,5050510
"Professional, scientific, and technical services","Veteran, White",Business loan/investment from family/friends,2552,766653
"Professional, scientific, and technical services","Veteran, White",Investment by venture capitalist(s),161,110596
"Professional, scientific, and technical services","Veteran, White",Grants,324,52723
"Professional, scientific, and technical services","Veteran, White",Other source(s) of capital,2966,1236357
"Professional, scientific, and technical services","Veteran, White",Don't know,10346,11238365
"Professional, scientific, and technical services","Veteran, White",None needed,78919,5270674
"Professional, scientific, and technical services","Veteran, White",Total reporting,284350(r),52641113(r)
"Professional, scientific, and technical services","Veteran, White",Item not reported,4508(r),412397(r)
"Professional, scientific, and technical services","Veteran, Black or African American",All firms,24844,2952408
"Professional, scientific, and technical services","Veteran, Black or African American",Personal/family savings of owner(s),8995,1391169
"Professional, scientific, and technical services","Veteran, Black or African American",Personal/family assets other than savings of owner(s),1059,106921
"Professional, scientific, and technical services","Veteran, Black or African American",Personal/family home equity loan,195,36631
"Professional, scientific, and technical services","Veteran, Black or African American",Personal credit card(s) carrying balances,1872,177431
"Professional, scientific, and technical services","Veteran, Black or African American",Business credit card(s) carrying balances,640,49322
"Professional, scientific, and technical services","Veteran, Black or African American","Business loan from federal, state, or local government",0,0
"Professional, scientific, and technical services","Veteran, Black or African American",Government-guaranteed business loan from a bank or financial institution,112,S
"Professional, scientific, and technical services","Veteran, Black or African American",Business loan from a bank or financial institution,198,191851
"Professional, scientific, and technical services","Veteran, Black or African American",Business loan/investment from family/friends,12,1586
"Professional, scientific, and technical services","Veteran, Black or African American",Investment by venture capitalist(s),0,0
"Professional, scientific, and technical services","Veteran, Black or African American",Grants,82,S
"Professional, scientific, and technical services","Veteran, Black or African American",Other source(s) of capital,165,34402
"Professional, scientific, and technical services","Veteran, Black or African American",Don't know,344,265428
"Professional, scientific, and technical services","Veteran, Black or African American",None needed,2776,173450
"Professional, scientific, and technical services","Veteran, Black or African American",Total reporting,12873(r),1907515(r)
"Professional, scientific, and technical services","Veteran, Black or African American",Item not reported,225(r),S
"Professional, scientific, and technical services","Veteran, American Indian and Alaska Native",All firms,4187,512686
"Professional, scientific, and technical services","Veteran, American Indian and Alaska Native",Personal/family savings of owner(s),1817,242886
"Professional, scientific, and technical services","Veteran, American Indian and Alaska Native",Personal/family assets other than savings of owner(s),285,S
"Professional, scientific, and technical services","Veteran, American Indian and Alaska Native",Personal/family home equity loan,139,S
"Professional, scientific, and technical services","Veteran, American Indian and Alaska Native",Personal credit card(s) carrying balances,268,55587
"Professional, scientific, and technical services","Veteran, American Indian and Alaska Native",Business credit card(s) carrying balances,97,S
"Professional, scientific, and technical services","Veteran, American Indian and Alaska Native","Business loan from federal, state, or local government",0,0
"Professional, scientific, and technical services","Veteran, American Indian and Alaska Native",Government-guaranteed business loan from a bank or financial institution,5,S
"Professional, scientific, and technical services","Veteran, American Indian and Alaska Native",Business loan from a bank or financial institution,78,S
"Professional, scientific, and technical services","Veteran, American Indian and Alaska Native",Business loan/investment from family/friends,6,S
"Professional, scientific, and technical services","Veteran, American Indian and Alaska Native",Investment by venture capitalist(s),0,0
"Professional, scientific, and technical services","Veteran, American Indian and Alaska Native",Grants,62,S
"Professional, scientific, and technical services","Veteran, American Indian and Alaska Native",Other source(s) of capital,44,S
"Professional, scientific, and technical services","Veteran, American Indian and Alaska Native",Don't know,171,27563
"Professional, scientific, and technical services","Veteran, American Indian and Alaska Native",None needed,505,S
"Professional, scientific, and technical services","Veteran, American Indian and Alaska Native",Total reporting,2706(r),330104(r)
"Professional, scientific, and technical services","Veteran, American Indian and Alaska Native",Item not reported,123(r),S
"Professional, scientific, and technical services","Veteran, Asian",All firms,8763,1404920
"Professional, scientific, and technical services","Veteran, Asian",Personal/family savings of owner(s),3015,819364
"Professional, scientific, and technical services","Veteran, Asian",Personal/family assets other than savings of owner(s),465,173702
"Professional, scientific, and technical services","Veteran, Asian",Personal/family home equity loan,147,93311
"Professional, scientific, and technical services","Veteran, Asian",Personal credit card(s) carrying balances,765,222824
"Professional, scientific, and technical services","Veteran, Asian",Business credit card(s) carrying balances,407,S
"Professional, scientific, and technical services","Veteran, Asian","Business loan from federal, state, or local government",2,S
"Professional, scientific, and technical services","Veteran, Asian",Government-guaranteed business loan from a bank or financial institution,13,S
"Professional, scientific, and technical services","Veteran, Asian",Business loan from a bank or financial institution,161,115220
"Professional, scientific, and technical services","Veteran, Asian",Business loan/investment from family/friends,18,7018
"Professional, scientific, and technical services","Veteran, Asian",Investment by venture capitalist(s),2,S
"Professional, scientific, and technical services","Veteran, Asian",Grants,25,S
"Professional, scientific, and technical services","Veteran, Asian",Other source(s) of capital,91,S
"Professional, scientific, and technical services","Veteran, Asian",Don't know,191,86895
"Professional, scientific, and technical services","Veteran, Asian",None needed,1151,57389
"Professional, scientific, and technical services","Veteran, Asian",Total reporting,4746,1077927
"Professional, scientific, and technical services","Veteran, Asian",Item not reported,90,S
"Professional, scientific, and technical services","Veteran, Native Hawaiian and Other Pacific Islander",All firms,847,233895
"Professional, scientific, and technical services","Veteran, Native Hawaiian and Other Pacific Islander",Personal/family savings of owner(s),439,305254
"Professional, scientific, and technical services","Veteran, Native Hawaiian and Other Pacific Islander",Personal/family assets other than savings of owner(s),81,S
"Professional, scientific, and technical services","Veteran, Native Hawaiian and Other Pacific Islander",Personal/family home equity loan,14,S
"Professional, scientific, and technical services","Veteran, Native Hawaiian and Other Pacific Islander",Personal credit card(s) carrying balances,165,8260
"Professional, scientific, and technical services","Veteran, Native Hawaiian and Other Pacific Islander",Business credit card(s) carrying balances,72,7313
"Professional, scientific, and technical services","Veteran, Native Hawaiian and Other Pacific Islander","Business loan from federal, state, or local government",0,0
"Professional, scientific, and technical services","Veteran, Native Hawaiian and Other Pacific Islander",Government-guaranteed business loan from a bank or financial institution,6,S
"Professional, scientific, and technical services","Veteran, Native Hawaiian and Other Pacific Islander",Business loan from a bank or financial institution,73,S
"Professional, scientific, and technical services","Veteran, Native Hawaiian and Other Pacific Islander",Business loan/investment from family/friends,10,S
"Professional, scientific, and technical services","Veteran, Native Hawaiian and Other Pacific Islander",Investment by venture capitalist(s),0,0
"Professional, scientific, and technical services","Veteran, Native Hawaiian and Other Pacific Islander",Grants,0,0
"Professional, scientific, and technical services","Veteran, Native Hawaiian and Other Pacific Islander",Other source(s) of capital,2,S
"Professional, scientific, and technical services","Veteran, Native Hawaiian and Other Pacific Islander",Don't know,7,S
"Professional, scientific, and technical services","Veteran, Native Hawaiian and Other Pacific Islander",None needed,80,S
"Professional, scientific, and technical services","Veteran, Native Hawaiian and Other Pacific Islander",Total reporting,537,328811
"Professional, scientific, and technical services","Veteran, Native Hawaiian and Other Pacific Islander",Item not reported,16,S
"Professional, scientific, and technical services","Veteran, some other race",All firms,4722,554889
"Professional, scientific, and technical services","Veteran, some other race",Personal/family savings of owner(s),731,119363
"Professional, scientific, and technical services","Veteran, some other race",Personal/family assets other than savings of owner(s),48,S
"Professional, scientific, and technical services","Veteran, some other race",Personal/family home equity loan,12,2184
"Professional, scientific, and technical services","Veteran, some other race",Personal credit card(s) carrying balances,108,S
"Professional, scientific, and technical services","Veteran, some other race",Business credit card(s) carrying balances,2,S
"Professional, scientific, and technical services","Veteran, some other race","Business loan from federal, state, or local government",0,0
"Professional, scientific, and technical services","Veteran, some other race",Government-guaranteed business loan from a bank or financial institution,0,0
"Professional, scientific, and technical services","Veteran, some other race",Business loan from a bank or financial institution,79,S
"Professional, scientific, and technical services","Veteran, some other race",Business loan/investment from family/friends,0,0
"Professional, scientific, and technical services","Veteran, some other race",Investment by venture capitalist(s),0,0
"Professional, scientific, and technical services","Veteran, some other race",Grants,0,0
"Professional, scientific, and technical services","Veteran, some other race",Other source(s) of capital,68,S
"Professional, scientific, and technical services","Veteran, some other race",Don't know,81,53463
"Professional, scientific, and technical services","Veteran, some other race",None needed,327,6670
"Professional, scientific, and technical services","Veteran, some other race",Total reporting,1212,180912
"Professional, scientific, and technical services","Veteran, some other race",Item not reported,19,S
"Professional, scientific, and technical services","Veteran, minority",All firms,58135,9786281
"Professional, scientific, and technical services","Veteran, minority",Personal/family savings of owner(s),19297,5354547
"Professional, scientific, and technical services","Veteran, minority",Personal/family assets other than savings of owner(s),1982,367813
"Professional, scientific, and technical services","Veteran, minority",Personal/family home equity loan,556,457190
"Professional, scientific, and technical services","Veteran, minority",Personal credit card(s) carrying balances,3478,575333
"Professional, scientific, and technical services","Veteran, minority",Business credit card(s) carrying balances,1145,217282
"Professional, scientific, and technical services","Veteran, minority","Business loan from federal, state, or local government",4,S
"Professional, scientific, and technical services","Veteran, minority",Government-guaranteed business loan from a bank or financial institution,175,S
"Professional, scientific, and technical services","Veteran, minority",Business loan from a bank or financial institution,700,575341
"Professional, scientific, and technical services","Veteran, minority",Business loan/investment from family/friends,124,38027
"Professional, scientific, and technical services","Veteran, minority",Investment by venture capitalist(s),2,S
"Professional, scientific, and technical services","Veteran, minority",Grants,169,20535
"Professional, scientific, and technical services","Veteran, minority",Other source(s) of capital,419,63533
"Professional, scientific, and technical services","Veteran, minority",Don't know,1332,716346
"Professional, scientific, and technical services","Veteran, minority",None needed,6959,455457
"Professional, scientific, and technical services","Veteran, minority",Total reporting,29509(r),6886495(r)
"Professional, scientific, and technical services","Veteran, minority",Item not reported,686(r),35346(r)
"Professional, scientific, and technical services","Veteran, equally minority/nonminority",All firms,470,189228
"Professional, scientific, and technical services","Veteran, equally minority/nonminority",Personal/family savings of owner(s),309,56584
"Professional, scientific, and technical services","Veteran, equally minority/nonminority",Personal/family assets other than savings of owner(s),50,S
"Professional, scientific, and technical services","Veteran, equally minority/nonminority",Personal/family home equity loan,17,S
"Professional, scientific, and technical services","Veteran, equally minority/nonminority",Personal credit card(s) carrying balances,73,S
"Professional, scientific, and technical services","Veteran, equally minority/nonminority",Business credit card(s) carrying balances,0,0
"Professional, scientific, and technical services","Veteran, equally minority/nonminority","Business loan from federal, state, or local government",0,0
"Professional, scientific, and technical services","Veteran, equally minority/nonminority",Government-guaranteed business loan from a bank or financial institution,0,0
"Professional, scientific, and technical services","Veteran, equally minority/nonminority",Business loan from a bank or financial institution,29,S
"Professional, scientific, and technical services","Veteran, equally minority/nonminority",Business loan/investment from family/friends,0,0
"Professional, scientific, and technical services","Veteran, equally minority/nonminority",Investment by venture capitalist(s),0,0
"Professional, scientific, and technical services","Veteran, equally minority/nonminority",Grants,0,0
"Professional, scientific, and technical services","Veteran, equally minority/nonminority",Other source(s) of capital,61,S
"Professional, scientific, and technical services","Veteran, equally minority/nonminority",Don't know,2,S
"Professional, scientific, and technical services","Veteran, equally minority/nonminority",None needed,21,S
"Professional, scientific, and technical services","Veteran, equally minority/nonminority",Total reporting,353,66667
"Professional, scientific, and technical services","Veteran, equally minority/nonminority",Item not reported,15,S
"Professional, scientific, and technical services","Veteran, nonminority",All firms,361061,70338158
"Professional, scientific, and technical services","Veteran, nonminority",Personal/family savings of owner(s),171213,29521745
"Professional, scientific, and technical services","Veteran, nonminority",Personal/family assets other than savings of owner(s),13731,3135060
"Professional, scientific, and technical services","Veteran, nonminority",Personal/family home equity loan,5236,2278112
"Professional, scientific, and technical services","Veteran, nonminority",Personal credit card(s) carrying balances,18625,3322255
"Professional, scientific, and technical services","Veteran, nonminority",Business credit card(s) carrying balances,5930,1406461
"Professional, scientific, and technical services","Veteran, nonminority","Business loan from federal, state, or local government",100,17628
"Professional, scientific, and technical services","Veteran, nonminority",Government-guaranteed business loan from a bank or financial institution,896,347356
"Professional, scientific, and technical services","Veteran, nonminority",Business loan from a bank or financial institution,9333,4840982
"Professional, scientific, and technical services","Veteran, nonminority",Business loan/investment from family/friends,2446,736397
"Professional, scientific, and technical services","Veteran, nonminority",Investment by venture capitalist(s),161,110596
"Professional, scientific, and technical services","Veteran, nonminority",Grants,263,52600
"Professional, scientific, and technical services","Veteran, nonminority",Other source(s) of capital,2795,1223217
"Professional, scientific, and technical services","Veteran, nonminority",Don't know,9705,10925794
"Professional, scientific, and technical services","Veteran, nonminority",None needed,75894,5024637
"Professional, scientific, and technical services","Veteran, nonminority",Total reporting,272331(r),49000487(r)
"Professional, scientific, and technical services","Veteran, nonminority",Item not reported,4171(r),398541(r)
"Professional, scientific, and technical services",Equally veteran/nonveteran,All firms,64248,19367332
"Professional, scientific, and technical services",Equally veteran/nonveteran,Personal/family savings of owner(s),39328,8927358
"Professional, scientific, and technical services",Equally veteran/nonveteran,Personal/family assets other than savings of owner(s),3991,727312
"Professional, scientific, and technical services",Equally veteran/nonveteran,Personal/family home equity loan,2250,484165
"Professional, scientific, and technical services",Equally veteran/nonveteran,Personal credit card(s) carrying balances,4798,689327
"Professional, scientific, and technical services",Equally veteran/nonveteran,Business credit card(s) carrying balances,1703,355203
"Professional, scientific, and technical services",Equally veteran/nonveteran,"Business loan from federal, state, or local government",11,S
"Professional, scientific, and technical services",Equally veteran/nonveteran,Government-guaranteed business loan from a bank or financial institution,142,106532
"Professional, scientific, and technical services",Equally veteran/nonveteran,Business loan from a bank or financial institution,3482,1851239
"Professional, scientific, and technical services",Equally veteran/nonveteran,Business loan/investment from family/friends,565,278840
"Professional, scientific, and technical services",Equally veteran/nonveteran,Investment by venture capitalist(s),153,32202
"Professional, scientific, and technical services",Equally veteran/nonveteran,Grants,81,S
"Professional, scientific, and technical services",Equally veteran/nonveteran,Other source(s) of capital,1122,592893
"Professional, scientific, and technical services",Equally veteran/nonveteran,Don't know,1893,2735961
"Professional, scientific, and technical services",Equally veteran/nonveteran,None needed,8564,1224976
"Professional, scientific, and technical services",Equally veteran/nonveteran,Total reporting,54593(r),14485328(r)
"Professional, scientific, and technical services",Equally veteran/nonveteran,Item not reported,274(r),108924(r)
"Professional, scientific, and technical services","Equally veteran/nonveteran, female-owned",All firms,214,53733
"Professional, scientific, and technical services","Equally veteran/nonveteran, female-owned",Personal/family savings of owner(s),232,31479
"Professional, scientific, and technical services","Equally veteran/nonveteran, female-owned",Personal/family assets other than savings of owner(s),2,S
"Professional, scientific, and technical services","Equally veteran/nonveteran, female-owned",Personal/family home equity loan,0,0
"Professional, scientific, and technical services","Equally veteran/nonveteran, female-owned",Personal credit card(s) carrying balances,2,S
"Professional, scientific, and technical services","Equally veteran/nonveteran, female-owned",Business credit card(s) carrying balances,0,0
"Professional, scientific, and technical services","Equally veteran/nonveteran, female-owned","Business loan from federal, state, or local government",0,0
"Professional, scientific, and technical services","Equally veteran/nonveteran, female-owned",Government-guaranteed business loan from a bank or financial institution,0,0
"Professional, scientific, and technical services","Equally veteran/nonveteran, female-owned",Business loan from a bank or financial institution,10,9916
"Professional, scientific, and technical services","Equally veteran/nonveteran, female-owned",Business loan/investment from family/friends,0,0
"Professional, scientific, and technical services","Equally veteran/nonveteran, female-owned",Investment by venture capitalist(s),0,0
"Professional, scientific, and technical services","Equally veteran/nonveteran, female-owned",Grants,0,0
"Professional, scientific, and technical services","Equally veteran/nonveteran, female-owned",Other source(s) of capital,0,0
"Professional, scientific, and technical services","Equally veteran/nonveteran, female-owned",Don't know,0,0
"Professional, scientific, and technical services","Equally veteran/nonveteran, female-owned",None needed,26,S
"Professional, scientific, and technical services","Equally veteran/nonveteran, female-owned",Total reporting,266,34137
"Professional, scientific, and technical services","Equally veteran/nonveteran, female-owned",Item not reported,0,0
"Professional, scientific, and technical services","Equally veteran/nonveteran, male-owned",All firms,13469,11920937
"Professional, scientific, and technical services","Equally veteran/nonveteran, male-owned",Personal/family savings of owner(s),7355,4929313
"Professional, scientific, and technical services","Equally veteran/nonveteran, male-owned",Personal/family assets other than savings of owner(s),741,385038
"Professional, scientific, and technical services","Equally veteran/nonveteran, male-owned",Personal/family home equity loan,364,S
"Professional, scientific, and technical services","Equally veteran/nonveteran, male-owned",Personal credit card(s) carrying balances,357,225933
"Professional, scientific, and technical services","Equally veteran/nonveteran, male-owned",Business credit card(s) carrying balances,171,S
"Professional, scientific, and technical services","Equally veteran/nonveteran, male-owned","Business loan from federal, state, or local government",11,S
"Professional, scientific, and technical services","Equally veteran/nonveteran, male-owned",Government-guaranteed business loan from a bank or financial institution,49,S
"Professional, scientific, and technical services","Equally veteran/nonveteran, male-owned",Business loan from a bank or financial institution,940,1361497
"Professional, scientific, and technical services","Equally veteran/nonveteran, male-owned",Business loan/investment from family/friends,68,S
"Professional, scientific, and technical services","Equally veteran/nonveteran, male-owned",Investment by venture capitalist(s),50,S
"Professional, scientific, and technical services","Equally veteran/nonveteran, male-owned",Grants,10,S
"Professional, scientific, and technical services","Equally veteran/nonveteran, male-owned",Other source(s) of capital,469,466774
"Professional, scientific, and technical services","Equally veteran/nonveteran, male-owned",Don't know,1044,1975396
"Professional, scientific, and technical services","Equally veteran/nonveteran, male-owned",None needed,1126,590824
"Professional, scientific, and technical services","Equally veteran/nonveteran, male-owned",Total reporting,11027(r),8659662(r)
"Professional, scientific, and technical services","Equally veteran/nonveteran, male-owned",Item not reported,70(r),S
"Professional, scientific, and technical services","Equally veteran/nonveteran, equally male-/female-owned",All firms,50564,7392662
"Professional, scientific, and technical services","Equally veteran/nonveteran, equally male-/female-owned",Personal/family savings of owner(s),31741,3966567
"Professional, scientific, and technical services","Equally veteran/nonveteran, equally male-/female-owned",Personal/family assets other than savings of owner(s),3248,342232
"Professional, scientific, and technical services","Equally veteran/nonveteran, equally male-/female-owned",Personal/family home equity loan,1886,275812
"Professional, scientific, and technical services","Equally veteran/nonveteran, equally male-/female-owned",Personal credit card(s) carrying balances,4439,459500
"Professional, scientific, and technical services","Equally veteran/nonveteran, equally male-/female-owned",Business credit card(s) carrying balances,1532,230104
"Professional, scientific, and technical services","Equally veteran/nonveteran, equally male-/female-owned","Business loan from federal, state, or local government",0,0
"Professional, scientific, and technical services","Equally veteran/nonveteran, equally male-/female-owned",Government-guaranteed business loan from a bank or financial institution,93,37739
"Professional, scientific, and technical services","Equally veteran/nonveteran, equally male-/female-owned",Business loan from a bank or financial institution,2532,479826
"Professional, scientific, and technical services","Equally veteran/nonveteran, equally male-/female-owned",Business loan/investment from family/friends,497,116991
"Professional, scientific, and technical services","Equally veteran/nonveteran, equally male-/female-owned",Investment by venture capitalist(s),103,9312
"Professional, scientific, and technical services","Equally veteran/nonveteran, equally male-/female-owned",Grants,71,S
"Professional, scientific, and technical services","Equally veteran/nonveteran, equally male-/female-owned",Other source(s) of capital,653,126119
"Professional, scientific, and technical services","Equally veteran/nonveteran, equally male-/female-owned",Don't know,849,760565
"Professional, scientific, and technical services","Equally veteran/nonveteran, equally male-/female-owned",None needed,7412,632415
"Professional, scientific, and technical services","Equally veteran/nonveteran, equally male-/female-owned",Total reporting,43299(r),5791529(r)
"Professional, scientific, and technical services","Equally veteran/nonveteran, equally male-/female-owned",Item not reported,204(r),S
"Professional, scientific, and technical services","Equally veteran/nonveteran, Hispanic",All firms,1130,239693
"Professional, scientific, and technical services","Equally veteran/nonveteran, Hispanic",Personal/family savings of owner(s),531,S
"Professional, scientific, and technical services","Equally veteran/nonveteran, Hispanic",Personal/family assets other than savings of owner(s),14,S
"Professional, scientific, and technical services","Equally veteran/nonveteran, Hispanic",Personal/family home equity loan,18,S
"Professional, scientific, and technical services","Equally veteran/nonveteran, Hispanic",Personal credit card(s) carrying balances,41,9893
"Professional, scientific, and technical services","Equally veteran/nonveteran, Hispanic",Business credit card(s) carrying balances,79,S
"Professional, scientific, and technical services","Equally veteran/nonveteran, Hispanic","Business loan from federal, state, or local government",0,0
"Professional, scientific, and technical services","Equally veteran/nonveteran, Hispanic",Government-guaranteed business loan from a bank or financial institution,2,S
"Professional, scientific, and technical services","Equally veteran/nonveteran, Hispanic",Business loan from a bank or financial institution,17,S
"Professional, scientific, and technical services","Equally veteran/nonveteran, Hispanic",Business loan/investment from family/friends,0,0
"Professional, scientific, and technical services","Equally veteran/nonveteran, Hispanic",Investment by venture capitalist(s),0,0
"Professional, scientific, and technical services","Equally veteran/nonveteran, Hispanic",Grants,0,0
"Professional, scientific, and technical services","Equally veteran/nonveteran, Hispanic",Other source(s) of capital,0,0
"Professional, scientific, and technical services","Equally veteran/nonveteran, Hispanic",Don't know,0,0
"Professional, scientific, and technical services","Equally veteran/nonveteran, Hispanic",None needed,22,S
"Professional, scientific, and technical services","Equally veteran/nonveteran, Hispanic",Total reporting,595,S
"Professional, scientific, and technical services","Equally veteran/nonveteran, Hispanic",Item not reported,0,0
"Professional, scientific, and technical services","Equally veteran/nonveteran, equally Hispanic/non-Hispanic",All firms,2573,519639
"Professional, scientific, and technical services","Equally veteran/nonveteran, equally Hispanic/non-Hispanic",Personal/family savings of owner(s),1793,191084
"Professional, scientific, and technical services","Equally veteran/nonveteran, equally Hispanic/non-Hispanic",Personal/family assets other than savings of owner(s),134,S
"Professional, scientific, and technical services","Equally veteran/nonveteran, equally Hispanic/non-Hispanic",Personal/family home equity loan,118,S
"Professional, scientific, and technical services","Equally veteran/nonveteran, equally Hispanic/non-Hispanic",Personal credit card(s) carrying balances,404,43539
"Professional, scientific, and technical services","Equally veteran/nonveteran, equally Hispanic/non-Hispanic",Business credit card(s) carrying balances,197,S
"Professional, scientific, and technical services","Equally veteran/nonveteran, equally Hispanic/non-Hispanic","Business loan from federal, state, or local government",0,0
"Professional, scientific, and technical services","Equally veteran/nonveteran, equally Hispanic/non-Hispanic",Government-guaranteed business loan from a bank or financial institution,5,S
"Professional, scientific, and technical services","Equally veteran/nonveteran, equally Hispanic/non-Hispanic",Business loan from a bank or financial institution,204,25970
"Professional, scientific, and technical services","Equally veteran/nonveteran, equally Hispanic/non-Hispanic",Business loan/investment from family/friends,79,S
"Professional, scientific, and technical services","Equally veteran/nonveteran, equally Hispanic/non-Hispanic",Investment by venture capitalist(s),62,S
"Professional, scientific, and technical services","Equally veteran/nonveteran, equally Hispanic/non-Hispanic",Grants,4,S
"Professional, scientific, and technical services","Equally veteran/nonveteran, equally Hispanic/non-Hispanic",Other source(s) of capital,66,S
"Professional, scientific, and technical services","Equally veteran/nonveteran, equally Hispanic/non-Hispanic",Don't know,9,S
"Professional, scientific, and technical services","Equally veteran/nonveteran, equally Hispanic/non-Hispanic",None needed,238,8198
"Professional, scientific, and technical services","Equally veteran/nonveteran, equally Hispanic/non-Hispanic",Total reporting,2281,299211
"Professional, scientific, and technical services","Equally veteran/nonveteran, equally Hispanic/non-Hispanic",Item not reported,9,S
"Professional, scientific, and technical services","Equally veteran/nonveteran, non-Hispanic",All firms,60544,18608000
"Professional, scientific, and technical services","Equally veteran/nonveteran, non-Hispanic",Personal/family savings of owner(s),37004,8666358
"Professional, scientific, and technical services","Equally veteran/nonveteran, non-Hispanic",Personal/family assets other than savings of owner(s),3843,705980
"Professional, scientific, and technical services","Equally veteran/nonveteran, non-Hispanic",Personal/family home equity loan,2114,456669
"Professional, scientific, and technical services","Equally veteran/nonveteran, non-Hispanic",Personal credit card(s) carrying balances,4353,635894
"Professional, scientific, and technical services","Equally veteran/nonveteran, non-Hispanic",Business credit card(s) carrying balances,1428,340688
"Professional, scientific, and technical services","Equally veteran/nonveteran, non-Hispanic","Business loan from federal, state, or local government",11,S
"Professional, scientific, and technical services","Equally veteran/nonveteran, non-Hispanic",Government-guaranteed business loan from a bank or financial institution,135,103577
"Professional, scientific, and technical services","Equally veteran/nonveteran, non-Hispanic",Business loan from a bank or financial institution,3262,1822828
"Professional, scientific, and technical services","Equally veteran/nonveteran, non-Hispanic",Business loan/investment from family/friends,486,277151
"Professional, scientific, and technical services","Equally veteran/nonveteran, non-Hispanic",Investment by venture capitalist(s),91,30541
"Professional, scientific, and technical services","Equally veteran/nonveteran, non-Hispanic",Grants,78,S
"Professional, scientific, and technical services","Equally veteran/nonveteran, non-Hispanic",Other source(s) of capital,1057,543614
"Professional, scientific, and technical services","Equally veteran/nonveteran, non-Hispanic",Don't know,1884,2696321
"Professional, scientific, and technical services","Equally veteran/nonveteran, non-Hispanic",None needed,8304,1215219
"Professional, scientific, and technical services","Equally veteran/nonveteran, non-Hispanic",Total reporting,51716(r),14102655(r)
"Professional, scientific, and technical services","Equally veteran/nonveteran, non-Hispanic",Item not reported,266(r),108091(r)
"Professional, scientific, and technical services","Equally veteran/nonveteran, White",All firms,59394,18562860
"Professional, scientific, and technical services","Equally veteran/nonveteran, White",Personal/family savings of owner(s),36565,8602425
"Professional, scientific, and technical services","Equally veteran/nonveteran, White",Personal/family assets other than savings of owner(s),3653,696211
"Professional, scientific, and technical services","Equally veteran/nonveteran, White",Personal/family home equity loan,2091,448613
"Professional, scientific, and technical services","Equally veteran/nonveteran, White",Personal credit card(s) carrying balances,4324,633189
"Professional, scientific, and technical services","Equally veteran/nonveteran, White",Business credit card(s) carrying balances,1564,342790
"Professional, scientific, and technical services","Equally veteran/nonveteran, White","Business loan from federal, state, or local government",11,S
"Professional, scientific, and technical services","Equally veteran/nonveteran, White",Government-guaranteed business loan from a bank or financial institution,142,106532
"Professional, scientific, and technical services","Equally veteran/nonveteran, White",Business loan from a bank or financial institution,3360,1800778
"Professional, scientific, and technical services","Equally veteran/nonveteran, White",Business loan/investment from family/friends,554,277545
"Professional, scientific, and technical services","Equally veteran/nonveteran, White",Investment by venture capitalist(s),153,32202
"Professional, scientific, and technical services","Equally veteran/nonveteran, White",Grants,81,S
"Professional, scientific, and technical services","Equally veteran/nonveteran, White",Other source(s) of capital,1113,581163
"Professional, scientific, and technical services","Equally veteran/nonveteran, White",Don't know,1857,2679944
"Professional, scientific, and technical services","Equally veteran/nonveteran, White",None needed,7990,1190604
"Professional, scientific, and technical services","Equally veteran/nonveteran, White",Total reporting,50919(r),14037231(r)
"Professional, scientific, and technical services","Equally veteran/nonveteran, White",Item not reported,266(r),108091(r)
"Professional, scientific, and technical services","Equally veteran/nonveteran, Black or African American",All firms,1403,121022
"Professional, scientific, and technical services","Equally veteran/nonveteran, Black or African American",Personal/family savings of owner(s),742,36691
"Professional, scientific, and technical services","Equally veteran/nonveteran, Black or African American",Personal/family assets other than savings of owner(s),127,S
"Professional, scientific, and technical services","Equally veteran/nonveteran, Black or African American",Personal/family home equity loan,56,S
"Professional, scientific, and technical services","Equally veteran/nonveteran, Black or African American",Personal credit card(s) carrying balances,75,S
"Professional, scientific, and technical services","Equally veteran/nonveteran, Black or African American",Business credit card(s) carrying balances,62,S
"Professional, scientific, and technical services","Equally veteran/nonveteran, Black or African American","Business loan from federal, state, or local government",0,0
"Professional, scientific, and technical services","Equally veteran/nonveteran, Black or African American",Government-guaranteed business loan from a bank or financial institution,0,0
"Professional, scientific, and technical services","Equally veteran/nonveteran, Black or African American",Business loan from a bank or financial institution,9,S
"Professional, scientific, and technical services","Equally veteran/nonveteran, Black or African American",Business loan/investment from family/friends,0,0
"Professional, scientific, and technical services","Equally veteran/nonveteran, Black or African American",Investment by venture capitalist(s),0,0
"Professional, scientific, and technical services","Equally veteran/nonveteran, Black or African American",Grants,0,0
"Professional, scientific, and technical services","Equally veteran/nonveteran, Black or African American",Other source(s) of capital,0,0
"Professional, scientific, and technical services","Equally veteran/nonveteran, Black or African American",Don't know,0,0
"Professional, scientific, and technical services","Equally veteran/nonveteran, Black or African American",None needed,333,S
"Professional, scientific, and technical services","Equally veteran/nonveteran, Black or African American",Total reporting,1136,44711
"Professional, scientific, and technical services","Equally veteran/nonveteran, Black or African American",Item not reported,0,0
"Professional, scientific, and technical services","Equally veteran/nonveteran, American Indian and Alaska Native",All firms,40,4376
"Professional, scientific, and technical services","Equally veteran/nonveteran, American Indian and Alaska Native",Personal/family savings of owner(s),29,S
"Professional, scientific, and technical services","Equally veteran/nonveteran, American Indian and Alaska Native",Personal/family assets other than savings of owner(s),8,S
"Professional, scientific, and technical services","Equally veteran/nonveteran, American Indian and Alaska Native",Personal/family home equity loan,0,0
"Professional, scientific, and technical services","Equally veteran/nonveteran, American Indian and Alaska Native",Personal credit card(s) carrying balances,0,0
"Professional, scientific, and technical services","Equally veteran/nonveteran, American Indian and Alaska Native",Business credit card(s) carrying balances,0,0
"Professional, scientific, and technical services","Equally veteran/nonveteran, American Indian and Alaska Native","Business loan from federal, state, or local government",0,0
"Professional, scientific, and technical services","Equally veteran/nonveteran, American Indian and Alaska Native",Government-guaranteed business loan from a bank or financial institution,0,0
"Professional, scientific, and technical services","Equally veteran/nonveteran, American Indian and Alaska Native",Business loan from a bank or financial institution,0,0
"Professional, scientific, and technical services","Equally veteran/nonveteran, American Indian and Alaska Native",Business loan/investment from family/friends,0,0
"Professional, scientific, and technical services","Equally veteran/nonveteran, American Indian and Alaska Native",Investment by venture capitalist(s),0,0
"Professional, scientific, and technical services","Equally veteran/nonveteran, American Indian and Alaska Native",Grants,0,0
"Professional, scientific, and technical services","Equally veteran/nonveteran, American Indian and Alaska Native",Other source(s) of capital,0,0
"Professional, scientific, and technical services","Equally veteran/nonveteran, American Indian and Alaska Native",Don't know,0,0
"Professional, scientific, and technical services","Equally veteran/nonveteran, American Indian and Alaska Native",None needed,12,S
"Professional, scientific, and technical services","Equally veteran/nonveteran, American Indian and Alaska Native",Total reporting,49,S
"Professional, scientific, and technical services","Equally veteran/nonveteran, American Indian and Alaska Native",Item not reported,0,0
"Professional, scientific, and technical services","Equally veteran/nonveteran, Asian",All firms,536,95738
"Professional, scientific, and technical services","Equally veteran/nonveteran, Asian",Personal/family savings of owner(s),280,S
"Professional, scientific, and technical services","Equally veteran/nonveteran, Asian",Personal/family assets other than savings of owner(s),5,S
"Professional, scientific, and technical services","Equally veteran/nonveteran, Asian",Personal/family home equity loan,0,0
"Professional, scientific, and technical services","Equally veteran/nonveteran, Asian",Personal credit card(s) carrying balances,19,1506
"Professional, scientific, and technical services","Equally veteran/nonveteran, Asian",Business credit card(s) carrying balances,7,S
"Professional, scientific, and technical services","Equally veteran/nonveteran, Asian","Business loan from federal, state, or local government",0,0
"Professional, scientific, and technical services","Equally veteran/nonveteran, Asian",Government-guaranteed business loan from a bank or financial institution,0,0
"Professional, scientific, and technical services","Equally veteran/nonveteran, Asian",Business loan from a bank or financial institution,0,0
"Professional, scientific, and technical services","Equally veteran/nonveteran, Asian",Business loan/investment from family/friends,0,0
"Professional, scientific, and technical services","Equally veteran/nonveteran, Asian",Investment by venture capitalist(s),0,0
"Professional, scientific, and technical services","Equally veteran/nonveteran, Asian",Grants,0,0
"Professional, scientific, and technical services","Equally veteran/nonveteran, Asian",Other source(s) of capital,0,0
"Professional, scientific, and technical services","Equally veteran/nonveteran, Asian",Don't know,4,S
"Professional, scientific, and technical services","Equally veteran/nonveteran, Asian",None needed,49,S
"Professional, scientific, and technical services","Equally veteran/nonveteran, Asian",Total reporting,332,51780
"Professional, scientific, and technical services","Equally veteran/nonveteran, Asian",Item not reported,0,0
"Professional, scientific, and technical services","Equally veteran/nonveteran, Native Hawaiian and Other Pacific Islander",All firms,0,0
"Professional, scientific, and technical services","Equally veteran/nonveteran, Native Hawaiian and Other Pacific Islander",Personal/family savings of owner(s),0,0
"Professional, scientific, and technical services","Equally veteran/nonveteran, Native Hawaiian and Other Pacific Islander",Personal/family assets other than savings of owner(s),0,0
"Professional, scientific, and technical services","Equally veteran/nonveteran, Native Hawaiian and Other Pacific Islander",Personal/family home equity loan,0,0
"Professional, scientific, and technical services","Equally veteran/nonveteran, Native Hawaiian and Other Pacific Islander",Personal credit card(s) carrying balances,0,0
"Professional, scientific, and technical services","Equally veteran/nonveteran, Native Hawaiian and Other Pacific Islander",Business credit card(s) carrying balances,0,0
"Professional, scientific, and technical services","Equally veteran/nonveteran, Native Hawaiian and Other Pacific Islander","Business loan from federal, state, or local government",0,0
"Professional, scientific, and technical services","Equally veteran/nonveteran, Native Hawaiian and Other Pacific Islander",Government-guaranteed business loan from a bank or financial institution,0,0
"Professional, scientific, and technical services","Equally veteran/nonveteran, Native Hawaiian and Other Pacific Islander",Business loan from a bank or financial institution,0,0
"Professional, scientific, and technical services","Equally veteran/nonveteran, Native Hawaiian and Other Pacific Islander",Business loan/investment from family/friends,0,0
"Professional, scientific, and technical services","Equally veteran/nonveteran, Native Hawaiian and Other Pacific Islander",Investment by venture capitalist(s),0,0
"Professional, scientific, and technical services","Equally veteran/nonveteran, Native Hawaiian and Other Pacific Islander",Grants,0,0
"Professional, scientific, and technical services","Equally veteran/nonveteran, Native Hawaiian and Other Pacific Islander",Other source(s) of capital,0,0
"Professional, scientific, and technical services","Equally veteran/nonveteran, Native Hawaiian and Other Pacific Islander",Don't know,0,0
"Professional, scientific, and technical services","Equally veteran/nonveteran, Native Hawaiian and Other Pacific Islander",None needed,0,0
"Professional, scientific, and technical services","Equally veteran/nonveteran, Native Hawaiian and Other Pacific Islander",Total reporting,0,0
"Professional, scientific, and technical services","Equally veteran/nonveteran, Native Hawaiian and Other Pacific Islander",Item not reported,0,0
"Professional, scientific, and technical services","Equally veteran/nonveteran, some other race",All firms,97,8030
"Professional, scientific, and technical services","Equally veteran/nonveteran, some other race",Personal/family savings of owner(s),27,S
"Professional, scientific, and technical services","Equally veteran/nonveteran, some other race",Personal/family assets other than savings of owner(s),7,S
"Professional, scientific, and technical services","Equally veteran/nonveteran, some other race",Personal/family home equity loan,0,0
"Professional, scientific, and technical services","Equally veteran/nonveteran, some other race",Personal credit card(s) carrying balances,7,S
"Professional, scientific, and technical services","Equally veteran/nonveteran, some other race",Business credit card(s) carrying balances,0,0
"Professional, scientific, and technical services","Equally veteran/nonveteran, some other race","Business loan from federal, state, or local government",0,0
"Professional, scientific, and technical services","Equally veteran/nonveteran, some other race",Government-guaranteed business loan from a bank or financial institution,0,0
"Professional, scientific, and technical services","Equally veteran/nonveteran, some other race",Business loan from a bank or financial institution,17,S
"Professional, scientific, and technical services","Equally veteran/nonveteran, some other race",Business loan/investment from family/friends,0,0
"Professional, scientific, and technical services","Equally veteran/nonveteran, some other race",Investment by venture capitalist(s),0,0
"Professional, scientific, and technical services","Equally veteran/nonveteran, some other race",Grants,0,0
"Professional, scientific, and technical services","Equally veteran/nonveteran, some other race",Other source(s) of capital,0,0
"Professional, scientific, and technical services","Equally veteran/nonveteran, some other race",Don't know,0,0
"Professional, scientific, and technical services","Equally veteran/nonveteran, some other race",None needed,0,0
"Professional, scientific, and technical services","Equally veteran/nonveteran, some other race",Total reporting,29,3956
"Professional, scientific, and technical services","Equally veteran/nonveteran, some other race",Item not reported,0,0
"Professional, scientific, and technical services","Equally veteran/nonveteran, minority",All firms,3362,483538
"Professional, scientific, and technical services","Equally veteran/nonveteran, minority",Personal/family savings of owner(s),1869,149182
"Professional, scientific, and technical services","Equally veteran/nonveteran, minority",Personal/family assets other than savings of owner(s),153,S
"Professional, scientific, and technical services","Equally veteran/nonveteran, minority",Personal/family home equity loan,74,S
"Professional, scientific, and technical services","Equally veteran/nonveteran, minority",Personal credit card(s) carrying balances,220,27073
"Professional, scientific, and technical services","Equally veteran/nonveteran, minority",Business credit card(s) carrying balances,227,11787
"Professional, scientific, and technical services","Equally veteran/nonveteran, minority","Business loan from federal, state, or local government",0,0
"Professional, scientific, and technical services","Equally veteran/nonveteran, minority",Government-guaranteed business loan from a bank or financial institution,2,S
"Professional, scientific, and technical services","Equally veteran/nonveteran, minority",Business loan from a bank or financial institution,31,S
"Professional, scientific, and technical services","Equally veteran/nonveteran, minority",Business loan/investment from family/friends,0,0
"Professional, scientific, and technical services","Equally veteran/nonveteran, minority",Investment by venture capitalist(s),0,0
"Professional, scientific, and technical services","Equally veteran/nonveteran, minority",Grants,0,0
"Professional, scientific, and technical services","Equally veteran/nonveteran, minority",Other source(s) of capital,0,0
"Professional, scientific, and technical services","Equally veteran/nonveteran, minority",Don't know,4,S
"Professional, scientific, and technical services","Equally veteran/nonveteran, minority",None needed,477,10006
"Professional, scientific, and technical services","Equally veteran/nonveteran, minority",Total reporting,2461,196265
"Professional, scientific, and technical services","Equally veteran/nonveteran, minority",Item not reported,9,S
"Professional, scientific, and technical services","Equally veteran/nonveteran, equally minority/nonminority",All firms,5195,1100747
"Professional, scientific, and technical services","Equally veteran/nonveteran, equally minority/nonminority",Personal/family savings of owner(s),3365,430758
"Professional, scientific, and technical services","Equally veteran/nonveteran, equally minority/nonminority",Personal/family assets other than savings of owner(s),367,36992
"Professional, scientific, and technical services","Equally veteran/nonveteran, equally minority/nonminority",Personal/family home equity loan,221,52283
"Professional, scientific, and technical services","Equally veteran/nonveteran, equally minority/nonminority",Personal credit card(s) carrying balances,699,83787
"Professional, scientific, and technical services","Equally veteran/nonveteran, equally minority/nonminority",Business credit card(s) carrying balances,183,17771
"Professional, scientific, and technical services","Equally veteran/nonveteran, equally minority/nonminority","Business loan from federal, state, or local government",0,0
"Professional, scientific, and technical services","Equally veteran/nonveteran, equally minority/nonminority",Government-guaranteed business loan from a bank or financial institution,5,S
"Professional, scientific, and technical services","Equally veteran/nonveteran, equally minority/nonminority",Business loan from a bank or financial institution,350,S
"Professional, scientific, and technical services","Equally veteran/nonveteran, equally minority/nonminority",Business loan/investment from family/friends,109,S
"Professional, scientific, and technical services","Equally veteran/nonveteran, equally minority/nonminority",Investment by venture capitalist(s),62,S
"Professional, scientific, and technical services","Equally veteran/nonveteran, equally minority/nonminority",Grants,4,S
"Professional, scientific, and technical services","Equally veteran/nonveteran, equally minority/nonminority",Other source(s) of capital,95,S
"Professional, scientific, and technical services","Equally veteran/nonveteran, equally minority/nonminority",Don't know,145,68513
"Professional, scientific, and technical services","Equally veteran/nonveteran, equally minority/nonminority",None needed,399,46127
"Professional, scientific, and technical services","Equally veteran/nonveteran, equally minority/nonminority",Total reporting,4389,647025
"Professional, scientific, and technical services","Equally veteran/nonveteran, equally minority/nonminority",Item not reported,0,0
"Professional, scientific, and technical services","Equally veteran/nonveteran, nonminority",All firms,55691,17783047
"Professional, scientific, and technical services","Equally veteran/nonveteran, nonminority",Personal/family savings of owner(s),34094,8347419
"Professional, scientific, and technical services","Equally veteran/nonveteran, nonminority",Personal/family assets other than savings of owner(s),3470,677102
"Professional, scientific, and technical services","Equally veteran/nonveteran, nonminority",Personal/family home equity loan,1955,425695
"Professional, scientific, and technical services","Equally veteran/nonveteran, nonminority",Personal credit card(s) carrying balances,3879,578467
"Professional, scientific, and technical services","Equally veteran/nonveteran, nonminority",Business credit card(s) carrying balances,1294,325645
"Professional, scientific, and technical services","Equally veteran/nonveteran, nonminority","Business loan from federal, state, or local government",11,S
"Professional, scientific, and technical services","Equally veteran/nonveteran, nonminority",Government-guaranteed business loan from a bank or financial institution,135,103577
"Professional, scientific, and technical services","Equally veteran/nonveteran, nonminority",Business loan from a bank or financial institution,3101,1773440
"Professional, scientific, and technical services","Equally veteran/nonveteran, nonminority",Business loan/investment from family/friends,456,260451
"Professional, scientific, and technical services","Equally veteran/nonveteran, nonminority",Investment by venture capitalist(s),91,30541
"Professional, scientific, and technical services","Equally veteran/nonveteran, nonminority",Grants,78,S
"Professional, scientific, and technical services","Equally veteran/nonveteran, nonminority",Other source(s) of capital,1027,530633
"Professional, scientific, and technical services","Equally veteran/nonveteran, nonminority",Don't know,1744,2643509
"Professional, scientific, and technical services","Equally veteran/nonveteran, nonminority",None needed,7688,1168843
"Professional, scientific, and technical services","Equally veteran/nonveteran, nonminority",Total reporting,47742(r),13642038(r)
"Professional, scientific, and technical services","Equally veteran/nonveteran, nonminority",Item not reported,266(r),108091(r)
"Professional, scientific, and technical services",Nonveteran,All firms,3384743,777556882
"Professional, scientific, and technical services",Nonveteran,Personal/family savings of owner(s),1519313,337725272
"Professional, scientific, and technical services",Nonveteran,Personal/family assets other than savings of owner(s),109296,32063669
"Professional, scientific, and technical services",Nonveteran,Personal/family home equity loan,47137,22341972
"Professional, scientific, and technical services",Nonveteran,Personal credit card(s) carrying balances,193942,35824393
"Professional, scientific, and technical services",Nonveteran,Business credit card(s) carrying balances,62008,15306837
"Professional, scientific, and technical services",Nonveteran,"Business loan from federal, state, or local government",1180,693237
"Professional, scientific, and technical services",Nonveteran,Government-guaranteed business loan from a bank or financial institution,8067,5234979
"Professional, scientific, and technical services",Nonveteran,Business loan from a bank or financial institution,73047,56223825
"Professional, scientific, and technical services",Nonveteran,Business loan/investment from family/friends,27375,15701113
"Professional, scientific, and technical services",Nonveteran,Investment by venture capitalist(s),5808,7129028
"Professional, scientific, and technical services",Nonveteran,Grants,6883,1430054
"Professional, scientific, and technical services",Nonveteran,Other source(s) of capital,35880,20841592
"Professional, scientific, and technical services",Nonveteran,Don't know,117847,136174212
"Professional, scientific, and technical services",Nonveteran,None needed,748372,51981096
"Professional, scientific, and technical services",Nonveteran,Total reporting,2521989(r),579160756(r)
"Professional, scientific, and technical services",Nonveteran,Item not reported,32407(r),5177168(r)
"Professional, scientific, and technical services","Nonveteran, female-owned",All firms,1290947,135810703
"Professional, scientific, and technical services","Nonveteran, female-owned",Personal/family savings of owner(s),505915,63091090
"Professional, scientific, and technical services","Nonveteran, female-owned",Personal/family assets other than savings of owner(s),33152,5379099
"Professional, scientific, and technical services","Nonveteran, female-owned",Personal/family home equity loan,11617,3495890
"Professional, scientific, and technical services","Nonveteran, female-owned",Personal credit card(s) carrying balances,67896,8077850
"Professional, scientific, and technical services","Nonveteran, female-owned",Business credit card(s) carrying balances,19366,3169361
"Professional, scientific, and technical services","Nonveteran, female-owned","Business loan from federal, state, or local government",473,291197
"Professional, scientific, and technical services","Nonveteran, female-owned",Government-guaranteed business loan from a bank or financial institution,2399,1180059
"Professional, scientific, and technical services","Nonveteran, female-owned",Business loan from a bank or financial institution,16564,8098370
"Professional, scientific, and technical services","Nonveteran, female-owned",Business loan/investment from family/friends,7819,2911888
"Professional, scientific, and technical services","Nonveteran, female-owned",Investment by venture capitalist(s),719,888276
"Professional, scientific, and technical services","Nonveteran, female-owned",Grants,2088,151096
"Professional, scientific, and technical services","Nonveteran, female-owned",Other source(s) of capital,10296,3272644
"Professional, scientific, and technical services","Nonveteran, female-owned",Don't know,33660,13586764
"Professional, scientific, and technical services","Nonveteran, female-owned",None needed,344489,14489524
"Professional, scientific, and technical services","Nonveteran, female-owned",Total reporting,930202(r),101184953(r)
"Professional, scientific, and technical services","Nonveteran, female-owned",Item not reported,15636(r),1022095(r)
"Professional, scientific, and technical services","Nonveteran, male-owned",All firms,1873554,590271138
"Professional, scientific, and technical services","Nonveteran, male-owned",Personal/family savings of owner(s),879844,249455928
"Professional, scientific, and technical services","Nonveteran, male-owned",Personal/family assets other than savings of owner(s),61688,23662289
"Professional, scientific, and technical services","Nonveteran, male-owned",Personal/family home equity loan,27831,17046203
"Professional, scientific, and technical services","Nonveteran, male-owned",Personal credit card(s) carrying balances,108893,24925179
"Professional, scientific, and technical services","Nonveteran, male-owned",Business credit card(s) carrying balances,35591,10764504
"Professional, scientific, and technical services","Nonveteran, male-owned","Business loan from federal, state, or local government",469,376261
"Professional, scientific, and technical services","Nonveteran, male-owned",Government-guaranteed business loan from a bank or financial institution,4334,3425410
"Professional, scientific, and technical services","Nonveteran, male-owned",Business loan from a bank or financial institution,46943,43870304
"Professional, scientific, and technical services","Nonveteran, male-owned",Business loan/investment from family/friends,16407,11689410
"Professional, scientific, and technical services","Nonveteran, male-owned",Investment by venture capitalist(s),4748,6094246
"Professional, scientific, and technical services","Nonveteran, male-owned",Grants,4127,1220155
"Professional, scientific, and technical services","Nonveteran, male-owned",Other source(s) of capital,22799,16548767
"Professional, scientific, and technical services","Nonveteran, male-owned",Don't know,77996,117756956
"Professional, scientific, and technical services","Nonveteran, male-owned",None needed,374184,34286885
"Professional, scientific, and technical services","Nonveteran, male-owned",Total reporting,1408741(r),441304421(r)
"Professional, scientific, and technical services","Nonveteran, male-owned",Item not reported,15816(r),3687181(r)
"Professional, scientific, and technical services","Nonveteran, equally male-/female-owned",All firms,220242,51475041
"Professional, scientific, and technical services","Nonveteran, equally male-/female-owned",Personal/family savings of owner(s),133555,25178254
"Professional, scientific, and technical services","Nonveteran, equally male-/female-owned",Personal/family assets other than savings of owner(s),14456,3022282
"Professional, scientific, and technical services","Nonveteran, equally male-/female-owned",Personal/family home equity loan,7689,1799879
"Professional, scientific, and technical services","Nonveteran, equally male-/female-owned",Personal credit card(s) carrying balances,17153,2821365
"Professional, scientific, and technical services","Nonveteran, equally male-/female-owned",Business credit card(s) carrying balances,7050,1372971
"Professional, scientific, and technical services","Nonveteran, equally male-/female-owned","Business loan from federal, state, or local government",237,25779
"Professional, scientific, and technical services","Nonveteran, equally male-/female-owned",Government-guaranteed business loan from a bank or financial institution,1334,629511
"Professional, scientific, and technical services","Nonveteran, equally male-/female-owned",Business loan from a bank or financial institution,9541,4255151
"Professional, scientific, and technical services","Nonveteran, equally male-/female-owned",Business loan/investment from family/friends,3150,1099815
"Professional, scientific, and technical services","Nonveteran, equally male-/female-owned",Investment by venture capitalist(s),340,146506
"Professional, scientific, and technical services","Nonveteran, equally male-/female-owned",Grants,668,58803
"Professional, scientific, and technical services","Nonveteran, equally male-/female-owned",Other source(s) of capital,2785,1020182
"Professional, scientific, and technical services","Nonveteran, equally male-/female-owned",Don't know,6192,4830492
"Professional, scientific, and technical services","Nonveteran, equally male-/female-owned",None needed,29699,3204687
"Professional, scientific, and technical services","Nonveteran, equally male-/female-owned",Total reporting,183045(r),36671382(r)
"Professional, scientific, and technical services","Nonveteran, equally male-/female-owned",Item not reported,956(r),467892(r)
"Professional, scientific, and technical services","Nonveteran, Hispanic",All firms,255518,28365925
"Professional, scientific, and technical services","Nonveteran, Hispanic",Personal/family savings of owner(s),82083,11713315
"Professional, scientific, and technical services","Nonveteran, Hispanic",Personal/family assets other than savings of owner(s),5990,959803
"Professional, scientific, and technical services","Nonveteran, Hispanic",Personal/family home equity loan,2426,798451
"Professional, scientific, and technical services","Nonveteran, Hispanic",Personal credit card(s) carrying balances,14087,2056655
"Professional, scientific, and technical services","Nonveteran, Hispanic",Business credit card(s) carrying balances,3539,1019766
"Professional, scientific, and technical services","Nonveteran, Hispanic","Business loan from federal, state, or local government",73,S
"Professional, scientific, and technical services","Nonveteran, Hispanic",Government-guaranteed business loan from a bank or financial institution,241,100558
"Professional, scientific, and technical services","Nonveteran, Hispanic",Business loan from a bank or financial institution,2867,1640714
"Professional, scientific, and technical services","Nonveteran, Hispanic",Business loan/investment from family/friends,1284,825270
"Professional, scientific, and technical services","Nonveteran, Hispanic",Investment by venture capitalist(s),117,109383
"Professional, scientific, and technical services","Nonveteran, Hispanic",Grants,421,30384
"Professional, scientific, and technical services","Nonveteran, Hispanic",Other source(s) of capital,2324,447711
"Professional, scientific, and technical services","Nonveteran, Hispanic",Don't know,7057,3156398
"Professional, scientific, and technical services","Nonveteran, Hispanic",None needed,41321,2305745
"Professional, scientific, and technical services","Nonveteran, Hispanic",Total reporting,138835(r),18645604(r)
"Professional, scientific, and technical services","Nonveteran, Hispanic",Item not reported,3036(r),153654(r)
"Professional, scientific, and technical services","Nonveteran, equally Hispanic/non-Hispanic",All firms,15782,3721546
"Professional, scientific, and technical services","Nonveteran, equally Hispanic/non-Hispanic",Personal/family savings of owner(s),9106,1730323
"Professional, scientific, and technical services","Nonveteran, equally Hispanic/non-Hispanic",Personal/family assets other than savings of owner(s),901,126845
"Professional, scientific, and technical services","Nonveteran, equally Hispanic/non-Hispanic",Personal/family home equity loan,280,124579
"Professional, scientific, and technical services","Nonveteran, equally Hispanic/non-Hispanic",Personal credit card(s) carrying balances,1506,299796
"Professional, scientific, and technical services","Nonveteran, equally Hispanic/non-Hispanic",Business credit card(s) carrying balances,653,132609
"Professional, scientific, and technical services","Nonveteran, equally Hispanic/non-Hispanic","Business loan from federal, state, or local government",0,0
"Professional, scientific, and technical services","Nonveteran, equally Hispanic/non-Hispanic",Government-guaranteed business loan from a bank or financial institution,93,S
"Professional, scientific, and technical services","Nonveteran, equally Hispanic/non-Hispanic",Business loan from a bank or financial institution,411,311223
"Professional, scientific, and technical services","Nonveteran, equally Hispanic/non-Hispanic",Business loan/investment from family/friends,359,71448
"Professional, scientific, and technical services","Nonveteran, equally Hispanic/non-Hispanic",Investment by venture capitalist(s),63,S
"Professional, scientific, and technical services","Nonveteran, equally Hispanic/non-Hispanic",Grants,93,6665
"Professional, scientific, and technical services","Nonveteran, equally Hispanic/non-Hispanic",Other source(s) of capital,210,S
"Professional, scientific, and technical services","Nonveteran, equally Hispanic/non-Hispanic",Don't know,236,358436
"Professional, scientific, and technical services","Nonveteran, equally Hispanic/non-Hispanic",None needed,1743,155204
"Professional, scientific, and technical services","Nonveteran, equally Hispanic/non-Hispanic",Total reporting,11872,2470483
"Professional, scientific, and technical services","Nonveteran, equally Hispanic/non-Hispanic",Item not reported,39,S
"Professional, scientific, and technical services","Nonveteran, non-Hispanic",All firms,3113443,745469411
"Professional, scientific, and technical services","Nonveteran, non-Hispanic",Personal/family savings of owner(s),1428125,324281634
"Professional, scientific, and technical services","Nonveteran, non-Hispanic",Personal/family assets other than savings of owner(s),102405,30977021
"Professional, scientific, and technical services","Nonveteran, non-Hispanic",Personal/family home equity loan,44431,21418943
"Professional, scientific, and technical services","Nonveteran, non-Hispanic",Personal credit card(s) carrying balances,178349,33467942
"Professional, scientific, and technical services","Nonveteran, non-Hispanic",Business credit card(s) carrying balances,57815,14154462
"Professional, scientific, and technical services","Nonveteran, non-Hispanic","Business loan from federal, state, or local government",1106,612849
"Professional, scientific, and technical services","Nonveteran, non-Hispanic",Government-guaranteed business loan from a bank or financial institution,7733,5094042
"Professional, scientific, and technical services","Nonveteran, non-Hispanic",Business loan from a bank or financial institution,69770,54271888
"Professional, scientific, and technical services","Nonveteran, non-Hispanic",Business loan/investment from family/friends,25733,14804395
"Professional, scientific, and technical services","Nonveteran, non-Hispanic",Investment by venture capitalist(s),5628,7012890
"Professional, scientific, and technical services","Nonveteran, non-Hispanic",Grants,6369,1393005
"Professional, scientific, and technical services","Nonveteran, non-Hispanic",Other source(s) of capital,33347,20126324
"Professional, scientific, and technical services","Nonveteran, non-Hispanic",Don't know,110555,132659378
"Professional, scientific, and technical services","Nonveteran, non-Hispanic",None needed,705308,49520147
"Professional, scientific, and technical services","Nonveteran, non-Hispanic",Total reporting,2371281(r),558044669(r)
"Professional, scientific, and technical services","Nonveteran, non-Hispanic",Item not reported,29332(r),4797841(r)
"Professional, scientific, and technical services","Nonveteran, White",All firms,2883001,689147203
"Professional, scientific, and technical services","Nonveteran, White",Personal/family savings of owner(s),1330448,297781202
"Professional, scientific, and technical services","Nonveteran, White",Personal/family assets other than savings of owner(s),96014,28952456
"Professional, scientific, and technical services","Nonveteran, White",Personal/family home equity loan,41662,19898631
"Professional, scientific, and technical services","Nonveteran, White",Personal credit card(s) carrying balances,168839,31818052
"Professional, scientific, and technical services","Nonveteran, White",Business credit card(s) carrying balances,54951,13584280
"Professional, scientific, and technical services","Nonveteran, White","Business loan from federal, state, or local government",1066,638621
"Professional, scientific, and technical services","Nonveteran, White",Government-guaranteed business loan from a bank or financial institution,7468,4966041
"Professional, scientific, and technical services","Nonveteran, White",Business loan from a bank or financial institution,67908,52703490
"Professional, scientific, and technical services","Nonveteran, White",Business loan/investment from family/friends,24326,14124191
"Professional, scientific, and technical services","Nonveteran, White",Investment by venture capitalist(s),5007,5959027
"Professional, scientific, and technical services","Nonveteran, White",Grants,6133,1084189
"Professional, scientific, and technical services","Nonveteran, White",Other source(s) of capital,30205,19128504
"Professional, scientific, and technical services","Nonveteran, White",Don't know,102238,124734415
"Professional, scientific, and technical services","Nonveteran, White",None needed,671596,47670976
"Professional, scientific, and technical services","Nonveteran, White",Total reporting,2226786(r),519507742(r)
"Professional, scientific, and technical services","Nonveteran, White",Item not reported,27287(r),4601594(r)
"Professional, scientific, and technical services","Nonveteran, Black or African American",All firms,180695,12609536
"Professional, scientific, and technical services","Nonveteran, Black or African American",Personal/family savings of owner(s),56088,5471805
"Professional, scientific, and technical services","Nonveteran, Black or African American",Personal/family assets other than savings of owner(s),4860,610412
"Professional, scientific, and technical services","Nonveteran, Black or African American",Personal/family home equity loan,1130,253772
"Professional, scientific, and technical services","Nonveteran, Black or African American",Personal credit card(s) carrying balances,10378,1022775
"Professional, scientific, and technical services","Nonveteran, Black or African American",Business credit card(s) carrying balances,2928,352105
"Professional, scientific, and technical services","Nonveteran, Black or African American","Business loan from federal, state, or local government",26,35937
"Professional, scientific, and technical services","Nonveteran, Black or African American",Government-guaranteed business loan from a bank or financial institution,355,105249
"Professional, scientific, and technical services","Nonveteran, Black or African American",Business loan from a bank or financial institution,1273,523972
"Professional, scientific, and technical services","Nonveteran, Black or African American",Business loan/investment from family/friends,876,165652
"Professional, scientific, and technical services","Nonveteran, Black or African American",Investment by venture capitalist(s),19,S
"Professional, scientific, and technical services","Nonveteran, Black or African American",Grants,166,33666
"Professional, scientific, and technical services","Nonveteran, Black or African American",Other source(s) of capital,2023,344357
"Professional, scientific, and technical services","Nonveteran, Black or African American",Don't know,3369,558480
"Professional, scientific, and technical services","Nonveteran, Black or African American",None needed,22659,691868
"Professional, scientific, and technical services","Nonveteran, Black or African American",Total reporting,87634(r),7461475(r)
"Professional, scientific, and technical services","Nonveteran, Black or African American",Item not reported,1902(r),107641(r)
"Professional, scientific, and technical services","Nonveteran, American Indian and Alaska Native",All firms,26739,2651182
"Professional, scientific, and technical services","Nonveteran, American Indian and Alaska Native",Personal/family savings of owner(s),11125,1498448
"Professional, scientific, and technical services","Nonveteran, American Indian and Alaska Native",Personal/family assets other than savings of owner(s),1038,281408
"Professional, scientific, and technical services","Nonveteran, American Indian and Alaska Native",Personal/family home equity loan,242,110870
"Professional, scientific, and technical services","Nonveteran, American Indian and Alaska Native",Personal credit card(s) carrying balances,1979,306359
"Professional, scientific, and technical services","Nonveteran, American Indian and Alaska Native",Business credit card(s) carrying balances,428,145799
"Professional, scientific, and technical services","Nonveteran, American Indian and Alaska Native","Business loan from federal, state, or local government",76,S
"Professional, scientific, and technical services","Nonveteran, American Indian and Alaska Native",Government-guaranteed business loan from a bank or financial institution,30,7721
"Professional, scientific, and technical services","Nonveteran, American Indian and Alaska Native",Business loan from a bank or financial institution,420,182608
"Professional, scientific, and technical services","Nonveteran, American Indian and Alaska Native",Business loan/investment from family/friends,331,53904
"Professional, scientific, and technical services","Nonveteran, American Indian and Alaska Native",Investment by venture capitalist(s),21,S
"Professional, scientific, and technical services","Nonveteran, American Indian and Alaska Native",Grants,34,S
"Professional, scientific, and technical services","Nonveteran, American Indian and Alaska Native",Other source(s) of capital,455,62728
"Professional, scientific, and technical services","Nonveteran, American Indian and Alaska Native",Don't know,310,169916
"Professional, scientific, and technical services","Nonveteran, American Indian and Alaska Native",None needed,4649,170940
"Professional, scientific, and technical services","Nonveteran, American Indian and Alaska Native",Total reporting,17167(r),2044628(r)
"Professional, scientific, and technical services","Nonveteran, American Indian and Alaska Native",Item not reported,555(r),85808(r)
"Professional, scientific, and technical services","Nonveteran, Asian",All firms,267661,66265795
"Professional, scientific, and technical services","Nonveteran, Asian",Personal/family savings of owner(s),119213,30247310
"Professional, scientific, and technical services","Nonveteran, Asian",Personal/family assets other than savings of owner(s),6610,2004970
"Professional, scientific, and technical services","Nonveteran, Asian",Personal/family home equity loan,3829,1681429
"Professional, scientific, and technical services","Nonveteran, Asian",Personal credit card(s) carrying balances,13508,2431864
"Professional, scientific, and technical services","Nonveteran, Asian",Business credit card(s) carrying balances,4103,1056574
"Professional, scientific, and technical services","Nonveteran, Asian","Business loan from federal, state, or local government",56,S
"Professional, scientific, and technical services","Nonveteran, Asian",Government-guaranteed business loan from a bank or financial institution,228,100184
"Professional, scientific, and technical services","Nonveteran, Asian",Business loan from a bank or financial institution,2988,2032209
"Professional, scientific, and technical services","Nonveteran, Asian",Business loan/investment from family/friends,1952,881876
"Professional, scientific, and technical services","Nonveteran, Asian",Investment by venture capitalist(s),673,1019983
"Professional, scientific, and technical services","Nonveteran, Asian",Grants,551,304325
"Professional, scientific, and technical services","Nonveteran, Asian",Other source(s) of capital,3059,1171303
"Professional, scientific, and technical services","Nonveteran, Asian",Don't know,10055,9641608
"Professional, scientific, and technical services","Nonveteran, Asian",None needed,49327,3316721
"Professional, scientific, and technical services","Nonveteran, Asian",Total reporting,185353(r),45823975(r)
"Professional, scientific, and technical services","Nonveteran, Asian",Item not reported,2481(r),385828(r)
"Professional, scientific, and technical services","Nonveteran, Native Hawaiian and Other Pacific Islander",All firms,5445,698078
"Professional, scientific, and technical services","Nonveteran, Native Hawaiian and Other Pacific Islander",Personal/family savings of owner(s),2139,276918
"Professional, scientific, and technical services","Nonveteran, Native Hawaiian and Other Pacific Islander",Personal/family assets other than savings of owner(s),165,7255
"Professional, scientific, and technical services","Nonveteran, Native Hawaiian and Other Pacific Islander",Personal/family home equity loan,20,S
"Professional, scientific, and technical services","Nonveteran, Native Hawaiian and Other Pacific Islander",Personal credit card(s) carrying balances,321,116909
"Professional, scientific, and technical services","Nonveteran, Native Hawaiian and Other Pacific Islander",Business credit card(s) carrying balances,58,S
"Professional, scientific, and technical services","Nonveteran, Native Hawaiian and Other Pacific Islander","Business loan from federal, state, or local government",4,S
"Professional, scientific, and technical services","Nonveteran, Native Hawaiian and Other Pacific Islander",Government-guaranteed business loan from a bank or financial institution,14,S
"Professional, scientific, and technical services","Nonveteran, Native Hawaiian and Other Pacific Islander",Business loan from a bank or financial institution,104,95518
"Professional, scientific, and technical services","Nonveteran, Native Hawaiian and Other Pacific Islander",Business loan/investment from family/friends,94,15234
"Professional, scientific, and technical services","Nonveteran, Native Hawaiian and Other Pacific Islander",Investment by venture capitalist(s),4,S
"Professional, scientific, and technical services","Nonveteran, Native Hawaiian and Other Pacific Islander",Grants,4,S
"Professional, scientific, and technical services","Nonveteran, Native Hawaiian and Other Pacific Islander",Other source(s) of capital,85,3338
"Professional, scientific, and technical services","Nonveteran, Native Hawaiian and Other Pacific Islander",Don't know,368,S
"Professional, scientific, and technical services","Nonveteran, Native Hawaiian and Other Pacific Islander",None needed,929,19476
"Professional, scientific, and technical services","Nonveteran, Native Hawaiian and Other Pacific Islander",Total reporting,3637(r),655619(r)
"Professional, scientific, and technical services","Nonveteran, Native Hawaiian and Other Pacific Islander",Item not reported,21(r),546(r)
"Professional, scientific, and technical services","Nonveteran, some other race",All firms,62846,6526778
"Professional, scientific, and technical services","Nonveteran, some other race",Personal/family savings of owner(s),15775,2499860
"Professional, scientific, and technical services","Nonveteran, some other race",Personal/family assets other than savings of owner(s),1318,257643
"Professional, scientific, and technical services","Nonveteran, some other race",Personal/family home equity loan,408,S
"Professional, scientific, and technical services","Nonveteran, some other race",Personal credit card(s) carrying balances,2599,S
"Professional, scientific, and technical services","Nonveteran, some other race",Business credit card(s) carrying balances,559,S
"Professional, scientific, and technical services","Nonveteran, some other race","Business loan from federal, state, or local government",5,S
"Professional, scientific, and technical services","Nonveteran, some other race",Government-guaranteed business loan from a bank or financial institution,42,S
"Professional, scientific, and technical services","Nonveteran, some other race",Business loan from a bank or financial institution,687,S
"Professional, scientific, and technical services","Nonveteran, some other race",Business loan/investment from family/friends,322,S
"Professional, scientific, and technical services","Nonveteran, some other race",Investment by venture capitalist(s),6,54268
"Professional, scientific, and technical services","Nonveteran, some other race",Grants,49,S
"Professional, scientific, and technical services","Nonveteran, some other race",Other source(s) of capital,702,52482
"Professional, scientific, and technical services","Nonveteran, some other race",Don't know,2297,862228
"Professional, scientific, and technical services","Nonveteran, some other race",None needed,8627,S
"Professional, scientific, and technical services","Nonveteran, some other race",Total reporting,28268(r),4513161(r)
"Professional, scientific, and technical services","Nonveteran, some other race",Item not reported,1210(r),28188(r)
"Professional, scientific, and technical services","Nonveteran, minority",All firms,722219,111139033
"Professional, scientific, and technical services","Nonveteran, minority",Personal/family savings of owner(s),266891,49635717
"Professional, scientific, and technical services","Nonveteran, minority",Personal/family assets other than savings of owner(s),18477,3955353
"Professional, scientific, and technical services","Nonveteran, minority",Personal/family home equity loan,7613,2838932
"Professional, scientific, and technical services","Nonveteran, minority",Personal credit card(s) carrying balances,39770,5718077
"Professional, scientific, and technical services","Nonveteran, minority",Business credit card(s) carrying balances,10896,2456645
"Professional, scientific, and technical services","Nonveteran, minority","Business loan from federal, state, or local government",224,141278
"Professional, scientific, and technical services","Nonveteran, minority",Government-guaranteed business loan from a bank or financial institution,902,388401
"Professional, scientific, and technical services","Nonveteran, minority",Business loan from a bank or financial institution,7483,4554989
"Professional, scientific, and technical services","Nonveteran, minority",Business loan/investment from family/friends,4411,1933038
"Professional, scientific, and technical services","Nonveteran, minority",Investment by venture capitalist(s),884,1174457
"Professional, scientific, and technical services","Nonveteran, minority",Grants,1103,386058
"Professional, scientific, and technical services","Nonveteran, minority",Other source(s) of capital,7866,2081270
"Professional, scientific, and technical services","Nonveteran, minority",Don't know,20973,13841235
"Professional, scientific, and technical services","Nonveteran, minority",None needed,116532,6512270
"Professional, scientific, and technical services","Nonveteran, minority",Total reporting,426310(r),75168910(r)
"Professional, scientific, and technical services","Nonveteran, minority",Item not reported,7745(r),727022(r)
"Professional, scientific, and technical services","Nonveteran, equally minority/nonminority",All firms,30123,8962375
"Professional, scientific, and technical services","Nonveteran, equally minority/nonminority",Personal/family savings of owner(s),18015,4353223
"Professional, scientific, and technical services","Nonveteran, equally minority/nonminority",Personal/family assets other than savings of owner(s),2073,518742
"Professional, scientific, and technical services","Nonveteran, equally minority/nonminority",Personal/family home equity loan,830,341068
"Professional, scientific, and technical services","Nonveteran, equally minority/nonminority",Personal credit card(s) carrying balances,2106,664860
"Professional, scientific, and technical services","Nonveteran, equally minority/nonminority",Business credit card(s) carrying balances,922,207072
"Professional, scientific, and technical services","Nonveteran, equally minority/nonminority","Business loan from federal, state, or local government",0,0
"Professional, scientific, and technical services","Nonveteran, equally minority/nonminority",Government-guaranteed business loan from a bank or financial institution,112,65388
"Professional, scientific, and technical services","Nonveteran, equally minority/nonminority",Business loan from a bank or financial institution,871,682229
"Professional, scientific, and technical services","Nonveteran, equally minority/nonminority",Business loan/investment from family/friends,527,270230
"Professional, scientific, and technical services","Nonveteran, equally minority/nonminority",Investment by venture capitalist(s),63,S
"Professional, scientific, and technical services","Nonveteran, equally minority/nonminority",Grants,142,13774
"Professional, scientific, and technical services","Nonveteran, equally minority/nonminority",Other source(s) of capital,447,403537
"Professional, scientific, and technical services","Nonveteran, equally minority/nonminority",Don't know,984,776524
"Professional, scientific, and technical services","Nonveteran, equally minority/nonminority",None needed,3534,410933
"Professional, scientific, and technical services","Nonveteran, equally minority/nonminority",Total reporting,23948,6012862
"Professional, scientific, and technical services","Nonveteran, equally minority/nonminority",Item not reported,61,S
"Professional, scientific, and technical services","Nonveteran, nonminority",All firms,2632401,657455474
"Professional, scientific, and technical services","Nonveteran, nonminority",Personal/family savings of owner(s),1234407,283736332
"Professional, scientific, and technical services","Nonveteran, nonminority",Personal/family assets other than savings of owner(s),88746,27589573
"Professional, scientific, and technical services","Nonveteran, nonminority",Personal/family home equity loan,38693,19161973
"Professional, scientific, and technical services","Nonveteran, nonminority",Personal credit card(s) carrying balances,152065,29441456
"Professional, scientific, and technical services","Nonveteran, nonminority",Business credit card(s) carrying balances,50189,12643119
"Professional, scientific, and technical services","Nonveteran, nonminority","Business loan from federal, state, or local government",956,551959
"Professional, scientific, and technical services","Nonveteran, nonminority",Government-guaranteed business loan from a bank or financial institution,7053,4781190
"Professional, scientific, and technical services","Nonveteran, nonminority",Business loan from a bank or financial institution,64693,50986607
"Professional, scientific, and technical services","Nonveteran, nonminority",Business loan/investment from family/friends,22437,13497845
"Professional, scientific, and technical services","Nonveteran, nonminority",Investment by venture capitalist(s),4861,5846383
"Professional, scientific, and technical services","Nonveteran, nonminority",Grants,5638,1030222
"Professional, scientific, and technical services","Nonveteran, nonminority",Other source(s) of capital,27568,18356785
"Professional, scientific, and technical services","Nonveteran, nonminority",Don't know,95890,121556454
"Professional, scientific, and technical services","Nonveteran, nonminority",None needed,628305,45057893
"Professional, scientific, and technical services","Nonveteran, nonminority",Total reporting,2071731(r),497978984(r)
"Professional, scientific, and technical services","Nonveteran, nonminority",Item not reported,24602(r),4190893(r)
"Professional, scientific, and technical services","All firms classifiable by gender, ethnicity, race, and veteran status",All firms,3868657,877237881
"Professional, scientific, and technical services","All firms classifiable by gender, ethnicity, race, and veteran status",Personal/family savings of owner(s),1749460,381585506
"Professional, scientific, and technical services","All firms classifiable by gender, ethnicity, race, and veteran status",Personal/family assets other than savings of owner(s),129050,36294738
"Professional, scientific, and technical services","All firms classifiable by gender, ethnicity, race, and veteran status",Personal/family home equity loan,55196,25567395
"Professional, scientific, and technical services","All firms classifiable by gender, ethnicity, race, and veteran status",Personal credit card(s) carrying balances,220916,40411794
"Professional, scientific, and technical services","All firms classifiable by gender, ethnicity, race, and veteran status",Business credit card(s) carrying balances,70786,17285782
"Professional, scientific, and technical services","All firms classifiable by gender, ethnicity, race, and veteran status","Business loan from federal, state, or local government",1294,885564
"Professional, scientific, and technical services","All firms classifiable by gender, ethnicity, race, and veteran status",Government-guaranteed business loan from a bank or financial institution,9280,5731135
"Professional, scientific, and technical services","All firms classifiable by gender, ethnicity, race, and veteran status",Business loan from a bank or financial institution,86591,63501918
"Professional, scientific, and technical services","All firms classifiable by gender, ethnicity, race, and veteran status",Business loan/investment from family/friends,30511,16754377
"Professional, scientific, and technical services","All firms classifiable by gender, ethnicity, race, and veteran status",Investment by venture capitalist(s),6123,7283178
"Professional, scientific, and technical services","All firms classifiable by gender, ethnicity, race, and veteran status",Grants,7396,1511266
"Professional, scientific, and technical services","All firms classifiable by gender, ethnicity, race, and veteran status",Other source(s) of capital,40278,22723324
"Professional, scientific, and technical services","All firms classifiable by gender, ethnicity, race, and veteran status",Don't know,130779,150555799
"Professional, scientific, and technical services","All firms classifiable by gender, ethnicity, race, and veteran status",None needed,839810,58686288
"Professional, scientific, and technical services","All firms classifiable by gender, ethnicity, race, and veteran status",Total reporting,2878774(r),649599733(r)
"Professional, scientific, and technical services","All firms classifiable by gender, ethnicity, race, and veteran status",Item not reported,37553(r),5720388(r)
"Professional, scientific, and technical services","Publicly held and other firms not classifiable by gender, ethnicity, race, and veteran status",All firms,29852,846703726
"Professional, scientific, and technical services","Publicly held and other firms not classifiable by gender, ethnicity, race, and veteran status",Personal/family savings of owner(s),896,1006813
"Professional, scientific, and technical services","Publicly held and other firms not classifiable by gender, ethnicity, race, and veteran status",Personal/family assets other than savings of owner(s),144,S
"Professional, scientific, and technical services","Publicly held and other firms not classifiable by gender, ethnicity, race, and veteran status",Personal/family home equity loan,76,S
"Professional, scientific, and technical services","Publicly held and other firms not classifiable by gender, ethnicity, race, and veteran status",Personal credit card(s) carrying balances,161,S
"Professional, scientific, and technical services","Publicly held and other firms not classifiable by gender, ethnicity, race, and veteran status",Business credit card(s) carrying balances,38,S
"Professional, scientific, and technical services","Publicly held and other firms not classifiable by gender, ethnicity, race, and veteran status","Business loan from federal, state, or local government",59,S
"Professional, scientific, and technical services","Publicly held and other firms not classifiable by gender, ethnicity, race, and veteran status",Government-guaranteed business loan from a bank or financial institution,8,S
"Professional, scientific, and technical services","Publicly held and other firms not classifiable by gender, ethnicity, race, and veteran status",Business loan from a bank or financial institution,33,S
"Professional, scientific, and technical services","Publicly held and other firms not classifiable by gender, ethnicity, race, and veteran status",Business loan/investment from family/friends,79,S
"Professional, scientific, and technical services","Publicly held and other firms not classifiable by gender, ethnicity, race, and veteran status",Investment by venture capitalist(s),86,319614
"Professional, scientific, and technical services","Publicly held and other firms not classifiable by gender, ethnicity, race, and veteran status",Grants,6,S
"Professional, scientific, and technical services","Publicly held and other firms not classifiable by gender, ethnicity, race, and veteran status",Other source(s) of capital,355,1020920
"Professional, scientific, and technical services","Publicly held and other firms not classifiable by gender, ethnicity, race, and veteran status",Don't know,1396,4059976
"Professional, scientific, and technical services","Publicly held and other firms not classifiable by gender, ethnicity, race, and veteran status",None needed,691,4358739
"Professional, scientific, and technical services","Publicly held and other firms not classifiable by gender, ethnicity, race, and veteran status",Total reporting,3720(r),10977956(r)
"Professional, scientific, and technical services","Publicly held and other firms not classifiable by gender, ethnicity, race, and veteran status",Item not reported,23254(r),389972652(r)
Management of companies and enterprises,All firms,All firms,26843,307226000
Management of companies and enterprises,All firms,Personal/family savings of owner(s),5571,15592417
Management of companies and enterprises,All firms,Personal/family assets other than savings of owner(s),1149,2629586
Management of companies and enterprises,All firms,Personal/family home equity loan,357,706124
Management of companies and enterprises,All firms,Personal credit card(s) carrying balances,377,394527
Management of companies and enterprises,All firms,Business credit card(s) carrying balances,200,280177
Management of companies and enterprises,All firms,"Business loan from federal, state, or local government",62,S
Management of companies and enterprises,All firms,Government-guaranteed business loan from a bank or financial institution,237,338235
Management of companies and enterprises,All firms,Business loan from a bank or financial institution,2590,6206061
Management of companies and enterprises,All firms,Business loan/investment from family/friends,511,1158980
Management of companies and enterprises,All firms,Investment by venture capitalist(s),211,1799798
Management of companies and enterprises,All firms,Grants,0,0
Management of companies and enterprises,All firms,Other source(s) of capital,636,2744937
Management of companies and enterprises,All firms,Don't know,3580,14472060
Management of companies and enterprises,All firms,None needed,767,2630094
Management of companies and enterprises,All firms,Total reporting,11922(r),38000603(r)
Management of companies and enterprises,All firms,Item not reported,5156(r),89404362(r)
Management of companies and enterprises,Female-owned,All firms,1886,4854192
Management of companies and enterprises,Female-owned,Personal/family savings of owner(s),534,1027054
Management of companies and enterprises,Female-owned,Personal/family assets other than savings of owner(s),187,205953
Management of companies and enterprises,Female-owned,Personal/family home equity loan,13,S
Management of companies and enterprises,Female-owned,Personal credit card(s) carrying balances,28,10143
Management of companies and enterprises,Female-owned,Business credit card(s) carrying balances,12,S
Management of companies and enterprises,Female-owned,"Business loan from federal, state, or local government",0,0
Management of companies and enterprises,Female-owned,Government-guaranteed business loan from a bank or financial institution,68,S
Management of companies and enterprises,Female-owned,Business loan from a bank or financial institution,187,396200
Management of companies and enterprises,Female-owned,Business loan/investment from family/friends,49,180266
Management of companies and enterprises,Female-owned,Investment by venture capitalist(s),26,29449
Management of companies and enterprises,Female-owned,Grants,0,0
Management of companies and enterprises,Female-owned,Other source(s) of capital,48,230030
Management of companies and enterprises,Female-owned,Don't know,558,1980578
Management of companies and enterprises,Female-owned,None needed,139,125348
Management of companies and enterprises,Female-owned,Total reporting,1476(r),3746245(r)
Management of companies and enterprises,Female-owned,Item not reported,4(r),S
Management of companies and enterprises,Male-owned,All firms,12782,51301786
Management of companies and enterprises,Male-owned,Personal/family savings of owner(s),4300,13613643
Management of companies and enterprises,Male-owned,Personal/family assets other than savings of owner(s),828,2178715
Management of companies and enterprises,Male-owned,Personal/family home equity loan,231,488873
Management of companies and enterprises,Male-owned,Personal credit card(s) carrying balances,211,309724
Management of companies and enterprises,Male-owned,Business credit card(s) carrying balances,162,246738
Management of companies and enterprises,Male-owned,"Business loan from federal, state, or local government",62,S
Management of companies and enterprises,Male-owned,Government-guaranteed business loan from a bank or financial institution,150,275715
Management of companies and enterprises,Male-owned,Business loan from a bank or financial institution,2075,5481730
Management of companies and enterprises,Male-owned,Business loan/investment from family/friends,383,948055
Management of companies and enterprises,Male-owned,Investment by venture capitalist(s),155,1514038
Management of companies and enterprises,Male-owned,Grants,0,0
Management of companies and enterprises,Male-owned,Other source(s) of capital,496,2329504
Management of companies and enterprises,Male-owned,Don't know,2617,10148786
Management of companies and enterprises,Male-owned,None needed,522,1608480
Management of companies and enterprises,Male-owned,Total reporting,8939(r),29448970(r)
Management of companies and enterprises,Male-owned,Item not reported,48(r),126673(r)
Management of companies and enterprises,Equally male-/female-owned,All firms,1644,2760109
Management of companies and enterprises,Equally male-/female-owned,Personal/family savings of owner(s),699,711318
Management of companies and enterprises,Equally male-/female-owned,Personal/family assets other than savings of owner(s),115,140699
Management of companies and enterprises,Equally male-/female-owned,Personal/family home equity loan,114,127606
Management of companies and enterprises,Equally male-/female-owned,Personal credit card(s) carrying balances,136,68925
Management of companies and enterprises,Equally male-/female-owned,Business credit card(s) carrying balances,25,S
Management of companies and enterprises,Equally male-/female-owned,"Business loan from federal, state, or local government",0,0
Management of companies and enterprises,Equally male-/female-owned,Government-guaranteed business loan from a bank or financial institution,19,S
Management of companies and enterprises,Equally male-/female-owned,Business loan from a bank or financial institution,304,247024
Management of companies and enterprises,Equally male-/female-owned,Business loan/investment from family/friends,76,23508
Management of companies and enterprises,Equally male-/female-owned,Investment by venture capitalist(s),2,S
Management of companies and enterprises,Equally male-/female-owned,Grants,0,0
Management of companies and enterprises,Equally male-/female-owned,Other source(s) of capital,62,88764
Management of companies and enterprises,Equally male-/female-owned,Don't know,229,480203
Management of companies and enterprises,Equally male-/female-owned,None needed,33,41293
Management of companies and enterprises,Equally male-/female-owned,Total reporting,1140,1394651
Management of companies and enterprises,Equally male-/female-owned,Item not reported,15,6961
Management of companies and enterprises,Hispanic,All firms,376,1713067
Management of companies and enterprises,Hispanic,Personal/family savings of owner(s),151,305608
Management of companies and enterprises,Hispanic,Personal/family assets other than savings of owner(s),35,60487
Management of companies and enterprises,Hispanic,Personal/family home equity loan,2,S
Management of companies and enterprises,Hispanic,Personal credit card(s) carrying balances,4,S
Management of companies and enterprises,Hispanic,Business credit card(s) carrying balances,21,S
Management of companies and enterprises,Hispanic,"Business loan from federal, state, or local government",0,0
Management of companies and enterprises,Hispanic,Government-guaranteed business loan from a bank or financial institution,2,S
Management of companies and enterprises,Hispanic,Business loan from a bank or financial institution,30,61410
Management of companies and enterprises,Hispanic,Business loan/investment from family/friends,4,S
Management of companies and enterprises,Hispanic,Investment by venture capitalist(s),2,S
Management of companies and enterprises,Hispanic,Grants,0,0
Management of companies and enterprises,Hispanic,Other source(s) of capital,27,S
Management of companies and enterprises,Hispanic,Don't know,37,104709
Management of companies and enterprises,Hispanic,None needed,17,53519
Management of companies and enterprises,Hispanic,Total reporting,225,502727
Management of companies and enterprises,Hispanic,Item not reported,0,0
Management of companies and enterprises,"Hispanic, female-owned",All firms,40,46711
Management of companies and enterprises,"Hispanic, female-owned",Personal/family savings of owner(s),10,8939
Management of companies and enterprises,"Hispanic, female-owned",Personal/family assets other than savings of owner(s),0,0
Management of companies and enterprises,"Hispanic, female-owned",Personal/family home equity loan,0,0
Management of companies and enterprises,"Hispanic, female-owned",Personal credit card(s) carrying balances,2,S
Management of companies and enterprises,"Hispanic, female-owned",Business credit card(s) carrying balances,0,0
Management of companies and enterprises,"Hispanic, female-owned","Business loan from federal, state, or local government",0,0
Management of companies and enterprises,"Hispanic, female-owned",Government-guaranteed business loan from a bank or financial institution,0,0
Management of companies and enterprises,"Hispanic, female-owned",Business loan from a bank or financial institution,0,0
Management of companies and enterprises,"Hispanic, female-owned",Business loan/investment from family/friends,0,0
Management of companies and enterprises,"Hispanic, female-owned",Investment by venture capitalist(s),0,0
Management of companies and enterprises,"Hispanic, female-owned",Grants,0,0
Management of companies and enterprises,"Hispanic, female-owned",Other source(s) of capital,0,0
Management of companies and enterprises,"Hispanic, female-owned",Don't know,14,S
Management of companies and enterprises,"Hispanic, female-owned",None needed,6,S
Management of companies and enterprises,"Hispanic, female-owned",Total reporting,33,20623
Management of companies and enterprises,"Hispanic, female-owned",Item not reported,0,0
Management of companies and enterprises,"Hispanic, male-owned",All firms,307,1624944
Management of companies and enterprises,"Hispanic, male-owned",Personal/family savings of owner(s),129,293372
Management of companies and enterprises,"Hispanic, male-owned",Personal/family assets other than savings of owner(s),33,60119
Management of companies and enterprises,"Hispanic, male-owned",Personal/family home equity loan,0,0
Management of companies and enterprises,"Hispanic, male-owned",Personal credit card(s) carrying balances,0,0
Management of companies and enterprises,"Hispanic, male-owned",Business credit card(s) carrying balances,19,S
Management of companies and enterprises,"Hispanic, male-owned","Business loan from federal, state, or local government",0,0
Management of companies and enterprises,"Hispanic, male-owned",Government-guaranteed business loan from a bank or financial institution,2,S
Management of companies and enterprises,"Hispanic, male-owned",Business loan from a bank or financial institution,28,61221
Management of companies and enterprises,"Hispanic, male-owned",Business loan/investment from family/friends,4,S
Management of companies and enterprises,"Hispanic, male-owned",Investment by venture capitalist(s),2,S
Management of companies and enterprises,"Hispanic, male-owned",Grants,0,0
Management of companies and enterprises,"Hispanic, male-owned",Other source(s) of capital,25,S
Management of companies and enterprises,"Hispanic, male-owned",Don't know,22,67407
Management of companies and enterprises,"Hispanic, male-owned",None needed,8,S
Management of companies and enterprises,"Hispanic, male-owned",Total reporting,174,448843
Management of companies and enterprises,"Hispanic, male-owned",Item not reported,0,0
Management of companies and enterprises,"Hispanic, equally male-/female-owned",All firms,29,41412
Management of companies and enterprises,"Hispanic, equally male-/female-owned",Personal/family savings of owner(s),12,3298
Management of companies and enterprises,"Hispanic, equally male-/female-owned",Personal/family assets other than savings of owner(s),2,S
Management of companies and enterprises,"Hispanic, equally male-/female-owned",Personal/family home equity loan,2,S
Management of companies and enterprises,"Hispanic, equally male-/female-owned",Personal credit card(s) carrying balances,2,S
Management of companies and enterprises,"Hispanic, equally male-/female-owned",Business credit card(s) carrying balances,2,S
Management of companies and enterprises,"Hispanic, equally male-/female-owned","Business loan from federal, state, or local government",0,0
Management of companies and enterprises,"Hispanic, equally male-/female-owned",Government-guaranteed business loan from a bank or financial institution,0,0
Management of companies and enterprises,"Hispanic, equally male-/female-owned",Business loan from a bank or financial institution,2,S
Management of companies and enterprises,"Hispanic, equally male-/female-owned",Business loan/investment from family/friends,0,0
Management of companies and enterprises,"Hispanic, equally male-/female-owned",Investment by venture capitalist(s),0,0
Management of companies and enterprises,"Hispanic, equally male-/female-owned",Grants,0,0
Management of companies and enterprises,"Hispanic, equally male-/female-owned",Other source(s) of capital,2,S
Management of companies and enterprises,"Hispanic, equally male-/female-owned",Don't know,2,S
Management of companies and enterprises,"Hispanic, equally male-/female-owned",None needed,2,S
Management of companies and enterprises,"Hispanic, equally male-/female-owned",Total reporting,18,S
Management of companies and enterprises,"Hispanic, equally male-/female-owned",Item not reported,0,0
Management of companies and enterprises,Equally Hispanic/non-Hispanic,All firms,66,157825
Management of companies and enterprises,Equally Hispanic/non-Hispanic,Personal/family savings of owner(s),13,22139
Management of companies and enterprises,Equally Hispanic/non-Hispanic,Personal/family assets other than savings of owner(s),0,0
Management of companies and enterprises,Equally Hispanic/non-Hispanic,Personal/family home equity loan,0,0
Management of companies and enterprises,Equally Hispanic/non-Hispanic,Personal credit card(s) carrying balances,4,S
Management of companies and enterprises,Equally Hispanic/non-Hispanic,Business credit card(s) carrying balances,0,0
Management of companies and enterprises,Equally Hispanic/non-Hispanic,"Business loan from federal, state, or local government",0,0
Management of companies and enterprises,Equally Hispanic/non-Hispanic,Government-guaranteed business loan from a bank or financial institution,0,0
Management of companies and enterprises,Equally Hispanic/non-Hispanic,Business loan from a bank or financial institution,2,S
Management of companies and enterprises,Equally Hispanic/non-Hispanic,Business loan/investment from family/friends,4,S
Management of companies and enterprises,Equally Hispanic/non-Hispanic,Investment by venture capitalist(s),0,0
Management of companies and enterprises,Equally Hispanic/non-Hispanic,Grants,0,0
Management of companies and enterprises,Equally Hispanic/non-Hispanic,Other source(s) of capital,2,S
Management of companies and enterprises,Equally Hispanic/non-Hispanic,Don't know,24,107096
Management of companies and enterprises,Equally Hispanic/non-Hispanic,None needed,0,0
Management of companies and enterprises,Equally Hispanic/non-Hispanic,Total reporting,39,131625
Management of companies and enterprises,Equally Hispanic/non-Hispanic,Item not reported,0,0
Management of companies and enterprises,"Equally Hispanic/non-Hispanic, female-owned",All firms,2,S
Management of companies and enterprises,"Equally Hispanic/non-Hispanic, female-owned",Personal/family savings of owner(s),0,S
Management of companies and enterprises,"Equally Hispanic/non-Hispanic, female-owned",Personal/family assets other than savings of owner(s),0,S
Management of companies and enterprises,"Equally Hispanic/non-Hispanic, female-owned",Personal/family home equity loan,0,S
Management of companies and enterprises,"Equally Hispanic/non-Hispanic, female-owned",Personal credit card(s) carrying balances,0,S
Management of companies and enterprises,"Equally Hispanic/non-Hispanic, female-owned",Business credit card(s) carrying balances,0,S
Management of companies and enterprises,"Equally Hispanic/non-Hispanic, female-owned","Business loan from federal, state, or local government",0,S
Management of companies and enterprises,"Equally Hispanic/non-Hispanic, female-owned",Government-guaranteed business loan from a bank or financial institution,0,S
Management of companies and enterprises,"Equally Hispanic/non-Hispanic, female-owned",Business loan from a bank or financial institution,0,S
Management of companies and enterprises,"Equally Hispanic/non-Hispanic, female-owned",Business loan/investment from family/friends,0,S
Management of companies and enterprises,"Equally Hispanic/non-Hispanic, female-owned",Investment by venture capitalist(s),0,S
Management of companies and enterprises,"Equally Hispanic/non-Hispanic, female-owned",Grants,0,S
Management of companies and enterprises,"Equally Hispanic/non-Hispanic, female-owned",Other source(s) of capital,2,S
Management of companies and enterprises,"Equally Hispanic/non-Hispanic, female-owned",Don't know,0,S
Management of companies and enterprises,"Equally Hispanic/non-Hispanic, female-owned",None needed,0,S
Management of companies and enterprises,"Equally Hispanic/non-Hispanic, female-owned",Total reporting,2,S
Management of companies and enterprises,"Equally Hispanic/non-Hispanic, female-owned",Item not reported,0,S
Management of companies and enterprises,"Equally Hispanic/non-Hispanic, male-owned",All firms,32,S
Management of companies and enterprises,"Equally Hispanic/non-Hispanic, male-owned",Personal/family savings of owner(s),4,S
Management of companies and enterprises,"Equally Hispanic/non-Hispanic, male-owned",Personal/family assets other than savings of owner(s),0,S
Management of companies and enterprises,"Equally Hispanic/non-Hispanic, male-owned",Personal/family home equity loan,0,S
Management of companies and enterprises,"Equally Hispanic/non-Hispanic, male-owned",Personal credit card(s) carrying balances,2,S
Management of companies and enterprises,"Equally Hispanic/non-Hispanic, male-owned",Business credit card(s) carrying balances,0,S
Management of companies and enterprises,"Equally Hispanic/non-Hispanic, male-owned","Business loan from federal, state, or local government",0,S
Management of companies and enterprises,"Equally Hispanic/non-Hispanic, male-owned",Government-guaranteed business loan from a bank or financial institution,0,S
Management of companies and enterprises,"Equally Hispanic/non-Hispanic, male-owned",Business loan from a bank or financial institution,0,S
Management of companies and enterprises,"Equally Hispanic/non-Hispanic, male-owned",Business loan/investment from family/friends,2,S
Management of companies and enterprises,"Equally Hispanic/non-Hispanic, male-owned",Investment by venture capitalist(s),0,S
Management of companies and enterprises,"Equally Hispanic/non-Hispanic, male-owned",Grants,0,S
Management of companies and enterprises,"Equally Hispanic/non-Hispanic, male-owned",Other source(s) of capital,0,S
Management of companies and enterprises,"Equally Hispanic/non-Hispanic, male-owned",Don't know,18,S
Management of companies and enterprises,"Equally Hispanic/non-Hispanic, male-owned",None needed,0,S
Management of companies and enterprises,"Equally Hispanic/non-Hispanic, male-owned",Total reporting,22,S
Management of companies and enterprises,"Equally Hispanic/non-Hispanic, male-owned",Item not reported,0,S
Management of companies and enterprises,"Equally Hispanic/non-Hispanic, equally male-/female-owned",All firms,32,128310
Management of companies and enterprises,"Equally Hispanic/non-Hispanic, equally male-/female-owned",Personal/family savings of owner(s),8,S
Management of companies and enterprises,"Equally Hispanic/non-Hispanic, equally male-/female-owned",Personal/family assets other than savings of owner(s),0,0
Management of companies and enterprises,"Equally Hispanic/non-Hispanic, equally male-/female-owned",Personal/family home equity loan,0,0
Management of companies and enterprises,"Equally Hispanic/non-Hispanic, equally male-/female-owned",Personal credit card(s) carrying balances,2,S
Management of companies and enterprises,"Equally Hispanic/non-Hispanic, equally male-/female-owned",Business credit card(s) carrying balances,0,0
Management of companies and enterprises,"Equally Hispanic/non-Hispanic, equally male-/female-owned","Business loan from federal, state, or local government",0,0
Management of companies and enterprises,"Equally Hispanic/non-Hispanic, equally male-/female-owned",Government-guaranteed business loan from a bank or financial institution,0,0
Management of companies and enterprises,"Equally Hispanic/non-Hispanic, equally male-/female-owned",Business loan from a bank or financial institution,2,S
Management of companies and enterprises,"Equally Hispanic/non-Hispanic, equally male-/female-owned",Business loan/investment from family/friends,2,S
Management of companies and enterprises,"Equally Hispanic/non-Hispanic, equally male-/female-owned",Investment by venture capitalist(s),0,0
Management of companies and enterprises,"Equally Hispanic/non-Hispanic, equally male-/female-owned",Grants,0,0
Management of companies and enterprises,"Equally Hispanic/non-Hispanic, equally male-/female-owned",Other source(s) of capital,0,0
Management of companies and enterprises,"Equally Hispanic/non-Hispanic, equally male-/female-owned",Don't know,6,86585
Management of companies and enterprises,"Equally Hispanic/non-Hispanic, equally male-/female-owned",None needed,0,0
Management of companies and enterprises,"Equally Hispanic/non-Hispanic, equally male-/female-owned",Total reporting,15,106240
Management of companies and enterprises,"Equally Hispanic/non-Hispanic, equally male-/female-owned",Item not reported,0,0
Management of companies and enterprises,Non-Hispanic,All firms,15871,57045194
Management of companies and enterprises,Non-Hispanic,Personal/family savings of owner(s),5368,15024269
Management of companies and enterprises,Non-Hispanic,Personal/family assets other than savings of owner(s),1096,2464880
Management of companies and enterprises,Non-Hispanic,Personal/family home equity loan,355,705756
Management of companies and enterprises,Non-Hispanic,Personal credit card(s) carrying balances,367,384281
Management of companies and enterprises,Non-Hispanic,Business credit card(s) carrying balances,179,263316
Management of companies and enterprises,Non-Hispanic,"Business loan from federal, state, or local government",62,S
Management of companies and enterprises,Non-Hispanic,Government-guaranteed business loan from a bank or financial institution,235,337627
Management of companies and enterprises,Non-Hispanic,Business loan from a bank or financial institution,2533,6063001
Management of companies and enterprises,Non-Hispanic,Business loan/investment from family/friends,501,1148254
Management of companies and enterprises,Non-Hispanic,Investment by venture capitalist(s),181,1545960
Management of companies and enterprises,Non-Hispanic,Grants,0,0
Management of companies and enterprises,Non-Hispanic,Other source(s) of capital,577,2603892
Management of companies and enterprises,Non-Hispanic,Don't know,3342,12397762
Management of companies and enterprises,Non-Hispanic,None needed,677,1721602
Management of companies and enterprises,Non-Hispanic,Total reporting,11291(r),33955515(r)
Management of companies and enterprises,Non-Hispanic,Item not reported,67(r),140403(r)
Management of companies and enterprises,"Non-Hispanic, female-owned",All firms,1843,4806274
Management of companies and enterprises,"Non-Hispanic, female-owned",Personal/family savings of owner(s),523,1018116
Management of companies and enterprises,"Non-Hispanic, female-owned",Personal/family assets other than savings of owner(s),187,205953
Management of companies and enterprises,"Non-Hispanic, female-owned",Personal/family home equity loan,13,S
Management of companies and enterprises,"Non-Hispanic, female-owned",Personal credit card(s) carrying balances,26,9720
Management of companies and enterprises,"Non-Hispanic, female-owned",Business credit card(s) carrying balances,12,S
Management of companies and enterprises,"Non-Hispanic, female-owned","Business loan from federal, state, or local government",0,0
Management of companies and enterprises,"Non-Hispanic, female-owned",Government-guaranteed business loan from a bank or financial institution,68,S
Management of companies and enterprises,"Non-Hispanic, female-owned",Business loan from a bank or financial institution,187,396200
Management of companies and enterprises,"Non-Hispanic, female-owned",Business loan/investment from family/friends,49,180266
Management of companies and enterprises,"Non-Hispanic, female-owned",Investment by venture capitalist(s),26,29449
Management of companies and enterprises,"Non-Hispanic, female-owned",Grants,0,0
Management of companies and enterprises,"Non-Hispanic, female-owned",Other source(s) of capital,46,227640
Management of companies and enterprises,"Non-Hispanic, female-owned",Don't know,544,1970014
Management of companies and enterprises,"Non-Hispanic, female-owned",None needed,133,124650
Management of companies and enterprises,"Non-Hispanic, female-owned",Total reporting,1441(r),3723233(r)
Management of companies and enterprises,"Non-Hispanic, female-owned",Item not reported,4(r),S
Management of companies and enterprises,"Non-Hispanic, male-owned",All firms,12444,49648534
Management of companies and enterprises,"Non-Hispanic, male-owned",Personal/family savings of owner(s),4167,13317787
Management of companies and enterprises,"Non-Hispanic, male-owned",Personal/family assets other than savings of owner(s),795,2118596
Management of companies and enterprises,"Non-Hispanic, male-owned",Personal/family home equity loan,231,488873
Management of companies and enterprises,"Non-Hispanic, male-owned",Personal credit card(s) carrying balances,209,308786
Management of companies and enterprises,"Non-Hispanic, male-owned",Business credit card(s) carrying balances,143,230089
Management of companies and enterprises,"Non-Hispanic, male-owned","Business loan from federal, state, or local government",62,S
Management of companies and enterprises,"Non-Hispanic, male-owned",Government-guaranteed business loan from a bank or financial institution,148,275108
Management of companies and enterprises,"Non-Hispanic, male-owned",Business loan from a bank or financial institution,2047,5420508
Management of companies and enterprises,"Non-Hispanic, male-owned",Business loan/investment from family/friends,377,945023
Management of companies and enterprises,"Non-Hispanic, male-owned",Investment by venture capitalist(s),153,1512818
Management of companies and enterprises,"Non-Hispanic, male-owned",Grants,0,0
Management of companies and enterprises,"Non-Hispanic, male-owned",Other source(s) of capital,471,2287676
Management of companies and enterprises,"Non-Hispanic, male-owned",Don't know,2577,10060867
Management of companies and enterprises,"Non-Hispanic, male-owned",None needed,514,1558696
Management of companies and enterprises,"Non-Hispanic, male-owned",Total reporting,8743(r),28977132(r)
Management of companies and enterprises,"Non-Hispanic, male-owned",Item not reported,48(r),126673(r)
Management of companies and enterprises,"Non-Hispanic, equally male-/female-owned",All firms,1583,2590386
Management of companies and enterprises,"Non-Hispanic, equally male-/female-owned",Personal/family savings of owner(s),678,688366
Management of companies and enterprises,"Non-Hispanic, equally male-/female-owned",Personal/family assets other than savings of owner(s),113,140331
Management of companies and enterprises,"Non-Hispanic, equally male-/female-owned",Personal/family home equity loan,112,127238
Management of companies and enterprises,"Non-Hispanic, equally male-/female-owned",Personal credit card(s) carrying balances,132,65775
Management of companies and enterprises,"Non-Hispanic, equally male-/female-owned",Business credit card(s) carrying balances,23,S
Management of companies and enterprises,"Non-Hispanic, equally male-/female-owned","Business loan from federal, state, or local government",0,0
Management of companies and enterprises,"Non-Hispanic, equally male-/female-owned",Government-guaranteed business loan from a bank or financial institution,19,S
Management of companies and enterprises,"Non-Hispanic, equally male-/female-owned",Business loan from a bank or financial institution,300,246293
Management of companies and enterprises,"Non-Hispanic, equally male-/female-owned",Business loan/investment from family/friends,74,22965
Management of companies and enterprises,"Non-Hispanic, equally male-/female-owned",Investment by venture capitalist(s),2,S
Management of companies and enterprises,"Non-Hispanic, equally male-/female-owned",Grants,0,0
Management of companies and enterprises,"Non-Hispanic, equally male-/female-owned",Other source(s) of capital,60,88575
Management of companies and enterprises,"Non-Hispanic, equally male-/female-owned",Don't know,221,366880
Management of companies and enterprises,"Non-Hispanic, equally male-/female-owned",None needed,31,38255
Management of companies and enterprises,"Non-Hispanic, equally male-/female-owned",Total reporting,1107,1255150
Management of companies and enterprises,"Non-Hispanic, equally male-/female-owned",Item not reported,15,6961
Management of companies and enterprises,White,All firms,15460,56710859
Management of companies and enterprises,White,Personal/family savings of owner(s),5243,14892434
Management of companies and enterprises,White,Personal/family assets other than savings of owner(s),1108,2462819
Management of companies and enterprises,White,Personal/family home equity loan,333,693204
Management of companies and enterprises,White,Personal credit card(s) carrying balances,338,371666
Management of companies and enterprises,White,Business credit card(s) carrying balances,192,267874
Management of companies and enterprises,White,"Business loan from federal, state, or local government",62,S
Management of companies and enterprises,White,Government-guaranteed business loan from a bank or financial institution,227,333560
Management of companies and enterprises,White,Business loan from a bank or financial institution,2481,5977199
Management of companies and enterprises,White,Business loan/investment from family/friends,500,1147734
Management of companies and enterprises,White,Investment by venture capitalist(s),178,1546617
Management of companies and enterprises,White,Grants,0,0
Management of companies and enterprises,White,Other source(s) of capital,580,2580549
Management of companies and enterprises,White,Don't know,3186,11997617
Management of companies and enterprises,White,None needed,659,1497112
Management of companies and enterprises,White,Total reporting,10928(r),33007755(r)
Management of companies and enterprises,White,Item not reported,64(r),139690(r)
Management of companies and enterprises,"White, female-owned",All firms,1762,4460659
Management of companies and enterprises,"White, female-owned",Personal/family savings of owner(s),459,834540
Management of companies and enterprises,"White, female-owned",Personal/family assets other than savings of owner(s),185,195345
Management of companies and enterprises,"White, female-owned",Personal/family home equity loan,13,S
Management of companies and enterprises,"White, female-owned",Personal credit card(s) carrying balances,24,9194
Management of companies and enterprises,"White, female-owned",Business credit card(s) carrying balances,10,3772
Management of companies and enterprises,"White, female-owned","Business loan from federal, state, or local government",0,0
Management of companies and enterprises,"White, female-owned",Government-guaranteed business loan from a bank or financial institution,66,S
Management of companies and enterprises,"White, female-owned",Business loan from a bank or financial institution,174,381900
Management of companies and enterprises,"White, female-owned",Business loan/investment from family/friends,49,180266
Management of companies and enterprises,"White, female-owned",Investment by venture capitalist(s),21,28886
Management of companies and enterprises,"White, female-owned",Grants,0,0
Management of companies and enterprises,"White, female-owned",Other source(s) of capital,41,214143
Management of companies and enterprises,"White, female-owned",Don't know,512,1638136
Management of companies and enterprises,"White, female-owned",None needed,135,125188
Management of companies and enterprises,"White, female-owned",Total reporting,1347(r),3185197(r)
Management of companies and enterprises,"White, female-owned",Item not reported,4(r),S
Management of companies and enterprises,"White, male-owned",All firms,12183,49625369
Management of companies and enterprises,"White, male-owned",Personal/family savings of owner(s),4121,13353907
Management of companies and enterprises,"White, male-owned",Personal/family assets other than savings of owner(s),807,2126776
Management of companies and enterprises,"White, male-owned",Personal/family home equity loan,229,487747
Management of companies and enterprises,"White, male-owned",Personal credit card(s) carrying balances,199,305341
Management of companies and enterprises,"White, male-owned",Business credit card(s) carrying balances,157,245043
Management of companies and enterprises,"White, male-owned","Business loan from federal, state, or local government",62,S
Management of companies and enterprises,"White, male-owned",Government-guaranteed business loan from a bank or financial institution,146,275357
Management of companies and enterprises,"White, male-owned",Business loan from a bank or financial institution,2011,5359081
Management of companies and enterprises,"White, male-owned",Business loan/investment from family/friends,374,943960
Management of companies and enterprises,"White, male-owned",Investment by venture capitalist(s),155,1514038
Management of companies and enterprises,"White, male-owned",Grants,0,0
Management of companies and enterprises,"White, male-owned",Other source(s) of capital,482,2277967
Management of companies and enterprises,"White, male-owned",Don't know,2455,9896154
Management of companies and enterprises,"White, male-owned",None needed,491,1330632
Management of companies and enterprises,"White, male-owned",Total reporting,8516(r),28475982(r)
Management of companies and enterprises,"White, male-owned",Item not reported,45(r),125961(r)
Management of companies and enterprises,"White, equally male-/female-owned",All firms,1514,2624830
Management of companies and enterprises,"White, equally male-/female-owned",Personal/family savings of owner(s),664,703987
Management of companies and enterprises,"White, equally male-/female-owned",Personal/family assets other than savings of owner(s),115,140699
Management of companies and enterprises,"White, equally male-/female-owned",Personal/family home equity loan,92,115813
Management of companies and enterprises,"White, equally male-/female-owned",Personal credit card(s) carrying balances,114,57132
Management of companies and enterprises,"White, equally male-/female-owned",Business credit card(s) carrying balances,25,S
Management of companies and enterprises,"White, equally male-/female-owned","Business loan from federal, state, or local government",0,0
Management of companies and enterprises,"White, equally male-/female-owned",Government-guaranteed business loan from a bank or financial institution,15,3181
Management of companies and enterprises,"White, equally male-/female-owned",Business loan from a bank or financial institution,296,236218
Management of companies and enterprises,"White, equally male-/female-owned",Business loan/investment from family/friends,76,23508
Management of companies and enterprises,"White, equally male-/female-owned",Investment by venture capitalist(s),2,S
Management of companies and enterprises,"White, equally male-/female-owned",Grants,0,0
Management of companies and enterprises,"White, equally male-/female-owned",Other source(s) of capital,58,88439
Management of companies and enterprises,"White, equally male-/female-owned",Don't know,219,463327
Management of companies and enterprises,"White, equally male-/female-owned",None needed,33,41293
Management of companies and enterprises,"White, equally male-/female-owned",Total reporting,1065,1346576
Management of companies and enterprises,"White, equally male-/female-owned",Item not reported,15,6961
Management of companies and enterprises,Black or African American,All firms,196,453132
Management of companies and enterprises,Black or African American,Personal/family savings of owner(s),51,44740
Management of companies and enterprises,Black or African American,Personal/family assets other than savings of owner(s),6,S
Management of companies and enterprises,Black or African American,Personal/family home equity loan,2,S
Management of companies and enterprises,Black or African American,Personal credit card(s) carrying balances,4,S
Management of companies and enterprises,Black or African American,Business credit card(s) carrying balances,2,S
Management of companies and enterprises,Black or African American,"Business loan from federal, state, or local government",0,0
Management of companies and enterprises,Black or African American,Government-guaranteed business loan from a bank or financial institution,2,S
Management of companies and enterprises,Black or African American,Business loan from a bank or financial institution,29,S
Management of companies and enterprises,Black or African American,Business loan/investment from family/friends,0,0
Management of companies and enterprises,Black or African American,Investment by venture capitalist(s),0,0
Management of companies and enterprises,Black or African American,Grants,0,0
Management of companies and enterprises,Black or African American,Other source(s) of capital,8,S
Management of companies and enterprises,Black or African American,Don't know,48,49268
Management of companies and enterprises,Black or African American,None needed,6,9839
Management of companies and enterprises,Black or African American,Total reporting,128,190784
Management of companies and enterprises,Black or African American,Item not reported,4,S
Management of companies and enterprises,"Black or African American, female-owned",All firms,37,70665
Management of companies and enterprises,"Black or African American, female-owned",Personal/family savings of owner(s),12,5064
Management of companies and enterprises,"Black or African American, female-owned",Personal/family assets other than savings of owner(s),2,S
Management of companies and enterprises,"Black or African American, female-owned",Personal/family home equity loan,0,0
Management of companies and enterprises,"Black or African American, female-owned",Personal credit card(s) carrying balances,0,0
Management of companies and enterprises,"Black or African American, female-owned",Business credit card(s) carrying balances,2,S
Management of companies and enterprises,"Black or African American, female-owned","Business loan from federal, state, or local government",0,0
Management of companies and enterprises,"Black or African American, female-owned",Government-guaranteed business loan from a bank or financial institution,2,S
Management of companies and enterprises,"Black or African American, female-owned",Business loan from a bank or financial institution,6,S
Management of companies and enterprises,"Black or African American, female-owned",Business loan/investment from family/friends,0,0
Management of companies and enterprises,"Black or African American, female-owned",Investment by venture capitalist(s),0,0
Management of companies and enterprises,"Black or African American, female-owned",Grants,0,0
Management of companies and enterprises,"Black or African American, female-owned",Other source(s) of capital,2,S
Management of companies and enterprises,"Black or African American, female-owned",Don't know,10,9447
Management of companies and enterprises,"Black or African American, female-owned",None needed,0,0
Management of companies and enterprises,"Black or African American, female-owned",Total reporting,27,40442
Management of companies and enterprises,"Black or African American, female-owned",Item not reported,0,0
Management of companies and enterprises,"Black or African American, male-owned",All firms,146,371801
Management of companies and enterprises,"Black or African American, male-owned",Personal/family savings of owner(s),37,38847
Management of companies and enterprises,"Black or African American, male-owned",Personal/family assets other than savings of owner(s),4,S
Management of companies and enterprises,"Black or African American, male-owned",Personal/family home equity loan,2,S
Management of companies and enterprises,"Black or African American, male-owned",Personal credit card(s) carrying balances,4,S
Management of companies and enterprises,"Black or African American, male-owned",Business credit card(s) carrying balances,0,0
Management of companies and enterprises,"Black or African American, male-owned","Business loan from federal, state, or local government",0,0
Management of companies and enterprises,"Black or African American, male-owned",Government-guaranteed business loan from a bank or financial institution,0,0
Management of companies and enterprises,"Black or African American, male-owned",Business loan from a bank or financial institution,22,S
Management of companies and enterprises,"Black or African American, male-owned",Business loan/investment from family/friends,0,0
Management of companies and enterprises,"Black or African American, male-owned",Investment by venture capitalist(s),0,0
Management of companies and enterprises,"Black or African American, male-owned",Grants,0,0
Management of companies and enterprises,"Black or African American, male-owned",Other source(s) of capital,6,1323
Management of companies and enterprises,"Black or African American, male-owned",Don't know,35,38646
Management of companies and enterprises,"Black or African American, male-owned",None needed,6,9839
Management of companies and enterprises,"Black or African American, male-owned",Total reporting,97,148338
Management of companies and enterprises,"Black or African American, male-owned",Item not reported,4,S
Management of companies and enterprises,"Black or African American, equally male-/female-owned",All firms,13,10666
Management of companies and enterprises,"Black or African American, equally male-/female-owned",Personal/family savings of owner(s),2,S
Management of companies and enterprises,"Black or African American, equally male-/female-owned",Personal/family assets other than savings of owner(s),0,0
Management of companies and enterprises,"Black or African American, equally male-/female-owned",Personal/family home equity loan,0,0
Management of companies and enterprises,"Black or African American, equally male-/female-owned",Personal credit card(s) carrying balances,0,0
Management of companies and enterprises,"Black or African American, equally male-/female-owned",Business credit card(s) carrying balances,0,0
Management of companies and enterprises,"Black or African American, equally male-/female-owned","Business loan from federal, state, or local government",0,0
Management of companies and enterprises,"Black or African American, equally male-/female-owned",Government-guaranteed business loan from a bank or financial institution,0,0
Management of companies and enterprises,"Black or African American, equally male-/female-owned",Business loan from a bank or financial institution,0,0
Management of companies and enterprises,"Black or African American, equally male-/female-owned",Business loan/investment from family/friends,0,0
Management of companies and enterprises,"Black or African American, equally male-/female-owned",Investment by venture capitalist(s),0,0
Management of companies and enterprises,"Black or African American, equally male-/female-owned",Grants,0,0
Management of companies and enterprises,"Black or African American, equally male-/female-owned",Other source(s) of capital,0,0
Management of companies and enterprises,"Black or African American, equally male-/female-owned",Don't know,2,S
Management of companies and enterprises,"Black or African American, equally male-/female-owned",None needed,0,0
Management of companies and enterprises,"Black or African American, equally male-/female-owned",Total reporting,4,2004
Management of companies and enterprises,"Black or African American, equally male-/female-owned",Item not reported,0,0
Management of companies and enterprises,American Indian and Alaska Native,All firms,56,152471
Management of companies and enterprises,American Indian and Alaska Native,Personal/family savings of owner(s),20,S
Management of companies and enterprises,American Indian and Alaska Native,Personal/family assets other than savings of owner(s),0,0
Management of companies and enterprises,American Indian and Alaska Native,Personal/family home equity loan,0,0
Management of companies and enterprises,American Indian and Alaska Native,Personal credit card(s) carrying balances,0,0
Management of companies and enterprises,American Indian and Alaska Native,Business credit card(s) carrying balances,0,0
Management of companies and enterprises,American Indian and Alaska Native,"Business loan from federal, state, or local government",0,0
Management of companies and enterprises,American Indian and Alaska Native,Government-guaranteed business loan from a bank or financial institution,0,0
Management of companies and enterprises,American Indian and Alaska Native,Business loan from a bank or financial institution,2,S
Management of companies and enterprises,American Indian and Alaska Native,Business loan/investment from family/friends,2,S
Management of companies and enterprises,American Indian and Alaska Native,Investment by venture capitalist(s),0,0
Management of companies and enterprises,American Indian and Alaska Native,Grants,0,0
Management of companies and enterprises,American Indian and Alaska Native,Other source(s) of capital,2,S
Management of companies and enterprises,American Indian and Alaska Native,Don't know,6,S
Management of companies and enterprises,American Indian and Alaska Native,None needed,2,S
Management of companies and enterprises,American Indian and Alaska Native,Total reporting,30,S
Management of companies and enterprises,American Indian and Alaska Native,Item not reported,0,0
Management of companies and enterprises,"American Indian and Alaska Native, female-owned",All firms,13,13674
Management of companies and enterprises,"American Indian and Alaska Native, female-owned",Personal/family savings of owner(s),0,0
Management of companies and enterprises,"American Indian and Alaska Native, female-owned",Personal/family assets other than savings of owner(s),0,0
Management of companies and enterprises,"American Indian and Alaska Native, female-owned",Personal/family home equity loan,0,0
Management of companies and enterprises,"American Indian and Alaska Native, female-owned",Personal credit card(s) carrying balances,0,0
Management of companies and enterprises,"American Indian and Alaska Native, female-owned",Business credit card(s) carrying balances,0,0
Management of companies and enterprises,"American Indian and Alaska Native, female-owned","Business loan from federal, state, or local government",0,0
Management of companies and enterprises,"American Indian and Alaska Native, female-owned",Government-guaranteed business loan from a bank or financial institution,0,0
Management of companies and enterprises,"American Indian and Alaska Native, female-owned",Business loan from a bank or financial institution,0,0
Management of companies and enterprises,"American Indian and Alaska Native, female-owned",Business loan/investment from family/friends,0,0
Management of companies and enterprises,"American Indian and Alaska Native, female-owned",Investment by venture capitalist(s),0,0
Management of companies and enterprises,"American Indian and Alaska Native, female-owned",Grants,0,0
Management of companies and enterprises,"American Indian and Alaska Native, female-owned",Other source(s) of capital,0,0
Management of companies and enterprises,"American Indian and Alaska Native, female-owned",Don't know,4,S
Management of companies and enterprises,"American Indian and Alaska Native, female-owned",None needed,2,S
Management of companies and enterprises,"American Indian and Alaska Native, female-owned",Total reporting,6,S
Management of companies and enterprises,"American Indian and Alaska Native, female-owned",Item not reported,0,0
Management of companies and enterprises,"American Indian and Alaska Native, male-owned",All firms,40,138213
Management of companies and enterprises,"American Indian and Alaska Native, male-owned",Personal/family savings of owner(s),20,S
Management of companies and enterprises,"American Indian and Alaska Native, male-owned",Personal/family assets other than savings of owner(s),0,0
Management of companies and enterprises,"American Indian and Alaska Native, male-owned",Personal/family home equity loan,0,0
Management of companies and enterprises,"American Indian and Alaska Native, male-owned",Personal credit card(s) carrying balances,0,0
Management of companies and enterprises,"American Indian and Alaska Native, male-owned",Business credit card(s) carrying balances,0,0
Management of companies and enterprises,"American Indian and Alaska Native, male-owned","Business loan from federal, state, or local government",0,0
Management of companies and enterprises,"American Indian and Alaska Native, male-owned",Government-guaranteed business loan from a bank or financial institution,0,0
Management of companies and enterprises,"American Indian and Alaska Native, male-owned",Business loan from a bank or financial institution,2,S
Management of companies and enterprises,"American Indian and Alaska Native, male-owned",Business loan/investment from family/friends,0,0
Management of companies and enterprises,"American Indian and Alaska Native, male-owned",Investment by venture capitalist(s),0,0
Management of companies and enterprises,"American Indian and Alaska Native, male-owned",Grants,0,0
Management of companies and enterprises,"American Indian and Alaska Native, male-owned",Other source(s) of capital,2,S
Management of companies and enterprises,"American Indian and Alaska Native, male-owned",Don't know,2,S
Management of companies and enterprises,"American Indian and Alaska Native, male-owned",None needed,0,0
Management of companies and enterprises,"American Indian and Alaska Native, male-owned",Total reporting,22,S
Management of companies and enterprises,"American Indian and Alaska Native, male-owned",Item not reported,0,0
Management of companies and enterprises,"American Indian and Alaska Native, equally male-/female-owned",All firms,3,584
Management of companies and enterprises,"American Indian and Alaska Native, equally male-/female-owned",Personal/family savings of owner(s),0,0
Management of companies and enterprises,"American Indian and Alaska Native, equally male-/female-owned",Personal/family assets other than savings of owner(s),0,0
Management of companies and enterprises,"American Indian and Alaska Native, equally male-/female-owned",Personal/family home equity loan,0,0
Management of companies and enterprises,"American Indian and Alaska Native, equally male-/female-owned",Personal credit card(s) carrying balances,0,0
Management of companies and enterprises,"American Indian and Alaska Native, equally male-/female-owned",Business credit card(s) carrying balances,0,0
Management of companies and enterprises,"American Indian and Alaska Native, equally male-/female-owned","Business loan from federal, state, or local government",0,0
Management of companies and enterprises,"American Indian and Alaska Native, equally male-/female-owned",Government-guaranteed business loan from a bank or financial institution,0,0
Management of companies and enterprises,"American Indian and Alaska Native, equally male-/female-owned",Business loan from a bank or financial institution,0,0
Management of companies and enterprises,"American Indian and Alaska Native, equally male-/female-owned",Business loan/investment from family/friends,2,S
Management of companies and enterprises,"American Indian and Alaska Native, equally male-/female-owned",Investment by venture capitalist(s),0,0
Management of companies and enterprises,"American Indian and Alaska Native, equally male-/female-owned",Grants,0,0
Management of companies and enterprises,"American Indian and Alaska Native, equally male-/female-owned",Other source(s) of capital,0,0
Management of companies and enterprises,"American Indian and Alaska Native, equally male-/female-owned",Don't know,0,0
Management of companies and enterprises,"American Indian and Alaska Native, equally male-/female-owned",None needed,0,0
Management of companies and enterprises,"American Indian and Alaska Native, equally male-/female-owned",Total reporting,2,S
Management of companies and enterprises,"American Indian and Alaska Native, equally male-/female-owned",Item not reported,0,0
Management of companies and enterprises,Asian,All firms,481,1493531
Management of companies and enterprises,Asian,Personal/family savings of owner(s),201,S
Management of companies and enterprises,Asian,Personal/family assets other than savings of owner(s),19,S
Management of companies and enterprises,Asian,Personal/family home equity loan,0,0
Management of companies and enterprises,Asian,Personal credit card(s) carrying balances,11,S
Management of companies and enterprises,Asian,Business credit card(s) carrying balances,7,S
Management of companies and enterprises,Asian,"Business loan from federal, state, or local government",0,0
Management of companies and enterprises,Asian,Government-guaranteed business loan from a bank or financial institution,4,S
Management of companies and enterprises,Asian,Business loan from a bank or financial institution,45,19618
Management of companies and enterprises,Asian,Business loan/investment from family/friends,16,4071
Management of companies and enterprises,Asian,Investment by venture capitalist(s),5,S
Management of companies and enterprises,Asian,Grants,0,0
Management of companies and enterprises,Asian,Other source(s) of capital,14,S
Management of companies and enterprises,Asian,Don't know,113,S
Management of companies and enterprises,Asian,None needed,20,S
Management of companies and enterprises,Asian,Total reporting,370,1238333
Management of companies and enterprises,Asian,Item not reported,0,0
Management of companies and enterprises,"Asian, female-owned",All firms,73,318600
Management of companies and enterprises,"Asian, female-owned",Personal/family savings of owner(s),58,S
Management of companies and enterprises,"Asian, female-owned",Personal/family assets other than savings of owner(s),0,0
Management of companies and enterprises,"Asian, female-owned",Personal/family home equity loan,0,0
Management of companies and enterprises,"Asian, female-owned",Personal credit card(s) carrying balances,4,949
Management of companies and enterprises,"Asian, female-owned",Business credit card(s) carrying balances,0,0
Management of companies and enterprises,"Asian, female-owned","Business loan from federal, state, or local government",0,0
Management of companies and enterprises,"Asian, female-owned",Government-guaranteed business loan from a bank or financial institution,0,0
Management of companies and enterprises,"Asian, female-owned",Business loan from a bank or financial institution,4,S
Management of companies and enterprises,"Asian, female-owned",Business loan/investment from family/friends,0,0
Management of companies and enterprises,"Asian, female-owned",Investment by venture capitalist(s),5,S
Management of companies and enterprises,"Asian, female-owned",Grants,0,0
Management of companies and enterprises,"Asian, female-owned",Other source(s) of capital,5,S
Management of companies and enterprises,"Asian, female-owned",Don't know,16,S
Management of companies and enterprises,"Asian, female-owned",None needed,0,0
Management of companies and enterprises,"Asian, female-owned",Total reporting,75,S
Management of companies and enterprises,"Asian, female-owned",Item not reported,0,0
Management of companies and enterprises,"Asian, male-owned",All firms,347,1136322
Management of companies and enterprises,"Asian, male-owned",Personal/family savings of owner(s),118,184544
Management of companies and enterprises,"Asian, male-owned",Personal/family assets other than savings of owner(s),19,S
Management of companies and enterprises,"Asian, male-owned",Personal/family home equity loan,0,0
Management of companies and enterprises,"Asian, male-owned",Personal credit card(s) carrying balances,7,S
Management of companies and enterprises,"Asian, male-owned",Business credit card(s) carrying balances,7,S
Management of companies and enterprises,"Asian, male-owned","Business loan from federal, state, or local government",0,0
Management of companies and enterprises,"Asian, male-owned",Government-guaranteed business loan from a bank or financial institution,2,S
Management of companies and enterprises,"Asian, male-owned",Business loan from a bank or financial institution,39,16123
Management of companies and enterprises,"Asian, male-owned",Business loan/investment from family/friends,16,4071
Management of companies and enterprises,"Asian, male-owned",Investment by venture capitalist(s),0,0
Management of companies and enterprises,"Asian, male-owned",Grants,0,0
Management of companies and enterprises,"Asian, male-owned",Other source(s) of capital,8,S
Management of companies and enterprises,"Asian, male-owned",Don't know,93,148201
Management of companies and enterprises,"Asian, male-owned",None needed,20,S
Management of companies and enterprises,"Asian, male-owned",Total reporting,265,703852
Management of companies and enterprises,"Asian, male-owned",Item not reported,0,0
Management of companies and enterprises,"Asian, equally male-/female-owned",All firms,61,38609
Management of companies and enterprises,"Asian, equally male-/female-owned",Personal/family savings of owner(s),25,S
Management of companies and enterprises,"Asian, equally male-/female-owned",Personal/family assets other than savings of owner(s),0,0
Management of companies and enterprises,"Asian, equally male-/female-owned",Personal/family home equity loan,0,0
Management of companies and enterprises,"Asian, equally male-/female-owned",Personal credit card(s) carrying balances,0,0
Management of companies and enterprises,"Asian, equally male-/female-owned",Business credit card(s) carrying balances,0,0
Management of companies and enterprises,"Asian, equally male-/female-owned","Business loan from federal, state, or local government",0,0
Management of companies and enterprises,"Asian, equally male-/female-owned",Government-guaranteed business loan from a bank or financial institution,2,S
Management of companies and enterprises,"Asian, equally male-/female-owned",Business loan from a bank or financial institution,2,S
Management of companies and enterprises,"Asian, equally male-/female-owned",Business loan/investment from family/friends,0,0
Management of companies and enterprises,"Asian, equally male-/female-owned",Investment by venture capitalist(s),0,0
Management of companies and enterprises,"Asian, equally male-/female-owned",Grants,0,0
Management of companies and enterprises,"Asian, equally male-/female-owned",Other source(s) of capital,0,0
Management of companies and enterprises,"Asian, equally male-/female-owned",Don't know,4,S
Management of companies and enterprises,"Asian, equally male-/female-owned",None needed,0,0
Management of companies and enterprises,"Asian, equally male-/female-owned",Total reporting,31,20399
Management of companies and enterprises,"Asian, equally male-/female-owned",Item not reported,0,0
Management of companies and enterprises,Native Hawaiian and Other Pacific Islander,All firms,8,11747
Management of companies and enterprises,Native Hawaiian and Other Pacific Islander,Personal/family savings of owner(s),2,S
Management of companies and enterprises,Native Hawaiian and Other Pacific Islander,Personal/family assets other than savings of owner(s),2,S
Management of companies and enterprises,Native Hawaiian and Other Pacific Islander,Personal/family home equity loan,0,0
Management of companies and enterprises,Native Hawaiian and Other Pacific Islander,Personal credit card(s) carrying balances,0,0
Management of companies and enterprises,Native Hawaiian and Other Pacific Islander,Business credit card(s) carrying balances,0,0
Management of companies and enterprises,Native Hawaiian and Other Pacific Islander,"Business loan from federal, state, or local government",0,0
Management of companies and enterprises,Native Hawaiian and Other Pacific Islander,Government-guaranteed business loan from a bank or financial institution,0,0
Management of companies and enterprises,Native Hawaiian and Other Pacific Islander,Business loan from a bank or financial institution,0,0
Management of companies and enterprises,Native Hawaiian and Other Pacific Islander,Business loan/investment from family/friends,0,0
Management of companies and enterprises,Native Hawaiian and Other Pacific Islander,Investment by venture capitalist(s),0,0
Management of companies and enterprises,Native Hawaiian and Other Pacific Islander,Grants,0,0
Management of companies and enterprises,Native Hawaiian and Other Pacific Islander,Other source(s) of capital,0,0
Management of companies and enterprises,Native Hawaiian and Other Pacific Islander,Don't know,2,S
Management of companies and enterprises,Native Hawaiian and Other Pacific Islander,None needed,0,0
Management of companies and enterprises,Native Hawaiian and Other Pacific Islander,Total reporting,4,S
Management of companies and enterprises,Native Hawaiian and Other Pacific Islander,Item not reported,0,0
Management of companies and enterprises,"Native Hawaiian and Other Pacific Islander, female-owned",All firms,1,S
Management of companies and enterprises,"Native Hawaiian and Other Pacific Islander, female-owned",Personal/family savings of owner(s),0,S
Management of companies and enterprises,"Native Hawaiian and Other Pacific Islander, female-owned",Personal/family assets other than savings of owner(s),0,S
Management of companies and enterprises,"Native Hawaiian and Other Pacific Islander, female-owned",Personal/family home equity loan,0,S
Management of companies and enterprises,"Native Hawaiian and Other Pacific Islander, female-owned",Personal credit card(s) carrying balances,0,S
Management of companies and enterprises,"Native Hawaiian and Other Pacific Islander, female-owned",Business credit card(s) carrying balances,0,S
Management of companies and enterprises,"Native Hawaiian and Other Pacific Islander, female-owned","Business loan from federal, state, or local government",0,S
Management of companies and enterprises,"Native Hawaiian and Other Pacific Islander, female-owned",Government-guaranteed business loan from a bank or financial institution,0,S
Management of companies and enterprises,"Native Hawaiian and Other Pacific Islander, female-owned",Business loan from a bank or financial institution,0,S
Management of companies and enterprises,"Native Hawaiian and Other Pacific Islander, female-owned",Business loan/investment from family/friends,0,S
Management of companies and enterprises,"Native Hawaiian and Other Pacific Islander, female-owned",Investment by venture capitalist(s),0,S
Management of companies and enterprises,"Native Hawaiian and Other Pacific Islander, female-owned",Grants,0,S
Management of companies and enterprises,"Native Hawaiian and Other Pacific Islander, female-owned",Other source(s) of capital,0,S
Management of companies and enterprises,"Native Hawaiian and Other Pacific Islander, female-owned",Don't know,2,S
Management of companies and enterprises,"Native Hawaiian and Other Pacific Islander, female-owned",None needed,0,S
Management of companies and enterprises,"Native Hawaiian and Other Pacific Islander, female-owned",Total reporting,2,S
Management of companies and enterprises,"Native Hawaiian and Other Pacific Islander, female-owned",Item not reported,0,S
Management of companies and enterprises,"Native Hawaiian and Other Pacific Islander, male-owned",All firms,7,10974
Management of companies and enterprises,"Native Hawaiian and Other Pacific Islander, male-owned",Personal/family savings of owner(s),2,S
Management of companies and enterprises,"Native Hawaiian and Other Pacific Islander, male-owned",Personal/family assets other than savings of owner(s),2,S
Management of companies and enterprises,"Native Hawaiian and Other Pacific Islander, male-owned",Personal/family home equity loan,0,0
Management of companies and enterprises,"Native Hawaiian and Other Pacific Islander, male-owned",Personal credit card(s) carrying balances,0,0
Management of companies and enterprises,"Native Hawaiian and Other Pacific Islander, male-owned",Business credit card(s) carrying balances,0,0
Management of companies and enterprises,"Native Hawaiian and Other Pacific Islander, male-owned","Business loan from federal, state, or local government",0,0
Management of companies and enterprises,"Native Hawaiian and Other Pacific Islander, male-owned",Government-guaranteed business loan from a bank or financial institution,0,0
Management of companies and enterprises,"Native Hawaiian and Other Pacific Islander, male-owned",Business loan from a bank or financial institution,0,0
Management of companies and enterprises,"Native Hawaiian and Other Pacific Islander, male-owned",Business loan/investment from family/friends,0,0
Management of companies and enterprises,"Native Hawaiian and Other Pacific Islander, male-owned",Investment by venture capitalist(s),0,0
Management of companies and enterprises,"Native Hawaiian and Other Pacific Islander, male-owned",Grants,0,0
Management of companies and enterprises,"Native Hawaiian and Other Pacific Islander, male-owned",Other source(s) of capital,0,0
Management of companies and enterprises,"Native Hawaiian and Other Pacific Islander, male-owned",Don't know,0,0
Management of companies and enterprises,"Native Hawaiian and Other Pacific Islander, male-owned",None needed,0,0
Management of companies and enterprises,"Native Hawaiian and Other Pacific Islander, male-owned",Total reporting,2,S
Management of companies and enterprises,"Native Hawaiian and Other Pacific Islander, male-owned",Item not reported,0,0
Management of companies and enterprises,"Native Hawaiian and Other Pacific Islander, equally male-/female-owned",All firms,0,0
Management of companies and enterprises,"Native Hawaiian and Other Pacific Islander, equally male-/female-owned",Personal/family savings of owner(s),0,0
Management of companies and enterprises,"Native Hawaiian and Other Pacific Islander, equally male-/female-owned",Personal/family assets other than savings of owner(s),0,0
Management of companies and enterprises,"Native Hawaiian and Other Pacific Islander, equally male-/female-owned",Personal/family home equity loan,0,0
Management of companies and enterprises,"Native Hawaiian and Other Pacific Islander, equally male-/female-owned",Personal credit card(s) carrying balances,0,0
Management of companies and enterprises,"Native Hawaiian and Other Pacific Islander, equally male-/female-owned",Business credit card(s) carrying balances,0,0
Management of companies and enterprises,"Native Hawaiian and Other Pacific Islander, equally male-/female-owned","Business loan from federal, state, or local government",0,0
Management of companies and enterprises,"Native Hawaiian and Other Pacific Islander, equally male-/female-owned",Government-guaranteed business loan from a bank or financial institution,0,0
Management of companies and enterprises,"Native Hawaiian and Other Pacific Islander, equally male-/female-owned",Business loan from a bank or financial institution,0,0
Management of companies and enterprises,"Native Hawaiian and Other Pacific Islander, equally male-/female-owned",Business loan/investment from family/friends,0,0
Management of companies and enterprises,"Native Hawaiian and Other Pacific Islander, equally male-/female-owned",Investment by venture capitalist(s),0,0
Management of companies and enterprises,"Native Hawaiian and Other Pacific Islander, equally male-/female-owned",Grants,0,0
Management of companies and enterprises,"Native Hawaiian and Other Pacific Islander, equally male-/female-owned",Other source(s) of capital,0,0
Management of companies and enterprises,"Native Hawaiian and Other Pacific Islander, equally male-/female-owned",Don't know,0,0
Management of companies and enterprises,"Native Hawaiian and Other Pacific Islander, equally male-/female-owned",None needed,0,0
Management of companies and enterprises,"Native Hawaiian and Other Pacific Islander, equally male-/female-owned",Total reporting,0,0
Management of companies and enterprises,"Native Hawaiian and Other Pacific Islander, equally male-/female-owned",Item not reported,0,0
Management of companies and enterprises,Some other race,All firms,70,100683
Management of companies and enterprises,Some other race,Personal/family savings of owner(s),19,38635
Management of companies and enterprises,Some other race,Personal/family assets other than savings of owner(s),0,0
Management of companies and enterprises,Some other race,Personal/family home equity loan,0,0
Management of companies and enterprises,Some other race,Personal credit card(s) carrying balances,0,0
Management of companies and enterprises,Some other race,Business credit card(s) carrying balances,0,0
Management of companies and enterprises,Some other race,"Business loan from federal, state, or local government",0,0
Management of companies and enterprises,Some other race,Government-guaranteed business loan from a bank or financial institution,2,S
Management of companies and enterprises,Some other race,Business loan from a bank or financial institution,12,S
Management of companies and enterprises,Some other race,Business loan/investment from family/friends,2,S
Management of companies and enterprises,Some other race,Investment by venture capitalist(s),0,0
Management of companies and enterprises,Some other race,Grants,0,0
Management of companies and enterprises,Some other race,Other source(s) of capital,2,S
Management of companies and enterprises,Some other race,Don't know,22,51045
Management of companies and enterprises,Some other race,None needed,6,S
Management of companies and enterprises,Some other race,Total reporting,51,119640
Management of companies and enterprises,Some other race,Item not reported,0,0
Management of companies and enterprises,"Some other race, female-owned",All firms,11,11396
Management of companies and enterprises,"Some other race, female-owned",Personal/family savings of owner(s),2,S
Management of companies and enterprises,"Some other race, female-owned",Personal/family assets other than savings of owner(s),0,0
Management of companies and enterprises,"Some other race, female-owned",Personal/family home equity loan,0,0
Management of companies and enterprises,"Some other race, female-owned",Personal credit card(s) carrying balances,0,0
Management of companies and enterprises,"Some other race, female-owned",Business credit card(s) carrying balances,0,0
Management of companies and enterprises,"Some other race, female-owned","Business loan from federal, state, or local government",0,0
Management of companies and enterprises,"Some other race, female-owned",Government-guaranteed business loan from a bank or financial institution,0,0
Management of companies and enterprises,"Some other race, female-owned",Business loan from a bank or financial institution,0,0
Management of companies and enterprises,"Some other race, female-owned",Business loan/investment from family/friends,0,0
Management of companies and enterprises,"Some other race, female-owned",Investment by venture capitalist(s),0,0
Management of companies and enterprises,"Some other race, female-owned",Grants,0,0
Management of companies and enterprises,"Some other race, female-owned",Other source(s) of capital,0,0
Management of companies and enterprises,"Some other race, female-owned",Don't know,2,S
Management of companies and enterprises,"Some other race, female-owned",None needed,2,S
Management of companies and enterprises,"Some other race, female-owned",Total reporting,6,S
Management of companies and enterprises,"Some other race, female-owned",Item not reported,0,0
Management of companies and enterprises,"Some other race, male-owned",All firms,55,85667
Management of companies and enterprises,"Some other race, male-owned",Personal/family savings of owner(s),17,34660
Management of companies and enterprises,"Some other race, male-owned",Personal/family assets other than savings of owner(s),0,0
Management of companies and enterprises,"Some other race, male-owned",Personal/family home equity loan,0,0
Management of companies and enterprises,"Some other race, male-owned",Personal credit card(s) carrying balances,0,0
Management of companies and enterprises,"Some other race, male-owned",Business credit card(s) carrying balances,0,0
Management of companies and enterprises,"Some other race, male-owned","Business loan from federal, state, or local government",0,0
Management of companies and enterprises,"Some other race, male-owned",Government-guaranteed business loan from a bank or financial institution,2,S
Management of companies and enterprises,"Some other race, male-owned",Business loan from a bank or financial institution,12,S
Management of companies and enterprises,"Some other race, male-owned",Business loan/investment from family/friends,2,S
Management of companies and enterprises,"Some other race, male-owned",Investment by venture capitalist(s),0,0
Management of companies and enterprises,"Some other race, male-owned",Grants,0,0
Management of companies and enterprises,"Some other race, male-owned",Other source(s) of capital,2,S
Management of companies and enterprises,"Some other race, male-owned",Don't know,20,50967
Management of companies and enterprises,"Some other race, male-owned",None needed,4,S
Management of companies and enterprises,"Some other race, male-owned",Total reporting,45,115546
Management of companies and enterprises,"Some other race, male-owned",Item not reported,0,0
Management of companies and enterprises,"Some other race, equally male-/female-owned",All firms,3,3621
Management of companies and enterprises,"Some other race, equally male-/female-owned",Personal/family savings of owner(s),0,0
Management of companies and enterprises,"Some other race, equally male-/female-owned",Personal/family assets other than savings of owner(s),0,0
Management of companies and enterprises,"Some other race, equally male-/female-owned",Personal/family home equity loan,0,0
Management of companies and enterprises,"Some other race, equally male-/female-owned",Personal credit card(s) carrying balances,0,0
Management of companies and enterprises,"Some other race, equally male-/female-owned",Business credit card(s) carrying balances,0,0
Management of companies and enterprises,"Some other race, equally male-/female-owned","Business loan from federal, state, or local government",0,0
Management of companies and enterprises,"Some other race, equally male-/female-owned",Government-guaranteed business loan from a bank or financial institution,0,0
Management of companies and enterprises,"Some other race, equally male-/female-owned",Business loan from a bank or financial institution,0,0
Management of companies and enterprises,"Some other race, equally male-/female-owned",Business loan/investment from family/friends,0,0
Management of companies and enterprises,"Some other race, equally male-/female-owned",Investment by venture capitalist(s),0,0
Management of companies and enterprises,"Some other race, equally male-/female-owned",Grants,0,0
Management of companies and enterprises,"Some other race, equally male-/female-owned",Other source(s) of capital,0,0
Management of companies and enterprises,"Some other race, equally male-/female-owned",Don't know,0,0
Management of companies and enterprises,"Some other race, equally male-/female-owned",None needed,0,0
Management of companies and enterprises,"Some other race, equally male-/female-owned",Total reporting,0,0
Management of companies and enterprises,"Some other race, equally male-/female-owned",Item not reported,0,0
Management of companies and enterprises,Minority,All firms,1138,3829382
Management of companies and enterprises,Minority,Personal/family savings of owner(s),434,846199
Management of companies and enterprises,Minority,Personal/family assets other than savings of owner(s),63,124596
Management of companies and enterprises,Minority,Personal/family home equity loan,4,S
Management of companies and enterprises,Minority,Personal credit card(s) carrying balances,19,5802
Management of companies and enterprises,Minority,Business credit card(s) carrying balances,30,S
Management of companies and enterprises,Minority,"Business loan from federal, state, or local government",0,0
Management of companies and enterprises,Minority,Government-guaranteed business loan from a bank or financial institution,10,S
Management of companies and enterprises,Minority,Business loan from a bank or financial institution,112,282309
Management of companies and enterprises,Minority,Business loan/investment from family/friends,24,6376
Management of companies and enterprises,Minority,Investment by venture capitalist(s),7,S
Management of companies and enterprises,Minority,Grants,0,0
Management of companies and enterprises,Minority,Other source(s) of capital,51,221063
Management of companies and enterprises,Minority,Don't know,234,675627
Management of companies and enterprises,Minority,None needed,45,S
Management of companies and enterprises,Minority,Total reporting,796,2086504
Management of companies and enterprises,Minority,Item not reported,4,S
Management of companies and enterprises,"Minority, female-owned",All firms,171,454750
Management of companies and enterprises,"Minority, female-owned",Personal/family savings of owner(s),83,S
Management of companies and enterprises,"Minority, female-owned",Personal/family assets other than savings of owner(s),2,S
Management of companies and enterprises,"Minority, female-owned",Personal/family home equity loan,0,0
Management of companies and enterprises,"Minority, female-owned",Personal credit card(s) carrying balances,6,S
Management of companies and enterprises,"Minority, female-owned",Business credit card(s) carrying balances,2,S
Management of companies and enterprises,"Minority, female-owned","Business loan from federal, state, or local government",0,0
Management of companies and enterprises,"Minority, female-owned",Government-guaranteed business loan from a bank or financial institution,2,S
Management of companies and enterprises,"Minority, female-owned",Business loan from a bank or financial institution,11,S
Management of companies and enterprises,"Minority, female-owned",Business loan/investment from family/friends,0,0
Management of companies and enterprises,"Minority, female-owned",Investment by venture capitalist(s),5,S
Management of companies and enterprises,"Minority, female-owned",Grants,0,0
Management of companies and enterprises,"Minority, female-owned",Other source(s) of capital,7,S
Management of companies and enterprises,"Minority, female-owned",Don't know,64,S
Management of companies and enterprises,"Minority, female-owned",None needed,8,S
Management of companies and enterprises,"Minority, female-owned",Total reporting,161,582601
Management of companies and enterprises,"Minority, female-owned",Item not reported,0,0
Management of companies and enterprises,"Minority, male-owned",All firms,859,3281723
Management of companies and enterprises,"Minority, male-owned",Personal/family savings of owner(s),312,636948
Management of companies and enterprises,"Minority, male-owned",Personal/family assets other than savings of owner(s),58,113620
Management of companies and enterprises,"Minority, male-owned",Personal/family home equity loan,2,S
Management of companies and enterprises,"Minority, male-owned",Personal credit card(s) carrying balances,11,S
Management of companies and enterprises,"Minority, male-owned",Business credit card(s) carrying balances,26,S
Management of companies and enterprises,"Minority, male-owned","Business loan from federal, state, or local government",0,0
Management of companies and enterprises,"Minority, male-owned",Government-guaranteed business loan from a bank or financial institution,6,S
Management of companies and enterprises,"Minority, male-owned",Business loan from a bank or financial institution,98,267406
Management of companies and enterprises,"Minority, male-owned",Business loan/investment from family/friends,22,5783
Management of companies and enterprises,"Minority, male-owned",Investment by venture capitalist(s),2,S
Management of companies and enterprises,"Minority, male-owned",Grants,0,0
Management of companies and enterprises,"Minority, male-owned",Other source(s) of capital,42,204988
Management of companies and enterprises,"Minority, male-owned",Don't know,160,280250
Management of companies and enterprises,"Minority, male-owned",None needed,34,S
Management of companies and enterprises,"Minority, male-owned",Total reporting,577,1447439
Management of companies and enterprises,"Minority, male-owned",Item not reported,4,S
Management of companies and enterprises,"Minority, equally male-/female-owned",All firms,108,92909
Management of companies and enterprises,"Minority, equally male-/female-owned",Personal/family savings of owner(s),39,7888
Management of companies and enterprises,"Minority, equally male-/female-owned",Personal/family assets other than savings of owner(s),2,S
Management of companies and enterprises,"Minority, equally male-/female-owned",Personal/family home equity loan,2,S
Management of companies and enterprises,"Minority, equally male-/female-owned",Personal credit card(s) carrying balances,2,S
Management of companies and enterprises,"Minority, equally male-/female-owned",Business credit card(s) carrying balances,2,S
Management of companies and enterprises,"Minority, equally male-/female-owned","Business loan from federal, state, or local government",0,0
Management of companies and enterprises,"Minority, equally male-/female-owned",Government-guaranteed business loan from a bank or financial institution,2,S
Management of companies and enterprises,"Minority, equally male-/female-owned",Business loan from a bank or financial institution,4,S
Management of companies and enterprises,"Minority, equally male-/female-owned",Business loan/investment from family/friends,2,S
Management of companies and enterprises,"Minority, equally male-/female-owned",Investment by venture capitalist(s),0,0
Management of companies and enterprises,"Minority, equally male-/female-owned",Grants,0,0
Management of companies and enterprises,"Minority, equally male-/female-owned",Other source(s) of capital,2,S
Management of companies and enterprises,"Minority, equally male-/female-owned",Don't know,10,S
Management of companies and enterprises,"Minority, equally male-/female-owned",None needed,2,S
Management of companies and enterprises,"Minority, equally male-/female-owned",Total reporting,57,56463
Management of companies and enterprises,"Minority, equally male-/female-owned",Item not reported,0,0
Management of companies and enterprises,Equally minority/nonminority,All firms,125,234220
Management of companies and enterprises,Equally minority/nonminority,Personal/family savings of owner(s),23,25440
Management of companies and enterprises,Equally minority/nonminority,Personal/family assets other than savings of owner(s),0,0
Management of companies and enterprises,Equally minority/nonminority,Personal/family home equity loan,22,S
Management of companies and enterprises,Equally minority/nonminority,Personal credit card(s) carrying balances,26,S
Management of companies and enterprises,Equally minority/nonminority,Business credit card(s) carrying balances,0,0
Management of companies and enterprises,Equally minority/nonminority,"Business loan from federal, state, or local government",0,0
Management of companies and enterprises,Equally minority/nonminority,Government-guaranteed business loan from a bank or financial institution,2,S
Management of companies and enterprises,Equally minority/nonminority,Business loan from a bank or financial institution,13,S
Management of companies and enterprises,Equally minority/nonminority,Business loan/investment from family/friends,4,S
Management of companies and enterprises,Equally minority/nonminority,Investment by venture capitalist(s),0,0
Management of companies and enterprises,Equally minority/nonminority,Grants,0,0
Management of companies and enterprises,Equally minority/nonminority,Other source(s) of capital,6,S
Management of companies and enterprises,Equally minority/nonminority,Don't know,24,103832
Management of companies and enterprises,Equally minority/nonminority,None needed,2,S
Management of companies and enterprises,Equally minority/nonminority,Total reporting,79,153604
Management of companies and enterprises,Equally minority/nonminority,Item not reported,0,0
Management of companies and enterprises,"Equally minority/nonminority, female-owned",All firms,3,S
Management of companies and enterprises,"Equally minority/nonminority, female-owned",Personal/family savings of owner(s),2,S
Management of companies and enterprises,"Equally minority/nonminority, female-owned",Personal/family assets other than savings of owner(s),0,S
Management of companies and enterprises,"Equally minority/nonminority, female-owned",Personal/family home equity loan,0,S
Management of companies and enterprises,"Equally minority/nonminority, female-owned",Personal credit card(s) carrying balances,0,S
Management of companies and enterprises,"Equally minority/nonminority, female-owned",Business credit card(s) carrying balances,0,S
Management of companies and enterprises,"Equally minority/nonminority, female-owned","Business loan from federal, state, or local government",0,S
Management of companies and enterprises,"Equally minority/nonminority, female-owned",Government-guaranteed business loan from a bank or financial institution,0,S
Management of companies and enterprises,"Equally minority/nonminority, female-owned",Business loan from a bank or financial institution,2,S
Management of companies and enterprises,"Equally minority/nonminority, female-owned",Business loan/investment from family/friends,0,S
Management of companies and enterprises,"Equally minority/nonminority, female-owned",Investment by venture capitalist(s),0,S
Management of companies and enterprises,"Equally minority/nonminority, female-owned",Grants,0,S
Management of companies and enterprises,"Equally minority/nonminority, female-owned",Other source(s) of capital,2,S
Management of companies and enterprises,"Equally minority/nonminority, female-owned",Don't know,0,S
Management of companies and enterprises,"Equally minority/nonminority, female-owned",None needed,0,S
Management of companies and enterprises,"Equally minority/nonminority, female-owned",Total reporting,4,S
Management of companies and enterprises,"Equally minority/nonminority, female-owned",Item not reported,0,S
Management of companies and enterprises,"Equally minority/nonminority, male-owned",All firms,48,42690
Management of companies and enterprises,"Equally minority/nonminority, male-owned",Personal/family savings of owner(s),4,S
Management of companies and enterprises,"Equally minority/nonminority, male-owned",Personal/family assets other than savings of owner(s),0,0
Management of companies and enterprises,"Equally minority/nonminority, male-owned",Personal/family home equity loan,0,0
Management of companies and enterprises,"Equally minority/nonminority, male-owned",Personal credit card(s) carrying balances,2,S
Management of companies and enterprises,"Equally minority/nonminority, male-owned",Business credit card(s) carrying balances,0,0
Management of companies and enterprises,"Equally minority/nonminority, male-owned","Business loan from federal, state, or local government",0,0
Management of companies and enterprises,"Equally minority/nonminority, male-owned",Government-guaranteed business loan from a bank or financial institution,0,0
Management of companies and enterprises,"Equally minority/nonminority, male-owned",Business loan from a bank or financial institution,0,0
Management of companies and enterprises,"Equally minority/nonminority, male-owned",Business loan/investment from family/friends,2,S
Management of companies and enterprises,"Equally minority/nonminority, male-owned",Investment by venture capitalist(s),0,0
Management of companies and enterprises,"Equally minority/nonminority, male-owned",Grants,0,0
Management of companies and enterprises,"Equally minority/nonminority, male-owned",Other source(s) of capital,0,0
Management of companies and enterprises,"Equally minority/nonminority, male-owned",Don't know,18,S
Management of companies and enterprises,"Equally minority/nonminority, male-owned",None needed,2,S
Management of companies and enterprises,"Equally minority/nonminority, male-owned",Total reporting,24,19154
Management of companies and enterprises,"Equally minority/nonminority, male-owned",Item not reported,0,0
Management of companies and enterprises,"Equally minority/nonminority, equally male-/female-owned",All firms,74,190283
Management of companies and enterprises,"Equally minority/nonminority, equally male-/female-owned",Personal/family savings of owner(s),17,22866
Management of companies and enterprises,"Equally minority/nonminority, equally male-/female-owned",Personal/family assets other than savings of owner(s),0,0
Management of companies and enterprises,"Equally minority/nonminority, equally male-/female-owned",Personal/family home equity loan,22,S
Management of companies and enterprises,"Equally minority/nonminority, equally male-/female-owned",Personal credit card(s) carrying balances,24,S
Management of companies and enterprises,"Equally minority/nonminority, equally male-/female-owned",Business credit card(s) carrying balances,0,0
Management of companies and enterprises,"Equally minority/nonminority, equally male-/female-owned","Business loan from federal, state, or local government",0,0
Management of companies and enterprises,"Equally minority/nonminority, equally male-/female-owned",Government-guaranteed business loan from a bank or financial institution,2,S
Management of companies and enterprises,"Equally minority/nonminority, equally male-/female-owned",Business loan from a bank or financial institution,10,S
Management of companies and enterprises,"Equally minority/nonminority, equally male-/female-owned",Business loan/investment from family/friends,2,S
Management of companies and enterprises,"Equally minority/nonminority, equally male-/female-owned",Investment by venture capitalist(s),0,0
Management of companies and enterprises,"Equally minority/nonminority, equally male-/female-owned",Grants,0,0
Management of companies and enterprises,"Equally minority/nonminority, equally male-/female-owned",Other source(s) of capital,4,S
Management of companies and enterprises,"Equally minority/nonminority, equally male-/female-owned",Don't know,6,88682
Management of companies and enterprises,"Equally minority/nonminority, equally male-/female-owned",None needed,0,0
Management of companies and enterprises,"Equally minority/nonminority, equally male-/female-owned",Total reporting,51,131970
Management of companies and enterprises,"Equally minority/nonminority, equally male-/female-owned",Item not reported,0,0
Management of companies and enterprises,Nonminority,All firms,15049,54852484
Management of companies and enterprises,Nonminority,Personal/family savings of owner(s),5075,14480377
Management of companies and enterprises,Nonminority,Personal/family assets other than savings of owner(s),1068,2400771
Management of companies and enterprises,Nonminority,Personal/family home equity loan,331,692836
Management of companies and enterprises,Nonminority,Personal credit card(s) carrying balances,330,367155
Management of companies and enterprises,Nonminority,Business credit card(s) carrying balances,169,250404
Management of companies and enterprises,Nonminority,"Business loan from federal, state, or local government",62,S
Management of companies and enterprises,Nonminority,Government-guaranteed business loan from a bank or financial institution,225,332952
Management of companies and enterprises,Nonminority,Business loan from a bank or financial institution,2441,5830913
Management of companies and enterprises,Nonminority,Business loan/investment from family/friends,480,1143364
Management of companies and enterprises,Nonminority,Investment by venture capitalist(s),176,1545397
Management of companies and enterprises,Nonminority,Grants,0,0
Management of companies and enterprises,Nonminority,Other source(s) of capital,549,2424520
Management of companies and enterprises,Nonminority,Don't know,3146,11830108
Management of companies and enterprises,Nonminority,None needed,647,1443922
Management of companies and enterprises,Nonminority,Total reporting,10680(r),32349760(r)
Management of companies and enterprises,Nonminority,Item not reported,62(r),137160(r)
Management of companies and enterprises,"Nonminority, female-owned",All firms,1712,4398194
Management of companies and enterprises,"Nonminority, female-owned",Personal/family savings of owner(s),448,825601
Management of companies and enterprises,"Nonminority, female-owned",Personal/family assets other than savings of owner(s),185,195345
Management of companies and enterprises,"Nonminority, female-owned",Personal/family home equity loan,13,S
Management of companies and enterprises,"Nonminority, female-owned",Personal credit card(s) carrying balances,22,8772
Management of companies and enterprises,"Nonminority, female-owned",Business credit card(s) carrying balances,10,3772
Management of companies and enterprises,"Nonminority, female-owned","Business loan from federal, state, or local government",0,0
Management of companies and enterprises,"Nonminority, female-owned",Government-guaranteed business loan from a bank or financial institution,66,S
Management of companies and enterprises,"Nonminority, female-owned",Business loan from a bank or financial institution,174,381900
Management of companies and enterprises,"Nonminority, female-owned",Business loan/investment from family/friends,49,180266
Management of companies and enterprises,"Nonminority, female-owned",Investment by venture capitalist(s),21,28886
Management of companies and enterprises,"Nonminority, female-owned",Grants,0,0
Management of companies and enterprises,"Nonminority, female-owned",Other source(s) of capital,39,211754
Management of companies and enterprises,"Nonminority, female-owned",Don't know,494,1626512
Management of companies and enterprises,"Nonminority, female-owned",None needed,131,124529
Management of companies and enterprises,"Nonminority, female-owned",Total reporting,1310(r),3161165(r)
Management of companies and enterprises,"Nonminority, female-owned",Item not reported,4(r),S
Management of companies and enterprises,"Nonminority, male-owned",All firms,11875,47977373
Management of companies and enterprises,"Nonminority, male-owned",Personal/family savings of owner(s),3983,12974211
Management of companies and enterprises,"Nonminority, male-owned",Personal/family assets other than savings of owner(s),770,2065095
Management of companies and enterprises,"Nonminority, male-owned",Personal/family home equity loan,229,487747
Management of companies and enterprises,"Nonminority, male-owned",Personal credit card(s) carrying balances,197,304402
Management of companies and enterprises,"Nonminority, male-owned",Business credit card(s) carrying balances,136,227784
Management of companies and enterprises,"Nonminority, male-owned","Business loan from federal, state, or local government",62,S
Management of companies and enterprises,"Nonminority, male-owned",Government-guaranteed business loan from a bank or financial institution,144,274749
Management of companies and enterprises,"Nonminority, male-owned",Business loan from a bank or financial institution,1977,5214324
Management of companies and enterprises,"Nonminority, male-owned",Business loan/investment from family/friends,359,940726
Management of companies and enterprises,"Nonminority, male-owned",Investment by venture capitalist(s),153,1512818
Management of companies and enterprises,"Nonminority, male-owned",Grants,0,0
Management of companies and enterprises,"Nonminority, male-owned",Other source(s) of capital,455,2124516
Management of companies and enterprises,"Nonminority, male-owned",Don't know,2439,9853385
Management of companies and enterprises,"Nonminority, male-owned",None needed,485,1281137
Management of companies and enterprises,"Nonminority, male-owned",Total reporting,8338(r),27982377(r)
Management of companies and enterprises,"Nonminority, male-owned",Item not reported,43(r),123431(r)
Management of companies and enterprises,"Nonminority, equally male-/female-owned",All firms,1462,2476917
Management of companies and enterprises,"Nonminority, equally male-/female-owned",Personal/family savings of owner(s),643,680564
Management of companies and enterprises,"Nonminority, equally male-/female-owned",Personal/family assets other than savings of owner(s),113,140331
Management of companies and enterprises,"Nonminority, equally male-/female-owned",Personal/family home equity loan,90,115445
Management of companies and enterprises,"Nonminority, equally male-/female-owned",Personal credit card(s) carrying balances,110,53982
Management of companies and enterprises,"Nonminority, equally male-/female-owned",Business credit card(s) carrying balances,23,S
Management of companies and enterprises,"Nonminority, equally male-/female-owned","Business loan from federal, state, or local government",0,0
Management of companies and enterprises,"Nonminority, equally male-/female-owned",Government-guaranteed business loan from a bank or financial institution,15,3181
Management of companies and enterprises,"Nonminority, equally male-/female-owned",Business loan from a bank or financial institution,290,234689
Management of companies and enterprises,"Nonminority, equally male-/female-owned",Business loan/investment from family/friends,72,22373
Management of companies and enterprises,"Nonminority, equally male-/female-owned",Investment by venture capitalist(s),2,S
Management of companies and enterprises,"Nonminority, equally male-/female-owned",Grants,0,0
Management of companies and enterprises,"Nonminority, equally male-/female-owned",Other source(s) of capital,56,88250
Management of companies and enterprises,"Nonminority, equally male-/female-owned",Don't know,213,350210
Management of companies and enterprises,"Nonminority, equally male-/female-owned",None needed,31,38255
Management of companies and enterprises,"Nonminority, equally male-/female-owned",Total reporting,1032,1206218
Management of companies and enterprises,"Nonminority, equally male-/female-owned",Item not reported,15,6961
Management of companies and enterprises,Veteran,All firms,1822,6178856
Management of companies and enterprises,Veteran,Personal/family savings of owner(s),744,1316662
Management of companies and enterprises,Veteran,Personal/family assets other than savings of owner(s),177,525520
Management of companies and enterprises,Veteran,Personal/family home equity loan,53,56082
Management of companies and enterprises,Veteran,Personal credit card(s) carrying balances,37,S
Management of companies and enterprises,Veteran,Business credit card(s) carrying balances,24,S
Management of companies and enterprises,Veteran,"Business loan from federal, state, or local government",53,S
Management of companies and enterprises,Veteran,Government-guaranteed business loan from a bank or financial institution,20,S
Management of companies and enterprises,Veteran,Business loan from a bank or financial institution,340,986312
Management of companies and enterprises,Veteran,Business loan/investment from family/friends,72,411849
Management of companies and enterprises,Veteran,Investment by venture capitalist(s),7,S
Management of companies and enterprises,Veteran,Grants,0,0
Management of companies and enterprises,Veteran,Other source(s) of capital,92,79960
Management of companies and enterprises,Veteran,Don't know,297,1478699
Management of companies and enterprises,Veteran,None needed,35,179612
Management of companies and enterprises,Veteran,Total reporting,1293,3764039
Management of companies and enterprises,Veteran,Item not reported,4,S
Management of companies and enterprises,"Veteran, female-owned",All firms,6,11469
Management of companies and enterprises,"Veteran, female-owned",Personal/family savings of owner(s),2,S
Management of companies and enterprises,"Veteran, female-owned",Personal/family assets other than savings of owner(s),0,0
Management of companies and enterprises,"Veteran, female-owned",Personal/family home equity loan,0,0
Management of companies and enterprises,"Veteran, female-owned",Personal credit card(s) carrying balances,0,0
Management of companies and enterprises,"Veteran, female-owned",Business credit card(s) carrying balances,0,0
Management of companies and enterprises,"Veteran, female-owned","Business loan from federal, state, or local government",0,0
Management of companies and enterprises,"Veteran, female-owned",Government-guaranteed business loan from a bank or financial institution,0,0
Management of companies and enterprises,"Veteran, female-owned",Business loan from a bank or financial institution,0,0
Management of companies and enterprises,"Veteran, female-owned",Business loan/investment from family/friends,0,0
Management of companies and enterprises,"Veteran, female-owned",Investment by venture capitalist(s),0,0
Management of companies and enterprises,"Veteran, female-owned",Grants,0,0
Management of companies and enterprises,"Veteran, female-owned",Other source(s) of capital,2,S
Management of companies and enterprises,"Veteran, female-owned",Don't know,0,0
Management of companies and enterprises,"Veteran, female-owned",None needed,0,0
Management of companies and enterprises,"Veteran, female-owned",Total reporting,4,S
Management of companies and enterprises,"Veteran, female-owned",Item not reported,0,0
Management of companies and enterprises,"Veteran, male-owned",All firms,1814,6167237
Management of companies and enterprises,"Veteran, male-owned",Personal/family savings of owner(s),740,1315588
Management of companies and enterprises,"Veteran, male-owned",Personal/family assets other than savings of owner(s),177,525520
Management of companies and enterprises,"Veteran, male-owned",Personal/family home equity loan,53,56082
Management of companies and enterprises,"Veteran, male-owned",Personal credit card(s) carrying balances,37,S
Management of companies and enterprises,"Veteran, male-owned",Business credit card(s) carrying balances,24,S
Management of companies and enterprises,"Veteran, male-owned","Business loan from federal, state, or local government",53,S
Management of companies and enterprises,"Veteran, male-owned",Government-guaranteed business loan from a bank or financial institution,20,S
Management of companies and enterprises,"Veteran, male-owned",Business loan from a bank or financial institution,338,985982
Management of companies and enterprises,"Veteran, male-owned",Business loan/investment from family/friends,72,411849
Management of companies and enterprises,"Veteran, male-owned",Investment by venture capitalist(s),7,S
Management of companies and enterprises,"Veteran, male-owned",Grants,0,0
Management of companies and enterprises,"Veteran, male-owned",Other source(s) of capital,90,79953
Management of companies and enterprises,"Veteran, male-owned",Don't know,297,1478699
Management of companies and enterprises,"Veteran, male-owned",None needed,35,179612
Management of companies and enterprises,"Veteran, male-owned",Total reporting,1286,3762958
Management of companies and enterprises,"Veteran, male-owned",Item not reported,4,S
Management of companies and enterprises,"Veteran, equally male-/female-owned",All firms,1,S
Management of companies and enterprises,"Veteran, equally male-/female-owned",Personal/family savings of owner(s),2,S
Management of companies and enterprises,"Veteran, equally male-/female-owned",Personal/family assets other than savings of owner(s),0,S
Management of companies and enterprises,"Veteran, equally male-/female-owned",Personal/family home equity loan,0,S
Management of companies and enterprises,"Veteran, equally male-/female-owned",Personal credit card(s) carrying balances,0,S
Management of companies and enterprises,"Veteran, equally male-/female-owned",Business credit card(s) carrying balances,0,S
Management of companies and enterprises,"Veteran, equally male-/female-owned","Business loan from federal, state, or local government",0,S
Management of companies and enterprises,"Veteran, equally male-/female-owned",Government-guaranteed business loan from a bank or financial institution,0,S
Management of companies and enterprises,"Veteran, equally male-/female-owned",Business loan from a bank or financial institution,2,S
Management of companies and enterprises,"Veteran, equally male-/female-owned",Business loan/investment from family/friends,0,S
Management of companies and enterprises,"Veteran, equally male-/female-owned",Investment by venture capitalist(s),0,S
Management of companies and enterprises,"Veteran, equally male-/female-owned",Grants,0,S
Management of companies and enterprises,"Veteran, equally male-/female-owned",Other source(s) of capital,0,S
Management of companies and enterprises,"Veteran, equally male-/female-owned",Don't know,0,S
Management of companies and enterprises,"Veteran, equally male-/female-owned",None needed,0,S
Management of companies and enterprises,"Veteran, equally male-/female-owned",Total reporting,2,S
Management of companies and enterprises,"Veteran, equally male-/female-owned",Item not reported,0,S
Management of companies and enterprises,"Veteran, Hispanic",All firms,40,52073
Management of companies and enterprises,"Veteran, Hispanic",Personal/family savings of owner(s),46,23670
Management of companies and enterprises,"Veteran, Hispanic",Personal/family assets other than savings of owner(s),0,0
Management of companies and enterprises,"Veteran, Hispanic",Personal/family home equity loan,0,0
Management of companies and enterprises,"Veteran, Hispanic",Personal credit card(s) carrying balances,0,0
Management of companies and enterprises,"Veteran, Hispanic",Business credit card(s) carrying balances,0,0
Management of companies and enterprises,"Veteran, Hispanic","Business loan from federal, state, or local government",0,0
Management of companies and enterprises,"Veteran, Hispanic",Government-guaranteed business loan from a bank or financial institution,0,0
Management of companies and enterprises,"Veteran, Hispanic",Business loan from a bank or financial institution,4,S
Management of companies and enterprises,"Veteran, Hispanic",Business loan/investment from family/friends,0,0
Management of companies and enterprises,"Veteran, Hispanic",Investment by venture capitalist(s),0,0
Management of companies and enterprises,"Veteran, Hispanic",Grants,0,0
Management of companies and enterprises,"Veteran, Hispanic",Other source(s) of capital,2,S
Management of companies and enterprises,"Veteran, Hispanic",Don't know,0,0
Management of companies and enterprises,"Veteran, Hispanic",None needed,4,S
Management of companies and enterprises,"Veteran, Hispanic",Total reporting,54,61550
Management of companies and enterprises,"Veteran, Hispanic",Item not reported,0,0
Management of companies and enterprises,"Veteran, equally Hispanic/non-Hispanic",All firms,0,0
Management of companies and enterprises,"Veteran, equally Hispanic/non-Hispanic",Personal/family savings of owner(s),0,0
Management of companies and enterprises,"Veteran, equally Hispanic/non-Hispanic",Personal/family assets other than savings of owner(s),0,0
Management of companies and enterprises,"Veteran, equally Hispanic/non-Hispanic",Personal/family home equity loan,0,0
Management of companies and enterprises,"Veteran, equally Hispanic/non-Hispanic",Personal credit card(s) carrying balances,0,0
Management of companies and enterprises,"Veteran, equally Hispanic/non-Hispanic",Business credit card(s) carrying balances,0,0
Management of companies and enterprises,"Veteran, equally Hispanic/non-Hispanic","Business loan from federal, state, or local government",0,0
Management of companies and enterprises,"Veteran, equally Hispanic/non-Hispanic",Government-guaranteed business loan from a bank or financial institution,0,0
Management of companies and enterprises,"Veteran, equally Hispanic/non-Hispanic",Business loan from a bank or financial institution,0,0
Management of companies and enterprises,"Veteran, equally Hispanic/non-Hispanic",Business loan/investment from family/friends,0,0
Management of companies and enterprises,"Veteran, equally Hispanic/non-Hispanic",Investment by venture capitalist(s),0,0
Management of companies and enterprises,"Veteran, equally Hispanic/non-Hispanic",Grants,0,0
Management of companies and enterprises,"Veteran, equally Hispanic/non-Hispanic",Other source(s) of capital,0,0
Management of companies and enterprises,"Veteran, equally Hispanic/non-Hispanic",Don't know,0,0
Management of companies and enterprises,"Veteran, equally Hispanic/non-Hispanic",None needed,0,0
Management of companies and enterprises,"Veteran, equally Hispanic/non-Hispanic",Total reporting,0,0
Management of companies and enterprises,"Veteran, equally Hispanic/non-Hispanic",Item not reported,0,0
Management of companies and enterprises,"Veteran, non-Hispanic",All firms,1782,6126783
Management of companies and enterprises,"Veteran, non-Hispanic",Personal/family savings of owner(s),698,1292992
Management of companies and enterprises,"Veteran, non-Hispanic",Personal/family assets other than savings of owner(s),177,525520
Management of companies and enterprises,"Veteran, non-Hispanic",Personal/family home equity loan,53,56082
Management of companies and enterprises,"Veteran, non-Hispanic",Personal credit card(s) carrying balances,37,S
Management of companies and enterprises,"Veteran, non-Hispanic",Business credit card(s) carrying balances,24,S
Management of companies and enterprises,"Veteran, non-Hispanic","Business loan from federal, state, or local government",53,S
Management of companies and enterprises,"Veteran, non-Hispanic",Government-guaranteed business loan from a bank or financial institution,20,S
Management of companies and enterprises,"Veteran, non-Hispanic",Business loan from a bank or financial institution,336,983721
Management of companies and enterprises,"Veteran, non-Hispanic",Business loan/investment from family/friends,72,411849
Management of companies and enterprises,"Veteran, non-Hispanic",Investment by venture capitalist(s),7,S
Management of companies and enterprises,"Veteran, non-Hispanic",Grants,0,0
Management of companies and enterprises,"Veteran, non-Hispanic",Other source(s) of capital,90,79764
Management of companies and enterprises,"Veteran, non-Hispanic",Don't know,297,1478699
Management of companies and enterprises,"Veteran, non-Hispanic",None needed,31,144009
Management of companies and enterprises,"Veteran, non-Hispanic",Total reporting,1239,3702489
Management of companies and enterprises,"Veteran, non-Hispanic",Item not reported,4,S
Management of companies and enterprises,"Veteran, White",All firms,1765,6079661
Management of companies and enterprises,"Veteran, White",Personal/family savings of owner(s),730,1308544
Management of companies and enterprises,"Veteran, White",Personal/family assets other than savings of owner(s),175,525514
Management of companies and enterprises,"Veteran, White",Personal/family home equity loan,53,56082
Management of companies and enterprises,"Veteran, White",Personal credit card(s) carrying balances,35,S
Management of companies and enterprises,"Veteran, White",Business credit card(s) carrying balances,24,S
Management of companies and enterprises,"Veteran, White","Business loan from federal, state, or local government",53,S
Management of companies and enterprises,"Veteran, White",Government-guaranteed business loan from a bank or financial institution,20,S
Management of companies and enterprises,"Veteran, White",Business loan from a bank or financial institution,336,979771
Management of companies and enterprises,"Veteran, White",Business loan/investment from family/friends,72,411849
Management of companies and enterprises,"Veteran, White",Investment by venture capitalist(s),7,S
Management of companies and enterprises,"Veteran, White",Grants,0,0
Management of companies and enterprises,"Veteran, White",Other source(s) of capital,92,79960
Management of companies and enterprises,"Veteran, White",Don't know,297,1478699
Management of companies and enterprises,"Veteran, White",None needed,31,173711
Management of companies and enterprises,"Veteran, White",Total reporting,1271,3743478
Management of companies and enterprises,"Veteran, White",Item not reported,4,S
Management of companies and enterprises,"Veteran, Black or African American",All firms,27,S
Management of companies and enterprises,"Veteran, Black or African American",Personal/family savings of owner(s),12,S
Management of companies and enterprises,"Veteran, Black or African American",Personal/family assets other than savings of owner(s),2,S
Management of companies and enterprises,"Veteran, Black or African American",Personal/family home equity loan,0,S
Management of companies and enterprises,"Veteran, Black or African American",Personal credit card(s) carrying balances,2,S
Management of companies and enterprises,"Veteran, Black or African American",Business credit card(s) carrying balances,0,S
Management of companies and enterprises,"Veteran, Black or African American","Business loan from federal, state, or local government",0,S
Management of companies and enterprises,"Veteran, Black or African American",Government-guaranteed business loan from a bank or financial institution,0,S
Management of companies and enterprises,"Veteran, Black or African American",Business loan from a bank or financial institution,2,S
Management of companies and enterprises,"Veteran, Black or African American",Business loan/investment from family/friends,0,S
Management of companies and enterprises,"Veteran, Black or African American",Investment by venture capitalist(s),0,S
Management of companies and enterprises,"Veteran, Black or African American",Grants,0,S
Management of companies and enterprises,"Veteran, Black or African American",Other source(s) of capital,0,S
Management of companies and enterprises,"Veteran, Black or African American",Don't know,0,S
Management of companies and enterprises,"Veteran, Black or African American",None needed,2,S
Management of companies and enterprises,"Veteran, Black or African American",Total reporting,16,S
Management of companies and enterprises,"Veteran, Black or African American",Item not reported,0,S
Management of companies and enterprises,"Veteran, American Indian and Alaska Native",All firms,15,19201
Management of companies and enterprises,"Veteran, American Indian and Alaska Native",Personal/family savings of owner(s),0,0
Management of companies and enterprises,"Veteran, American Indian and Alaska Native",Personal/family assets other than savings of owner(s),0,0
Management of companies and enterprises,"Veteran, American Indian and Alaska Native",Personal/family home equity loan,0,0
Management of companies and enterprises,"Veteran, American Indian and Alaska Native",Personal credit card(s) carrying balances,0,0
Management of companies and enterprises,"Veteran, American Indian and Alaska Native",Business credit card(s) carrying balances,0,0
Management of companies and enterprises,"Veteran, American Indian and Alaska Native","Business loan from federal, state, or local government",0,0
Management of companies and enterprises,"Veteran, American Indian and Alaska Native",Government-guaranteed business loan from a bank or financial institution,0,0
Management of companies and enterprises,"Veteran, American Indian and Alaska Native",Business loan from a bank or financial institution,0,0
Management of companies and enterprises,"Veteran, American Indian and Alaska Native",Business loan/investment from family/friends,0,0
Management of companies and enterprises,"Veteran, American Indian and Alaska Native",Investment by venture capitalist(s),0,0
Management of companies and enterprises,"Veteran, American Indian and Alaska Native",Grants,0,0
Management of companies and enterprises,"Veteran, American Indian and Alaska Native",Other source(s) of capital,0,0
Management of companies and enterprises,"Veteran, American Indian and Alaska Native",Don't know,0,0
Management of companies and enterprises,"Veteran, American Indian and Alaska Native",None needed,0,0
Management of companies and enterprises,"Veteran, American Indian and Alaska Native",Total reporting,0,0
Management of companies and enterprises,"Veteran, American Indian and Alaska Native",Item not reported,0,0
Management of companies and enterprises,"Veteran, Asian",All firms,3,17118
Management of companies and enterprises,"Veteran, Asian",Personal/family savings of owner(s),2,S
Management of companies and enterprises,"Veteran, Asian",Personal/family assets other than savings of owner(s),0,0
Management of companies and enterprises,"Veteran, Asian",Personal/family home equity loan,0,0
Management of companies and enterprises,"Veteran, Asian",Personal credit card(s) carrying balances,0,0
Management of companies and enterprises,"Veteran, Asian",Business credit card(s) carrying balances,0,0
Management of companies and enterprises,"Veteran, Asian","Business loan from federal, state, or local government",0,0
Management of companies and enterprises,"Veteran, Asian",Government-guaranteed business loan from a bank or financial institution,0,0
Management of companies and enterprises,"Veteran, Asian",Business loan from a bank or financial institution,2,S
Management of companies and enterprises,"Veteran, Asian",Business loan/investment from family/friends,0,0
Management of companies and enterprises,"Veteran, Asian",Investment by venture capitalist(s),0,0
Management of companies and enterprises,"Veteran, Asian",Grants,0,0
Management of companies and enterprises,"Veteran, Asian",Other source(s) of capital,0,0
Management of companies and enterprises,"Veteran, Asian",Don't know,0,0
Management of companies and enterprises,"Veteran, Asian",None needed,0,0
Management of companies and enterprises,"Veteran, Asian",Total reporting,4,S
Management of companies and enterprises,"Veteran, Asian",Item not reported,0,0
Management of companies and enterprises,"Veteran, Native Hawaiian and Other Pacific Islander",All firms,0,0
Management of companies and enterprises,"Veteran, Native Hawaiian and Other Pacific Islander",Personal/family savings of owner(s),0,0
Management of companies and enterprises,"Veteran, Native Hawaiian and Other Pacific Islander",Personal/family assets other than savings of owner(s),0,0
Management of companies and enterprises,"Veteran, Native Hawaiian and Other Pacific Islander",Personal/family home equity loan,0,0
Management of companies and enterprises,"Veteran, Native Hawaiian and Other Pacific Islander",Personal credit card(s) carrying balances,0,0
Management of companies and enterprises,"Veteran, Native Hawaiian and Other Pacific Islander",Business credit card(s) carrying balances,0,0
Management of companies and enterprises,"Veteran, Native Hawaiian and Other Pacific Islander","Business loan from federal, state, or local government",0,0
Management of companies and enterprises,"Veteran, Native Hawaiian and Other Pacific Islander",Government-guaranteed business loan from a bank or financial institution,0,0
Management of companies and enterprises,"Veteran, Native Hawaiian and Other Pacific Islander",Business loan from a bank or financial institution,0,0
Management of companies and enterprises,"Veteran, Native Hawaiian and Other Pacific Islander",Business loan/investment from family/friends,0,0
Management of companies and enterprises,"Veteran, Native Hawaiian and Other Pacific Islander",Investment by venture capitalist(s),0,0
Management of companies and enterprises,"Veteran, Native Hawaiian and Other Pacific Islander",Grants,0,0
Management of companies and enterprises,"Veteran, Native Hawaiian and Other Pacific Islander",Other source(s) of capital,0,0
Management of companies and enterprises,"Veteran, Native Hawaiian and Other Pacific Islander",Don't know,0,0
Management of companies and enterprises,"Veteran, Native Hawaiian and Other Pacific Islander",None needed,0,0
Management of companies and enterprises,"Veteran, Native Hawaiian and Other Pacific Islander",Total reporting,0,0
Management of companies and enterprises,"Veteran, Native Hawaiian and Other Pacific Islander",Item not reported,0,0
Management of companies and enterprises,"Veteran, some other race",All firms,19,S
Management of companies and enterprises,"Veteran, some other race",Personal/family savings of owner(s),0,S
Management of companies and enterprises,"Veteran, some other race",Personal/family assets other than savings of owner(s),0,S
Management of companies and enterprises,"Veteran, some other race",Personal/family home equity loan,0,S
Management of companies and enterprises,"Veteran, some other race",Personal credit card(s) carrying balances,0,S
Management of companies and enterprises,"Veteran, some other race",Business credit card(s) carrying balances,0,S
Management of companies and enterprises,"Veteran, some other race","Business loan from federal, state, or local government",0,S
Management of companies and enterprises,"Veteran, some other race",Government-guaranteed business loan from a bank or financial institution,0,S
Management of companies and enterprises,"Veteran, some other race",Business loan from a bank or financial institution,0,S
Management of companies and enterprises,"Veteran, some other race",Business loan/investment from family/friends,0,S
Management of companies and enterprises,"Veteran, some other race",Investment by venture capitalist(s),0,S
Management of companies and enterprises,"Veteran, some other race",Grants,0,S
Management of companies and enterprises,"Veteran, some other race",Other source(s) of capital,0,S
Management of companies and enterprises,"Veteran, some other race",Don't know,0,S
Management of companies and enterprises,"Veteran, some other race",None needed,2,S
Management of companies and enterprises,"Veteran, some other race",Total reporting,2,S
Management of companies and enterprises,"Veteran, some other race",Item not reported,0,S
Management of companies and enterprises,"Veteran, minority",All firms,92,151088
Management of companies and enterprises,"Veteran, minority",Personal/family savings of owner(s),60,31788
Management of companies and enterprises,"Veteran, minority",Personal/family assets other than savings of owner(s),2,S
Management of companies and enterprises,"Veteran, minority",Personal/family home equity loan,0,0
Management of companies and enterprises,"Veteran, minority",Personal credit card(s) carrying balances,2,S
Management of companies and enterprises,"Veteran, minority",Business credit card(s) carrying balances,0,0
Management of companies and enterprises,"Veteran, minority","Business loan from federal, state, or local government",0,0
Management of companies and enterprises,"Veteran, minority",Government-guaranteed business loan from a bank or financial institution,0,0
Management of companies and enterprises,"Veteran, minority",Business loan from a bank or financial institution,8,9133
Management of companies and enterprises,"Veteran, minority",Business loan/investment from family/friends,0,0
Management of companies and enterprises,"Veteran, minority",Investment by venture capitalist(s),0,0
Management of companies and enterprises,"Veteran, minority",Grants,0,0
Management of companies and enterprises,"Veteran, minority",Other source(s) of capital,2,S
Management of companies and enterprises,"Veteran, minority",Don't know,0,0
Management of companies and enterprises,"Veteran, minority",None needed,6,S
Management of companies and enterprises,"Veteran, minority",Total reporting,74,81821
Management of companies and enterprises,"Veteran, minority",Item not reported,0,0
Management of companies and enterprises,"Veteran, equally minority/nonminority",All firms,0,0
Management of companies and enterprises,"Veteran, equally minority/nonminority",Personal/family savings of owner(s),0,0
Management of companies and enterprises,"Veteran, equally minority/nonminority",Personal/family assets other than savings of owner(s),0,0
Management of companies and enterprises,"Veteran, equally minority/nonminority",Personal/family home equity loan,0,0
Management of companies and enterprises,"Veteran, equally minority/nonminority",Personal credit card(s) carrying balances,0,0
Management of companies and enterprises,"Veteran, equally minority/nonminority",Business credit card(s) carrying balances,0,0
Management of companies and enterprises,"Veteran, equally minority/nonminority","Business loan from federal, state, or local government",0,0
Management of companies and enterprises,"Veteran, equally minority/nonminority",Government-guaranteed business loan from a bank or financial institution,0,0
Management of companies and enterprises,"Veteran, equally minority/nonminority",Business loan from a bank or financial institution,0,0
Management of companies and enterprises,"Veteran, equally minority/nonminority",Business loan/investment from family/friends,0,0
Management of companies and enterprises,"Veteran, equally minority/nonminority",Investment by venture capitalist(s),0,0
Management of companies and enterprises,"Veteran, equally minority/nonminority",Grants,0,0
Management of companies and enterprises,"Veteran, equally minority/nonminority",Other source(s) of capital,0,0
Management of companies and enterprises,"Veteran, equally minority/nonminority",Don't know,0,0
Management of companies and enterprises,"Veteran, equally minority/nonminority",None needed,0,0
Management of companies and enterprises,"Veteran, equally minority/nonminority",Total reporting,0,0
Management of companies and enterprises,"Veteran, equally minority/nonminority",Item not reported,0,0
Management of companies and enterprises,"Veteran, nonminority",All firms,1729,6027768
Management of companies and enterprises,"Veteran, nonminority",Personal/family savings of owner(s),684,1284874
Management of companies and enterprises,"Veteran, nonminority",Personal/family assets other than savings of owner(s),175,525514
Management of companies and enterprises,"Veteran, nonminority",Personal/family home equity loan,53,56082
Management of companies and enterprises,"Veteran, nonminority",Personal credit card(s) carrying balances,35,S
Management of companies and enterprises,"Veteran, nonminority",Business credit card(s) carrying balances,24,S
Management of companies and enterprises,"Veteran, nonminority","Business loan from federal, state, or local government",53,S
Management of companies and enterprises,"Veteran, nonminority",Government-guaranteed business loan from a bank or financial institution,20,S
Management of companies and enterprises,"Veteran, nonminority",Business loan from a bank or financial institution,332,977180
Management of companies and enterprises,"Veteran, nonminority",Business loan/investment from family/friends,72,411849
Management of companies and enterprises,"Veteran, nonminority",Investment by venture capitalist(s),7,S
Management of companies and enterprises,"Veteran, nonminority",Grants,0,0
Management of companies and enterprises,"Veteran, nonminority",Other source(s) of capital,90,79764
Management of companies and enterprises,"Veteran, nonminority",Don't know,297,1478699
Management of companies and enterprises,"Veteran, nonminority",None needed,29,138397
Management of companies and enterprises,"Veteran, nonminority",Total reporting,1219,3682218
Management of companies and enterprises,"Veteran, nonminority",Item not reported,4,S
Management of companies and enterprises,Equally veteran/nonveteran,All firms,510,713578
Management of companies and enterprises,Equally veteran/nonveteran,Personal/family savings of owner(s),185,208881
Management of companies and enterprises,Equally veteran/nonveteran,Personal/family assets other than savings of owner(s),46,57486
Management of companies and enterprises,Equally veteran/nonveteran,Personal/family home equity loan,24,8943
Management of companies and enterprises,Equally veteran/nonveteran,Personal credit card(s) carrying balances,10,9523
Management of companies and enterprises,Equally veteran/nonveteran,Business credit card(s) carrying balances,4,S
Management of companies and enterprises,Equally veteran/nonveteran,"Business loan from federal, state, or local government",0,0
Management of companies and enterprises,Equally veteran/nonveteran,Government-guaranteed business loan from a bank or financial institution,2,S
Management of companies and enterprises,Equally veteran/nonveteran,Business loan from a bank or financial institution,113,131746
Management of companies and enterprises,Equally veteran/nonveteran,Business loan/investment from family/friends,15,S
Management of companies and enterprises,Equally veteran/nonveteran,Investment by venture capitalist(s),2,S
Management of companies and enterprises,Equally veteran/nonveteran,Grants,0,0
Management of companies and enterprises,Equally veteran/nonveteran,Other source(s) of capital,29,S
Management of companies and enterprises,Equally veteran/nonveteran,Don't know,92,100000
Management of companies and enterprises,Equally veteran/nonveteran,None needed,10,S
Management of companies and enterprises,Equally veteran/nonveteran,Total reporting,372,462038
Management of companies and enterprises,Equally veteran/nonveteran,Item not reported,0,0
Management of companies and enterprises,"Equally veteran/nonveteran, female-owned",All firms,2,S
Management of companies and enterprises,"Equally veteran/nonveteran, female-owned",Personal/family savings of owner(s),2,S
Management of companies and enterprises,"Equally veteran/nonveteran, female-owned",Personal/family assets other than savings of owner(s),0,S
Management of companies and enterprises,"Equally veteran/nonveteran, female-owned",Personal/family home equity loan,0,S
Management of companies and enterprises,"Equally veteran/nonveteran, female-owned",Personal credit card(s) carrying balances,0,S
Management of companies and enterprises,"Equally veteran/nonveteran, female-owned",Business credit card(s) carrying balances,0,S
Management of companies and enterprises,"Equally veteran/nonveteran, female-owned","Business loan from federal, state, or local government",0,S
Management of companies and enterprises,"Equally veteran/nonveteran, female-owned",Government-guaranteed business loan from a bank or financial institution,0,S
Management of companies and enterprises,"Equally veteran/nonveteran, female-owned",Business loan from a bank or financial institution,0,S
Management of companies and enterprises,"Equally veteran/nonveteran, female-owned",Business loan/investment from family/friends,0,S
Management of companies and enterprises,"Equally veteran/nonveteran, female-owned",Investment by venture capitalist(s),0,S
Management of companies and enterprises,"Equally veteran/nonveteran, female-owned",Grants,0,S
Management of companies and enterprises,"Equally veteran/nonveteran, female-owned",Other source(s) of capital,2,S
Management of companies and enterprises,"Equally veteran/nonveteran, female-owned",Don't know,0,S
Management of companies and enterprises,"Equally veteran/nonveteran, female-owned",None needed,0,S
Management of companies and enterprises,"Equally veteran/nonveteran, female-owned",Total reporting,4,S
Management of companies and enterprises,"Equally veteran/nonveteran, female-owned",Item not reported,0,S
Management of companies and enterprises,"Equally veteran/nonveteran, male-owned",All firms,204,467483
Management of companies and enterprises,"Equally veteran/nonveteran, male-owned",Personal/family savings of owner(s),66,135886
Management of companies and enterprises,"Equally veteran/nonveteran, male-owned",Personal/family assets other than savings of owner(s),33,52801
Management of companies and enterprises,"Equally veteran/nonveteran, male-owned",Personal/family home equity loan,9,S
Management of companies and enterprises,"Equally veteran/nonveteran, male-owned",Personal credit card(s) carrying balances,4,S
Management of companies and enterprises,"Equally veteran/nonveteran, male-owned",Business credit card(s) carrying balances,2,S
Management of companies and enterprises,"Equally veteran/nonveteran, male-owned","Business loan from federal, state, or local government",0,0
Management of companies and enterprises,"Equally veteran/nonveteran, male-owned",Government-guaranteed business loan from a bank or financial institution,2,S
Management of companies and enterprises,"Equally veteran/nonveteran, male-owned",Business loan from a bank or financial institution,42,71140
Management of companies and enterprises,"Equally veteran/nonveteran, male-owned",Business loan/investment from family/friends,9,S
Management of companies and enterprises,"Equally veteran/nonveteran, male-owned",Investment by venture capitalist(s),0,0
Management of companies and enterprises,"Equally veteran/nonveteran, male-owned",Grants,0,0
Management of companies and enterprises,"Equally veteran/nonveteran, male-owned",Other source(s) of capital,0,0
Management of companies and enterprises,"Equally veteran/nonveteran, male-owned",Don't know,46,S
Management of companies and enterprises,"Equally veteran/nonveteran, male-owned",None needed,2,S
Management of companies and enterprises,"Equally veteran/nonveteran, male-owned",Total reporting,147,269788
Management of companies and enterprises,"Equally veteran/nonveteran, male-owned",Item not reported,0,0
Management of companies and enterprises,"Equally veteran/nonveteran, equally male-/female-owned",All firms,305,244746
Management of companies and enterprises,"Equally veteran/nonveteran, equally male-/female-owned",Personal/family savings of owner(s),117,72688
Management of companies and enterprises,"Equally veteran/nonveteran, equally male-/female-owned",Personal/family assets other than savings of owner(s),12,4685
Management of companies and enterprises,"Equally veteran/nonveteran, equally male-/female-owned",Personal/family home equity loan,15,S
Management of companies and enterprises,"Equally veteran/nonveteran, equally male-/female-owned",Personal credit card(s) carrying balances,6,7714
Management of companies and enterprises,"Equally veteran/nonveteran, equally male-/female-owned",Business credit card(s) carrying balances,2,S
Management of companies and enterprises,"Equally veteran/nonveteran, equally male-/female-owned","Business loan from federal, state, or local government",0,0
Management of companies and enterprises,"Equally veteran/nonveteran, equally male-/female-owned",Government-guaranteed business loan from a bank or financial institution,0,0
Management of companies and enterprises,"Equally veteran/nonveteran, equally male-/female-owned",Business loan from a bank or financial institution,71,60606
Management of companies and enterprises,"Equally veteran/nonveteran, equally male-/female-owned",Business loan/investment from family/friends,6,S
Management of companies and enterprises,"Equally veteran/nonveteran, equally male-/female-owned",Investment by venture capitalist(s),2,S
Management of companies and enterprises,"Equally veteran/nonveteran, equally male-/female-owned",Grants,0,0
Management of companies and enterprises,"Equally veteran/nonveteran, equally male-/female-owned",Other source(s) of capital,27,S
Management of companies and enterprises,"Equally veteran/nonveteran, equally male-/female-owned",Don't know,46,49056
Management of companies and enterprises,"Equally veteran/nonveteran, equally male-/female-owned",None needed,7,S
Management of companies and enterprises,"Equally veteran/nonveteran, equally male-/female-owned",Total reporting,222,189553
Management of companies and enterprises,"Equally veteran/nonveteran, equally male-/female-owned",Item not reported,0,0
Management of companies and enterprises,"Equally veteran/nonveteran, Hispanic",All firms,9,7424
Management of companies and enterprises,"Equally veteran/nonveteran, Hispanic",Personal/family savings of owner(s),6,S
Management of companies and enterprises,"Equally veteran/nonveteran, Hispanic",Personal/family assets other than savings of owner(s),0,0
Management of companies and enterprises,"Equally veteran/nonveteran, Hispanic",Personal/family home equity loan,0,0
Management of companies and enterprises,"Equally veteran/nonveteran, Hispanic",Personal credit card(s) carrying balances,2,S
Management of companies and enterprises,"Equally veteran/nonveteran, Hispanic",Business credit card(s) carrying balances,0,0
Management of companies and enterprises,"Equally veteran/nonveteran, Hispanic","Business loan from federal, state, or local government",0,0
Management of companies and enterprises,"Equally veteran/nonveteran, Hispanic",Government-guaranteed business loan from a bank or financial institution,0,0
Management of companies and enterprises,"Equally veteran/nonveteran, Hispanic",Business loan from a bank or financial institution,0,0
Management of companies and enterprises,"Equally veteran/nonveteran, Hispanic",Business loan/investment from family/friends,0,0
Management of companies and enterprises,"Equally veteran/nonveteran, Hispanic",Investment by venture capitalist(s),0,0
Management of companies and enterprises,"Equally veteran/nonveteran, Hispanic",Grants,0,0
Management of companies and enterprises,"Equally veteran/nonveteran, Hispanic",Other source(s) of capital,0,0
Management of companies and enterprises,"Equally veteran/nonveteran, Hispanic",Don't know,0,0
Management of companies and enterprises,"Equally veteran/nonveteran, Hispanic",None needed,2,S
Management of companies and enterprises,"Equally veteran/nonveteran, Hispanic",Total reporting,8,S
Management of companies and enterprises,"Equally veteran/nonveteran, Hispanic",Item not reported,0,0
Management of companies and enterprises,"Equally veteran/nonveteran, equally Hispanic/non-Hispanic",All firms,31,S
Management of companies and enterprises,"Equally veteran/nonveteran, equally Hispanic/non-Hispanic",Personal/family savings of owner(s),2,S
Management of companies and enterprises,"Equally veteran/nonveteran, equally Hispanic/non-Hispanic",Personal/family assets other than savings of owner(s),0,S
Management of companies and enterprises,"Equally veteran/nonveteran, equally Hispanic/non-Hispanic",Personal/family home equity loan,0,S
Management of companies and enterprises,"Equally veteran/nonveteran, equally Hispanic/non-Hispanic",Personal credit card(s) carrying balances,0,S
Management of companies and enterprises,"Equally veteran/nonveteran, equally Hispanic/non-Hispanic",Business credit card(s) carrying balances,0,S
Management of companies and enterprises,"Equally veteran/nonveteran, equally Hispanic/non-Hispanic","Business loan from federal, state, or local government",0,S
Management of companies and enterprises,"Equally veteran/nonveteran, equally Hispanic/non-Hispanic",Government-guaranteed business loan from a bank or financial institution,0,S
Management of companies and enterprises,"Equally veteran/nonveteran, equally Hispanic/non-Hispanic",Business loan from a bank or financial institution,0,S
Management of companies and enterprises,"Equally veteran/nonveteran, equally Hispanic/non-Hispanic",Business loan/investment from family/friends,0,S
Management of companies and enterprises,"Equally veteran/nonveteran, equally Hispanic/non-Hispanic",Investment by venture capitalist(s),0,S
Management of companies and enterprises,"Equally veteran/nonveteran, equally Hispanic/non-Hispanic",Grants,0,S
Management of companies and enterprises,"Equally veteran/nonveteran, equally Hispanic/non-Hispanic",Other source(s) of capital,2,S
Management of companies and enterprises,"Equally veteran/nonveteran, equally Hispanic/non-Hispanic",Don't know,11,S
Management of companies and enterprises,"Equally veteran/nonveteran, equally Hispanic/non-Hispanic",None needed,0,S
Management of companies and enterprises,"Equally veteran/nonveteran, equally Hispanic/non-Hispanic",Total reporting,15,S
Management of companies and enterprises,"Equally veteran/nonveteran, equally Hispanic/non-Hispanic",Item not reported,0,S
Management of companies and enterprises,"Equally veteran/nonveteran, non-Hispanic",All firms,471,681666
Management of companies and enterprises,"Equally veteran/nonveteran, non-Hispanic",Personal/family savings of owner(s),177,208495
Management of companies and enterprises,"Equally veteran/nonveteran, non-Hispanic",Personal/family assets other than savings of owner(s),46,57486
Management of companies and enterprises,"Equally veteran/nonveteran, non-Hispanic",Personal/family home equity loan,24,8943
Management of companies and enterprises,"Equally veteran/nonveteran, non-Hispanic",Personal credit card(s) carrying balances,8,9476
Management of companies and enterprises,"Equally veteran/nonveteran, non-Hispanic",Business credit card(s) carrying balances,4,S
Management of companies and enterprises,"Equally veteran/nonveteran, non-Hispanic","Business loan from federal, state, or local government",0,0
Management of companies and enterprises,"Equally veteran/nonveteran, non-Hispanic",Government-guaranteed business loan from a bank or financial institution,2,S
Management of companies and enterprises,"Equally veteran/nonveteran, non-Hispanic",Business loan from a bank or financial institution,113,131746
Management of companies and enterprises,"Equally veteran/nonveteran, non-Hispanic",Business loan/investment from family/friends,15,S
Management of companies and enterprises,"Equally veteran/nonveteran, non-Hispanic",Investment by venture capitalist(s),2,S
Management of companies and enterprises,"Equally veteran/nonveteran, non-Hispanic",Grants,0,0
Management of companies and enterprises,"Equally veteran/nonveteran, non-Hispanic",Other source(s) of capital,27,S
Management of companies and enterprises,"Equally veteran/nonveteran, non-Hispanic",Don't know,81,99382
Management of companies and enterprises,"Equally veteran/nonveteran, non-Hispanic",None needed,7,S
Management of companies and enterprises,"Equally veteran/nonveteran, non-Hispanic",Total reporting,349,455607
Management of companies and enterprises,"Equally veteran/nonveteran, non-Hispanic",Item not reported,0,0
Management of companies and enterprises,"Equally veteran/nonveteran, White",All firms,467,659557
Management of companies and enterprises,"Equally veteran/nonveteran, White",Personal/family savings of owner(s),183,208554
Management of companies and enterprises,"Equally veteran/nonveteran, White",Personal/family assets other than savings of owner(s),46,57486
Management of companies and enterprises,"Equally veteran/nonveteran, White",Personal/family home equity loan,24,8943
Management of companies and enterprises,"Equally veteran/nonveteran, White",Personal credit card(s) carrying balances,10,9523
Management of companies and enterprises,"Equally veteran/nonveteran, White",Business credit card(s) carrying balances,4,S
Management of companies and enterprises,"Equally veteran/nonveteran, White","Business loan from federal, state, or local government",0,0
Management of companies and enterprises,"Equally veteran/nonveteran, White",Government-guaranteed business loan from a bank or financial institution,2,S
Management of companies and enterprises,"Equally veteran/nonveteran, White",Business loan from a bank or financial institution,113,131746
Management of companies and enterprises,"Equally veteran/nonveteran, White",Business loan/investment from family/friends,15,S
Management of companies and enterprises,"Equally veteran/nonveteran, White",Investment by venture capitalist(s),2,S
Management of companies and enterprises,"Equally veteran/nonveteran, White",Grants,0,0
Management of companies and enterprises,"Equally veteran/nonveteran, White",Other source(s) of capital,25,S
Management of companies and enterprises,"Equally veteran/nonveteran, White",Don't know,74,58959
Management of companies and enterprises,"Equally veteran/nonveteran, White",None needed,10,S
Management of companies and enterprises,"Equally veteran/nonveteran, White",Total reporting,349,420345
Management of companies and enterprises,"Equally veteran/nonveteran, White",Item not reported,0,0
Management of companies and enterprises,"Equally veteran/nonveteran, Black or African American",All firms,4,4561
Management of companies and enterprises,"Equally veteran/nonveteran, Black or African American",Personal/family savings of owner(s),0,0
Management of companies and enterprises,"Equally veteran/nonveteran, Black or African American",Personal/family assets other than savings of owner(s),0,0
Management of companies and enterprises,"Equally veteran/nonveteran, Black or African American",Personal/family home equity loan,0,0
Management of companies and enterprises,"Equally veteran/nonveteran, Black or African American",Personal credit card(s) carrying balances,0,0
Management of companies and enterprises,"Equally veteran/nonveteran, Black or African American",Business credit card(s) carrying balances,0,0
Management of companies and enterprises,"Equally veteran/nonveteran, Black or African American","Business loan from federal, state, or local government",0,0
Management of companies and enterprises,"Equally veteran/nonveteran, Black or African American",Government-guaranteed business loan from a bank or financial institution,0,0
Management of companies and enterprises,"Equally veteran/nonveteran, Black or African American",Business loan from a bank or financial institution,0,0
Management of companies and enterprises,"Equally veteran/nonveteran, Black or African American",Business loan/investment from family/friends,0,0
Management of companies and enterprises,"Equally veteran/nonveteran, Black or African American",Investment by venture capitalist(s),0,0
Management of companies and enterprises,"Equally veteran/nonveteran, Black or African American",Grants,0,0
Management of companies and enterprises,"Equally veteran/nonveteran, Black or African American",Other source(s) of capital,0,0
Management of companies and enterprises,"Equally veteran/nonveteran, Black or African American",Don't know,2,S
Management of companies and enterprises,"Equally veteran/nonveteran, Black or African American",None needed,0,0
Management of companies and enterprises,"Equally veteran/nonveteran, Black or African American",Total reporting,2,S
Management of companies and enterprises,"Equally veteran/nonveteran, Black or African American",Item not reported,0,0
Management of companies and enterprises,"Equally veteran/nonveteran, American Indian and Alaska Native",All firms,1,S
Management of companies and enterprises,"Equally veteran/nonveteran, American Indian and Alaska Native",Personal/family savings of owner(s),0,S
Management of companies and enterprises,"Equally veteran/nonveteran, American Indian and Alaska Native",Personal/family assets other than savings of owner(s),0,S
Management of companies and enterprises,"Equally veteran/nonveteran, American Indian and Alaska Native",Personal/family home equity loan,0,S
Management of companies and enterprises,"Equally veteran/nonveteran, American Indian and Alaska Native",Personal credit card(s) carrying balances,0,S
Management of companies and enterprises,"Equally veteran/nonveteran, American Indian and Alaska Native",Business credit card(s) carrying balances,0,S
Management of companies and enterprises,"Equally veteran/nonveteran, American Indian and Alaska Native","Business loan from federal, state, or local government",0,S
Management of companies and enterprises,"Equally veteran/nonveteran, American Indian and Alaska Native",Government-guaranteed business loan from a bank or financial institution,0,S
Management of companies and enterprises,"Equally veteran/nonveteran, American Indian and Alaska Native",Business loan from a bank or financial institution,0,S
Management of companies and enterprises,"Equally veteran/nonveteran, American Indian and Alaska Native",Business loan/investment from family/friends,0,S
Management of companies and enterprises,"Equally veteran/nonveteran, American Indian and Alaska Native",Investment by venture capitalist(s),0,S
Management of companies and enterprises,"Equally veteran/nonveteran, American Indian and Alaska Native",Grants,0,S
Management of companies and enterprises,"Equally veteran/nonveteran, American Indian and Alaska Native",Other source(s) of capital,0,S
Management of companies and enterprises,"Equally veteran/nonveteran, American Indian and Alaska Native",Don't know,0,S
Management of companies and enterprises,"Equally veteran/nonveteran, American Indian and Alaska Native",None needed,0,S
Management of companies and enterprises,"Equally veteran/nonveteran, American Indian and Alaska Native",Total reporting,0,S
Management of companies and enterprises,"Equally veteran/nonveteran, American Indian and Alaska Native",Item not reported,0,S
Management of companies and enterprises,"Equally veteran/nonveteran, Asian",All firms,1,S
Management of companies and enterprises,"Equally veteran/nonveteran, Asian",Personal/family savings of owner(s),0,S
Management of companies and enterprises,"Equally veteran/nonveteran, Asian",Personal/family assets other than savings of owner(s),0,S
Management of companies and enterprises,"Equally veteran/nonveteran, Asian",Personal/family home equity loan,0,S
Management of companies and enterprises,"Equally veteran/nonveteran, Asian",Personal credit card(s) carrying balances,0,S
Management of companies and enterprises,"Equally veteran/nonveteran, Asian",Business credit card(s) carrying balances,0,S
Management of companies and enterprises,"Equally veteran/nonveteran, Asian","Business loan from federal, state, or local government",0,S
Management of companies and enterprises,"Equally veteran/nonveteran, Asian",Government-guaranteed business loan from a bank or financial institution,0,S
Management of companies and enterprises,"Equally veteran/nonveteran, Asian",Business loan from a bank or financial institution,0,S
Management of companies and enterprises,"Equally veteran/nonveteran, Asian",Business loan/investment from family/friends,0,S
Management of companies and enterprises,"Equally veteran/nonveteran, Asian",Investment by venture capitalist(s),0,S
Management of companies and enterprises,"Equally veteran/nonveteran, Asian",Grants,0,S
Management of companies and enterprises,"Equally veteran/nonveteran, Asian",Other source(s) of capital,0,S
Management of companies and enterprises,"Equally veteran/nonveteran, Asian",Don't know,2,S
Management of companies and enterprises,"Equally veteran/nonveteran, Asian",None needed,0,S
Management of companies and enterprises,"Equally veteran/nonveteran, Asian",Total reporting,2,S
Management of companies and enterprises,"Equally veteran/nonveteran, Asian",Item not reported,0,S
Management of companies and enterprises,"Equally veteran/nonveteran, Native Hawaiian and Other Pacific Islander",All firms,0,0
Management of companies and enterprises,"Equally veteran/nonveteran, Native Hawaiian and Other Pacific Islander",Personal/family savings of owner(s),0,0
Management of companies and enterprises,"Equally veteran/nonveteran, Native Hawaiian and Other Pacific Islander",Personal/family assets other than savings of owner(s),0,0
Management of companies and enterprises,"Equally veteran/nonveteran, Native Hawaiian and Other Pacific Islander",Personal/family home equity loan,0,0
Management of companies and enterprises,"Equally veteran/nonveteran, Native Hawaiian and Other Pacific Islander",Personal credit card(s) carrying balances,0,0
Management of companies and enterprises,"Equally veteran/nonveteran, Native Hawaiian and Other Pacific Islander",Business credit card(s) carrying balances,0,0
Management of companies and enterprises,"Equally veteran/nonveteran, Native Hawaiian and Other Pacific Islander","Business loan from federal, state, or local government",0,0
Management of companies and enterprises,"Equally veteran/nonveteran, Native Hawaiian and Other Pacific Islander",Government-guaranteed business loan from a bank or financial institution,0,0
Management of companies and enterprises,"Equally veteran/nonveteran, Native Hawaiian and Other Pacific Islander",Business loan from a bank or financial institution,0,0
Management of companies and enterprises,"Equally veteran/nonveteran, Native Hawaiian and Other Pacific Islander",Business loan/investment from family/friends,0,0
Management of companies and enterprises,"Equally veteran/nonveteran, Native Hawaiian and Other Pacific Islander",Investment by venture capitalist(s),0,0
Management of companies and enterprises,"Equally veteran/nonveteran, Native Hawaiian and Other Pacific Islander",Grants,0,0
Management of companies and enterprises,"Equally veteran/nonveteran, Native Hawaiian and Other Pacific Islander",Other source(s) of capital,0,0
Management of companies and enterprises,"Equally veteran/nonveteran, Native Hawaiian and Other Pacific Islander",Don't know,0,0
Management of companies and enterprises,"Equally veteran/nonveteran, Native Hawaiian and Other Pacific Islander",None needed,0,0
Management of companies and enterprises,"Equally veteran/nonveteran, Native Hawaiian and Other Pacific Islander",Total reporting,0,0
Management of companies and enterprises,"Equally veteran/nonveteran, Native Hawaiian and Other Pacific Islander",Item not reported,0,0
Management of companies and enterprises,"Equally veteran/nonveteran, some other race",All firms,1,S
Management of companies and enterprises,"Equally veteran/nonveteran, some other race",Personal/family savings of owner(s),0,S
Management of companies and enterprises,"Equally veteran/nonveteran, some other race",Personal/family assets other than savings of owner(s),0,S
Management of companies and enterprises,"Equally veteran/nonveteran, some other race",Personal/family home equity loan,0,S
Management of companies and enterprises,"Equally veteran/nonveteran, some other race",Personal credit card(s) carrying balances,0,S
Management of companies and enterprises,"Equally veteran/nonveteran, some other race",Business credit card(s) carrying balances,0,S
Management of companies and enterprises,"Equally veteran/nonveteran, some other race","Business loan from federal, state, or local government",0,S
Management of companies and enterprises,"Equally veteran/nonveteran, some other race",Government-guaranteed business loan from a bank or financial institution,0,S
Management of companies and enterprises,"Equally veteran/nonveteran, some other race",Business loan from a bank or financial institution,0,S
Management of companies and enterprises,"Equally veteran/nonveteran, some other race",Business loan/investment from family/friends,0,S
Management of companies and enterprises,"Equally veteran/nonveteran, some other race",Investment by venture capitalist(s),0,S
Management of companies and enterprises,"Equally veteran/nonveteran, some other race",Grants,0,S
Management of companies and enterprises,"Equally veteran/nonveteran, some other race",Other source(s) of capital,0,S
Management of companies and enterprises,"Equally veteran/nonveteran, some other race",Don't know,0,S
Management of companies and enterprises,"Equally veteran/nonveteran, some other race",None needed,0,S
Management of companies and enterprises,"Equally veteran/nonveteran, some other race",Total reporting,0,S
Management of companies and enterprises,"Equally veteran/nonveteran, some other race",Item not reported,0,S
Management of companies and enterprises,"Equally veteran/nonveteran, minority",All firms,15,30716
Management of companies and enterprises,"Equally veteran/nonveteran, minority",Personal/family savings of owner(s),6,S
Management of companies and enterprises,"Equally veteran/nonveteran, minority",Personal/family assets other than savings of owner(s),0,0
Management of companies and enterprises,"Equally veteran/nonveteran, minority",Personal/family home equity loan,0,0
Management of companies and enterprises,"Equally veteran/nonveteran, minority",Personal credit card(s) carrying balances,2,S
Management of companies and enterprises,"Equally veteran/nonveteran, minority",Business credit card(s) carrying balances,0,0
Management of companies and enterprises,"Equally veteran/nonveteran, minority","Business loan from federal, state, or local government",0,0
Management of companies and enterprises,"Equally veteran/nonveteran, minority",Government-guaranteed business loan from a bank or financial institution,0,0
Management of companies and enterprises,"Equally veteran/nonveteran, minority",Business loan from a bank or financial institution,0,0
Management of companies and enterprises,"Equally veteran/nonveteran, minority",Business loan/investment from family/friends,0,0
Management of companies and enterprises,"Equally veteran/nonveteran, minority",Investment by venture capitalist(s),0,0
Management of companies and enterprises,"Equally veteran/nonveteran, minority",Grants,0,0
Management of companies and enterprises,"Equally veteran/nonveteran, minority",Other source(s) of capital,0,0
Management of companies and enterprises,"Equally veteran/nonveteran, minority",Don't know,4,S
Management of companies and enterprises,"Equally veteran/nonveteran, minority",None needed,2,S
Management of companies and enterprises,"Equally veteran/nonveteran, minority",Total reporting,12,S
Management of companies and enterprises,"Equally veteran/nonveteran, minority",Item not reported,0,0
Management of companies and enterprises,"Equally veteran/nonveteran, equally minority/nonminority",All firms,42,S
Management of companies and enterprises,"Equally veteran/nonveteran, equally minority/nonminority",Personal/family savings of owner(s),2,S
Management of companies and enterprises,"Equally veteran/nonveteran, equally minority/nonminority",Personal/family assets other than savings of owner(s),0,S
Management of companies and enterprises,"Equally veteran/nonveteran, equally minority/nonminority",Personal/family home equity loan,0,S
Management of companies and enterprises,"Equally veteran/nonveteran, equally minority/nonminority",Personal credit card(s) carrying balances,0,S
Management of companies and enterprises,"Equally veteran/nonveteran, equally minority/nonminority",Business credit card(s) carrying balances,0,S
Management of companies and enterprises,"Equally veteran/nonveteran, equally minority/nonminority","Business loan from federal, state, or local government",0,S
Management of companies and enterprises,"Equally veteran/nonveteran, equally minority/nonminority",Government-guaranteed business loan from a bank or financial institution,0,S
Management of companies and enterprises,"Equally veteran/nonveteran, equally minority/nonminority",Business loan from a bank or financial institution,0,S
Management of companies and enterprises,"Equally veteran/nonveteran, equally minority/nonminority",Business loan/investment from family/friends,0,S
Management of companies and enterprises,"Equally veteran/nonveteran, equally minority/nonminority",Investment by venture capitalist(s),0,S
Management of companies and enterprises,"Equally veteran/nonveteran, equally minority/nonminority",Grants,0,S
Management of companies and enterprises,"Equally veteran/nonveteran, equally minority/nonminority",Other source(s) of capital,6,S
Management of companies and enterprises,"Equally veteran/nonveteran, equally minority/nonminority",Don't know,14,S
Management of companies and enterprises,"Equally veteran/nonveteran, equally minority/nonminority",None needed,0,S
Management of companies and enterprises,"Equally veteran/nonveteran, equally minority/nonminority",Total reporting,22,S
Management of companies and enterprises,"Equally veteran/nonveteran, equally minority/nonminority",Item not reported,0,S
Management of companies and enterprises,"Equally veteran/nonveteran, nonminority",All firms,454,650729
Management of companies and enterprises,"Equally veteran/nonveteran, nonminority",Personal/family savings of owner(s),177,208495
Management of companies and enterprises,"Equally veteran/nonveteran, nonminority",Personal/family assets other than savings of owner(s),46,57486
Management of companies and enterprises,"Equally veteran/nonveteran, nonminority",Personal/family home equity loan,24,8943
Management of companies and enterprises,"Equally veteran/nonveteran, nonminority",Personal credit card(s) carrying balances,8,9476
Management of companies and enterprises,"Equally veteran/nonveteran, nonminority",Business credit card(s) carrying balances,4,S
Management of companies and enterprises,"Equally veteran/nonveteran, nonminority","Business loan from federal, state, or local government",0,0
Management of companies and enterprises,"Equally veteran/nonveteran, nonminority",Government-guaranteed business loan from a bank or financial institution,2,S
Management of companies and enterprises,"Equally veteran/nonveteran, nonminority",Business loan from a bank or financial institution,113,131746
Management of companies and enterprises,"Equally veteran/nonveteran, nonminority",Business loan/investment from family/friends,15,S
Management of companies and enterprises,"Equally veteran/nonveteran, nonminority",Investment by venture capitalist(s),2,S
Management of companies and enterprises,"Equally veteran/nonveteran, nonminority",Grants,0,0
Management of companies and enterprises,"Equally veteran/nonveteran, nonminority",Other source(s) of capital,23,S
Management of companies and enterprises,"Equally veteran/nonveteran, nonminority",Don't know,74,58959
Management of companies and enterprises,"Equally veteran/nonveteran, nonminority",None needed,7,S
Management of companies and enterprises,"Equally veteran/nonveteran, nonminority",Total reporting,338,414858
Management of companies and enterprises,"Equally veteran/nonveteran, nonminority",Item not reported,0,0
Management of companies and enterprises,Nonveteran,All firms,13980,52023653
Management of companies and enterprises,Nonveteran,Personal/family savings of owner(s),4604,13826473
Management of companies and enterprises,Nonveteran,Personal/family assets other than savings of owner(s),908,1942361
Management of companies and enterprises,Nonveteran,Personal/family home equity loan,280,641099
Management of companies and enterprises,Nonveteran,Personal credit card(s) carrying balances,328,279291
Management of companies and enterprises,Nonveteran,Business credit card(s) carrying balances,171,172689
Management of companies and enterprises,Nonveteran,"Business loan from federal, state, or local government",9,S
Management of companies and enterprises,Nonveteran,Government-guaranteed business loan from a bank or financial institution,215,318323
Management of companies and enterprises,Nonveteran,Business loan from a bank or financial institution,2113,5006895
Management of companies and enterprises,Nonveteran,Business loan/investment from family/friends,422,684777
Management of companies and enterprises,Nonveteran,Investment by venture capitalist(s),175,1528804
Management of companies and enterprises,Nonveteran,Grants,0,0
Management of companies and enterprises,Nonveteran,Other source(s) of capital,485,2556359
Management of companies and enterprises,Nonveteran,Don't know,3015,11030868
Management of companies and enterprises,Nonveteran,None needed,649,1573932
Management of companies and enterprises,Nonveteran,Total reporting,9890(r),30363790(r)
Management of companies and enterprises,Nonveteran,Item not reported,62(r),134935(r)
Management of companies and enterprises,"Nonveteran, female-owned",All firms,1877,4841374
Management of companies and enterprises,"Nonveteran, female-owned",Personal/family savings of owner(s),530,1026003
Management of companies and enterprises,"Nonveteran, female-owned",Personal/family assets other than savings of owner(s),187,205953
Management of companies and enterprises,"Nonveteran, female-owned",Personal/family home equity loan,13,S
Management of companies and enterprises,"Nonveteran, female-owned",Personal credit card(s) carrying balances,28,10143
Management of companies and enterprises,"Nonveteran, female-owned",Business credit card(s) carrying balances,12,S
Management of companies and enterprises,"Nonveteran, female-owned","Business loan from federal, state, or local government",0,0
Management of companies and enterprises,"Nonveteran, female-owned",Government-guaranteed business loan from a bank or financial institution,68,S
Management of companies and enterprises,"Nonveteran, female-owned",Business loan from a bank or financial institution,187,396200
Management of companies and enterprises,"Nonveteran, female-owned",Business loan/investment from family/friends,49,180266
Management of companies and enterprises,"Nonveteran, female-owned",Investment by venture capitalist(s),26,29449
Management of companies and enterprises,"Nonveteran, female-owned",Grants,0,0
Management of companies and enterprises,"Nonveteran, female-owned",Other source(s) of capital,44,227633
Management of companies and enterprises,"Nonveteran, female-owned",Don't know,558,1980578
Management of companies and enterprises,"Nonveteran, female-owned",None needed,139,125348
Management of companies and enterprises,"Nonveteran, female-owned",Total reporting,1467(r),3742798(r)
Management of companies and enterprises,"Nonveteran, female-owned",Item not reported,4(r),S
Management of companies and enterprises,"Nonveteran, male-owned",All firms,10764,44667067
Management of companies and enterprises,"Nonveteran, male-owned",Personal/family savings of owner(s),3495,12162169
Management of companies and enterprises,"Nonveteran, male-owned",Personal/family assets other than savings of owner(s),618,1600395
Management of companies and enterprises,"Nonveteran, male-owned",Personal/family home equity loan,169,428199
Management of companies and enterprises,"Nonveteran, male-owned",Personal credit card(s) carrying balances,170,207937
Management of companies and enterprises,"Nonveteran, male-owned",Business credit card(s) carrying balances,136,149437
Management of companies and enterprises,"Nonveteran, male-owned","Business loan from federal, state, or local government",9,S
Management of companies and enterprises,"Nonveteran, male-owned",Government-guaranteed business loan from a bank or financial institution,128,255804
Management of companies and enterprises,"Nonveteran, male-owned",Business loan from a bank or financial institution,1696,4424607
Management of companies and enterprises,"Nonveteran, male-owned",Business loan/investment from family/friends,303,485807
Management of companies and enterprises,"Nonveteran, male-owned",Investment by venture capitalist(s),149,1499355
Management of companies and enterprises,"Nonveteran, male-owned",Grants,0,0
Management of companies and enterprises,"Nonveteran, male-owned",Other source(s) of capital,407,2249551
Management of companies and enterprises,"Nonveteran, male-owned",Don't know,2274,8619143
Management of companies and enterprises,"Nonveteran, male-owned",None needed,485,1427656
Management of companies and enterprises,"Nonveteran, male-owned",Total reporting,7506(r),25416224(r)
Management of companies and enterprises,"Nonveteran, male-owned",Item not reported,43(r),121205(r)
Management of companies and enterprises,"Nonveteran, equally male-/female-owned",All firms,1339,2515212
Management of companies and enterprises,"Nonveteran, equally male-/female-owned",Personal/family savings of owner(s),579,638300
Management of companies and enterprises,"Nonveteran, equally male-/female-owned",Personal/family assets other than savings of owner(s),103,136013
Management of companies and enterprises,"Nonveteran, equally male-/female-owned",Personal/family home equity loan,99,123255
Management of companies and enterprises,"Nonveteran, equally male-/female-owned",Personal credit card(s) carrying balances,130,61212
Management of companies and enterprises,"Nonveteran, equally male-/female-owned",Business credit card(s) carrying balances,23,S
Management of companies and enterprises,"Nonveteran, equally male-/female-owned","Business loan from federal, state, or local government",0,0
Management of companies and enterprises,"Nonveteran, equally male-/female-owned",Government-guaranteed business loan from a bank or financial institution,19,S
Management of companies and enterprises,"Nonveteran, equally male-/female-owned",Business loan from a bank or financial institution,231,186088
Management of companies and enterprises,"Nonveteran, equally male-/female-owned",Business loan/investment from family/friends,70,18704
Management of companies and enterprises,"Nonveteran, equally male-/female-owned",Investment by venture capitalist(s),0,0
Management of companies and enterprises,"Nonveteran, equally male-/female-owned",Grants,0,0
Management of companies and enterprises,"Nonveteran, equally male-/female-owned",Other source(s) of capital,35,79175
Management of companies and enterprises,"Nonveteran, equally male-/female-owned",Don't know,183,431147
Management of companies and enterprises,"Nonveteran, equally male-/female-owned",None needed,26,20928
Management of companies and enterprises,"Nonveteran, equally male-/female-owned",Total reporting,916,1204768
Management of companies and enterprises,"Nonveteran, equally male-/female-owned",Item not reported,15,6961
Management of companies and enterprises,"Nonveteran, Hispanic",All firms,327,1653571
Management of companies and enterprises,"Nonveteran, Hispanic",Personal/family savings of owner(s),99,281879
Management of companies and enterprises,"Nonveteran, Hispanic",Personal/family assets other than savings of owner(s),35,60487
Management of companies and enterprises,"Nonveteran, Hispanic",Personal/family home equity loan,2,S
Management of companies and enterprises,"Nonveteran, Hispanic",Personal credit card(s) carrying balances,2,S
Management of companies and enterprises,"Nonveteran, Hispanic",Business credit card(s) carrying balances,21,S
Management of companies and enterprises,"Nonveteran, Hispanic","Business loan from federal, state, or local government",0,0
Management of companies and enterprises,"Nonveteran, Hispanic",Government-guaranteed business loan from a bank or financial institution,2,S
Management of companies and enterprises,"Nonveteran, Hispanic",Business loan from a bank or financial institution,26,58818
Management of companies and enterprises,"Nonveteran, Hispanic",Business loan/investment from family/friends,4,S
Management of companies and enterprises,"Nonveteran, Hispanic",Investment by venture capitalist(s),2,S
Management of companies and enterprises,"Nonveteran, Hispanic",Grants,0,0
Management of companies and enterprises,"Nonveteran, Hispanic",Other source(s) of capital,25,S
Management of companies and enterprises,"Nonveteran, Hispanic",Don't know,37,104709
Management of companies and enterprises,"Nonveteran, Hispanic",None needed,10,S
Management of companies and enterprises,"Nonveteran, Hispanic",Total reporting,163,438080
Management of companies and enterprises,"Nonveteran, Hispanic",Item not reported,0,0
Management of companies and enterprises,"Nonveteran, equally Hispanic/non-Hispanic",All firms,35,133337
Management of companies and enterprises,"Nonveteran, equally Hispanic/non-Hispanic",Personal/family savings of owner(s),11,21812
Management of companies and enterprises,"Nonveteran, equally Hispanic/non-Hispanic",Personal/family assets other than savings of owner(s),0,0
Management of companies and enterprises,"Nonveteran, equally Hispanic/non-Hispanic",Personal/family home equity loan,0,0
Management of companies and enterprises,"Nonveteran, equally Hispanic/non-Hispanic",Personal credit card(s) carrying balances,4,S
Management of companies and enterprises,"Nonveteran, equally Hispanic/non-Hispanic",Business credit card(s) carrying balances,0,0
Management of companies and enterprises,"Nonveteran, equally Hispanic/non-Hispanic","Business loan from federal, state, or local government",0,0
Management of companies and enterprises,"Nonveteran, equally Hispanic/non-Hispanic",Government-guaranteed business loan from a bank or financial institution,0,0
Management of companies and enterprises,"Nonveteran, equally Hispanic/non-Hispanic",Business loan from a bank or financial institution,2,S
Management of companies and enterprises,"Nonveteran, equally Hispanic/non-Hispanic",Business loan/investment from family/friends,4,S
Management of companies and enterprises,"Nonveteran, equally Hispanic/non-Hispanic",Investment by venture capitalist(s),0,0
Management of companies and enterprises,"Nonveteran, equally Hispanic/non-Hispanic",Grants,0,0
Management of companies and enterprises,"Nonveteran, equally Hispanic/non-Hispanic",Other source(s) of capital,0,0
Management of companies and enterprises,"Nonveteran, equally Hispanic/non-Hispanic",Don't know,13,106478
Management of companies and enterprises,"Nonveteran, equally Hispanic/non-Hispanic",None needed,0,0
Management of companies and enterprises,"Nonveteran, equally Hispanic/non-Hispanic",Total reporting,23,128290
Management of companies and enterprises,"Nonveteran, equally Hispanic/non-Hispanic",Item not reported,0,0
Management of companies and enterprises,"Nonveteran, non-Hispanic",All firms,13618,50236745
Management of companies and enterprises,"Nonveteran, non-Hispanic",Personal/family savings of owner(s),4494,13522782
Management of companies and enterprises,"Nonveteran, non-Hispanic",Personal/family assets other than savings of owner(s),873,1881874
Management of companies and enterprises,"Nonveteran, non-Hispanic",Personal/family home equity loan,278,640731
Management of companies and enterprises,"Nonveteran, non-Hispanic",Personal credit card(s) carrying balances,322,274827
Management of companies and enterprises,"Nonveteran, non-Hispanic",Business credit card(s) carrying balances,150,155828
Management of companies and enterprises,"Nonveteran, non-Hispanic","Business loan from federal, state, or local government",9,S
Management of companies and enterprises,"Nonveteran, non-Hispanic",Government-guaranteed business loan from a bank or financial institution,213,317716
Management of companies and enterprises,"Nonveteran, non-Hispanic",Business loan from a bank or financial institution,2085,4947534
Management of companies and enterprises,"Nonveteran, non-Hispanic",Business loan/investment from family/friends,414,681203
Management of companies and enterprises,"Nonveteran, non-Hispanic",Investment by venture capitalist(s),173,1527584
Management of companies and enterprises,"Nonveteran, non-Hispanic",Grants,0,0
Management of companies and enterprises,"Nonveteran, non-Hispanic",Other source(s) of capital,460,2514538
Management of companies and enterprises,"Nonveteran, non-Hispanic",Don't know,2965,10819681
Management of companies and enterprises,"Nonveteran, non-Hispanic",None needed,639,1559054
Management of companies and enterprises,"Nonveteran, non-Hispanic",Total reporting,9704(r),29797419(r)
Management of companies and enterprises,"Nonveteran, non-Hispanic",Item not reported,62(r),134935(r)
Management of companies and enterprises,"Nonveteran, White",All firms,13228,49971641
Management of companies and enterprises,"Nonveteran, White",Personal/family savings of owner(s),4331,13375337
Management of companies and enterprises,"Nonveteran, White",Personal/family assets other than savings of owner(s),887,1879819
Management of companies and enterprises,"Nonveteran, White",Personal/family home equity loan,257,628179
Management of companies and enterprises,"Nonveteran, White",Personal credit card(s) carrying balances,293,262172
Management of companies and enterprises,"Nonveteran, White",Business credit card(s) carrying balances,164,160386
Management of companies and enterprises,"Nonveteran, White","Business loan from federal, state, or local government",9,S
Management of companies and enterprises,"Nonveteran, White",Government-guaranteed business loan from a bank or financial institution,205,313649
Management of companies and enterprises,"Nonveteran, White",Business loan from a bank or financial institution,2032,4865681
Management of companies and enterprises,"Nonveteran, White",Business loan/investment from family/friends,413,680682
Management of companies and enterprises,"Nonveteran, White",Investment by venture capitalist(s),170,1528241
Management of companies and enterprises,"Nonveteran, White",Grants,0,0
Management of companies and enterprises,"Nonveteran, White",Other source(s) of capital,463,2488936
Management of companies and enterprises,"Nonveteran, White",Don't know,2815,10459959
Management of companies and enterprises,"Nonveteran, White",None needed,619,1301824
Management of companies and enterprises,"Nonveteran, White",Total reporting,9309(r),28843932(r)
Management of companies and enterprises,"Nonveteran, White",Item not reported,60(r),134222(r)
Management of companies and enterprises,"Nonveteran, Black or African American",All firms,165,392707
Management of companies and enterprises,"Nonveteran, Black or African American",Personal/family savings of owner(s),39,38498
Management of companies and enterprises,"Nonveteran, Black or African American",Personal/family assets other than savings of owner(s),4,S
Management of companies and enterprises,"Nonveteran, Black or African American",Personal/family home equity loan,2,S
Management of companies and enterprises,"Nonveteran, Black or African American",Personal credit card(s) carrying balances,2,S
Management of companies and enterprises,"Nonveteran, Black or African American",Business credit card(s) carrying balances,2,S
Management of companies and enterprises,"Nonveteran, Black or African American","Business loan from federal, state, or local government",0,0
Management of companies and enterprises,"Nonveteran, Black or African American",Government-guaranteed business loan from a bank or financial institution,2,S
Management of companies and enterprises,"Nonveteran, Black or African American",Business loan from a bank or financial institution,27,S
Management of companies and enterprises,"Nonveteran, Black or African American",Business loan/investment from family/friends,0,0
Management of companies and enterprises,"Nonveteran, Black or African American",Investment by venture capitalist(s),0,0
Management of companies and enterprises,"Nonveteran, Black or African American",Grants,0,0
Management of companies and enterprises,"Nonveteran, Black or African American",Other source(s) of capital,8,S
Management of companies and enterprises,"Nonveteran, Black or African American",Don't know,46,48092
Management of companies and enterprises,"Nonveteran, Black or African American",None needed,4,S
Management of companies and enterprises,"Nonveteran, Black or African American",Total reporting,110,175683
Management of companies and enterprises,"Nonveteran, Black or African American",Item not reported,4,S
Management of companies and enterprises,"Nonveteran, American Indian and Alaska Native",All firms,40,133010
Management of companies and enterprises,"Nonveteran, American Indian and Alaska Native",Personal/family savings of owner(s),20,S
Management of companies and enterprises,"Nonveteran, American Indian and Alaska Native",Personal/family assets other than savings of owner(s),0,0
Management of companies and enterprises,"Nonveteran, American Indian and Alaska Native",Personal/family home equity loan,0,0
Management of companies and enterprises,"Nonveteran, American Indian and Alaska Native",Personal credit card(s) carrying balances,0,0
Management of companies and enterprises,"Nonveteran, American Indian and Alaska Native",Business credit card(s) carrying balances,0,0
Management of companies and enterprises,"Nonveteran, American Indian and Alaska Native","Business loan from federal, state, or local government",0,0
Management of companies and enterprises,"Nonveteran, American Indian and Alaska Native",Government-guaranteed business loan from a bank or financial institution,0,0
Management of companies and enterprises,"Nonveteran, American Indian and Alaska Native",Business loan from a bank or financial institution,2,S
Management of companies and enterprises,"Nonveteran, American Indian and Alaska Native",Business loan/investment from family/friends,2,S
Management of companies and enterprises,"Nonveteran, American Indian and Alaska Native",Investment by venture capitalist(s),0,0
Management of companies and enterprises,"Nonveteran, American Indian and Alaska Native",Grants,0,0
Management of companies and enterprises,"Nonveteran, American Indian and Alaska Native",Other source(s) of capital,2,S
Management of companies and enterprises,"Nonveteran, American Indian and Alaska Native",Don't know,6,S
Management of companies and enterprises,"Nonveteran, American Indian and Alaska Native",None needed,2,S
Management of companies and enterprises,"Nonveteran, American Indian and Alaska Native",Total reporting,30,S
Management of companies and enterprises,"Nonveteran, American Indian and Alaska Native",Item not reported,0,0
Management of companies and enterprises,"Nonveteran, Asian",All firms,477,1457940
Management of companies and enterprises,"Nonveteran, Asian",Personal/family savings of owner(s),199,S
Management of companies and enterprises,"Nonveteran, Asian",Personal/family assets other than savings of owner(s),19,S
Management of companies and enterprises,"Nonveteran, Asian",Personal/family home equity loan,0,0
Management of companies and enterprises,"Nonveteran, Asian",Personal credit card(s) carrying balances,11,S
Management of companies and enterprises,"Nonveteran, Asian",Business credit card(s) carrying balances,7,S
Management of companies and enterprises,"Nonveteran, Asian","Business loan from federal, state, or local government",0,0
Management of companies and enterprises,"Nonveteran, Asian",Government-guaranteed business loan from a bank or financial institution,4,S
Management of companies and enterprises,"Nonveteran, Asian",Business loan from a bank or financial institution,43,15148
Management of companies and enterprises,"Nonveteran, Asian",Business loan/investment from family/friends,16,4071
Management of companies and enterprises,"Nonveteran, Asian",Investment by venture capitalist(s),5,S
Management of companies and enterprises,"Nonveteran, Asian",Grants,0,0
Management of companies and enterprises,"Nonveteran, Asian",Other source(s) of capital,14,S
Management of companies and enterprises,"Nonveteran, Asian",Don't know,111,S
Management of companies and enterprises,"Nonveteran, Asian",None needed,20,S
Management of companies and enterprises,"Nonveteran, Asian",Total reporting,364,1195042
Management of companies and enterprises,"Nonveteran, Asian",Item not reported,0,0
Management of companies and enterprises,"Nonveteran, Native Hawaiian and Other Pacific Islander",All firms,8,11747
Management of companies and enterprises,"Nonveteran, Native Hawaiian and Other Pacific Islander",Personal/family savings of owner(s),2,S
Management of companies and enterprises,"Nonveteran, Native Hawaiian and Other Pacific Islander",Personal/family assets other than savings of owner(s),2,S
Management of companies and enterprises,"Nonveteran, Native Hawaiian and Other Pacific Islander",Personal/family home equity loan,0,0
Management of companies and enterprises,"Nonveteran, Native Hawaiian and Other Pacific Islander",Personal credit card(s) carrying balances,0,0
Management of companies and enterprises,"Nonveteran, Native Hawaiian and Other Pacific Islander",Business credit card(s) carrying balances,0,0
Management of companies and enterprises,"Nonveteran, Native Hawaiian and Other Pacific Islander","Business loan from federal, state, or local government",0,0
Management of companies and enterprises,"Nonveteran, Native Hawaiian and Other Pacific Islander",Government-guaranteed business loan from a bank or financial institution,0,0
Management of companies and enterprises,"Nonveteran, Native Hawaiian and Other Pacific Islander",Business loan from a bank or financial institution,0,0
Management of companies and enterprises,"Nonveteran, Native Hawaiian and Other Pacific Islander",Business loan/investment from family/friends,0,0
Management of companies and enterprises,"Nonveteran, Native Hawaiian and Other Pacific Islander",Investment by venture capitalist(s),0,0
Management of companies and enterprises,"Nonveteran, Native Hawaiian and Other Pacific Islander",Grants,0,0
Management of companies and enterprises,"Nonveteran, Native Hawaiian and Other Pacific Islander",Other source(s) of capital,0,0
Management of companies and enterprises,"Nonveteran, Native Hawaiian and Other Pacific Islander",Don't know,2,S
Management of companies and enterprises,"Nonveteran, Native Hawaiian and Other Pacific Islander",None needed,0,0
Management of companies and enterprises,"Nonveteran, Native Hawaiian and Other Pacific Islander",Total reporting,4,S
Management of companies and enterprises,"Nonveteran, Native Hawaiian and Other Pacific Islander",Item not reported,0,0
Management of companies and enterprises,"Nonveteran, some other race",All firms,50,84673
Management of companies and enterprises,"Nonveteran, some other race",Personal/family savings of owner(s),19,38635
Management of companies and enterprises,"Nonveteran, some other race",Personal/family assets other than savings of owner(s),0,0
Management of companies and enterprises,"Nonveteran, some other race",Personal/family home equity loan,0,0
Management of companies and enterprises,"Nonveteran, some other race",Personal credit card(s) carrying balances,0,0
Management of companies and enterprises,"Nonveteran, some other race",Business credit card(s) carrying balances,0,0
Management of companies and enterprises,"Nonveteran, some other race","Business loan from federal, state, or local government",0,0
Management of companies and enterprises,"Nonveteran, some other race",Government-guaranteed business loan from a bank or financial institution,2,S
Management of companies and enterprises,"Nonveteran, some other race",Business loan from a bank or financial institution,12,S
Management of companies and enterprises,"Nonveteran, some other race",Business loan/investment from family/friends,2,S
Management of companies and enterprises,"Nonveteran, some other race",Investment by venture capitalist(s),0,0
Management of companies and enterprises,"Nonveteran, some other race",Grants,0,0
Management of companies and enterprises,"Nonveteran, some other race",Other source(s) of capital,2,S
Management of companies and enterprises,"Nonveteran, some other race",Don't know,22,51045
Management of companies and enterprises,"Nonveteran, some other race",None needed,4,S
Management of companies and enterprises,"Nonveteran, some other race",Total reporting,49,119351
Management of companies and enterprises,"Nonveteran, some other race",Item not reported,0,0
Management of companies and enterprises,"Nonveteran, minority",All firms,1031,3647578
Management of companies and enterprises,"Nonveteran, minority",Personal/family savings of owner(s),368,814352
Management of companies and enterprises,"Nonveteran, minority",Personal/family assets other than savings of owner(s),61,124590
Management of companies and enterprises,"Nonveteran, minority",Personal/family home equity loan,4,S
Management of companies and enterprises,"Nonveteran, minority",Personal credit card(s) carrying balances,15,5748
Management of companies and enterprises,"Nonveteran, minority",Business credit card(s) carrying balances,30,S
Management of companies and enterprises,"Nonveteran, minority","Business loan from federal, state, or local government",0,0
Management of companies and enterprises,"Nonveteran, minority",Government-guaranteed business loan from a bank or financial institution,10,S
Management of companies and enterprises,"Nonveteran, minority",Business loan from a bank or financial institution,104,273176
Management of companies and enterprises,"Nonveteran, minority",Business loan/investment from family/friends,24,6376
Management of companies and enterprises,"Nonveteran, minority",Investment by venture capitalist(s),7,S
Management of companies and enterprises,"Nonveteran, minority",Grants,0,0
Management of companies and enterprises,"Nonveteran, minority",Other source(s) of capital,49,220867
Management of companies and enterprises,"Nonveteran, minority",Don't know,230,637506
Management of companies and enterprises,"Nonveteran, minority",None needed,37,S
Management of companies and enterprises,"Nonveteran, minority",Total reporting,709,1963465
Management of companies and enterprises,"Nonveteran, minority",Item not reported,4,S
Management of companies and enterprises,"Nonveteran, equally minority/nonminority",All firms,83,202088
Management of companies and enterprises,"Nonveteran, equally minority/nonminority",Personal/family savings of owner(s),21,25113
Management of companies and enterprises,"Nonveteran, equally minority/nonminority",Personal/family assets other than savings of owner(s),0,0
Management of companies and enterprises,"Nonveteran, equally minority/nonminority",Personal/family home equity loan,22,S
Management of companies and enterprises,"Nonveteran, equally minority/nonminority",Personal credit card(s) carrying balances,26,S
Management of companies and enterprises,"Nonveteran, equally minority/nonminority",Business credit card(s) carrying balances,0,0
Management of companies and enterprises,"Nonveteran, equally minority/nonminority","Business loan from federal, state, or local government",0,0
Management of companies and enterprises,"Nonveteran, equally minority/nonminority",Government-guaranteed business loan from a bank or financial institution,2,S
Management of companies and enterprises,"Nonveteran, equally minority/nonminority",Business loan from a bank or financial institution,13,S
Management of companies and enterprises,"Nonveteran, equally minority/nonminority",Business loan/investment from family/friends,4,S
Management of companies and enterprises,"Nonveteran, equally minority/nonminority",Investment by venture capitalist(s),0,0
Management of companies and enterprises,"Nonveteran, equally minority/nonminority",Grants,0,0
Management of companies and enterprises,"Nonveteran, equally minority/nonminority",Other source(s) of capital,0,0
Management of companies and enterprises,"Nonveteran, equally minority/nonminority",Don't know,11,100912
Management of companies and enterprises,"Nonveteran, equally minority/nonminority",None needed,2,S
Management of companies and enterprises,"Nonveteran, equally minority/nonminority",Total reporting,57,147641
Management of companies and enterprises,"Nonveteran, equally minority/nonminority",Item not reported,0,0
Management of companies and enterprises,"Nonveteran, nonminority",All firms,12866,48173987
Management of companies and enterprises,"Nonveteran, nonminority",Personal/family savings of owner(s),4214,12987008
Management of companies and enterprises,"Nonveteran, nonminority",Personal/family assets other than savings of owner(s),847,1817771
Management of companies and enterprises,"Nonveteran, nonminority",Personal/family home equity loan,255,627811
Management of companies and enterprises,"Nonveteran, nonminority",Personal credit card(s) carrying balances,287,257708
Management of companies and enterprises,"Nonveteran, nonminority",Business credit card(s) carrying balances,141,142915
Management of companies and enterprises,"Nonveteran, nonminority","Business loan from federal, state, or local government",9,S
Management of companies and enterprises,"Nonveteran, nonminority",Government-guaranteed business loan from a bank or financial institution,203,313041
Management of companies and enterprises,"Nonveteran, nonminority",Business loan from a bank or financial institution,1997,4721987
Management of companies and enterprises,"Nonveteran, nonminority",Business loan/investment from family/friends,393,676313
Management of companies and enterprises,"Nonveteran, nonminority",Investment by venture capitalist(s),168,1527021
Management of companies and enterprises,"Nonveteran, nonminority",Grants,0,0
Management of companies and enterprises,"Nonveteran, nonminority",Other source(s) of capital,437,2335492
Management of companies and enterprises,"Nonveteran, nonminority",Don't know,2775,10292450
Management of companies and enterprises,"Nonveteran, nonminority",None needed,611,1286986
Management of companies and enterprises,"Nonveteran, nonminority",Total reporting,9123(r),28252684(r)
Management of companies and enterprises,"Nonveteran, nonminority",Item not reported,58(r),131692(r)
Management of companies and enterprises,"All firms classifiable by gender, ethnicity, race, and veteran status",All firms,16312,58916087
Management of companies and enterprises,"All firms classifiable by gender, ethnicity, race, and veteran status",Personal/family savings of owner(s),5532,15352016
Management of companies and enterprises,"All firms classifiable by gender, ethnicity, race, and veteran status",Personal/family assets other than savings of owner(s),1131,2525367
Management of companies and enterprises,"All firms classifiable by gender, ethnicity, race, and veteran status",Personal/family home equity loan,357,706124
Management of companies and enterprises,"All firms classifiable by gender, ethnicity, race, and veteran status",Personal credit card(s) carrying balances,375,388792
Management of companies and enterprises,"All firms classifiable by gender, ethnicity, race, and veteran status",Business credit card(s) carrying balances,200,280177
Management of companies and enterprises,"All firms classifiable by gender, ethnicity, race, and veteran status","Business loan from federal, state, or local government",62,S
Management of companies and enterprises,"All firms classifiable by gender, ethnicity, race, and veteran status",Government-guaranteed business loan from a bank or financial institution,237,338235
Management of companies and enterprises,"All firms classifiable by gender, ethnicity, race, and veteran status",Business loan from a bank or financial institution,2566,6124954
Management of companies and enterprises,"All firms classifiable by gender, ethnicity, race, and veteran status",Business loan/investment from family/friends,509,1151829
Management of companies and enterprises,"All firms classifiable by gender, ethnicity, race, and veteran status",Investment by venture capitalist(s),183,1547180
Management of companies and enterprises,"All firms classifiable by gender, ethnicity, race, and veteran status",Grants,0,0
Management of companies and enterprises,"All firms classifiable by gender, ethnicity, race, and veteran status",Other source(s) of capital,606,2648297
Management of companies and enterprises,"All firms classifiable by gender, ethnicity, race, and veteran status",Don't know,3404,12609567
Management of companies and enterprises,"All firms classifiable by gender, ethnicity, race, and veteran status",None needed,694,1775121
Management of companies and enterprises,"All firms classifiable by gender, ethnicity, race, and veteran status",Total reporting,11555(r),34589867(r)
Management of companies and enterprises,"All firms classifiable by gender, ethnicity, race, and veteran status",Item not reported,67(r),140403(r)
Management of companies and enterprises,"Publicly held and other firms not classifiable by gender, ethnicity, race, and veteran status",All firms,10531,248309914
Management of companies and enterprises,"Publicly held and other firms not classifiable by gender, ethnicity, race, and veteran status",Personal/family savings of owner(s),39,240401
Management of companies and enterprises,"Publicly held and other firms not classifiable by gender, ethnicity, race, and veteran status",Personal/family assets other than savings of owner(s),18,104219
Management of companies and enterprises,"Publicly held and other firms not classifiable by gender, ethnicity, race, and veteran status",Personal/family home equity loan,0,0
Management of companies and enterprises,"Publicly held and other firms not classifiable by gender, ethnicity, race, and veteran status",Personal credit card(s) carrying balances,2,S
Management of companies and enterprises,"Publicly held and other firms not classifiable by gender, ethnicity, race, and veteran status",Business credit card(s) carrying balances,0,0
Management of companies and enterprises,"Publicly held and other firms not classifiable by gender, ethnicity, race, and veteran status","Business loan from federal, state, or local government",0,0
Management of companies and enterprises,"Publicly held and other firms not classifiable by gender, ethnicity, race, and veteran status",Government-guaranteed business loan from a bank or financial institution,0,0
Management of companies and enterprises,"Publicly held and other firms not classifiable by gender, ethnicity, race, and veteran status",Business loan from a bank or financial institution,24,S
Management of companies and enterprises,"Publicly held and other firms not classifiable by gender, ethnicity, race, and veteran status",Business loan/investment from family/friends,2,S
Management of companies and enterprises,"Publicly held and other firms not classifiable by gender, ethnicity, race, and veteran status",Investment by venture capitalist(s),28,252617
Management of companies and enterprises,"Publicly held and other firms not classifiable by gender, ethnicity, race, and veteran status",Grants,0,0
Management of companies and enterprises,"Publicly held and other firms not classifiable by gender, ethnicity, race, and veteran status",Other source(s) of capital,30,96640
Management of companies and enterprises,"Publicly held and other firms not classifiable by gender, ethnicity, race, and veteran status",Don't know,176,1862494
Management of companies and enterprises,"Publicly held and other firms not classifiable by gender, ethnicity, race, and veteran status",None needed,73,854973
Management of companies and enterprises,"Publicly held and other firms not classifiable by gender, ethnicity, race, and veteran status",Total reporting,367(r),3410736(r)
Management of companies and enterprises,"Publicly held and other firms not classifiable by gender, ethnicity, race, and veteran status",Item not reported,5089(r),89263959(r)
Administrative and support and waste management and remediation services,All firms,All firms,2311810,740647688
Administrative and support and waste management and remediation services,All firms,Personal/family savings of owner(s),605342,156967511
Administrative and support and waste management and remediation services,All firms,Personal/family assets other than savings of owner(s),55346,20419169
Administrative and support and waste management and remediation services,All firms,Personal/family home equity loan,24414,13592978
Administrative and support and waste management and remediation services,All firms,Personal credit card(s) carrying balances,80280,16783888
Administrative and support and waste management and remediation services,All firms,Business credit card(s) carrying balances,23973,6902144
Administrative and support and waste management and remediation services,All firms,"Business loan from federal, state, or local government",1226,709830
Administrative and support and waste management and remediation services,All firms,Government-guaranteed business loan from a bank or financial institution,3512,2771439
Administrative and support and waste management and remediation services,All firms,Business loan from a bank or financial institution,45193,37005624
Administrative and support and waste management and remediation services,All firms,Business loan/investment from family/friends,17570,12039683
Administrative and support and waste management and remediation services,All firms,Investment by venture capitalist(s),2344,3199849
Administrative and support and waste management and remediation services,All firms,Grants,1244,57110
Administrative and support and waste management and remediation services,All firms,Other source(s) of capital,18333,12955976
Administrative and support and waste management and remediation services,All firms,Don't know,91754,63771097
Administrative and support and waste management and remediation services,All firms,None needed,425592,19605593
Administrative and support and waste management and remediation services,All firms,Total reporting,1216459(r),276386716(r)
Administrative and support and waste management and remediation services,All firms,Item not reported,64102(r),129401916(r)
Administrative and support and waste management and remediation services,Female-owned,All firms,1080092,80328941
Administrative and support and waste management and remediation services,Female-owned,Personal/family savings of owner(s),197597,33080430
Administrative and support and waste management and remediation services,Female-owned,Personal/family assets other than savings of owner(s),15117,4201286
Administrative and support and waste management and remediation services,Female-owned,Personal/family home equity loan,4807,3020775
Administrative and support and waste management and remediation services,Female-owned,Personal credit card(s) carrying balances,22908,3393543
Administrative and support and waste management and remediation services,Female-owned,Business credit card(s) carrying balances,5849,1897043
Administrative and support and waste management and remediation services,Female-owned,"Business loan from federal, state, or local government",530,99217
Administrative and support and waste management and remediation services,Female-owned,Government-guaranteed business loan from a bank or financial institution,775,595837
Administrative and support and waste management and remediation services,Female-owned,Business loan from a bank or financial institution,6677,5679298
Administrative and support and waste management and remediation services,Female-owned,Business loan/investment from family/friends,3510,1185248
Administrative and support and waste management and remediation services,Female-owned,Investment by venture capitalist(s),599,57546
Administrative and support and waste management and remediation services,Female-owned,Grants,349,13939
Administrative and support and waste management and remediation services,Female-owned,Other source(s) of capital,5747,1033173
Administrative and support and waste management and remediation services,Female-owned,Don't know,30583,9058356
Administrative and support and waste management and remediation services,Female-owned,None needed,248149,5465484
Administrative and support and waste management and remediation services,Female-owned,Total reporting,500694(r),52779455(r)
Administrative and support and waste management and remediation services,Female-owned,Item not reported,25977(r),728371(r)
Administrative and support and waste management and remediation services,Male-owned,All firms,1067284,298710820
Administrative and support and waste management and remediation services,Male-owned,Personal/family savings of owner(s),337709,108744499
Administrative and support and waste management and remediation services,Male-owned,Personal/family assets other than savings of owner(s),31109,13817866
Administrative and support and waste management and remediation services,Male-owned,Personal/family home equity loan,13877,8804756
Administrative and support and waste management and remediation services,Male-owned,Personal credit card(s) carrying balances,45655,11081517
Administrative and support and waste management and remediation services,Male-owned,Business credit card(s) carrying balances,13948,3869754
Administrative and support and waste management and remediation services,Male-owned,"Business loan from federal, state, or local government",586,S
Administrative and support and waste management and remediation services,Male-owned,Government-guaranteed business loan from a bank or financial institution,2163,1915943
Administrative and support and waste management and remediation services,Male-owned,Business loan from a bank or financial institution,29964,27730255
Administrative and support and waste management and remediation services,Male-owned,Business loan/investment from family/friends,11098,10018782
Administrative and support and waste management and remediation services,Male-owned,Investment by venture capitalist(s),1540,2326570
Administrative and support and waste management and remediation services,Male-owned,Grants,735,25284
Administrative and support and waste management and remediation services,Male-owned,Other source(s) of capital,10562,10881036
Administrative and support and waste management and remediation services,Male-owned,Don't know,53012,47823446
Administrative and support and waste management and remediation services,Male-owned,None needed,156503,12497327
Administrative and support and waste management and remediation services,Male-owned,Total reporting,602269(r),195165929(r)
Administrative and support and waste management and remediation services,Male-owned,Item not reported,20591(r),1890131(r)
Administrative and support and waste management and remediation services,Equally male-/female-owned,All firms,145520,38860343
Administrative and support and waste management and remediation services,Equally male-/female-owned,Personal/family savings of owner(s),69135,14944250
Administrative and support and waste management and remediation services,Equally male-/female-owned,Personal/family assets other than savings of owner(s),9055,2300743
Administrative and support and waste management and remediation services,Equally male-/female-owned,Personal/family home equity loan,5730,1767446
Administrative and support and waste management and remediation services,Equally male-/female-owned,Personal credit card(s) carrying balances,11585,2256011
Administrative and support and waste management and remediation services,Equally male-/female-owned,Business credit card(s) carrying balances,4113,1133640
Administrative and support and waste management and remediation services,Equally male-/female-owned,"Business loan from federal, state, or local government",109,S
Administrative and support and waste management and remediation services,Equally male-/female-owned,Government-guaranteed business loan from a bank or financial institution,574,259659
Administrative and support and waste management and remediation services,Equally male-/female-owned,Business loan from a bank or financial institution,8417,2898146
Administrative and support and waste management and remediation services,Equally male-/female-owned,Business loan/investment from family/friends,2898,826289
Administrative and support and waste management and remediation services,Equally male-/female-owned,Investment by venture capitalist(s),192,S
Administrative and support and waste management and remediation services,Equally male-/female-owned,Grants,159,S
Administrative and support and waste management and remediation services,Equally male-/female-owned,Other source(s) of capital,1948,797213
Administrative and support and waste management and remediation services,Equally male-/female-owned,Don't know,5772,6516807
Administrative and support and waste management and remediation services,Equally male-/female-owned,None needed,19841,1357894
Administrative and support and waste management and remediation services,Equally male-/female-owned,Total reporting,108765(r),26030048(r)
Administrative and support and waste management and remediation services,Equally male-/female-owned,Item not reported,1689(r),S
Administrative and support and waste management and remediation services,Hispanic,All firms,527608,26544849
Administrative and support and waste management and remediation services,Hispanic,Personal/family savings of owner(s),80060,8049250
Administrative and support and waste management and remediation services,Hispanic,Personal/family assets other than savings of owner(s),5012,1023629
Administrative and support and waste management and remediation services,Hispanic,Personal/family home equity loan,2413,532186
Administrative and support and waste management and remediation services,Hispanic,Personal credit card(s) carrying balances,9146,1027813
Administrative and support and waste management and remediation services,Hispanic,Business credit card(s) carrying balances,1956,252534
Administrative and support and waste management and remediation services,Hispanic,"Business loan from federal, state, or local government",132,S
Administrative and support and waste management and remediation services,Hispanic,Government-guaranteed business loan from a bank or financial institution,348,52159
Administrative and support and waste management and remediation services,Hispanic,Business loan from a bank or financial institution,3057,825730
Administrative and support and waste management and remediation services,Hispanic,Business loan/investment from family/friends,1618,384292
Administrative and support and waste management and remediation services,Hispanic,Investment by venture capitalist(s),560,18303
Administrative and support and waste management and remediation services,Hispanic,Grants,312,S
Administrative and support and waste management and remediation services,Hispanic,Other source(s) of capital,2943,661702
Administrative and support and waste management and remediation services,Hispanic,Don't know,14107,2137987
Administrative and support and waste management and remediation services,Hispanic,None needed,58079,1518183
Administrative and support and waste management and remediation services,Hispanic,Total reporting,162863(r),12913664(r)
Administrative and support and waste management and remediation services,Hispanic,Item not reported,11320(r),262884(r)
Administrative and support and waste management and remediation services,"Hispanic, female-owned",All firms,309473,8701868
Administrative and support and waste management and remediation services,"Hispanic, female-owned",Personal/family savings of owner(s),31574,1944127
Administrative and support and waste management and remediation services,"Hispanic, female-owned",Personal/family assets other than savings of owner(s),1838,227731
Administrative and support and waste management and remediation services,"Hispanic, female-owned",Personal/family home equity loan,536,S
Administrative and support and waste management and remediation services,"Hispanic, female-owned",Personal credit card(s) carrying balances,2642,288404
Administrative and support and waste management and remediation services,"Hispanic, female-owned",Business credit card(s) carrying balances,463,23145
Administrative and support and waste management and remediation services,"Hispanic, female-owned","Business loan from federal, state, or local government",61,S
Administrative and support and waste management and remediation services,"Hispanic, female-owned",Government-guaranteed business loan from a bank or financial institution,187,18254
Administrative and support and waste management and remediation services,"Hispanic, female-owned",Business loan from a bank or financial institution,727,249518
Administrative and support and waste management and remediation services,"Hispanic, female-owned",Business loan/investment from family/friends,472,S
Administrative and support and waste management and remediation services,"Hispanic, female-owned",Investment by venture capitalist(s),308,5597
Administrative and support and waste management and remediation services,"Hispanic, female-owned",Grants,123,S
Administrative and support and waste management and remediation services,"Hispanic, female-owned",Other source(s) of capital,1616,52869
Administrative and support and waste management and remediation services,"Hispanic, female-owned",Don't know,6224,476687
Administrative and support and waste management and remediation services,"Hispanic, female-owned",None needed,37979,753695
Administrative and support and waste management and remediation services,"Hispanic, female-owned",Total reporting,79313(r),3497214(r)
Administrative and support and waste management and remediation services,"Hispanic, female-owned",Item not reported,7032(r),128456(r)
Administrative and support and waste management and remediation services,"Hispanic, male-owned",All firms,200320,16239162
Administrative and support and waste management and remediation services,"Hispanic, male-owned",Personal/family savings of owner(s),42031,5517269
Administrative and support and waste management and remediation services,"Hispanic, male-owned",Personal/family assets other than savings of owner(s),2477,652392
Administrative and support and waste management and remediation services,"Hispanic, male-owned",Personal/family home equity loan,1361,290909
Administrative and support and waste management and remediation services,"Hispanic, male-owned",Personal credit card(s) carrying balances,5451,630320
Administrative and support and waste management and remediation services,"Hispanic, male-owned",Business credit card(s) carrying balances,1053,211610
Administrative and support and waste management and remediation services,"Hispanic, male-owned","Business loan from federal, state, or local government",62,S
Administrative and support and waste management and remediation services,"Hispanic, male-owned",Government-guaranteed business loan from a bank or financial institution,155,32461
Administrative and support and waste management and remediation services,"Hispanic, male-owned",Business loan from a bank or financial institution,1884,551978
Administrative and support and waste management and remediation services,"Hispanic, male-owned",Business loan/investment from family/friends,965,S
Administrative and support and waste management and remediation services,"Hispanic, male-owned",Investment by venture capitalist(s),191,S
Administrative and support and waste management and remediation services,"Hispanic, male-owned",Grants,189,S
Administrative and support and waste management and remediation services,"Hispanic, male-owned",Other source(s) of capital,1311,601902
Administrative and support and waste management and remediation services,"Hispanic, male-owned",Don't know,7101,1593432
Administrative and support and waste management and remediation services,"Hispanic, male-owned",None needed,18342,680942
Administrative and support and waste management and remediation services,"Hispanic, male-owned",Total reporting,73413(r),8587642(r)
Administrative and support and waste management and remediation services,"Hispanic, male-owned",Item not reported,4093(r),133009(r)
Administrative and support and waste management and remediation services,"Hispanic, equally male-/female-owned",All firms,17815,1603819
Administrative and support and waste management and remediation services,"Hispanic, equally male-/female-owned",Personal/family savings of owner(s),6455,587855
Administrative and support and waste management and remediation services,"Hispanic, equally male-/female-owned",Personal/family assets other than savings of owner(s),697,S
Administrative and support and waste management and remediation services,"Hispanic, equally male-/female-owned",Personal/family home equity loan,517,S
Administrative and support and waste management and remediation services,"Hispanic, equally male-/female-owned",Personal credit card(s) carrying balances,1053,109089
Administrative and support and waste management and remediation services,"Hispanic, equally male-/female-owned",Business credit card(s) carrying balances,440,17779
Administrative and support and waste management and remediation services,"Hispanic, equally male-/female-owned","Business loan from federal, state, or local government",9,S
Administrative and support and waste management and remediation services,"Hispanic, equally male-/female-owned",Government-guaranteed business loan from a bank or financial institution,6,S
Administrative and support and waste management and remediation services,"Hispanic, equally male-/female-owned",Business loan from a bank or financial institution,446,S
Administrative and support and waste management and remediation services,"Hispanic, equally male-/female-owned",Business loan/investment from family/friends,181,S
Administrative and support and waste management and remediation services,"Hispanic, equally male-/female-owned",Investment by venture capitalist(s),62,S
Administrative and support and waste management and remediation services,"Hispanic, equally male-/female-owned",Grants,0,0
Administrative and support and waste management and remediation services,"Hispanic, equally male-/female-owned",Other source(s) of capital,16,S
Administrative and support and waste management and remediation services,"Hispanic, equally male-/female-owned",Don't know,782,S
Administrative and support and waste management and remediation services,"Hispanic, equally male-/female-owned",None needed,1758,S
Administrative and support and waste management and remediation services,"Hispanic, equally male-/female-owned",Total reporting,10137(r),828808(r)
Administrative and support and waste management and remediation services,"Hispanic, equally male-/female-owned",Item not reported,196(r),S
Administrative and support and waste management and remediation services,Equally Hispanic/non-Hispanic,All firms,9492,2809024
Administrative and support and waste management and remediation services,Equally Hispanic/non-Hispanic,Personal/family savings of owner(s),4718,1075517
Administrative and support and waste management and remediation services,Equally Hispanic/non-Hispanic,Personal/family assets other than savings of owner(s),923,270945
Administrative and support and waste management and remediation services,Equally Hispanic/non-Hispanic,Personal/family home equity loan,287,S
Administrative and support and waste management and remediation services,Equally Hispanic/non-Hispanic,Personal credit card(s) carrying balances,1262,171119
Administrative and support and waste management and remediation services,Equally Hispanic/non-Hispanic,Business credit card(s) carrying balances,545,S
Administrative and support and waste management and remediation services,Equally Hispanic/non-Hispanic,"Business loan from federal, state, or local government",0,0
Administrative and support and waste management and remediation services,Equally Hispanic/non-Hispanic,Government-guaranteed business loan from a bank or financial institution,16,S
Administrative and support and waste management and remediation services,Equally Hispanic/non-Hispanic,Business loan from a bank or financial institution,391,S
Administrative and support and waste management and remediation services,Equally Hispanic/non-Hispanic,Business loan/investment from family/friends,335,94754
Administrative and support and waste management and remediation services,Equally Hispanic/non-Hispanic,Investment by venture capitalist(s),4,38518
Administrative and support and waste management and remediation services,Equally Hispanic/non-Hispanic,Grants,0,0
Administrative and support and waste management and remediation services,Equally Hispanic/non-Hispanic,Other source(s) of capital,161,27892
Administrative and support and waste management and remediation services,Equally Hispanic/non-Hispanic,Don't know,222,92307
Administrative and support and waste management and remediation services,Equally Hispanic/non-Hispanic,None needed,931,39096
Administrative and support and waste management and remediation services,Equally Hispanic/non-Hispanic,Total reporting,6746,1398589
Administrative and support and waste management and remediation services,Equally Hispanic/non-Hispanic,Item not reported,4,S
Administrative and support and waste management and remediation services,"Equally Hispanic/non-Hispanic, female-owned",All firms,389,152050
Administrative and support and waste management and remediation services,"Equally Hispanic/non-Hispanic, female-owned",Personal/family savings of owner(s),240,S
Administrative and support and waste management and remediation services,"Equally Hispanic/non-Hispanic, female-owned",Personal/family assets other than savings of owner(s),42,S
Administrative and support and waste management and remediation services,"Equally Hispanic/non-Hispanic, female-owned",Personal/family home equity loan,40,S
Administrative and support and waste management and remediation services,"Equally Hispanic/non-Hispanic, female-owned",Personal credit card(s) carrying balances,75,S
Administrative and support and waste management and remediation services,"Equally Hispanic/non-Hispanic, female-owned",Business credit card(s) carrying balances,13,S
Administrative and support and waste management and remediation services,"Equally Hispanic/non-Hispanic, female-owned","Business loan from federal, state, or local government",0,0
Administrative and support and waste management and remediation services,"Equally Hispanic/non-Hispanic, female-owned",Government-guaranteed business loan from a bank or financial institution,0,0
Administrative and support and waste management and remediation services,"Equally Hispanic/non-Hispanic, female-owned",Business loan from a bank or financial institution,0,0
Administrative and support and waste management and remediation services,"Equally Hispanic/non-Hispanic, female-owned",Business loan/investment from family/friends,61,S
Administrative and support and waste management and remediation services,"Equally Hispanic/non-Hispanic, female-owned",Investment by venture capitalist(s),0,0
Administrative and support and waste management and remediation services,"Equally Hispanic/non-Hispanic, female-owned",Grants,0,0
Administrative and support and waste management and remediation services,"Equally Hispanic/non-Hispanic, female-owned",Other source(s) of capital,0,0
Administrative and support and waste management and remediation services,"Equally Hispanic/non-Hispanic, female-owned",Don't know,2,S
Administrative and support and waste management and remediation services,"Equally Hispanic/non-Hispanic, female-owned",None needed,168,S
Administrative and support and waste management and remediation services,"Equally Hispanic/non-Hispanic, female-owned",Total reporting,473,134261
Administrative and support and waste management and remediation services,"Equally Hispanic/non-Hispanic, female-owned",Item not reported,0,0
Administrative and support and waste management and remediation services,"Equally Hispanic/non-Hispanic, male-owned",All firms,1123,990396
Administrative and support and waste management and remediation services,"Equally Hispanic/non-Hispanic, male-owned",Personal/family savings of owner(s),495,261501
Administrative and support and waste management and remediation services,"Equally Hispanic/non-Hispanic, male-owned",Personal/family assets other than savings of owner(s),47,5618
Administrative and support and waste management and remediation services,"Equally Hispanic/non-Hispanic, male-owned",Personal/family home equity loan,0,0
Administrative and support and waste management and remediation services,"Equally Hispanic/non-Hispanic, male-owned",Personal credit card(s) carrying balances,20,S
Administrative and support and waste management and remediation services,"Equally Hispanic/non-Hispanic, male-owned",Business credit card(s) carrying balances,20,S
Administrative and support and waste management and remediation services,"Equally Hispanic/non-Hispanic, male-owned","Business loan from federal, state, or local government",0,0
Administrative and support and waste management and remediation services,"Equally Hispanic/non-Hispanic, male-owned",Government-guaranteed business loan from a bank or financial institution,0,0
Administrative and support and waste management and remediation services,"Equally Hispanic/non-Hispanic, male-owned",Business loan from a bank or financial institution,24,57743
Administrative and support and waste management and remediation services,"Equally Hispanic/non-Hispanic, male-owned",Business loan/investment from family/friends,11,S
Administrative and support and waste management and remediation services,"Equally Hispanic/non-Hispanic, male-owned",Investment by venture capitalist(s),4,38518
Administrative and support and waste management and remediation services,"Equally Hispanic/non-Hispanic, male-owned",Grants,0,0
Administrative and support and waste management and remediation services,"Equally Hispanic/non-Hispanic, male-owned",Other source(s) of capital,6,S
Administrative and support and waste management and remediation services,"Equally Hispanic/non-Hispanic, male-owned",Don't know,135,S
Administrative and support and waste management and remediation services,"Equally Hispanic/non-Hispanic, male-owned",None needed,14,S
Administrative and support and waste management and remediation services,"Equally Hispanic/non-Hispanic, male-owned",Total reporting,710,386786
Administrative and support and waste management and remediation services,"Equally Hispanic/non-Hispanic, male-owned",Item not reported,2,S
Administrative and support and waste management and remediation services,"Equally Hispanic/non-Hispanic, equally male-/female-owned",All firms,7981,1666579
Administrative and support and waste management and remediation services,"Equally Hispanic/non-Hispanic, equally male-/female-owned",Personal/family savings of owner(s),3983,705939
Administrative and support and waste management and remediation services,"Equally Hispanic/non-Hispanic, equally male-/female-owned",Personal/family assets other than savings of owner(s),834,S
Administrative and support and waste management and remediation services,"Equally Hispanic/non-Hispanic, equally male-/female-owned",Personal/family home equity loan,247,S
Administrative and support and waste management and remediation services,"Equally Hispanic/non-Hispanic, equally male-/female-owned",Personal credit card(s) carrying balances,1167,151425
Administrative and support and waste management and remediation services,"Equally Hispanic/non-Hispanic, equally male-/female-owned",Business credit card(s) carrying balances,513,S
Administrative and support and waste management and remediation services,"Equally Hispanic/non-Hispanic, equally male-/female-owned","Business loan from federal, state, or local government",0,0
Administrative and support and waste management and remediation services,"Equally Hispanic/non-Hispanic, equally male-/female-owned",Government-guaranteed business loan from a bank or financial institution,16,S
Administrative and support and waste management and remediation services,"Equally Hispanic/non-Hispanic, equally male-/female-owned",Business loan from a bank or financial institution,367,S
Administrative and support and waste management and remediation services,"Equally Hispanic/non-Hispanic, equally male-/female-owned",Business loan/investment from family/friends,264,S
Administrative and support and waste management and remediation services,"Equally Hispanic/non-Hispanic, equally male-/female-owned",Investment by venture capitalist(s),0,0
Administrative and support and waste management and remediation services,"Equally Hispanic/non-Hispanic, equally male-/female-owned",Grants,0,0
Administrative and support and waste management and remediation services,"Equally Hispanic/non-Hispanic, equally male-/female-owned",Other source(s) of capital,156,S
Administrative and support and waste management and remediation services,"Equally Hispanic/non-Hispanic, equally male-/female-owned",Don't know,85,S
Administrative and support and waste management and remediation services,"Equally Hispanic/non-Hispanic, equally male-/female-owned",None needed,749,21014
Administrative and support and waste management and remediation services,"Equally Hispanic/non-Hispanic, equally male-/female-owned",Total reporting,5563,877541
Administrative and support and waste management and remediation services,"Equally Hispanic/non-Hispanic, equally male-/female-owned",Item not reported,2,S
Administrative and support and waste management and remediation services,Non-Hispanic,All firms,1755796,388546230
Administrative and support and waste management and remediation services,Non-Hispanic,Personal/family savings of owner(s),519663,147644413
Administrative and support and waste management and remediation services,Non-Hispanic,Personal/family assets other than savings of owner(s),49346,19025321
Administrative and support and waste management and remediation services,Non-Hispanic,Personal/family home equity loan,21714,12873141
Administrative and support and waste management and remediation services,Non-Hispanic,Personal credit card(s) carrying balances,69741,15532139
Administrative and support and waste management and remediation services,Non-Hispanic,Business credit card(s) carrying balances,21409,6455739
Administrative and support and waste management and remediation services,Non-Hispanic,"Business loan from federal, state, or local government",1094,709214
Administrative and support and waste management and remediation services,Non-Hispanic,Government-guaranteed business loan from a bank or financial institution,3149,2717125
Administrative and support and waste management and remediation services,Non-Hispanic,Business loan from a bank or financial institution,41610,35283067
Administrative and support and waste management and remediation services,Non-Hispanic,Business loan/investment from family/friends,15553,11551272
Administrative and support and waste management and remediation services,Non-Hispanic,Investment by venture capitalist(s),1768,2458585
Administrative and support and waste management and remediation services,Non-Hispanic,Grants,932,45753
Administrative and support and waste management and remediation services,Non-Hispanic,Other source(s) of capital,15153,12021828
Administrative and support and waste management and remediation services,Non-Hispanic,Don't know,75038,61168316
Administrative and support and waste management and remediation services,Non-Hispanic,None needed,365483,17763426
Administrative and support and waste management and remediation services,Non-Hispanic,Total reporting,1042119(r),259663179(r)
Administrative and support and waste management and remediation services,Non-Hispanic,Item not reported,36932(r),2516673(r)
Administrative and support and waste management and remediation services,"Non-Hispanic, female-owned",All firms,770230,71475023
Administrative and support and waste management and remediation services,"Non-Hispanic, female-owned",Personal/family savings of owner(s),165783,31028228
Administrative and support and waste management and remediation services,"Non-Hispanic, female-owned",Personal/family assets other than savings of owner(s),13237,3912099
Administrative and support and waste management and remediation services,"Non-Hispanic, female-owned",Personal/family home equity loan,4231,2805033
Administrative and support and waste management and remediation services,"Non-Hispanic, female-owned",Personal credit card(s) carrying balances,20192,3088451
Administrative and support and waste management and remediation services,"Non-Hispanic, female-owned",Business credit card(s) carrying balances,5374,1857640
Administrative and support and waste management and remediation services,"Non-Hispanic, female-owned","Business loan from federal, state, or local government",469,98971
Administrative and support and waste management and remediation services,"Non-Hispanic, female-owned",Government-guaranteed business loan from a bank or financial institution,588,577584
Administrative and support and waste management and remediation services,"Non-Hispanic, female-owned",Business loan from a bank or financial institution,5950,5429780
Administrative and support and waste management and remediation services,"Non-Hispanic, female-owned",Business loan/investment from family/friends,2978,1122175
Administrative and support and waste management and remediation services,"Non-Hispanic, female-owned",Investment by venture capitalist(s),292,S
Administrative and support and waste management and remediation services,"Non-Hispanic, female-owned",Grants,226,12832
Administrative and support and waste management and remediation services,"Non-Hispanic, female-owned",Other source(s) of capital,4131,980304
Administrative and support and waste management and remediation services,"Non-Hispanic, female-owned",Don't know,24356,8565908
Administrative and support and waste management and remediation services,"Non-Hispanic, female-owned",None needed,210002,4702046
Administrative and support and waste management and remediation services,"Non-Hispanic, female-owned",Total reporting,420908(r),49147979(r)
Administrative and support and waste management and remediation services,"Non-Hispanic, female-owned",Item not reported,18945(r),599915(r)
Administrative and support and waste management and remediation services,"Non-Hispanic, male-owned",All firms,865842,281481262
Administrative and support and waste management and remediation services,"Non-Hispanic, male-owned",Personal/family savings of owner(s),295183,102965729
Administrative and support and waste management and remediation services,"Non-Hispanic, male-owned",Personal/family assets other than savings of owner(s),28585,13159857
Administrative and support and waste management and remediation services,"Non-Hispanic, male-owned",Personal/family home equity loan,12517,8513847
Administrative and support and waste management and remediation services,"Non-Hispanic, male-owned",Personal credit card(s) carrying balances,40184,10448190
Administrative and support and waste management and remediation services,"Non-Hispanic, male-owned",Business credit card(s) carrying balances,12876,3634359
Administrative and support and waste management and remediation services,"Non-Hispanic, male-owned","Business loan from federal, state, or local government",525,S
Administrative and support and waste management and remediation services,"Non-Hispanic, male-owned",Government-guaranteed business loan from a bank or financial institution,2009,1883483
Administrative and support and waste management and remediation services,"Non-Hispanic, male-owned",Business loan from a bank or financial institution,28056,27120535
Administrative and support and waste management and remediation services,"Non-Hispanic, male-owned",Business loan/investment from family/friends,10122,9690812
Administrative and support and waste management and remediation services,"Non-Hispanic, male-owned",Investment by venture capitalist(s),1345,2278977
Administrative and support and waste management and remediation services,"Non-Hispanic, male-owned",Grants,546,15034
Administrative and support and waste management and remediation services,"Non-Hispanic, male-owned",Other source(s) of capital,9245,10268875
Administrative and support and waste management and remediation services,"Non-Hispanic, male-owned",Don't know,45776,46213557
Administrative and support and waste management and remediation services,"Non-Hispanic, male-owned",None needed,138147,11808046
Administrative and support and waste management and remediation services,"Non-Hispanic, male-owned",Total reporting,528146(r),186191500(r)
Administrative and support and waste management and remediation services,"Non-Hispanic, male-owned",Item not reported,16496(r),1748358(r)
Administrative and support and waste management and remediation services,"Non-Hispanic, equally male-/female-owned",All firms,119724,35589944
Administrative and support and waste management and remediation services,"Non-Hispanic, equally male-/female-owned",Personal/family savings of owner(s),58698,13650456
Administrative and support and waste management and remediation services,"Non-Hispanic, equally male-/female-owned",Personal/family assets other than savings of owner(s),7524,1953366
Administrative and support and waste management and remediation services,"Non-Hispanic, equally male-/female-owned",Personal/family home equity loan,4966,1554261
Administrative and support and waste management and remediation services,"Non-Hispanic, equally male-/female-owned",Personal credit card(s) carrying balances,9365,1995497
Administrative and support and waste management and remediation services,"Non-Hispanic, equally male-/female-owned",Business credit card(s) carrying balances,3160,963740
Administrative and support and waste management and remediation services,"Non-Hispanic, equally male-/female-owned","Business loan from federal, state, or local government",100,S
Administrative and support and waste management and remediation services,"Non-Hispanic, equally male-/female-owned",Government-guaranteed business loan from a bank or financial institution,552,256059
Administrative and support and waste management and remediation services,"Non-Hispanic, equally male-/female-owned",Business loan from a bank or financial institution,7604,2732752
Administrative and support and waste management and remediation services,"Non-Hispanic, equally male-/female-owned",Business loan/investment from family/friends,2453,738285
Administrative and support and waste management and remediation services,"Non-Hispanic, equally male-/female-owned",Investment by venture capitalist(s),131,S
Administrative and support and waste management and remediation services,"Non-Hispanic, equally male-/female-owned",Grants,159,S
Administrative and support and waste management and remediation services,"Non-Hispanic, equally male-/female-owned",Other source(s) of capital,1777,772650
Administrative and support and waste management and remediation services,"Non-Hispanic, equally male-/female-owned",Don't know,4905,6388850
Administrative and support and waste management and remediation services,"Non-Hispanic, equally male-/female-owned",None needed,17333,1253334
Administrative and support and waste management and remediation services,"Non-Hispanic, equally male-/female-owned",Total reporting,93064(r),24323699(r)
Administrative and support and waste management and remediation services,"Non-Hispanic, equally male-/female-owned",Item not reported,1491(r),S
Administrative and support and waste management and remediation services,White,All firms,1715197,379650350
Administrative and support and waste management and remediation services,White,Personal/family savings of owner(s),506700,142303152
Administrative and support and waste management and remediation services,White,Personal/family assets other than savings of owner(s),47781,19009084
Administrative and support and waste management and remediation services,White,Personal/family home equity loan,20461,12231404
Administrative and support and waste management and remediation services,White,Personal credit card(s) carrying balances,67557,15084255
Administrative and support and waste management and remediation services,White,Business credit card(s) carrying balances,20614,6047375
Administrative and support and waste management and remediation services,White,"Business loan from federal, state, or local government",1078,677066
Administrative and support and waste management and remediation services,White,Government-guaranteed business loan from a bank or financial institution,2936,2318053
Administrative and support and waste management and remediation services,White,Business loan from a bank or financial institution,41702,34267383
Administrative and support and waste management and remediation services,White,Business loan/investment from family/friends,15425,11118923
Administrative and support and waste management and remediation services,White,Investment by venture capitalist(s),2179,2406696
Administrative and support and waste management and remediation services,White,Grants,857,49972
Administrative and support and waste management and remediation services,White,Other source(s) of capital,14466,12073568
Administrative and support and waste management and remediation services,White,Don't know,72189,59183926
Administrative and support and waste management and remediation services,White,None needed,367404,17501066
Administrative and support and waste management and remediation services,White,Total reporting,1026307(r),251151224(r)
Administrative and support and waste management and remediation services,White,Item not reported,35174(r),2500118(r)
Administrative and support and waste management and remediation services,"White, female-owned",All firms,778260,68639767
Administrative and support and waste management and remediation services,"White, female-owned",Personal/family savings of owner(s),163443,28218419
Administrative and support and waste management and remediation services,"White, female-owned",Personal/family assets other than savings of owner(s),12464,3876885
Administrative and support and waste management and remediation services,"White, female-owned",Personal/family home equity loan,3721,2522925
Administrative and support and waste management and remediation services,"White, female-owned",Personal credit card(s) carrying balances,18923,2914028
Administrative and support and waste management and remediation services,"White, female-owned",Business credit card(s) carrying balances,5083,1542210
Administrative and support and waste management and remediation services,"White, female-owned","Business loan from federal, state, or local government",469,98971
Administrative and support and waste management and remediation services,"White, female-owned",Government-guaranteed business loan from a bank or financial institution,576,335542
Administrative and support and waste management and remediation services,"White, female-owned",Business loan from a bank or financial institution,6013,5481173
Administrative and support and waste management and remediation services,"White, female-owned",Business loan/investment from family/friends,2834,1081320
Administrative and support and waste management and remediation services,"White, female-owned",Investment by venture capitalist(s),538,57301
Administrative and support and waste management and remediation services,"White, female-owned",Grants,74,S
Administrative and support and waste management and remediation services,"White, female-owned",Other source(s) of capital,4043,945593
Administrative and support and waste management and remediation services,"White, female-owned",Don't know,23913,8137713
Administrative and support and waste management and remediation services,"White, female-owned",None needed,215973,4826090
Administrative and support and waste management and remediation services,"White, female-owned",Total reporting,423205(r),45958148(r)
Administrative and support and waste management and remediation services,"White, female-owned",Item not reported,18187(r),624493(r)
Administrative and support and waste management and remediation services,"White, male-owned",All firms,811948,275526401
Administrative and support and waste management and remediation services,"White, male-owned",Personal/family savings of owner(s),284815,100706408
Administrative and support and waste management and remediation services,"White, male-owned",Personal/family assets other than savings of owner(s),27559,13111706
Administrative and support and waste management and remediation services,"White, male-owned",Personal/family home equity loan,11930,8164481
Administrative and support and waste management and remediation services,"White, male-owned",Personal credit card(s) carrying balances,39216,10204849
Administrative and support and waste management and remediation services,"White, male-owned",Business credit card(s) carrying balances,12404,3542944
Administrative and support and waste management and remediation services,"White, male-owned","Business loan from federal, state, or local government",509,S
Administrative and support and waste management and remediation services,"White, male-owned",Government-guaranteed business loan from a bank or financial institution,1928,1729805
Administrative and support and waste management and remediation services,"White, male-owned",Business loan from a bank or financial institution,27678,26166952
Administrative and support and waste management and remediation services,"White, male-owned",Business loan/investment from family/friends,10280,9339791
Administrative and support and waste management and remediation services,"White, male-owned",Investment by venture capitalist(s),1454,2219049
Administrative and support and waste management and remediation services,"White, male-owned",Grants,623,22122
Administrative and support and waste management and remediation services,"White, male-owned",Other source(s) of capital,8648,10423931
Administrative and support and waste management and remediation services,"White, male-owned",Don't know,43758,44896342
Administrative and support and waste management and remediation services,"White, male-owned",None needed,134045,11409489
Administrative and support and waste management and remediation services,"White, male-owned",Total reporting,510725(r),181635199(r)
Administrative and support and waste management and remediation services,"White, male-owned",Item not reported,15492(r),1706336(r)
Administrative and support and waste management and remediation services,"White, equally male-/female-owned",All firms,124989,35484183
Administrative and support and waste management and remediation services,"White, equally male-/female-owned",Personal/family savings of owner(s),58442,13378326
Administrative and support and waste management and remediation services,"White, equally male-/female-owned",Personal/family assets other than savings of owner(s),7758,2020493
Administrative and support and waste management and remediation services,"White, equally male-/female-owned",Personal/family home equity loan,4809,1543999
Administrative and support and waste management and remediation services,"White, equally male-/female-owned",Personal credit card(s) carrying balances,9417,1965379
Administrative and support and waste management and remediation services,"White, equally male-/female-owned",Business credit card(s) carrying balances,3128,962221
Administrative and support and waste management and remediation services,"White, equally male-/female-owned","Business loan from federal, state, or local government",101,S
Administrative and support and waste management and remediation services,"White, equally male-/female-owned",Government-guaranteed business loan from a bank or financial institution,432,252707
Administrative and support and waste management and remediation services,"White, equally male-/female-owned",Business loan from a bank or financial institution,8010,2619257
Administrative and support and waste management and remediation services,"White, equally male-/female-owned",Business loan/investment from family/friends,2311,697813
Administrative and support and waste management and remediation services,"White, equally male-/female-owned",Investment by venture capitalist(s),187,S
Administrative and support and waste management and remediation services,"White, equally male-/female-owned",Grants,159,S
Administrative and support and waste management and remediation services,"White, equally male-/female-owned",Other source(s) of capital,1774,704044
Administrative and support and waste management and remediation services,"White, equally male-/female-owned",Don't know,4518,6149871
Administrative and support and waste management and remediation services,"White, equally male-/female-owned",None needed,17385,1265487
Administrative and support and waste management and remediation services,"White, equally male-/female-owned",Total reporting,92376(r),23557876(r)
Administrative and support and waste management and remediation services,"White, equally male-/female-owned",Item not reported,1495(r),S
Administrative and support and waste management and remediation services,Black or African American,All firms,294977,12349147
Administrative and support and waste management and remediation services,Black or African American,Personal/family savings of owner(s),45121,4136907
Administrative and support and waste management and remediation services,Black or African American,Personal/family assets other than savings of owner(s),3396,396657
Administrative and support and waste management and remediation services,Black or African American,Personal/family home equity loan,1338,454654
Administrative and support and waste management and remediation services,Black or African American,Personal credit card(s) carrying balances,5826,766661
Administrative and support and waste management and remediation services,Black or African American,Business credit card(s) carrying balances,1365,156251
Administrative and support and waste management and remediation services,Black or African American,"Business loan from federal, state, or local government",79,S
Administrative and support and waste management and remediation services,Black or African American,Government-guaranteed business loan from a bank or financial institution,247,196217
Administrative and support and waste management and remediation services,Black or African American,Business loan from a bank or financial institution,1350,867040
Administrative and support and waste management and remediation services,Black or African American,Business loan/investment from family/friends,572,91009
Administrative and support and waste management and remediation services,Black or African American,Investment by venture capitalist(s),7,S
Administrative and support and waste management and remediation services,Black or African American,Grants,197,S
Administrative and support and waste management and remediation services,Black or African American,Other source(s) of capital,2234,184819
Administrative and support and waste management and remediation services,Black or African American,Don't know,6739,1098816
Administrative and support and waste management and remediation services,Black or African American,None needed,26877,830953
Administrative and support and waste management and remediation services,Black or African American,Total reporting,85260(r),6943654(r)
Administrative and support and waste management and remediation services,Black or African American,Item not reported,6375(r),111507(r)
Administrative and support and waste management and remediation services,"Black or African American, female-owned",All firms,151910,4239660
Administrative and support and waste management and remediation services,"Black or African American, female-owned",Personal/family savings of owner(s),16915,1102839
Administrative and support and waste management and remediation services,"Black or African American, female-owned",Personal/family assets other than savings of owner(s),1467,168209
Administrative and support and waste management and remediation services,"Black or African American, female-owned",Personal/family home equity loan,398,168088
Administrative and support and waste management and remediation services,"Black or African American, female-owned",Personal credit card(s) carrying balances,1921,271979
Administrative and support and waste management and remediation services,"Black or African American, female-owned",Business credit card(s) carrying balances,314,S
Administrative and support and waste management and remediation services,"Black or African American, female-owned","Business loan from federal, state, or local government",0,0
Administrative and support and waste management and remediation services,"Black or African American, female-owned",Government-guaranteed business loan from a bank or financial institution,28,S
Administrative and support and waste management and remediation services,"Black or African American, female-owned",Business loan from a bank or financial institution,243,S
Administrative and support and waste management and remediation services,"Black or African American, female-owned",Business loan/investment from family/friends,276,5001
Administrative and support and waste management and remediation services,"Black or African American, female-owned",Investment by venture capitalist(s),0,0
Administrative and support and waste management and remediation services,"Black or African American, female-owned",Grants,136,S
Administrative and support and waste management and remediation services,"Black or African American, female-owned",Other source(s) of capital,993,47058
Administrative and support and waste management and remediation services,"Black or African American, female-owned",Don't know,2814,298898
Administrative and support and waste management and remediation services,"Black or African American, female-owned",None needed,14192,175443
Administrative and support and waste management and remediation services,"Black or African American, female-owned",Total reporting,36228(r),1662857(r)
Administrative and support and waste management and remediation services,"Black or African American, female-owned",Item not reported,3950(r),57152(r)
Administrative and support and waste management and remediation services,"Black or African American, male-owned",All firms,138454,7674618
Administrative and support and waste management and remediation services,"Black or African American, male-owned",Personal/family savings of owner(s),24932,2761704
Administrative and support and waste management and remediation services,"Black or African American, male-owned",Personal/family assets other than savings of owner(s),1622,194083
Administrative and support and waste management and remediation services,"Black or African American, male-owned",Personal/family home equity loan,782,S
Administrative and support and waste management and remediation services,"Black or African American, male-owned",Personal credit card(s) carrying balances,3357,441840
Administrative and support and waste management and remediation services,"Black or African American, male-owned",Business credit card(s) carrying balances,751,58181
Administrative and support and waste management and remediation services,"Black or African American, male-owned","Business loan from federal, state, or local government",71,S
Administrative and support and waste management and remediation services,"Black or African American, male-owned",Government-guaranteed business loan from a bank or financial institution,153,86910
Administrative and support and waste management and remediation services,"Black or African American, male-owned",Business loan from a bank or financial institution,987,741456
Administrative and support and waste management and remediation services,"Black or African American, male-owned",Business loan/investment from family/friends,206,S
Administrative and support and waste management and remediation services,"Black or African American, male-owned",Investment by venture capitalist(s),2,S
Administrative and support and waste management and remediation services,"Black or African American, male-owned",Grants,61,S
Administrative and support and waste management and remediation services,"Black or African American, male-owned",Other source(s) of capital,1230,137027
Administrative and support and waste management and remediation services,"Black or African American, male-owned",Don't know,3664,766427
Administrative and support and waste management and remediation services,"Black or African American, male-owned",None needed,12073,615264
Administrative and support and waste management and remediation services,"Black or African American, male-owned",Total reporting,44273(r),4899622(r)
Administrative and support and waste management and remediation services,"Black or African American, male-owned",Item not reported,2357(r),53962(r)
Administrative and support and waste management and remediation services,"Black or African American, equally male-/female-owned",All firms,4613,434869
Administrative and support and waste management and remediation services,"Black or African American, equally male-/female-owned",Personal/family savings of owner(s),3274,272364
Administrative and support and waste management and remediation services,"Black or African American, equally male-/female-owned",Personal/family assets other than savings of owner(s),307,34365
Administrative and support and waste management and remediation services,"Black or African American, equally male-/female-owned",Personal/family home equity loan,158,S
Administrative and support and waste management and remediation services,"Black or African American, equally male-/female-owned",Personal credit card(s) carrying balances,547,52842
Administrative and support and waste management and remediation services,"Black or African American, equally male-/female-owned",Business credit card(s) carrying balances,300,S
Administrative and support and waste management and remediation services,"Black or African American, equally male-/female-owned","Business loan from federal, state, or local government",8,S
Administrative and support and waste management and remediation services,"Black or African American, equally male-/female-owned",Government-guaranteed business loan from a bank or financial institution,67,S
Administrative and support and waste management and remediation services,"Black or African American, equally male-/female-owned",Business loan from a bank or financial institution,120,49097
Administrative and support and waste management and remediation services,"Black or African American, equally male-/female-owned",Business loan/investment from family/friends,90,S
Administrative and support and waste management and remediation services,"Black or African American, equally male-/female-owned",Investment by venture capitalist(s),5,S
Administrative and support and waste management and remediation services,"Black or African American, equally male-/female-owned",Grants,0,0
Administrative and support and waste management and remediation services,"Black or African American, equally male-/female-owned",Other source(s) of capital,10,S
Administrative and support and waste management and remediation services,"Black or African American, equally male-/female-owned",Don't know,261,33490
Administrative and support and waste management and remediation services,"Black or African American, equally male-/female-owned",None needed,612,S
Administrative and support and waste management and remediation services,"Black or African American, equally male-/female-owned",Total reporting,4759(r),381175(r)
Administrative and support and waste management and remediation services,"Black or African American, equally male-/female-owned",Item not reported,68(r),S
Administrative and support and waste management and remediation services,American Indian and Alaska Native,All firms,29100,2680812
Administrative and support and waste management and remediation services,American Indian and Alaska Native,Personal/family savings of owner(s),5440,1373170
Administrative and support and waste management and remediation services,American Indian and Alaska Native,Personal/family assets other than savings of owner(s),740,69102
Administrative and support and waste management and remediation services,American Indian and Alaska Native,Personal/family home equity loan,291,S
Administrative and support and waste management and remediation services,American Indian and Alaska Native,Personal credit card(s) carrying balances,702,129453
Administrative and support and waste management and remediation services,American Indian and Alaska Native,Business credit card(s) carrying balances,153,S
Administrative and support and waste management and remediation services,American Indian and Alaska Native,"Business loan from federal, state, or local government",4,7269
Administrative and support and waste management and remediation services,American Indian and Alaska Native,Government-guaranteed business loan from a bank or financial institution,64,S
Administrative and support and waste management and remediation services,American Indian and Alaska Native,Business loan from a bank or financial institution,505,132254
Administrative and support and waste management and remediation services,American Indian and Alaska Native,Business loan/investment from family/friends,80,S
Administrative and support and waste management and remediation services,American Indian and Alaska Native,Investment by venture capitalist(s),7,S
Administrative and support and waste management and remediation services,American Indian and Alaska Native,Grants,11,S
Administrative and support and waste management and remediation services,American Indian and Alaska Native,Other source(s) of capital,235,S
Administrative and support and waste management and remediation services,American Indian and Alaska Native,Don't know,802,385605
Administrative and support and waste management and remediation services,American Indian and Alaska Native,None needed,3757,96368
Administrative and support and waste management and remediation services,American Indian and Alaska Native,Total reporting,10917(r),2000701(r)
Administrative and support and waste management and remediation services,American Indian and Alaska Native,Item not reported,931(r),10197(r)
Administrative and support and waste management and remediation services,"American Indian and Alaska Native, female-owned",All firms,16388,571652
Administrative and support and waste management and remediation services,"American Indian and Alaska Native, female-owned",Personal/family savings of owner(s),1919,319693
Administrative and support and waste management and remediation services,"American Indian and Alaska Native, female-owned",Personal/family assets other than savings of owner(s),482,S
Administrative and support and waste management and remediation services,"American Indian and Alaska Native, female-owned",Personal/family home equity loan,113,S
Administrative and support and waste management and remediation services,"American Indian and Alaska Native, female-owned",Personal credit card(s) carrying balances,376,S
Administrative and support and waste management and remediation services,"American Indian and Alaska Native, female-owned",Business credit card(s) carrying balances,75,S
Administrative and support and waste management and remediation services,"American Indian and Alaska Native, female-owned","Business loan from federal, state, or local government",2,S
Administrative and support and waste management and remediation services,"American Indian and Alaska Native, female-owned",Government-guaranteed business loan from a bank or financial institution,52,S
Administrative and support and waste management and remediation services,"American Indian and Alaska Native, female-owned",Business loan from a bank or financial institution,18,59283
Administrative and support and waste management and remediation services,"American Indian and Alaska Native, female-owned",Business loan/investment from family/friends,32,S
Administrative and support and waste management and remediation services,"American Indian and Alaska Native, female-owned",Investment by venture capitalist(s),0,0
Administrative and support and waste management and remediation services,"American Indian and Alaska Native, female-owned",Grants,11,S
Administrative and support and waste management and remediation services,"American Indian and Alaska Native, female-owned",Other source(s) of capital,133,S
Administrative and support and waste management and remediation services,"American Indian and Alaska Native, female-owned",Don't know,362,S
Administrative and support and waste management and remediation services,"American Indian and Alaska Native, female-owned",None needed,2561,30763
Administrative and support and waste management and remediation services,"American Indian and Alaska Native, female-owned",Total reporting,5163(r),448579(r)
Administrative and support and waste management and remediation services,"American Indian and Alaska Native, female-owned",Item not reported,560(r),3908(r)
Administrative and support and waste management and remediation services,"American Indian and Alaska Native, male-owned",All firms,12346,2088010
Administrative and support and waste management and remediation services,"American Indian and Alaska Native, male-owned",Personal/family savings of owner(s),3363,1029984
Administrative and support and waste management and remediation services,"American Indian and Alaska Native, male-owned",Personal/family assets other than savings of owner(s),259,36200
Administrative and support and waste management and remediation services,"American Indian and Alaska Native, male-owned",Personal/family home equity loan,115,31438
Administrative and support and waste management and remediation services,"American Indian and Alaska Native, male-owned",Personal credit card(s) carrying balances,322,S
Administrative and support and waste management and remediation services,"American Indian and Alaska Native, male-owned",Business credit card(s) carrying balances,78,S
Administrative and support and waste management and remediation services,"American Indian and Alaska Native, male-owned","Business loan from federal, state, or local government",2,S
Administrative and support and waste management and remediation services,"American Indian and Alaska Native, male-owned",Government-guaranteed business loan from a bank or financial institution,12,S
Administrative and support and waste management and remediation services,"American Indian and Alaska Native, male-owned",Business loan from a bank or financial institution,487,72971
Administrative and support and waste management and remediation services,"American Indian and Alaska Native, male-owned",Business loan/investment from family/friends,48,S
Administrative and support and waste management and remediation services,"American Indian and Alaska Native, male-owned",Investment by venture capitalist(s),7,S
Administrative and support and waste management and remediation services,"American Indian and Alaska Native, male-owned",Grants,0,0
Administrative and support and waste management and remediation services,"American Indian and Alaska Native, male-owned",Other source(s) of capital,102,S
Administrative and support and waste management and remediation services,"American Indian and Alaska Native, male-owned",Don't know,405,341995
Administrative and support and waste management and remediation services,"American Indian and Alaska Native, male-owned",None needed,1135,S
Administrative and support and waste management and remediation services,"American Indian and Alaska Native, male-owned",Total reporting,5437,1518933
Administrative and support and waste management and remediation services,"American Indian and Alaska Native, male-owned",Item not reported,371,S
Administrative and support and waste management and remediation services,"American Indian and Alaska Native, equally male-/female-owned",All firms,366,21149
Administrative and support and waste management and remediation services,"American Indian and Alaska Native, equally male-/female-owned",Personal/family savings of owner(s),158,23492
Administrative and support and waste management and remediation services,"American Indian and Alaska Native, equally male-/female-owned",Personal/family assets other than savings of owner(s),0,0
Administrative and support and waste management and remediation services,"American Indian and Alaska Native, equally male-/female-owned",Personal/family home equity loan,63,S
Administrative and support and waste management and remediation services,"American Indian and Alaska Native, equally male-/female-owned",Personal credit card(s) carrying balances,4,S
Administrative and support and waste management and remediation services,"American Indian and Alaska Native, equally male-/female-owned",Business credit card(s) carrying balances,0,0
Administrative and support and waste management and remediation services,"American Indian and Alaska Native, equally male-/female-owned","Business loan from federal, state, or local government",0,0
Administrative and support and waste management and remediation services,"American Indian and Alaska Native, equally male-/female-owned",Government-guaranteed business loan from a bank or financial institution,0,0
Administrative and support and waste management and remediation services,"American Indian and Alaska Native, equally male-/female-owned",Business loan from a bank or financial institution,0,0
Administrative and support and waste management and remediation services,"American Indian and Alaska Native, equally male-/female-owned",Business loan/investment from family/friends,0,0
Administrative and support and waste management and remediation services,"American Indian and Alaska Native, equally male-/female-owned",Investment by venture capitalist(s),0,0
Administrative and support and waste management and remediation services,"American Indian and Alaska Native, equally male-/female-owned",Grants,0,0
Administrative and support and waste management and remediation services,"American Indian and Alaska Native, equally male-/female-owned",Other source(s) of capital,0,0
Administrative and support and waste management and remediation services,"American Indian and Alaska Native, equally male-/female-owned",Don't know,35,S
Administrative and support and waste management and remediation services,"American Indian and Alaska Native, equally male-/female-owned",None needed,62,S
Administrative and support and waste management and remediation services,"American Indian and Alaska Native, equally male-/female-owned",Total reporting,316,33189
Administrative and support and waste management and remediation services,"American Indian and Alaska Native, equally male-/female-owned",Item not reported,0,0
Administrative and support and waste management and remediation services,Asian,All firms,86064,15386007
Administrative and support and waste management and remediation services,Asian,Personal/family savings of owner(s),23380,6931790
Administrative and support and waste management and remediation services,Asian,Personal/family assets other than savings of owner(s),1874,483514
Administrative and support and waste management and remediation services,Asian,Personal/family home equity loan,1108,602133
Administrative and support and waste management and remediation services,Asian,Personal credit card(s) carrying balances,2861,593090
Administrative and support and waste management and remediation services,Asian,Business credit card(s) carrying balances,990,398165
Administrative and support and waste management and remediation services,Asian,"Business loan from federal, state, or local government",0,0
Administrative and support and waste management and remediation services,Asian,Government-guaranteed business loan from a bank or financial institution,85,95239
Administrative and support and waste management and remediation services,Asian,Business loan from a bank or financial institution,846,700645
Administrative and support and waste management and remediation services,Asian,Business loan/investment from family/friends,609,328995
Administrative and support and waste management and remediation services,Asian,Investment by venture capitalist(s),77,S
Administrative and support and waste management and remediation services,Asian,Grants,46,S
Administrative and support and waste management and remediation services,Asian,Other source(s) of capital,743,268839
Administrative and support and waste management and remediation services,Asian,Don't know,4902,1965148
Administrative and support and waste management and remediation services,Asian,None needed,13359,394136
Administrative and support and waste management and remediation services,Asian,Total reporting,44376(r),10011389(r)
Administrative and support and waste management and remediation services,Asian,Item not reported,2579(r),106552(r)
Administrative and support and waste management and remediation services,"Asian, female-owned",All firms,38317,4759362
Administrative and support and waste management and remediation services,"Asian, female-owned",Personal/family savings of owner(s),8488,3095785
Administrative and support and waste management and remediation services,"Asian, female-owned",Personal/family assets other than savings of owner(s),568,105127
Administrative and support and waste management and remediation services,"Asian, female-owned",Personal/family home equity loan,302,S
Administrative and support and waste management and remediation services,"Asian, female-owned",Personal credit card(s) carrying balances,1312,117425
Administrative and support and waste management and remediation services,"Asian, female-owned",Business credit card(s) carrying balances,236,S
Administrative and support and waste management and remediation services,"Asian, female-owned","Business loan from federal, state, or local government",0,0
Administrative and support and waste management and remediation services,"Asian, female-owned",Government-guaranteed business loan from a bank or financial institution,7,S
Administrative and support and waste management and remediation services,"Asian, female-owned",Business loan from a bank or financial institution,178,S
Administrative and support and waste management and remediation services,"Asian, female-owned",Business loan/investment from family/friends,185,57627
Administrative and support and waste management and remediation services,"Asian, female-owned",Investment by venture capitalist(s),0,0
Administrative and support and waste management and remediation services,"Asian, female-owned",Grants,0,0
Administrative and support and waste management and remediation services,"Asian, female-owned",Other source(s) of capital,332,31823
Administrative and support and waste management and remediation services,"Asian, female-owned",Don't know,1543,461862
Administrative and support and waste management and remediation services,"Asian, female-owned",None needed,6997,195207
Administrative and support and waste management and remediation services,"Asian, female-owned",Total reporting,18023(r),3953664(r)
Administrative and support and waste management and remediation services,"Asian, female-owned",Item not reported,1332(r),15996(r)
Administrative and support and waste management and remediation services,"Asian, male-owned",All firms,43089,9337444
Administrative and support and waste management and remediation services,"Asian, male-owned",Personal/family savings of owner(s),12763,3155739
Administrative and support and waste management and remediation services,"Asian, male-owned",Personal/family assets other than savings of owner(s),1095,333461
Administrative and support and waste management and remediation services,"Asian, male-owned",Personal/family home equity loan,420,339327
Administrative and support and waste management and remediation services,"Asian, male-owned",Personal credit card(s) carrying balances,1058,386551
Administrative and support and waste management and remediation services,"Asian, male-owned",Business credit card(s) carrying balances,513,214022
Administrative and support and waste management and remediation services,"Asian, male-owned","Business loan from federal, state, or local government",0,0
Administrative and support and waste management and remediation services,"Asian, male-owned",Government-guaranteed business loan from a bank or financial institution,8,S
Administrative and support and waste management and remediation services,"Asian, male-owned",Business loan from a bank or financial institution,604,625287
Administrative and support and waste management and remediation services,"Asian, male-owned",Business loan/investment from family/friends,220,212828
Administrative and support and waste management and remediation services,"Asian, male-owned",Investment by venture capitalist(s),77,S
Administrative and support and waste management and remediation services,"Asian, male-owned",Grants,46,S
Administrative and support and waste management and remediation services,"Asian, male-owned",Other source(s) of capital,354,173150
Administrative and support and waste management and remediation services,"Asian, male-owned",Don't know,2824,1280916
Administrative and support and waste management and remediation services,"Asian, male-owned",None needed,5870,192431
Administrative and support and waste management and remediation services,"Asian, male-owned",Total reporting,23022(r),5060513(r)
Administrative and support and waste management and remediation services,"Asian, male-owned",Item not reported,1247(r),90555(r)
Administrative and support and waste management and remediation services,"Asian, equally male-/female-owned",All firms,4659,1289202
Administrative and support and waste management and remediation services,"Asian, equally male-/female-owned",Personal/family savings of owner(s),2129,680265
Administrative and support and waste management and remediation services,"Asian, equally male-/female-owned",Personal/family assets other than savings of owner(s),211,44926
Administrative and support and waste management and remediation services,"Asian, equally male-/female-owned",Personal/family home equity loan,386,92117
Administrative and support and waste management and remediation services,"Asian, equally male-/female-owned",Personal credit card(s) carrying balances,491,S
Administrative and support and waste management and remediation services,"Asian, equally male-/female-owned",Business credit card(s) carrying balances,241,S
Administrative and support and waste management and remediation services,"Asian, equally male-/female-owned","Business loan from federal, state, or local government",0,0
Administrative and support and waste management and remediation services,"Asian, equally male-/female-owned",Government-guaranteed business loan from a bank or financial institution,70,S
Administrative and support and waste management and remediation services,"Asian, equally male-/female-owned",Business loan from a bank or financial institution,64,S
Administrative and support and waste management and remediation services,"Asian, equally male-/female-owned",Business loan/investment from family/friends,204,S
Administrative and support and waste management and remediation services,"Asian, equally male-/female-owned",Investment by venture capitalist(s),0,0
Administrative and support and waste management and remediation services,"Asian, equally male-/female-owned",Grants,0,0
Administrative and support and waste management and remediation services,"Asian, equally male-/female-owned",Other source(s) of capital,56,S
Administrative and support and waste management and remediation services,"Asian, equally male-/female-owned",Don't know,535,S
Administrative and support and waste management and remediation services,"Asian, equally male-/female-owned",None needed,492,6498
Administrative and support and waste management and remediation services,"Asian, equally male-/female-owned",Total reporting,3332,997213
Administrative and support and waste management and remediation services,"Asian, equally male-/female-owned",Item not reported,0,0
Administrative and support and waste management and remediation services,Native Hawaiian and Other Pacific Islander,All firms,6435,449463
Administrative and support and waste management and remediation services,Native Hawaiian and Other Pacific Islander,Personal/family savings of owner(s),1369,167345
Administrative and support and waste management and remediation services,Native Hawaiian and Other Pacific Islander,Personal/family assets other than savings of owner(s),119,S
Administrative and support and waste management and remediation services,Native Hawaiian and Other Pacific Islander,Personal/family home equity loan,10,S
Administrative and support and waste management and remediation services,Native Hawaiian and Other Pacific Islander,Personal credit card(s) carrying balances,361,40488
Administrative and support and waste management and remediation services,Native Hawaiian and Other Pacific Islander,Business credit card(s) carrying balances,126,S
Administrative and support and waste management and remediation services,Native Hawaiian and Other Pacific Islander,"Business loan from federal, state, or local government",0,0
Administrative and support and waste management and remediation services,Native Hawaiian and Other Pacific Islander,Government-guaranteed business loan from a bank or financial institution,2,S
Administrative and support and waste management and remediation services,Native Hawaiian and Other Pacific Islander,Business loan from a bank or financial institution,68,S
Administrative and support and waste management and remediation services,Native Hawaiian and Other Pacific Islander,Business loan/investment from family/friends,66,S
Administrative and support and waste management and remediation services,Native Hawaiian and Other Pacific Islander,Investment by venture capitalist(s),64,S
Administrative and support and waste management and remediation services,Native Hawaiian and Other Pacific Islander,Grants,0,0
Administrative and support and waste management and remediation services,Native Hawaiian and Other Pacific Islander,Other source(s) of capital,79,S
Administrative and support and waste management and remediation services,Native Hawaiian and Other Pacific Islander,Don't know,218,S
Administrative and support and waste management and remediation services,Native Hawaiian and Other Pacific Islander,None needed,892,10010
Administrative and support and waste management and remediation services,Native Hawaiian and Other Pacific Islander,Total reporting,2767,316892
Administrative and support and waste management and remediation services,Native Hawaiian and Other Pacific Islander,Item not reported,198,3737
Administrative and support and waste management and remediation services,"Native Hawaiian and Other Pacific Islander, female-owned",All firms,3103,164412
Administrative and support and waste management and remediation services,"Native Hawaiian and Other Pacific Islander, female-owned",Personal/family savings of owner(s),453,77229
Administrative and support and waste management and remediation services,"Native Hawaiian and Other Pacific Islander, female-owned",Personal/family assets other than savings of owner(s),68,S
Administrative and support and waste management and remediation services,"Native Hawaiian and Other Pacific Islander, female-owned",Personal/family home equity loan,4,S
Administrative and support and waste management and remediation services,"Native Hawaiian and Other Pacific Islander, female-owned",Personal credit card(s) carrying balances,141,S
Administrative and support and waste management and remediation services,"Native Hawaiian and Other Pacific Islander, female-owned",Business credit card(s) carrying balances,62,S
Administrative and support and waste management and remediation services,"Native Hawaiian and Other Pacific Islander, female-owned","Business loan from federal, state, or local government",0,0
Administrative and support and waste management and remediation services,"Native Hawaiian and Other Pacific Islander, female-owned",Government-guaranteed business loan from a bank or financial institution,2,S
Administrative and support and waste management and remediation services,"Native Hawaiian and Other Pacific Islander, female-owned",Business loan from a bank or financial institution,62,S
Administrative and support and waste management and remediation services,"Native Hawaiian and Other Pacific Islander, female-owned",Business loan/investment from family/friends,4,1185
Administrative and support and waste management and remediation services,"Native Hawaiian and Other Pacific Islander, female-owned",Investment by venture capitalist(s),0,0
Administrative and support and waste management and remediation services,"Native Hawaiian and Other Pacific Islander, female-owned",Grants,0,0
Administrative and support and waste management and remediation services,"Native Hawaiian and Other Pacific Islander, female-owned",Other source(s) of capital,68,S
Administrative and support and waste management and remediation services,"Native Hawaiian and Other Pacific Islander, female-owned",Don't know,199,S
Administrative and support and waste management and remediation services,"Native Hawaiian and Other Pacific Islander, female-owned",None needed,497,5915
Administrative and support and waste management and remediation services,"Native Hawaiian and Other Pacific Islander, female-owned",Total reporting,1280,178392
Administrative and support and waste management and remediation services,"Native Hawaiian and Other Pacific Islander, female-owned",Item not reported,2,S
Administrative and support and waste management and remediation services,"Native Hawaiian and Other Pacific Islander, male-owned",All firms,3184,280087
Administrative and support and waste management and remediation services,"Native Hawaiian and Other Pacific Islander, male-owned",Personal/family savings of owner(s),732,86944
Administrative and support and waste management and remediation services,"Native Hawaiian and Other Pacific Islander, male-owned",Personal/family assets other than savings of owner(s),48,S
Administrative and support and waste management and remediation services,"Native Hawaiian and Other Pacific Islander, male-owned",Personal/family home equity loan,6,S
Administrative and support and waste management and remediation services,"Native Hawaiian and Other Pacific Islander, male-owned",Personal credit card(s) carrying balances,158,S
Administrative and support and waste management and remediation services,"Native Hawaiian and Other Pacific Islander, male-owned",Business credit card(s) carrying balances,64,S
Administrative and support and waste management and remediation services,"Native Hawaiian and Other Pacific Islander, male-owned","Business loan from federal, state, or local government",0,0
Administrative and support and waste management and remediation services,"Native Hawaiian and Other Pacific Islander, male-owned",Government-guaranteed business loan from a bank or financial institution,0,0
Administrative and support and waste management and remediation services,"Native Hawaiian and Other Pacific Islander, male-owned",Business loan from a bank or financial institution,6,S
Administrative and support and waste management and remediation services,"Native Hawaiian and Other Pacific Islander, male-owned",Business loan/investment from family/friends,62,S
Administrative and support and waste management and remediation services,"Native Hawaiian and Other Pacific Islander, male-owned",Investment by venture capitalist(s),64,S
Administrative and support and waste management and remediation services,"Native Hawaiian and Other Pacific Islander, male-owned",Grants,0,0
Administrative and support and waste management and remediation services,"Native Hawaiian and Other Pacific Islander, male-owned",Other source(s) of capital,11,S
Administrative and support and waste management and remediation services,"Native Hawaiian and Other Pacific Islander, male-owned",Don't know,8,S
Administrative and support and waste management and remediation services,"Native Hawaiian and Other Pacific Islander, male-owned",None needed,396,4095
Administrative and support and waste management and remediation services,"Native Hawaiian and Other Pacific Islander, male-owned",Total reporting,1290,132804
Administrative and support and waste management and remediation services,"Native Hawaiian and Other Pacific Islander, male-owned",Item not reported,196,3419
Administrative and support and waste management and remediation services,"Native Hawaiian and Other Pacific Islander, equally male-/female-owned",All firms,148,4964
Administrative and support and waste management and remediation services,"Native Hawaiian and Other Pacific Islander, equally male-/female-owned",Personal/family savings of owner(s),185,S
Administrative and support and waste management and remediation services,"Native Hawaiian and Other Pacific Islander, equally male-/female-owned",Personal/family assets other than savings of owner(s),2,S
Administrative and support and waste management and remediation services,"Native Hawaiian and Other Pacific Islander, equally male-/female-owned",Personal/family home equity loan,0,0
Administrative and support and waste management and remediation services,"Native Hawaiian and Other Pacific Islander, equally male-/female-owned",Personal credit card(s) carrying balances,61,S
Administrative and support and waste management and remediation services,"Native Hawaiian and Other Pacific Islander, equally male-/female-owned",Business credit card(s) carrying balances,0,0
Administrative and support and waste management and remediation services,"Native Hawaiian and Other Pacific Islander, equally male-/female-owned","Business loan from federal, state, or local government",0,0
Administrative and support and waste management and remediation services,"Native Hawaiian and Other Pacific Islander, equally male-/female-owned",Government-guaranteed business loan from a bank or financial institution,0,0
Administrative and support and waste management and remediation services,"Native Hawaiian and Other Pacific Islander, equally male-/female-owned",Business loan from a bank or financial institution,0,0
Administrative and support and waste management and remediation services,"Native Hawaiian and Other Pacific Islander, equally male-/female-owned",Business loan/investment from family/friends,0,0
Administrative and support and waste management and remediation services,"Native Hawaiian and Other Pacific Islander, equally male-/female-owned",Investment by venture capitalist(s),0,0
Administrative and support and waste management and remediation services,"Native Hawaiian and Other Pacific Islander, equally male-/female-owned",Grants,0,0
Administrative and support and waste management and remediation services,"Native Hawaiian and Other Pacific Islander, equally male-/female-owned",Other source(s) of capital,0,0
Administrative and support and waste management and remediation services,"Native Hawaiian and Other Pacific Islander, equally male-/female-owned",Don't know,11,S
Administrative and support and waste management and remediation services,"Native Hawaiian and Other Pacific Islander, equally male-/female-owned",None needed,0,0
Administrative and support and waste management and remediation services,"Native Hawaiian and Other Pacific Islander, equally male-/female-owned",Total reporting,198,5696
Administrative and support and waste management and remediation services,"Native Hawaiian and Other Pacific Islander, equally male-/female-owned",Item not reported,0,0
Administrative and support and waste management and remediation services,Some other race,All firms,207987,8116192
Administrative and support and waste management and remediation services,Some other race,Personal/family savings of owner(s),26525,2385334
Administrative and support and waste management and remediation services,Some other race,Personal/family assets other than savings of owner(s),1986,312808
Administrative and support and waste management and remediation services,Some other race,Personal/family home equity loan,1174,148791
Administrative and support and waste management and remediation services,Some other race,Personal credit card(s) carrying balances,2774,285466
Administrative and support and waste management and remediation services,Some other race,Business credit card(s) carrying balances,697,96978
Administrative and support and waste management and remediation services,Some other race,"Business loan from federal, state, or local government",61,S
Administrative and support and waste management and remediation services,Some other race,Government-guaranteed business loan from a bank or financial institution,187,12170
Administrative and support and waste management and remediation services,Some other race,Business loan from a bank or financial institution,1107,338935
Administrative and support and waste management and remediation services,Some other race,Business loan/investment from family/friends,777,61829
Administrative and support and waste management and remediation services,Some other race,Investment by venture capitalist(s),123,S
Administrative and support and waste management and remediation services,Some other race,Grants,123,S
Administrative and support and waste management and remediation services,Some other race,Other source(s) of capital,828,S
Administrative and support and waste management and remediation services,Some other race,Don't know,6203,649605
Administrative and support and waste management and remediation services,Some other race,None needed,19586,766595
Administrative and support and waste management and remediation services,Some other race,Total reporting,56172(r),4200350(r)
Administrative and support and waste management and remediation services,Some other race,Item not reported,4580(r),70226(r)
Administrative and support and waste management and remediation services,"Some other race, female-owned",All firms,123215,2701661
Administrative and support and waste management and remediation services,"Some other race, female-owned",Personal/family savings of owner(s),9727,546648
Administrative and support and waste management and remediation services,"Some other race, female-owned",Personal/family assets other than savings of owner(s),643,S
Administrative and support and waste management and remediation services,"Some other race, female-owned",Personal/family home equity loan,276,23167
Administrative and support and waste management and remediation services,"Some other race, female-owned",Personal credit card(s) carrying balances,730,S
Administrative and support and waste management and remediation services,"Some other race, female-owned",Business credit card(s) carrying balances,137,S
Administrative and support and waste management and remediation services,"Some other race, female-owned","Business loan from federal, state, or local government",61,S
Administrative and support and waste management and remediation services,"Some other race, female-owned",Government-guaranteed business loan from a bank or financial institution,124,S
Administrative and support and waste management and remediation services,"Some other race, female-owned",Business loan from a bank or financial institution,218,45807
Administrative and support and waste management and remediation services,"Some other race, female-owned",Business loan/investment from family/friends,241,S
Administrative and support and waste management and remediation services,"Some other race, female-owned",Investment by venture capitalist(s),61,S
Administrative and support and waste management and remediation services,"Some other race, female-owned",Grants,123,S
Administrative and support and waste management and remediation services,"Some other race, female-owned",Other source(s) of capital,328,8520
Administrative and support and waste management and remediation services,"Some other race, female-owned",Don't know,2472,113472
Administrative and support and waste management and remediation services,"Some other race, female-owned",None needed,12560,290044
Administrative and support and waste management and remediation services,"Some other race, female-owned",Total reporting,25892(r),1045574(r)
Administrative and support and waste management and remediation services,"Some other race, female-owned",Item not reported,2954(r),33358(r)
Administrative and support and waste management and remediation services,"Some other race, male-owned",All firms,80041,4852695
Administrative and support and waste management and remediation services,"Some other race, male-owned",Personal/family savings of owner(s),14694,1549177
Administrative and support and waste management and remediation services,"Some other race, male-owned",Personal/family assets other than savings of owner(s),1131,102232
Administrative and support and waste management and remediation services,"Some other race, male-owned",Personal/family home equity loan,781,79409
Administrative and support and waste management and remediation services,"Some other race, male-owned",Personal credit card(s) carrying balances,1943,164963
Administrative and support and waste management and remediation services,"Some other race, male-owned",Business credit card(s) carrying balances,397,47691
Administrative and support and waste management and remediation services,"Some other race, male-owned","Business loan from federal, state, or local government",0,0
Administrative and support and waste management and remediation services,"Some other race, male-owned",Government-guaranteed business loan from a bank or financial institution,64,S
Administrative and support and waste management and remediation services,"Some other race, male-owned",Business loan from a bank or financial institution,827,292451
Administrative and support and waste management and remediation services,"Some other race, male-owned",Business loan/investment from family/friends,435,33344
Administrative and support and waste management and remediation services,"Some other race, male-owned",Investment by venture capitalist(s),62,S
Administrative and support and waste management and remediation services,"Some other race, male-owned",Grants,0,0
Administrative and support and waste management and remediation services,"Some other race, male-owned",Other source(s) of capital,500,S
Administrative and support and waste management and remediation services,"Some other race, male-owned",Don't know,3384,479364
Administrative and support and waste management and remediation services,"Some other race, male-owned",None needed,6515,468463
Administrative and support and waste management and remediation services,"Some other race, male-owned",Total reporting,26955(r),2756408(r)
Administrative and support and waste management and remediation services,"Some other race, male-owned",Item not reported,1503(r),36499(r)
Administrative and support and waste management and remediation services,"Some other race, equally male-/female-owned",All firms,4732,561836
Administrative and support and waste management and remediation services,"Some other race, equally male-/female-owned",Personal/family savings of owner(s),2105,289509
Administrative and support and waste management and remediation services,"Some other race, equally male-/female-owned",Personal/family assets other than savings of owner(s),212,S
Administrative and support and waste management and remediation services,"Some other race, equally male-/female-owned",Personal/family home equity loan,117,S
Administrative and support and waste management and remediation services,"Some other race, equally male-/female-owned",Personal credit card(s) carrying balances,101,S
Administrative and support and waste management and remediation services,"Some other race, equally male-/female-owned",Business credit card(s) carrying balances,163,S
Administrative and support and waste management and remediation services,"Some other race, equally male-/female-owned","Business loan from federal, state, or local government",0,0
Administrative and support and waste management and remediation services,"Some other race, equally male-/female-owned",Government-guaranteed business loan from a bank or financial institution,0,0
Administrative and support and waste management and remediation services,"Some other race, equally male-/female-owned",Business loan from a bank or financial institution,62,S
Administrative and support and waste management and remediation services,"Some other race, equally male-/female-owned",Business loan/investment from family/friends,101,S
Administrative and support and waste management and remediation services,"Some other race, equally male-/female-owned",Investment by venture capitalist(s),0,0
Administrative and support and waste management and remediation services,"Some other race, equally male-/female-owned",Grants,0,0
Administrative and support and waste management and remediation services,"Some other race, equally male-/female-owned",Other source(s) of capital,0,0
Administrative and support and waste management and remediation services,"Some other race, equally male-/female-owned",Don't know,347,S
Administrative and support and waste management and remediation services,"Some other race, equally male-/female-owned",None needed,511,8087
Administrative and support and waste management and remediation services,"Some other race, equally male-/female-owned",Total reporting,3325,398368
Administrative and support and waste management and remediation services,"Some other race, equally male-/female-owned",Item not reported,123,S
Administrative and support and waste management and remediation services,Minority,All firms,920463,57283270
Administrative and support and waste management and remediation services,Minority,Personal/family savings of owner(s),153634,20382259
Administrative and support and waste management and remediation services,Minority,Personal/family assets other than savings of owner(s),11052,2020740
Administrative and support and waste management and remediation services,Minority,Personal/family home equity loan,5071,1815276
Administrative and support and waste management and remediation services,Minority,Personal credit card(s) carrying balances,18880,2620990
Administrative and support and waste management and remediation services,Minority,Business credit card(s) carrying balances,4588,1127199
Administrative and support and waste management and remediation services,Minority,"Business loan from federal, state, or local government",215,S
Administrative and support and waste management and remediation services,Minority,Government-guaranteed business loan from a bank or financial institution,740,524516
Administrative and support and waste management and remediation services,Minority,Business loan from a bank or financial institution,5725,2532417
Administrative and support and waste management and remediation services,Minority,Business loan/investment from family/friends,2902,1255615
Administrative and support and waste management and remediation services,Minority,Investment by venture capitalist(s),651,151210
Administrative and support and waste management and remediation services,Minority,Grants,571,15889
Administrative and support and waste management and remediation services,Minority,Other source(s) of capital,5953,1185807
Administrative and support and waste management and remediation services,Minority,Don't know,26455,5836681
Administrative and support and waste management and remediation services,Minority,None needed,101419,2985329
Administrative and support and waste management and remediation services,Minority,Total reporting,301807(r),32234475(r)
Administrative and support and waste management and remediation services,Minority,Item not reported,20281(r),459640(r)
Administrative and support and waste management and remediation services,"Minority, female-owned",All firms,503975,18057496
Administrative and support and waste management and remediation services,"Minority, female-owned",Personal/family savings of owner(s),58340,6210024
Administrative and support and waste management and remediation services,"Minority, female-owned",Personal/family assets other than savings of owner(s),4198,525565
Administrative and support and waste management and remediation services,"Minority, female-owned",Personal/family home equity loan,1340,625687
Administrative and support and waste management and remediation services,"Minority, female-owned",Personal credit card(s) carrying balances,6172,743745
Administrative and support and waste management and remediation services,"Minority, female-owned",Business credit card(s) carrying balances,1108,420616
Administrative and support and waste management and remediation services,"Minority, female-owned","Business loan from federal, state, or local government",63,S
Administrative and support and waste management and remediation services,"Minority, female-owned",Government-guaranteed business loan from a bank or financial institution,272,S
Administrative and support and waste management and remediation services,"Minority, female-owned",Business loan from a bank or financial institution,1184,448814
Administrative and support and waste management and remediation services,"Minority, female-owned",Business loan/investment from family/friends,933,149882
Administrative and support and waste management and remediation services,"Minority, female-owned",Investment by venture capitalist(s),308,5597
Administrative and support and waste management and remediation services,"Minority, female-owned",Grants,275,3976
Administrative and support and waste management and remediation services,"Minority, female-owned",Other source(s) of capital,2953,132366
Administrative and support and waste management and remediation services,"Minority, female-owned",Don't know,10724,1308498
Administrative and support and waste management and remediation services,"Minority, female-owned",None needed,61025,1152928
Administrative and support and waste management and remediation services,"Minority, female-owned",Total reporting,137111(r),9343515(r)
Administrative and support and waste management and remediation services,"Minority, female-owned",Item not reported,12459(r),204931(r)
Administrative and support and waste management and remediation services,"Minority, male-owned",All firms,388039,35681141
Administrative and support and waste management and remediation services,"Minority, male-owned",Personal/family savings of owner(s),82630,12556411
Administrative and support and waste management and remediation services,"Minority, male-owned",Personal/family assets other than savings of owner(s),5467,1228969
Administrative and support and waste management and remediation services,"Minority, male-owned",Personal/family home equity loan,2612,942392
Administrative and support and waste management and remediation services,"Minority, male-owned",Personal credit card(s) carrying balances,10213,1557099
Administrative and support and waste management and remediation services,"Minority, male-owned",Business credit card(s) carrying balances,2398,555655
Administrative and support and waste management and remediation services,"Minority, male-owned","Business loan from federal, state, or local government",134,S
Administrative and support and waste management and remediation services,"Minority, male-owned",Government-guaranteed business loan from a bank or financial institution,325,206506
Administrative and support and waste management and remediation services,"Minority, male-owned",Business loan from a bank or financial institution,3907,1989657
Administrative and support and waste management and remediation services,"Minority, male-owned",Business loan/investment from family/friends,1433,989394
Administrative and support and waste management and remediation services,"Minority, male-owned",Investment by venture capitalist(s),277,S
Administrative and support and waste management and remediation services,"Minority, male-owned",Grants,296,S
Administrative and support and waste management and remediation services,"Minority, male-owned",Other source(s) of capital,2878,974198
Administrative and support and waste management and remediation services,"Minority, male-owned",Don't know,14104,4193890
Administrative and support and waste management and remediation services,"Minority, male-owned",None needed,37308,1698949
Administrative and support and waste management and remediation services,"Minority, male-owned",Total reporting,145339(r),20548515(r)
Administrative and support and waste management and remediation services,"Minority, male-owned",Item not reported,7567(r),253052(r)
Administrative and support and waste management and remediation services,"Minority, equally male-/female-owned",All firms,28448,3544633
Administrative and support and waste management and remediation services,"Minority, equally male-/female-owned",Personal/family savings of owner(s),12664,1615824
Administrative and support and waste management and remediation services,"Minority, equally male-/female-owned",Personal/family assets other than savings of owner(s),1388,266206
Administrative and support and waste management and remediation services,"Minority, equally male-/female-owned",Personal/family home equity loan,1118,247196
Administrative and support and waste management and remediation services,"Minority, equally male-/female-owned",Personal credit card(s) carrying balances,2494,320146
Administrative and support and waste management and remediation services,"Minority, equally male-/female-owned",Business credit card(s) carrying balances,1082,150927
Administrative and support and waste management and remediation services,"Minority, equally male-/female-owned","Business loan from federal, state, or local government",17,S
Administrative and support and waste management and remediation services,"Minority, equally male-/female-owned",Government-guaranteed business loan from a bank or financial institution,142,S
Administrative and support and waste management and remediation services,"Minority, equally male-/female-owned",Business loan from a bank or financial institution,635,93946
Administrative and support and waste management and remediation services,"Minority, equally male-/female-owned",Business loan/investment from family/friends,536,S
Administrative and support and waste management and remediation services,"Minority, equally male-/female-owned",Investment by venture capitalist(s),67,S
Administrative and support and waste management and remediation services,"Minority, equally male-/female-owned",Grants,0,0
Administrative and support and waste management and remediation services,"Minority, equally male-/female-owned",Other source(s) of capital,121,S
Administrative and support and waste management and remediation services,"Minority, equally male-/female-owned",Don't know,1626,334292
Administrative and support and waste management and remediation services,"Minority, equally male-/female-owned",None needed,3086,133452
Administrative and support and waste management and remediation services,"Minority, equally male-/female-owned",Total reporting,19356(r),2342444(r)
Administrative and support and waste management and remediation services,"Minority, equally male-/female-owned",Item not reported,255(r),S
Administrative and support and waste management and remediation services,Equally minority/nonminority,All firms,14232,4350443
Administrative and support and waste management and remediation services,Equally minority/nonminority,Personal/family savings of owner(s),7123,1649316
Administrative and support and waste management and remediation services,Equally minority/nonminority,Personal/family assets other than savings of owner(s),1184,399084
Administrative and support and waste management and remediation services,Equally minority/nonminority,Personal/family home equity loan,489,253619
Administrative and support and waste management and remediation services,Equally minority/nonminority,Personal credit card(s) carrying balances,1536,204486
Administrative and support and waste management and remediation services,Equally minority/nonminority,Business credit card(s) carrying balances,579,209204
Administrative and support and waste management and remediation services,Equally minority/nonminority,"Business loan from federal, state, or local government",5,S
Administrative and support and waste management and remediation services,Equally minority/nonminority,Government-guaranteed business loan from a bank or financial institution,39,21497
Administrative and support and waste management and remediation services,Equally minority/nonminority,Business loan from a bank or financial institution,696,464115
Administrative and support and waste management and remediation services,Equally minority/nonminority,Business loan/investment from family/friends,461,145211
Administrative and support and waste management and remediation services,Equally minority/nonminority,Investment by venture capitalist(s),11,41374
Administrative and support and waste management and remediation services,Equally minority/nonminority,Grants,18,S
Administrative and support and waste management and remediation services,Equally minority/nonminority,Other source(s) of capital,295,64813
Administrative and support and waste management and remediation services,Equally minority/nonminority,Don't know,562,257124
Administrative and support and waste management and remediation services,Equally minority/nonminority,None needed,1406,75830
Administrative and support and waste management and remediation services,Equally minority/nonminority,Total reporting,10656,2405546
Administrative and support and waste management and remediation services,Equally minority/nonminority,Item not reported,17,S
Administrative and support and waste management and remediation services,"Equally minority/nonminority, female-owned",All firms,492,206519
Administrative and support and waste management and remediation services,"Equally minority/nonminority, female-owned",Personal/family savings of owner(s),424,131078
Administrative and support and waste management and remediation services,"Equally minority/nonminority, female-owned",Personal/family assets other than savings of owner(s),42,S
Administrative and support and waste management and remediation services,"Equally minority/nonminority, female-owned",Personal/family home equity loan,40,S
Administrative and support and waste management and remediation services,"Equally minority/nonminority, female-owned",Personal credit card(s) carrying balances,75,S
Administrative and support and waste management and remediation services,"Equally minority/nonminority, female-owned",Business credit card(s) carrying balances,0,0
Administrative and support and waste management and remediation services,"Equally minority/nonminority, female-owned","Business loan from federal, state, or local government",0,0
Administrative and support and waste management and remediation services,"Equally minority/nonminority, female-owned",Government-guaranteed business loan from a bank or financial institution,0,0
Administrative and support and waste management and remediation services,"Equally minority/nonminority, female-owned",Business loan from a bank or financial institution,59,S
Administrative and support and waste management and remediation services,"Equally minority/nonminority, female-owned",Business loan/investment from family/friends,98,S
Administrative and support and waste management and remediation services,"Equally minority/nonminority, female-owned",Investment by venture capitalist(s),0,0
Administrative and support and waste management and remediation services,"Equally minority/nonminority, female-owned",Grants,0,0
Administrative and support and waste management and remediation services,"Equally minority/nonminority, female-owned",Other source(s) of capital,0,0
Administrative and support and waste management and remediation services,"Equally minority/nonminority, female-owned",Don't know,13,S
Administrative and support and waste management and remediation services,"Equally minority/nonminority, female-owned",None needed,128,S
Administrative and support and waste management and remediation services,"Equally minority/nonminority, female-owned",Total reporting,687,184498
Administrative and support and waste management and remediation services,"Equally minority/nonminority, female-owned",Item not reported,0,0
Administrative and support and waste management and remediation services,"Equally minority/nonminority, male-owned",All firms,1716,1708019
Administrative and support and waste management and remediation services,"Equally minority/nonminority, male-owned",Personal/family savings of owner(s),913,538394
Administrative and support and waste management and remediation services,"Equally minority/nonminority, male-owned",Personal/family assets other than savings of owner(s),66,S
Administrative and support and waste management and remediation services,"Equally minority/nonminority, male-owned",Personal/family home equity loan,17,S
Administrative and support and waste management and remediation services,"Equally minority/nonminority, male-owned",Personal credit card(s) carrying balances,146,10110
Administrative and support and waste management and remediation services,"Equally minority/nonminority, male-owned",Business credit card(s) carrying balances,11,S
Administrative and support and waste management and remediation services,"Equally minority/nonminority, male-owned","Business loan from federal, state, or local government",5,S
Administrative and support and waste management and remediation services,"Equally minority/nonminority, male-owned",Government-guaranteed business loan from a bank or financial institution,11,S
Administrative and support and waste management and remediation services,"Equally minority/nonminority, male-owned",Business loan from a bank or financial institution,50,87157
Administrative and support and waste management and remediation services,"Equally minority/nonminority, male-owned",Business loan/investment from family/friends,25,S
Administrative and support and waste management and remediation services,"Equally minority/nonminority, male-owned",Investment by venture capitalist(s),11,41374
Administrative and support and waste management and remediation services,"Equally minority/nonminority, male-owned",Grants,5,S
Administrative and support and waste management and remediation services,"Equally minority/nonminority, male-owned",Other source(s) of capital,66,S
Administrative and support and waste management and remediation services,"Equally minority/nonminority, male-owned",Don't know,238,112600
Administrative and support and waste management and remediation services,"Equally minority/nonminority, male-owned",None needed,95,S
Administrative and support and waste management and remediation services,"Equally minority/nonminority, male-owned",Total reporting,1451,788943
Administrative and support and waste management and remediation services,"Equally minority/nonminority, male-owned",Item not reported,15,S
Administrative and support and waste management and remediation services,"Equally minority/nonminority, equally male-/female-owned",All firms,12024,2435904
Administrative and support and waste management and remediation services,"Equally minority/nonminority, equally male-/female-owned",Personal/family savings of owner(s),5785,979844
Administrative and support and waste management and remediation services,"Equally minority/nonminority, equally male-/female-owned",Personal/family assets other than savings of owner(s),1076,262464
Administrative and support and waste management and remediation services,"Equally minority/nonminority, equally male-/female-owned",Personal/family home equity loan,432,S
Administrative and support and waste management and remediation services,"Equally minority/nonminority, equally male-/female-owned",Personal credit card(s) carrying balances,1316,192016
Administrative and support and waste management and remediation services,"Equally minority/nonminority, equally male-/female-owned",Business credit card(s) carrying balances,568,S
Administrative and support and waste management and remediation services,"Equally minority/nonminority, equally male-/female-owned","Business loan from federal, state, or local government",0,0
Administrative and support and waste management and remediation services,"Equally minority/nonminority, equally male-/female-owned",Government-guaranteed business loan from a bank or financial institution,28,10308
Administrative and support and waste management and remediation services,"Equally minority/nonminority, equally male-/female-owned",Business loan from a bank or financial institution,587,376898
Administrative and support and waste management and remediation services,"Equally minority/nonminority, equally male-/female-owned",Business loan/investment from family/friends,339,S
Administrative and support and waste management and remediation services,"Equally minority/nonminority, equally male-/female-owned",Investment by venture capitalist(s),0,0
Administrative and support and waste management and remediation services,"Equally minority/nonminority, equally male-/female-owned",Grants,13,S
Administrative and support and waste management and remediation services,"Equally minority/nonminority, equally male-/female-owned",Other source(s) of capital,229,40265
Administrative and support and waste management and remediation services,"Equally minority/nonminority, equally male-/female-owned",Don't know,311,100668
Administrative and support and waste management and remediation services,"Equally minority/nonminority, equally male-/female-owned",None needed,1183,56243
Administrative and support and waste management and remediation services,"Equally minority/nonminority, equally male-/female-owned",Total reporting,8519,1432104
Administrative and support and waste management and remediation services,"Equally minority/nonminority, equally male-/female-owned",Item not reported,2,S
Administrative and support and waste management and remediation services,Nonminority,All firms,1358201,356266390
Administrative and support and waste management and remediation services,Nonminority,Personal/family savings of owner(s),443683,134737604
Administrative and support and waste management and remediation services,Nonminority,Personal/family assets other than savings of owner(s),43044,17900072
Administrative and support and waste management and remediation services,Nonminority,Personal/family home equity loan,18854,11524083
Administrative and support and waste management and remediation services,Nonminority,Personal credit card(s) carrying balances,59733,13905595
Administrative and support and waste management and remediation services,Nonminority,Business credit card(s) carrying balances,18743,5564035
Administrative and support and waste management and remediation services,Nonminority,"Business loan from federal, state, or local government",1006,672566
Administrative and support and waste management and remediation services,Nonminority,Government-guaranteed business loan from a bank or financial institution,2734,2225426
Administrative and support and waste management and remediation services,Nonminority,Business loan from a bank or financial institution,38637,33311167
Administrative and support and waste management and remediation services,Nonminority,Business loan/investment from family/friends,14143,10629492
Administrative and support and waste management and remediation services,Nonminority,Investment by venture capitalist(s),1669,2322822
Administrative and support and waste management and remediation services,Nonminority,Grants,655,29333
Administrative and support and waste management and remediation services,Nonminority,Other source(s) of capital,12009,11460802
Administrative and support and waste management and remediation services,Nonminority,Don't know,62350,57304805
Administrative and support and waste management and remediation services,Nonminority,None needed,321668,16259547
Administrative and support and waste management and remediation services,Nonminority,Total reporting,899264(r),239335412(r)
Administrative and support and waste management and remediation services,Nonminority,Item not reported,27958(r),2305337(r)
Administrative and support and waste management and remediation services,"Nonminority, female-owned",All firms,575625,62064925
Administrative and support and waste management and remediation services,"Nonminority, female-owned",Personal/family savings of owner(s),138832,26739328
Administrative and support and waste management and remediation services,"Nonminority, female-owned",Personal/family assets other than savings of owner(s),10877,3614265
Administrative and support and waste management and remediation services,"Nonminority, female-owned",Personal/family home equity loan,3427,2334252
Administrative and support and waste management and remediation services,"Nonminority, female-owned",Personal credit card(s) carrying balances,16661,2647438
Administrative and support and waste management and remediation services,"Nonminority, female-owned",Business credit card(s) carrying balances,4741,1476427
Administrative and support and waste management and remediation services,"Nonminority, female-owned","Business loan from federal, state, or local government",467,94842
Administrative and support and waste management and remediation services,"Nonminority, female-owned",Government-guaranteed business loan from a bank or financial institution,502,284435
Administrative and support and waste management and remediation services,"Nonminority, female-owned",Business loan from a bank or financial institution,5434,5230425
Administrative and support and waste management and remediation services,"Nonminority, female-owned",Business loan/investment from family/friends,2479,1007270
Administrative and support and waste management and remediation services,"Nonminority, female-owned",Investment by venture capitalist(s),292,S
Administrative and support and waste management and remediation services,"Nonminority, female-owned",Grants,74,S
Administrative and support and waste management and remediation services,"Nonminority, female-owned",Other source(s) of capital,2794,900807
Administrative and support and waste management and remediation services,"Nonminority, female-owned",Don't know,19846,7706001
Administrative and support and waste management and remediation services,"Nonminority, female-owned",None needed,186996,4303733
Administrative and support and waste management and remediation services,"Nonminority, female-owned",Total reporting,362895(r),43251441(r)
Administrative and support and waste management and remediation services,"Nonminority, female-owned",Item not reported,13518(r),523440(r)
Administrative and support and waste management and remediation services,"Nonminority, male-owned",All firms,677529,261321660
Administrative and support and waste management and remediation services,"Nonminority, male-owned",Personal/family savings of owner(s),254165,95649694
Administrative and support and waste management and remediation services,"Nonminority, male-owned",Personal/family assets other than savings of owner(s),25577,12513734
Administrative and support and waste management and remediation services,"Nonminority, male-owned",Personal/family home equity loan,11248,7847134
Administrative and support and waste management and remediation services,"Nonminority, male-owned",Personal credit card(s) carrying balances,35296,9514308
Administrative and support and waste management and remediation services,"Nonminority, male-owned",Business credit card(s) carrying balances,11539,3289483
Administrative and support and waste management and remediation services,"Nonminority, male-owned","Business loan from federal, state, or local government",447,S
Administrative and support and waste management and remediation services,"Nonminority, male-owned",Government-guaranteed business loan from a bank or financial institution,1827,1698248
Administrative and support and waste management and remediation services,"Nonminority, male-owned",Business loan from a bank or financial institution,26008,25653441
Administrative and support and waste management and remediation services,"Nonminority, male-owned",Business loan/investment from family/friends,9640,8997859
Administrative and support and waste management and remediation services,"Nonminority, male-owned",Investment by venture capitalist(s),1252,2144157
Administrative and support and waste management and remediation services,"Nonminority, male-owned",Grants,435,11872
Administrative and support and waste management and remediation services,"Nonminority, male-owned",Other source(s) of capital,7618,9882290
Administrative and support and waste management and remediation services,"Nonminority, male-owned",Don't know,38670,43516957
Administrative and support and waste management and remediation services,"Nonminority, male-owned",None needed,119100,10787615
Administrative and support and waste management and remediation services,"Nonminority, male-owned",Total reporting,455479(r),173828470(r)
Administrative and support and waste management and remediation services,"Nonminority, male-owned",Item not reported,13009(r),1613736(r)
Administrative and support and waste management and remediation services,"Nonminority, equally male-/female-owned",All firms,105047,32879805
Administrative and support and waste management and remediation services,"Nonminority, equally male-/female-owned",Personal/family savings of owner(s),50686,12348582
Administrative and support and waste management and remediation services,"Nonminority, equally male-/female-owned",Personal/family assets other than savings of owner(s),6591,1772074
Administrative and support and waste management and remediation services,"Nonminority, equally male-/female-owned",Personal/family home equity loan,4179,1342697
Administrative and support and waste management and remediation services,"Nonminority, equally male-/female-owned",Personal credit card(s) carrying balances,7775,1743849
Administrative and support and waste management and remediation services,"Nonminority, equally male-/female-owned",Business credit card(s) carrying balances,2463,798126
Administrative and support and waste management and remediation services,"Nonminority, equally male-/female-owned","Business loan from federal, state, or local government",92,S
Administrative and support and waste management and remediation services,"Nonminority, equally male-/female-owned",Government-guaranteed business loan from a bank or financial institution,404,242742
Administrative and support and waste management and remediation services,"Nonminority, equally male-/female-owned",Business loan from a bank or financial institution,7196,2427301
Administrative and support and waste management and remediation services,"Nonminority, equally male-/female-owned",Business loan/investment from family/friends,2023,624363
Administrative and support and waste management and remediation services,"Nonminority, equally male-/female-owned",Investment by venture capitalist(s),126,S
Administrative and support and waste management and remediation services,"Nonminority, equally male-/female-owned",Grants,146,S
Administrative and support and waste management and remediation services,"Nonminority, equally male-/female-owned",Other source(s) of capital,1598,677705
Administrative and support and waste management and remediation services,"Nonminority, equally male-/female-owned",Don't know,3835,6081847
Administrative and support and waste management and remediation services,"Nonminority, equally male-/female-owned",None needed,15572,1168199
Administrative and support and waste management and remediation services,"Nonminority, equally male-/female-owned",Total reporting,80890(r),22255500(r)
Administrative and support and waste management and remediation services,"Nonminority, equally male-/female-owned",Item not reported,1431(r),S
Administrative and support and waste management and remediation services,Veteran,All firms,200625,33117031
Administrative and support and waste management and remediation services,Veteran,Personal/family savings of owner(s),55524,14535022
Administrative and support and waste management and remediation services,Veteran,Personal/family assets other than savings of owner(s),5969,2027353
Administrative and support and waste management and remediation services,Veteran,Personal/family home equity loan,2096,1275820
Administrative and support and waste management and remediation services,Veteran,Personal credit card(s) carrying balances,7728,1698676
Administrative and support and waste management and remediation services,Veteran,Business credit card(s) carrying balances,2372,520850
Administrative and support and waste management and remediation services,Veteran,"Business loan from federal, state, or local government",20,S
Administrative and support and waste management and remediation services,Veteran,Government-guaranteed business loan from a bank or financial institution,322,326767
Administrative and support and waste management and remediation services,Veteran,Business loan from a bank or financial institution,4547,2217875
Administrative and support and waste management and remediation services,Veteran,Business loan/investment from family/friends,1474,928801
Administrative and support and waste management and remediation services,Veteran,Investment by venture capitalist(s),222,S
Administrative and support and waste management and remediation services,Veteran,Grants,7,S
Administrative and support and waste management and remediation services,Veteran,Other source(s) of capital,1906,696006
Administrative and support and waste management and remediation services,Veteran,Don't know,5365,3900266
Administrative and support and waste management and remediation services,Veteran,None needed,33432,1418881
Administrative and support and waste management and remediation services,Veteran,Total reporting,103809(r),22482770(r)
Administrative and support and waste management and remediation services,Veteran,Item not reported,4110(r),220341(r)
Administrative and support and waste management and remediation services,"Veteran, female-owned",All firms,46587,1202265
Administrative and support and waste management and remediation services,"Veteran, female-owned",Personal/family savings of owner(s),2980,297154
Administrative and support and waste management and remediation services,"Veteran, female-owned",Personal/family assets other than savings of owner(s),381,12480
Administrative and support and waste management and remediation services,"Veteran, female-owned",Personal/family home equity loan,71,S
Administrative and support and waste management and remediation services,"Veteran, female-owned",Personal credit card(s) carrying balances,395,15166
Administrative and support and waste management and remediation services,"Veteran, female-owned",Business credit card(s) carrying balances,79,S
Administrative and support and waste management and remediation services,"Veteran, female-owned","Business loan from federal, state, or local government",0,0
Administrative and support and waste management and remediation services,"Veteran, female-owned",Government-guaranteed business loan from a bank or financial institution,62,S
Administrative and support and waste management and remediation services,"Veteran, female-owned",Business loan from a bank or financial institution,196,S
Administrative and support and waste management and remediation services,"Veteran, female-owned",Business loan/investment from family/friends,109,S
Administrative and support and waste management and remediation services,"Veteran, female-owned",Investment by venture capitalist(s),62,S
Administrative and support and waste management and remediation services,"Veteran, female-owned",Grants,0,0
Administrative and support and waste management and remediation services,"Veteran, female-owned",Other source(s) of capital,289,S
Administrative and support and waste management and remediation services,"Veteran, female-owned",Don't know,440,S
Administrative and support and waste management and remediation services,"Veteran, female-owned",None needed,2535,33873
Administrative and support and waste management and remediation services,"Veteran, female-owned",Total reporting,6409(r),463022(r)
Administrative and support and waste management and remediation services,"Veteran, female-owned",Item not reported,532(r),S
Administrative and support and waste management and remediation services,"Veteran, male-owned",All firms,153034,31789497
Administrative and support and waste management and remediation services,"Veteran, male-owned",Personal/family savings of owner(s),52060,14214498
Administrative and support and waste management and remediation services,"Veteran, male-owned",Personal/family assets other than savings of owner(s),5547,2005944
Administrative and support and waste management and remediation services,"Veteran, male-owned",Personal/family home equity loan,2026,1200711
Administrative and support and waste management and remediation services,"Veteran, male-owned",Personal credit card(s) carrying balances,7215,1668278
Administrative and support and waste management and remediation services,"Veteran, male-owned",Business credit card(s) carrying balances,2272,514774
Administrative and support and waste management and remediation services,"Veteran, male-owned","Business loan from federal, state, or local government",20,S
Administrative and support and waste management and remediation services,"Veteran, male-owned",Government-guaranteed business loan from a bank or financial institution,261,326644
Administrative and support and waste management and remediation services,"Veteran, male-owned",Business loan from a bank or financial institution,4223,2161876
Administrative and support and waste management and remediation services,"Veteran, male-owned",Business loan/investment from family/friends,1354,915313
Administrative and support and waste management and remediation services,"Veteran, male-owned",Investment by venture capitalist(s),161,S
Administrative and support and waste management and remediation services,"Veteran, male-owned",Grants,7,S
Administrative and support and waste management and remediation services,"Veteran, male-owned",Other source(s) of capital,1611,665287
Administrative and support and waste management and remediation services,"Veteran, male-owned",Don't know,4925,3861304
Administrative and support and waste management and remediation services,"Veteran, male-owned",None needed,30897,1385008
Administrative and support and waste management and remediation services,"Veteran, male-owned",Total reporting,96849(r),21995373(r)
Administrative and support and waste management and remediation services,"Veteran, male-owned",Item not reported,3578(r),203943(r)
Administrative and support and waste management and remediation services,"Veteran, equally male-/female-owned",All firms,1003,125269
Administrative and support and waste management and remediation services,"Veteran, equally male-/female-owned",Personal/family savings of owner(s),484,S
Administrative and support and waste management and remediation services,"Veteran, equally male-/female-owned",Personal/family assets other than savings of owner(s),41,S
Administrative and support and waste management and remediation services,"Veteran, equally male-/female-owned",Personal/family home equity loan,0,0
Administrative and support and waste management and remediation services,"Veteran, equally male-/female-owned",Personal credit card(s) carrying balances,117,S
Administrative and support and waste management and remediation services,"Veteran, equally male-/female-owned",Business credit card(s) carrying balances,21,S
Administrative and support and waste management and remediation services,"Veteran, equally male-/female-owned","Business loan from federal, state, or local government",0,0
Administrative and support and waste management and remediation services,"Veteran, equally male-/female-owned",Government-guaranteed business loan from a bank or financial institution,0,0
Administrative and support and waste management and remediation services,"Veteran, equally male-/female-owned",Business loan from a bank or financial institution,127,S
Administrative and support and waste management and remediation services,"Veteran, equally male-/female-owned",Business loan/investment from family/friends,11,S
Administrative and support and waste management and remediation services,"Veteran, equally male-/female-owned",Investment by venture capitalist(s),0,0
Administrative and support and waste management and remediation services,"Veteran, equally male-/female-owned",Grants,0,0
Administrative and support and waste management and remediation services,"Veteran, equally male-/female-owned",Other source(s) of capital,6,S
Administrative and support and waste management and remediation services,"Veteran, equally male-/female-owned",Don't know,0,0
Administrative and support and waste management and remediation services,"Veteran, equally male-/female-owned",None needed,0,0
Administrative and support and waste management and remediation services,"Veteran, equally male-/female-owned",Total reporting,551,S
Administrative and support and waste management and remediation services,"Veteran, equally male-/female-owned",Item not reported,0,0
Administrative and support and waste management and remediation services,"Veteran, Hispanic",All firms,22160,1846526
Administrative and support and waste management and remediation services,"Veteran, Hispanic",Personal/family savings of owner(s),2816,1025936
Administrative and support and waste management and remediation services,"Veteran, Hispanic",Personal/family assets other than savings of owner(s),205,87536
Administrative and support and waste management and remediation services,"Veteran, Hispanic",Personal/family home equity loan,37,S
Administrative and support and waste management and remediation services,"Veteran, Hispanic",Personal credit card(s) carrying balances,657,25266
Administrative and support and waste management and remediation services,"Veteran, Hispanic",Business credit card(s) carrying balances,146,S
Administrative and support and waste management and remediation services,"Veteran, Hispanic","Business loan from federal, state, or local government",0,0
Administrative and support and waste management and remediation services,"Veteran, Hispanic",Government-guaranteed business loan from a bank or financial institution,70,S
Administrative and support and waste management and remediation services,"Veteran, Hispanic",Business loan from a bank or financial institution,212,S
Administrative and support and waste management and remediation services,"Veteran, Hispanic",Business loan/investment from family/friends,123,S
Administrative and support and waste management and remediation services,"Veteran, Hispanic",Investment by venture capitalist(s),64,S
Administrative and support and waste management and remediation services,"Veteran, Hispanic",Grants,0,0
Administrative and support and waste management and remediation services,"Veteran, Hispanic",Other source(s) of capital,186,S
Administrative and support and waste management and remediation services,"Veteran, Hispanic",Don't know,190,55846
Administrative and support and waste management and remediation services,"Veteran, Hispanic",None needed,2021,46448
Administrative and support and waste management and remediation services,"Veteran, Hispanic",Total reporting,5548(r),1257964(r)
Administrative and support and waste management and remediation services,"Veteran, Hispanic",Item not reported,554(r),S
Administrative and support and waste management and remediation services,"Veteran, equally Hispanic/non-Hispanic",All firms,169,85321
Administrative and support and waste management and remediation services,"Veteran, equally Hispanic/non-Hispanic",Personal/family savings of owner(s),70,S
Administrative and support and waste management and remediation services,"Veteran, equally Hispanic/non-Hispanic",Personal/family assets other than savings of owner(s),0,0
Administrative and support and waste management and remediation services,"Veteran, equally Hispanic/non-Hispanic",Personal/family home equity loan,0,0
Administrative and support and waste management and remediation services,"Veteran, equally Hispanic/non-Hispanic",Personal credit card(s) carrying balances,0,0
Administrative and support and waste management and remediation services,"Veteran, equally Hispanic/non-Hispanic",Business credit card(s) carrying balances,0,0
Administrative and support and waste management and remediation services,"Veteran, equally Hispanic/non-Hispanic","Business loan from federal, state, or local government",0,0
Administrative and support and waste management and remediation services,"Veteran, equally Hispanic/non-Hispanic",Government-guaranteed business loan from a bank or financial institution,0,0
Administrative and support and waste management and remediation services,"Veteran, equally Hispanic/non-Hispanic",Business loan from a bank or financial institution,0,0
Administrative and support and waste management and remediation services,"Veteran, equally Hispanic/non-Hispanic",Business loan/investment from family/friends,0,0
Administrative and support and waste management and remediation services,"Veteran, equally Hispanic/non-Hispanic",Investment by venture capitalist(s),0,0
Administrative and support and waste management and remediation services,"Veteran, equally Hispanic/non-Hispanic",Grants,0,0
Administrative and support and waste management and remediation services,"Veteran, equally Hispanic/non-Hispanic",Other source(s) of capital,0,0
Administrative and support and waste management and remediation services,"Veteran, equally Hispanic/non-Hispanic",Don't know,6,S
Administrative and support and waste management and remediation services,"Veteran, equally Hispanic/non-Hispanic",None needed,0,0
Administrative and support and waste management and remediation services,"Veteran, equally Hispanic/non-Hispanic",Total reporting,76,S
Administrative and support and waste management and remediation services,"Veteran, equally Hispanic/non-Hispanic",Item not reported,0,0
Administrative and support and waste management and remediation services,"Veteran, non-Hispanic",All firms,178295,31185184
Administrative and support and waste management and remediation services,"Veteran, non-Hispanic",Personal/family savings of owner(s),52639,13508607
Administrative and support and waste management and remediation services,"Veteran, non-Hispanic",Personal/family assets other than savings of owner(s),5764,1939817
Administrative and support and waste management and remediation services,"Veteran, non-Hispanic",Personal/family home equity loan,2060,1217391
Administrative and support and waste management and remediation services,"Veteran, non-Hispanic",Personal credit card(s) carrying balances,7071,1673410
Administrative and support and waste management and remediation services,"Veteran, non-Hispanic",Business credit card(s) carrying balances,2225,509278
Administrative and support and waste management and remediation services,"Veteran, non-Hispanic","Business loan from federal, state, or local government",20,S
Administrative and support and waste management and remediation services,"Veteran, non-Hispanic",Government-guaranteed business loan from a bank or financial institution,253,312201
Administrative and support and waste management and remediation services,"Veteran, non-Hispanic",Business loan from a bank or financial institution,4335,2181610
Administrative and support and waste management and remediation services,"Veteran, non-Hispanic",Business loan/investment from family/friends,1351,705762
Administrative and support and waste management and remediation services,"Veteran, non-Hispanic",Investment by venture capitalist(s),159,S
Administrative and support and waste management and remediation services,"Veteran, non-Hispanic",Grants,7,S
Administrative and support and waste management and remediation services,"Veteran, non-Hispanic",Other source(s) of capital,1720,491623
Administrative and support and waste management and remediation services,"Veteran, non-Hispanic",Don't know,5170,3831159
Administrative and support and waste management and remediation services,"Veteran, non-Hispanic",None needed,31411,1372433
Administrative and support and waste management and remediation services,"Veteran, non-Hispanic",Total reporting,98186(r),21211066(r)
Administrative and support and waste management and remediation services,"Veteran, non-Hispanic",Item not reported,3556(r),209089(r)
Administrative and support and waste management and remediation services,"Veteran, White",All firms,154501,30425280
Administrative and support and waste management and remediation services,"Veteran, White",Personal/family savings of owner(s),48103,13201104
Administrative and support and waste management and remediation services,"Veteran, White",Personal/family assets other than savings of owner(s),5305,1887049
Administrative and support and waste management and remediation services,"Veteran, White",Personal/family home equity loan,1813,1022304
Administrative and support and waste management and remediation services,"Veteran, White",Personal credit card(s) carrying balances,6326,1414821
Administrative and support and waste management and remediation services,"Veteran, White",Business credit card(s) carrying balances,2120,502446
Administrative and support and waste management and remediation services,"Veteran, White","Business loan from federal, state, or local government",15,S
Administrative and support and waste management and remediation services,"Veteran, White",Government-guaranteed business loan from a bank or financial institution,294,240581
Administrative and support and waste management and remediation services,"Veteran, White",Business loan from a bank or financial institution,4141,2121860
Administrative and support and waste management and remediation services,"Veteran, White",Business loan/investment from family/friends,1465,915996
Administrative and support and waste management and remediation services,"Veteran, White",Investment by venture capitalist(s),217,S
Administrative and support and waste management and remediation services,"Veteran, White",Grants,2,S
Administrative and support and waste management and remediation services,"Veteran, White",Other source(s) of capital,1451,638162
Administrative and support and waste management and remediation services,"Veteran, White",Don't know,4607,3356644
Administrative and support and waste management and remediation services,"Veteran, White",None needed,29612,1340705
Administrative and support and waste management and remediation services,"Veteran, White",Total reporting,90578(r),20366403(r)
Administrative and support and waste management and remediation services,"Veteran, White",Item not reported,3378(r),204288(r)
Administrative and support and waste management and remediation services,"Veteran, Black or African American",All firms,35707,1657682
Administrative and support and waste management and remediation services,"Veteran, Black or African American",Personal/family savings of owner(s),6226,1066700
Administrative and support and waste management and remediation services,"Veteran, Black or African American",Personal/family assets other than savings of owner(s),505,122486
Administrative and support and waste management and remediation services,"Veteran, Black or African American",Personal/family home equity loan,270,S
Administrative and support and waste management and remediation services,"Veteran, Black or African American",Personal credit card(s) carrying balances,1116,S
Administrative and support and waste management and remediation services,"Veteran, Black or African American",Business credit card(s) carrying balances,245,11596
Administrative and support and waste management and remediation services,"Veteran, Black or African American","Business loan from federal, state, or local government",0,0
Administrative and support and waste management and remediation services,"Veteran, Black or African American",Government-guaranteed business loan from a bank or financial institution,19,75566
Administrative and support and waste management and remediation services,"Veteran, Black or African American",Business loan from a bank or financial institution,336,37413
Administrative and support and waste management and remediation services,"Veteran, Black or African American",Business loan/investment from family/friends,2,S
Administrative and support and waste management and remediation services,"Veteran, Black or African American",Investment by venture capitalist(s),0,0
Administrative and support and waste management and remediation services,"Veteran, Black or African American",Grants,0,0
Administrative and support and waste management and remediation services,"Veteran, Black or African American",Other source(s) of capital,356,2474
Administrative and support and waste management and remediation services,"Veteran, Black or African American",Don't know,518,290103
Administrative and support and waste management and remediation services,"Veteran, Black or African American",None needed,3140,55886
Administrative and support and waste management and remediation services,"Veteran, Black or African American",Total reporting,10871(r),1501775(r)
Administrative and support and waste management and remediation services,"Veteran, Black or African American",Item not reported,605(r),15049(r)
Administrative and support and waste management and remediation services,"Veteran, American Indian and Alaska Native",All firms,3304,391851
Administrative and support and waste management and remediation services,"Veteran, American Indian and Alaska Native",Personal/family savings of owner(s),739,S
Administrative and support and waste management and remediation services,"Veteran, American Indian and Alaska Native",Personal/family assets other than savings of owner(s),132,13008
Administrative and support and waste management and remediation services,"Veteran, American Indian and Alaska Native",Personal/family home equity loan,2,S
Administrative and support and waste management and remediation services,"Veteran, American Indian and Alaska Native",Personal credit card(s) carrying balances,147,14256
Administrative and support and waste management and remediation services,"Veteran, American Indian and Alaska Native",Business credit card(s) carrying balances,2,S
Administrative and support and waste management and remediation services,"Veteran, American Indian and Alaska Native","Business loan from federal, state, or local government",0,0
Administrative and support and waste management and remediation services,"Veteran, American Indian and Alaska Native",Government-guaranteed business loan from a bank or financial institution,2,S
Administrative and support and waste management and remediation services,"Veteran, American Indian and Alaska Native",Business loan from a bank or financial institution,22,S
Administrative and support and waste management and remediation services,"Veteran, American Indian and Alaska Native",Business loan/investment from family/friends,9,S
Administrative and support and waste management and remediation services,"Veteran, American Indian and Alaska Native",Investment by venture capitalist(s),2,S
Administrative and support and waste management and remediation services,"Veteran, American Indian and Alaska Native",Grants,0,0
Administrative and support and waste management and remediation services,"Veteran, American Indian and Alaska Native",Other source(s) of capital,21,S
Administrative and support and waste management and remediation services,"Veteran, American Indian and Alaska Native",Don't know,157,S
Administrative and support and waste management and remediation services,"Veteran, American Indian and Alaska Native",None needed,413,2935
Administrative and support and waste management and remediation services,"Veteran, American Indian and Alaska Native",Total reporting,1416,504093
Administrative and support and waste management and remediation services,"Veteran, American Indian and Alaska Native",Item not reported,0,0
Administrative and support and waste management and remediation services,"Veteran, Asian",All firms,2919,605244
Administrative and support and waste management and remediation services,"Veteran, Asian",Personal/family savings of owner(s),701,S
Administrative and support and waste management and remediation services,"Veteran, Asian",Personal/family assets other than savings of owner(s),50,S
Administrative and support and waste management and remediation services,"Veteran, Asian",Personal/family home equity loan,0,0
Administrative and support and waste management and remediation services,"Veteran, Asian",Personal credit card(s) carrying balances,109,S
Administrative and support and waste management and remediation services,"Veteran, Asian",Business credit card(s) carrying balances,106,S
Administrative and support and waste management and remediation services,"Veteran, Asian","Business loan from federal, state, or local government",0,0
Administrative and support and waste management and remediation services,"Veteran, Asian",Government-guaranteed business loan from a bank or financial institution,2,S
Administrative and support and waste management and remediation services,"Veteran, Asian",Business loan from a bank or financial institution,72,S
Administrative and support and waste management and remediation services,"Veteran, Asian",Business loan/investment from family/friends,50,S
Administrative and support and waste management and remediation services,"Veteran, Asian",Investment by venture capitalist(s),0,0
Administrative and support and waste management and remediation services,"Veteran, Asian",Grants,0,0
Administrative and support and waste management and remediation services,"Veteran, Asian",Other source(s) of capital,5,S
Administrative and support and waste management and remediation services,"Veteran, Asian",Don't know,50,S
Administrative and support and waste management and remediation services,"Veteran, Asian",None needed,296,2504
Administrative and support and waste management and remediation services,"Veteran, Asian",Total reporting,1117,231931
Administrative and support and waste management and remediation services,"Veteran, Asian",Item not reported,62,S
Administrative and support and waste management and remediation services,"Veteran, Native Hawaiian and Other Pacific Islander",All firms,919,157205
Administrative and support and waste management and remediation services,"Veteran, Native Hawaiian and Other Pacific Islander",Personal/family savings of owner(s),33,28092
Administrative and support and waste management and remediation services,"Veteran, Native Hawaiian and Other Pacific Islander",Personal/family assets other than savings of owner(s),18,S
Administrative and support and waste management and remediation services,"Veteran, Native Hawaiian and Other Pacific Islander",Personal/family home equity loan,0,0
Administrative and support and waste management and remediation services,"Veteran, Native Hawaiian and Other Pacific Islander",Personal credit card(s) carrying balances,61,S
Administrative and support and waste management and remediation services,"Veteran, Native Hawaiian and Other Pacific Islander",Business credit card(s) carrying balances,0,0
Administrative and support and waste management and remediation services,"Veteran, Native Hawaiian and Other Pacific Islander","Business loan from federal, state, or local government",0,0
Administrative and support and waste management and remediation services,"Veteran, Native Hawaiian and Other Pacific Islander",Government-guaranteed business loan from a bank or financial institution,0,0
Administrative and support and waste management and remediation services,"Veteran, Native Hawaiian and Other Pacific Islander",Business loan from a bank or financial institution,0,0
Administrative and support and waste management and remediation services,"Veteran, Native Hawaiian and Other Pacific Islander",Business loan/investment from family/friends,0,0
Administrative and support and waste management and remediation services,"Veteran, Native Hawaiian and Other Pacific Islander",Investment by venture capitalist(s),0,0
Administrative and support and waste management and remediation services,"Veteran, Native Hawaiian and Other Pacific Islander",Grants,0,0
Administrative and support and waste management and remediation services,"Veteran, Native Hawaiian and Other Pacific Islander",Other source(s) of capital,63,S
Administrative and support and waste management and remediation services,"Veteran, Native Hawaiian and Other Pacific Islander",Don't know,84,S
Administrative and support and waste management and remediation services,"Veteran, Native Hawaiian and Other Pacific Islander",None needed,167,520
Administrative and support and waste management and remediation services,"Veteran, Native Hawaiian and Other Pacific Islander",Total reporting,427,91488
Administrative and support and waste management and remediation services,"Veteran, Native Hawaiian and Other Pacific Islander",Item not reported,0,0
Administrative and support and waste management and remediation services,"Veteran, some other race",All firms,7672,251100
Administrative and support and waste management and remediation services,"Veteran, some other race",Personal/family savings of owner(s),647,85991
Administrative and support and waste management and remediation services,"Veteran, some other race",Personal/family assets other than savings of owner(s),8,S
Administrative and support and waste management and remediation services,"Veteran, some other race",Personal/family home equity loan,6,S
Administrative and support and waste management and remediation services,"Veteran, some other race",Personal credit card(s) carrying balances,73,S
Administrative and support and waste management and remediation services,"Veteran, some other race",Business credit card(s) carrying balances,0,0
Administrative and support and waste management and remediation services,"Veteran, some other race","Business loan from federal, state, or local government",0,0
Administrative and support and waste management and remediation services,"Veteran, some other race",Government-guaranteed business loan from a bank or financial institution,2,S
Administrative and support and waste management and remediation services,"Veteran, some other race",Business loan from a bank or financial institution,18,S
Administrative and support and waste management and remediation services,"Veteran, some other race",Business loan/investment from family/friends,0,0
Administrative and support and waste management and remediation services,"Veteran, some other race",Investment by venture capitalist(s),0,0
Administrative and support and waste management and remediation services,"Veteran, some other race",Grants,0,0
Administrative and support and waste management and remediation services,"Veteran, some other race",Other source(s) of capital,62,S
Administrative and support and waste management and remediation services,"Veteran, some other race",Don't know,125,1355
Administrative and support and waste management and remediation services,"Veteran, some other race",None needed,438,19953
Administrative and support and waste management and remediation services,"Veteran, some other race",Total reporting,1274(r),111418(r)
Administrative and support and waste management and remediation services,"Veteran, some other race",Item not reported,123(r),S
Administrative and support and waste management and remediation services,"Veteran, minority",All firms,63037,4523809
Administrative and support and waste management and remediation services,"Veteran, minority",Personal/family savings of owner(s),10282,2445730
Administrative and support and waste management and remediation services,"Veteran, minority",Personal/family assets other than savings of owner(s),860,224580
Administrative and support and waste management and remediation services,"Veteran, minority",Personal/family home equity loan,309,S
Administrative and support and waste management and remediation services,"Veteran, minority",Personal credit card(s) carrying balances,2044,S
Administrative and support and waste management and remediation services,"Veteran, minority",Business credit card(s) carrying balances,454,31574
Administrative and support and waste management and remediation services,"Veteran, minority","Business loan from federal, state, or local government",0,0
Administrative and support and waste management and remediation services,"Veteran, minority",Government-guaranteed business loan from a bank or financial institution,91,95442
Administrative and support and waste management and remediation services,"Veteran, minority",Business loan from a bank or financial institution,597,123181
Administrative and support and waste management and remediation services,"Veteran, minority",Business loan/investment from family/friends,139,S
Administrative and support and waste management and remediation services,"Veteran, minority",Investment by venture capitalist(s),66,S
Administrative and support and waste management and remediation services,"Veteran, minority",Grants,0,0
Administrative and support and waste management and remediation services,"Veteran, minority",Other source(s) of capital,569,S
Administrative and support and waste management and remediation services,"Veteran, minority",Don't know,916,628204
Administrative and support and waste management and remediation services,"Veteran, minority",None needed,5839,107231
Administrative and support and waste management and remediation services,"Veteran, minority",Total reporting,18798(r),3497919(r)
Administrative and support and waste management and remediation services,"Veteran, minority",Item not reported,1220(r),39070(r)
Administrative and support and waste management and remediation services,"Veteran, equally minority/nonminority",All firms,140,104311
Administrative and support and waste management and remediation services,"Veteran, equally minority/nonminority",Personal/family savings of owner(s),5,S
Administrative and support and waste management and remediation services,"Veteran, equally minority/nonminority",Personal/family assets other than savings of owner(s),11,S
Administrative and support and waste management and remediation services,"Veteran, equally minority/nonminority",Personal/family home equity loan,5,S
Administrative and support and waste management and remediation services,"Veteran, equally minority/nonminority",Personal credit card(s) carrying balances,5,S
Administrative and support and waste management and remediation services,"Veteran, equally minority/nonminority",Business credit card(s) carrying balances,5,S
Administrative and support and waste management and remediation services,"Veteran, equally minority/nonminority","Business loan from federal, state, or local government",5,S
Administrative and support and waste management and remediation services,"Veteran, equally minority/nonminority",Government-guaranteed business loan from a bank or financial institution,5,S
Administrative and support and waste management and remediation services,"Veteran, equally minority/nonminority",Business loan from a bank or financial institution,5,S
Administrative and support and waste management and remediation services,"Veteran, equally minority/nonminority",Business loan/investment from family/friends,5,S
Administrative and support and waste management and remediation services,"Veteran, equally minority/nonminority",Investment by venture capitalist(s),5,S
Administrative and support and waste management and remediation services,"Veteran, equally minority/nonminority",Grants,5,S
Administrative and support and waste management and remediation services,"Veteran, equally minority/nonminority",Other source(s) of capital,11,S
Administrative and support and waste management and remediation services,"Veteran, equally minority/nonminority",Don't know,6,S
Administrative and support and waste management and remediation services,"Veteran, equally minority/nonminority",None needed,0,0
Administrative and support and waste management and remediation services,"Veteran, equally minority/nonminority",Total reporting,17,S
Administrative and support and waste management and remediation services,"Veteran, equally minority/nonminority",Item not reported,0,0
Administrative and support and waste management and remediation services,"Veteran, nonminority",All firms,137448,28488911
Administrative and support and waste management and remediation services,"Veteran, nonminority",Personal/family savings of owner(s),45237,12087794
Administrative and support and waste management and remediation services,"Veteran, nonminority",Personal/family assets other than savings of owner(s),5099,1801247
Administrative and support and waste management and remediation services,"Veteran, nonminority",Personal/family home equity loan,1782,966285
Administrative and support and waste management and remediation services,"Veteran, nonminority",Personal credit card(s) carrying balances,5679,1356616
Administrative and support and waste management and remediation services,"Veteran, nonminority",Business credit card(s) carrying balances,1913,487778
Administrative and support and waste management and remediation services,"Veteran, nonminority","Business loan from federal, state, or local government",15,S
Administrative and support and waste management and remediation services,"Veteran, nonminority",Government-guaranteed business loan from a bank or financial institution,227,229827
Administrative and support and waste management and remediation services,"Veteran, nonminority",Business loan from a bank or financial institution,3945,2093196
Administrative and support and waste management and remediation services,"Veteran, nonminority",Business loan/investment from family/friends,1330,687012
Administrative and support and waste management and remediation services,"Veteran, nonminority",Investment by venture capitalist(s),151,S
Administrative and support and waste management and remediation services,"Veteran, nonminority",Grants,2,S
Administrative and support and waste management and remediation services,"Veteran, nonminority",Other source(s) of capital,1326,433840
Administrative and support and waste management and remediation services,"Veteran, nonminority",Don't know,4444,3258802
Administrative and support and waste management and remediation services,"Veteran, nonminority",None needed,27594,1311650
Administrative and support and waste management and remediation services,"Veteran, nonminority",Total reporting,84995(r),18970063(r)
Administrative and support and waste management and remediation services,"Veteran, nonminority",Item not reported,2890(r),181271(r)
Administrative and support and waste management and remediation services,Equally veteran/nonveteran,All firms,31204,11601592
Administrative and support and waste management and remediation services,Equally veteran/nonveteran,Personal/family savings of owner(s),15680,4100115
Administrative and support and waste management and remediation services,Equally veteran/nonveteran,Personal/family assets other than savings of owner(s),2207,827206
Administrative and support and waste management and remediation services,Equally veteran/nonveteran,Personal/family home equity loan,997,629238
Administrative and support and waste management and remediation services,Equally veteran/nonveteran,Personal credit card(s) carrying balances,2638,568690
Administrative and support and waste management and remediation services,Equally veteran/nonveteran,Business credit card(s) carrying balances,947,300709
Administrative and support and waste management and remediation services,Equally veteran/nonveteran,"Business loan from federal, state, or local government",71,S
Administrative and support and waste management and remediation services,Equally veteran/nonveteran,Government-guaranteed business loan from a bank or financial institution,123,165045
Administrative and support and waste management and remediation services,Equally veteran/nonveteran,Business loan from a bank or financial institution,2026,1086229
Administrative and support and waste management and remediation services,Equally veteran/nonveteran,Business loan/investment from family/friends,386,S
Administrative and support and waste management and remediation services,Equally veteran/nonveteran,Investment by venture capitalist(s),12,67686
Administrative and support and waste management and remediation services,Equally veteran/nonveteran,Grants,11,S
Administrative and support and waste management and remediation services,Equally veteran/nonveteran,Other source(s) of capital,276,130279
Administrative and support and waste management and remediation services,Equally veteran/nonveteran,Don't know,1507,1049867
Administrative and support and waste management and remediation services,Equally veteran/nonveteran,None needed,5006,367299
Administrative and support and waste management and remediation services,Equally veteran/nonveteran,Total reporting,25067(r),6893492(r)
Administrative and support and waste management and remediation services,Equally veteran/nonveteran,Item not reported,364(r),26384(r)
Administrative and support and waste management and remediation services,"Equally veteran/nonveteran, female-owned",All firms,177,S
Administrative and support and waste management and remediation services,"Equally veteran/nonveteran, female-owned",Personal/family savings of owner(s),42,S
Administrative and support and waste management and remediation services,"Equally veteran/nonveteran, female-owned",Personal/family assets other than savings of owner(s),0,S
Administrative and support and waste management and remediation services,"Equally veteran/nonveteran, female-owned",Personal/family home equity loan,0,S
Administrative and support and waste management and remediation services,"Equally veteran/nonveteran, female-owned",Personal credit card(s) carrying balances,0,S
Administrative and support and waste management and remediation services,"Equally veteran/nonveteran, female-owned",Business credit card(s) carrying balances,0,S
Administrative and support and waste management and remediation services,"Equally veteran/nonveteran, female-owned","Business loan from federal, state, or local government",0,S
Administrative and support and waste management and remediation services,"Equally veteran/nonveteran, female-owned",Government-guaranteed business loan from a bank or financial institution,0,S
Administrative and support and waste management and remediation services,"Equally veteran/nonveteran, female-owned",Business loan from a bank or financial institution,0,S
Administrative and support and waste management and remediation services,"Equally veteran/nonveteran, female-owned",Business loan/investment from family/friends,0,S
Administrative and support and waste management and remediation services,"Equally veteran/nonveteran, female-owned",Investment by venture capitalist(s),0,S
Administrative and support and waste management and remediation services,"Equally veteran/nonveteran, female-owned",Grants,0,S
Administrative and support and waste management and remediation services,"Equally veteran/nonveteran, female-owned",Other source(s) of capital,0,S
Administrative and support and waste management and remediation services,"Equally veteran/nonveteran, female-owned",Don't know,0,S
Administrative and support and waste management and remediation services,"Equally veteran/nonveteran, female-owned",None needed,2,S
Administrative and support and waste management and remediation services,"Equally veteran/nonveteran, female-owned",Total reporting,44,S
Administrative and support and waste management and remediation services,"Equally veteran/nonveteran, female-owned",Item not reported,61,S
Administrative and support and waste management and remediation services,"Equally veteran/nonveteran, male-owned",All firms,4792,4926606
Administrative and support and waste management and remediation services,"Equally veteran/nonveteran, male-owned",Personal/family savings of owner(s),2200,1530305
Administrative and support and waste management and remediation services,"Equally veteran/nonveteran, male-owned",Personal/family assets other than savings of owner(s),364,203883
Administrative and support and waste management and remediation services,"Equally veteran/nonveteran, male-owned",Personal/family home equity loan,181,S
Administrative and support and waste management and remediation services,"Equally veteran/nonveteran, male-owned",Personal credit card(s) carrying balances,307,102638
Administrative and support and waste management and remediation services,"Equally veteran/nonveteran, male-owned",Business credit card(s) carrying balances,41,S
Administrative and support and waste management and remediation services,"Equally veteran/nonveteran, male-owned","Business loan from federal, state, or local government",2,S
Administrative and support and waste management and remediation services,"Equally veteran/nonveteran, male-owned",Government-guaranteed business loan from a bank or financial institution,47,S
Administrative and support and waste management and remediation services,"Equally veteran/nonveteran, male-owned",Business loan from a bank or financial institution,394,441398
Administrative and support and waste management and remediation services,"Equally veteran/nonveteran, male-owned",Business loan/investment from family/friends,58,S
Administrative and support and waste management and remediation services,"Equally veteran/nonveteran, male-owned",Investment by venture capitalist(s),4,38518
Administrative and support and waste management and remediation services,"Equally veteran/nonveteran, male-owned",Grants,0,0
Administrative and support and waste management and remediation services,"Equally veteran/nonveteran, male-owned",Other source(s) of capital,57,S
Administrative and support and waste management and remediation services,"Equally veteran/nonveteran, male-owned",Don't know,578,460616
Administrative and support and waste management and remediation services,"Equally veteran/nonveteran, male-owned",None needed,448,S
Administrative and support and waste management and remediation services,"Equally veteran/nonveteran, male-owned",Total reporting,3718,2815113
Administrative and support and waste management and remediation services,"Equally veteran/nonveteran, male-owned",Item not reported,0,0
Administrative and support and waste management and remediation services,"Equally veteran/nonveteran, equally male-/female-owned",All firms,26235,6548944
Administrative and support and waste management and remediation services,"Equally veteran/nonveteran, equally male-/female-owned",Personal/family savings of owner(s),13437,2535762
Administrative and support and waste management and remediation services,"Equally veteran/nonveteran, equally male-/female-owned",Personal/family assets other than savings of owner(s),1843,623323
Administrative and support and waste management and remediation services,"Equally veteran/nonveteran, equally male-/female-owned",Personal/family home equity loan,816,463117
Administrative and support and waste management and remediation services,"Equally veteran/nonveteran, equally male-/female-owned",Personal credit card(s) carrying balances,2331,466052
Administrative and support and waste management and remediation services,"Equally veteran/nonveteran, equally male-/female-owned",Business credit card(s) carrying balances,907,262403
Administrative and support and waste management and remediation services,"Equally veteran/nonveteran, equally male-/female-owned","Business loan from federal, state, or local government",68,S
Administrative and support and waste management and remediation services,"Equally veteran/nonveteran, equally male-/female-owned",Government-guaranteed business loan from a bank or financial institution,76,S
Administrative and support and waste management and remediation services,"Equally veteran/nonveteran, equally male-/female-owned",Business loan from a bank or financial institution,1632,644831
Administrative and support and waste management and remediation services,"Equally veteran/nonveteran, equally male-/female-owned",Business loan/investment from family/friends,328,180261
Administrative and support and waste management and remediation services,"Equally veteran/nonveteran, equally male-/female-owned",Investment by venture capitalist(s),8,S
Administrative and support and waste management and remediation services,"Equally veteran/nonveteran, equally male-/female-owned",Grants,11,S
Administrative and support and waste management and remediation services,"Equally veteran/nonveteran, equally male-/female-owned",Other source(s) of capital,219,104206
Administrative and support and waste management and remediation services,"Equally veteran/nonveteran, equally male-/female-owned",Don't know,929,589250
Administrative and support and waste management and remediation services,"Equally veteran/nonveteran, equally male-/female-owned",None needed,4556,210698
Administrative and support and waste management and remediation services,"Equally veteran/nonveteran, equally male-/female-owned",Total reporting,21305(r),4026518(r)
Administrative and support and waste management and remediation services,"Equally veteran/nonveteran, equally male-/female-owned",Item not reported,303(r),26138(r)
Administrative and support and waste management and remediation services,"Equally veteran/nonveteran, Hispanic",All firms,753,S
Administrative and support and waste management and remediation services,"Equally veteran/nonveteran, Hispanic",Personal/family savings of owner(s),252,S
Administrative and support and waste management and remediation services,"Equally veteran/nonveteran, Hispanic",Personal/family assets other than savings of owner(s),18,S
Administrative and support and waste management and remediation services,"Equally veteran/nonveteran, Hispanic",Personal/family home equity loan,93,S
Administrative and support and waste management and remediation services,"Equally veteran/nonveteran, Hispanic",Personal credit card(s) carrying balances,86,S
Administrative and support and waste management and remediation services,"Equally veteran/nonveteran, Hispanic",Business credit card(s) carrying balances,0,S
Administrative and support and waste management and remediation services,"Equally veteran/nonveteran, Hispanic","Business loan from federal, state, or local government",0,S
Administrative and support and waste management and remediation services,"Equally veteran/nonveteran, Hispanic",Government-guaranteed business loan from a bank or financial institution,0,S
Administrative and support and waste management and remediation services,"Equally veteran/nonveteran, Hispanic",Business loan from a bank or financial institution,0,S
Administrative and support and waste management and remediation services,"Equally veteran/nonveteran, Hispanic",Business loan/investment from family/friends,0,S
Administrative and support and waste management and remediation services,"Equally veteran/nonveteran, Hispanic",Investment by venture capitalist(s),0,S
Administrative and support and waste management and remediation services,"Equally veteran/nonveteran, Hispanic",Grants,0,S
Administrative and support and waste management and remediation services,"Equally veteran/nonveteran, Hispanic",Other source(s) of capital,16,S
Administrative and support and waste management and remediation services,"Equally veteran/nonveteran, Hispanic",Don't know,0,S
Administrative and support and waste management and remediation services,"Equally veteran/nonveteran, Hispanic",None needed,62,S
Administrative and support and waste management and remediation services,"Equally veteran/nonveteran, Hispanic",Total reporting,437,S
Administrative and support and waste management and remediation services,"Equally veteran/nonveteran, Hispanic",Item not reported,0,S
Administrative and support and waste management and remediation services,"Equally veteran/nonveteran, equally Hispanic/non-Hispanic",All firms,1561,672440
Administrative and support and waste management and remediation services,"Equally veteran/nonveteran, equally Hispanic/non-Hispanic",Personal/family savings of owner(s),888,107757
Administrative and support and waste management and remediation services,"Equally veteran/nonveteran, equally Hispanic/non-Hispanic",Personal/family assets other than savings of owner(s),94,S
Administrative and support and waste management and remediation services,"Equally veteran/nonveteran, equally Hispanic/non-Hispanic",Personal/family home equity loan,2,S
Administrative and support and waste management and remediation services,"Equally veteran/nonveteran, equally Hispanic/non-Hispanic",Personal credit card(s) carrying balances,202,S
Administrative and support and waste management and remediation services,"Equally veteran/nonveteran, equally Hispanic/non-Hispanic",Business credit card(s) carrying balances,67,S
Administrative and support and waste management and remediation services,"Equally veteran/nonveteran, equally Hispanic/non-Hispanic","Business loan from federal, state, or local government",0,0
Administrative and support and waste management and remediation services,"Equally veteran/nonveteran, equally Hispanic/non-Hispanic",Government-guaranteed business loan from a bank or financial institution,0,0
Administrative and support and waste management and remediation services,"Equally veteran/nonveteran, equally Hispanic/non-Hispanic",Business loan from a bank or financial institution,13,S
Administrative and support and waste management and remediation services,"Equally veteran/nonveteran, equally Hispanic/non-Hispanic",Business loan/investment from family/friends,2,S
Administrative and support and waste management and remediation services,"Equally veteran/nonveteran, equally Hispanic/non-Hispanic",Investment by venture capitalist(s),4,38518
Administrative and support and waste management and remediation services,"Equally veteran/nonveteran, equally Hispanic/non-Hispanic",Grants,0,0
Administrative and support and waste management and remediation services,"Equally veteran/nonveteran, equally Hispanic/non-Hispanic",Other source(s) of capital,45,S
Administrative and support and waste management and remediation services,"Equally veteran/nonveteran, equally Hispanic/non-Hispanic",Don't know,62,S
Administrative and support and waste management and remediation services,"Equally veteran/nonveteran, equally Hispanic/non-Hispanic",None needed,13,S
Administrative and support and waste management and remediation services,"Equally veteran/nonveteran, equally Hispanic/non-Hispanic",Total reporting,980,187900
Administrative and support and waste management and remediation services,"Equally veteran/nonveteran, equally Hispanic/non-Hispanic",Item not reported,2,S
Administrative and support and waste management and remediation services,"Equally veteran/nonveteran, non-Hispanic",All firms,28889,10776692
Administrative and support and waste management and remediation services,"Equally veteran/nonveteran, non-Hispanic",Personal/family savings of owner(s),14540,3960379
Administrative and support and waste management and remediation services,"Equally veteran/nonveteran, non-Hispanic",Personal/family assets other than savings of owner(s),2096,790997
Administrative and support and waste management and remediation services,"Equally veteran/nonveteran, non-Hispanic",Personal/family home equity loan,902,595263
Administrative and support and waste management and remediation services,"Equally veteran/nonveteran, non-Hispanic",Personal credit card(s) carrying balances,2350,521536
Administrative and support and waste management and remediation services,"Equally veteran/nonveteran, non-Hispanic",Business credit card(s) carrying balances,880,277284
Administrative and support and waste management and remediation services,"Equally veteran/nonveteran, non-Hispanic","Business loan from federal, state, or local government",71,S
Administrative and support and waste management and remediation services,"Equally veteran/nonveteran, non-Hispanic",Government-guaranteed business loan from a bank or financial institution,123,165045
Administrative and support and waste management and remediation services,"Equally veteran/nonveteran, non-Hispanic",Business loan from a bank or financial institution,2013,1075156
Administrative and support and waste management and remediation services,"Equally veteran/nonveteran, non-Hispanic",Business loan/investment from family/friends,384,S
Administrative and support and waste management and remediation services,"Equally veteran/nonveteran, non-Hispanic",Investment by venture capitalist(s),8,S
Administrative and support and waste management and remediation services,"Equally veteran/nonveteran, non-Hispanic",Grants,11,S
Administrative and support and waste management and remediation services,"Equally veteran/nonveteran, non-Hispanic",Other source(s) of capital,216,114308
Administrative and support and waste management and remediation services,"Equally veteran/nonveteran, non-Hispanic",Don't know,1446,1049621
Administrative and support and waste management and remediation services,"Equally veteran/nonveteran, non-Hispanic",None needed,4931,361417
Administrative and support and waste management and remediation services,"Equally veteran/nonveteran, non-Hispanic",Total reporting,23651(r),6667471(r)
Administrative and support and waste management and remediation services,"Equally veteran/nonveteran, non-Hispanic",Item not reported,362(r),25809(r)
Administrative and support and waste management and remediation services,"Equally veteran/nonveteran, White",All firms,28265,11050614
Administrative and support and waste management and remediation services,"Equally veteran/nonveteran, White",Personal/family savings of owner(s),14118,3704421
Administrative and support and waste management and remediation services,"Equally veteran/nonveteran, White",Personal/family assets other than savings of owner(s),1805,747566
Administrative and support and waste management and remediation services,"Equally veteran/nonveteran, White",Personal/family home equity loan,782,498618
Administrative and support and waste management and remediation services,"Equally veteran/nonveteran, White",Personal credit card(s) carrying balances,2150,485995
Administrative and support and waste management and remediation services,"Equally veteran/nonveteran, White",Business credit card(s) carrying balances,675,236972
Administrative and support and waste management and remediation services,"Equally veteran/nonveteran, White","Business loan from federal, state, or local government",62,S
Administrative and support and waste management and remediation services,"Equally veteran/nonveteran, White",Government-guaranteed business loan from a bank or financial institution,115,161255
Administrative and support and waste management and remediation services,"Equally veteran/nonveteran, White",Business loan from a bank or financial institution,1992,1025891
Administrative and support and waste management and remediation services,"Equally veteran/nonveteran, White",Business loan/investment from family/friends,288,S
Administrative and support and waste management and remediation services,"Equally veteran/nonveteran, White",Investment by venture capitalist(s),12,67686
Administrative and support and waste management and remediation services,"Equally veteran/nonveteran, White",Grants,11,S
Administrative and support and waste management and remediation services,"Equally veteran/nonveteran, White",Other source(s) of capital,226,104017
Administrative and support and waste management and remediation services,"Equally veteran/nonveteran, White",Don't know,1325,950470
Administrative and support and waste management and remediation services,"Equally veteran/nonveteran, White",None needed,4668,360070
Administrative and support and waste management and remediation services,"Equally veteran/nonveteran, White",Total reporting,22584(r),6242148(r)
Administrative and support and waste management and remediation services,"Equally veteran/nonveteran, White",Item not reported,305(r),26145(r)
Administrative and support and waste management and remediation services,"Equally veteran/nonveteran, Black or African American",All firms,1046,121713
Administrative and support and waste management and remediation services,"Equally veteran/nonveteran, Black or African American",Personal/family savings of owner(s),387,67091
Administrative and support and waste management and remediation services,"Equally veteran/nonveteran, Black or African American",Personal/family assets other than savings of owner(s),75,S
Administrative and support and waste management and remediation services,"Equally veteran/nonveteran, Black or African American",Personal/family home equity loan,8,S
Administrative and support and waste management and remediation services,"Equally veteran/nonveteran, Black or African American",Personal credit card(s) carrying balances,116,S
Administrative and support and waste management and remediation services,"Equally veteran/nonveteran, Black or African American",Business credit card(s) carrying balances,59,S
Administrative and support and waste management and remediation services,"Equally veteran/nonveteran, Black or African American","Business loan from federal, state, or local government",8,S
Administrative and support and waste management and remediation services,"Equally veteran/nonveteran, Black or African American",Government-guaranteed business loan from a bank or financial institution,0,0
Administrative and support and waste management and remediation services,"Equally veteran/nonveteran, Black or African American",Business loan from a bank or financial institution,8,S
Administrative and support and waste management and remediation services,"Equally veteran/nonveteran, Black or African American",Business loan/investment from family/friends,87,S
Administrative and support and waste management and remediation services,"Equally veteran/nonveteran, Black or African American",Investment by venture capitalist(s),0,0
Administrative and support and waste management and remediation services,"Equally veteran/nonveteran, Black or African American",Grants,0,0
Administrative and support and waste management and remediation services,"Equally veteran/nonveteran, Black or African American",Other source(s) of capital,8,S
Administrative and support and waste management and remediation services,"Equally veteran/nonveteran, Black or African American",Don't know,138,S
Administrative and support and waste management and remediation services,"Equally veteran/nonveteran, Black or African American",None needed,239,S
Administrative and support and waste management and remediation services,"Equally veteran/nonveteran, Black or African American",Total reporting,894(r),113061(r)
Administrative and support and waste management and remediation services,"Equally veteran/nonveteran, Black or African American",Item not reported,60(r),S
Administrative and support and waste management and remediation services,"Equally veteran/nonveteran, American Indian and Alaska Native",All firms,86,4038
Administrative and support and waste management and remediation services,"Equally veteran/nonveteran, American Indian and Alaska Native",Personal/family savings of owner(s),2,S
Administrative and support and waste management and remediation services,"Equally veteran/nonveteran, American Indian and Alaska Native",Personal/family assets other than savings of owner(s),0,0
Administrative and support and waste management and remediation services,"Equally veteran/nonveteran, American Indian and Alaska Native",Personal/family home equity loan,0,0
Administrative and support and waste management and remediation services,"Equally veteran/nonveteran, American Indian and Alaska Native",Personal credit card(s) carrying balances,2,S
Administrative and support and waste management and remediation services,"Equally veteran/nonveteran, American Indian and Alaska Native",Business credit card(s) carrying balances,0,0
Administrative and support and waste management and remediation services,"Equally veteran/nonveteran, American Indian and Alaska Native","Business loan from federal, state, or local government",0,0
Administrative and support and waste management and remediation services,"Equally veteran/nonveteran, American Indian and Alaska Native",Government-guaranteed business loan from a bank or financial institution,0,0
Administrative and support and waste management and remediation services,"Equally veteran/nonveteran, American Indian and Alaska Native",Business loan from a bank or financial institution,0,0
Administrative and support and waste management and remediation services,"Equally veteran/nonveteran, American Indian and Alaska Native",Business loan/investment from family/friends,0,0
Administrative and support and waste management and remediation services,"Equally veteran/nonveteran, American Indian and Alaska Native",Investment by venture capitalist(s),0,0
Administrative and support and waste management and remediation services,"Equally veteran/nonveteran, American Indian and Alaska Native",Grants,0,0
Administrative and support and waste management and remediation services,"Equally veteran/nonveteran, American Indian and Alaska Native",Other source(s) of capital,0,0
Administrative and support and waste management and remediation services,"Equally veteran/nonveteran, American Indian and Alaska Native",Don't know,2,S
Administrative and support and waste management and remediation services,"Equally veteran/nonveteran, American Indian and Alaska Native",None needed,62,S
Administrative and support and waste management and remediation services,"Equally veteran/nonveteran, American Indian and Alaska Native",Total reporting,66,5075
Administrative and support and waste management and remediation services,"Equally veteran/nonveteran, American Indian and Alaska Native",Item not reported,0,0
Administrative and support and waste management and remediation services,"Equally veteran/nonveteran, Asian",All firms,258,S
Administrative and support and waste management and remediation services,"Equally veteran/nonveteran, Asian",Personal/family savings of owner(s),96,S
Administrative and support and waste management and remediation services,"Equally veteran/nonveteran, Asian",Personal/family assets other than savings of owner(s),8,S
Administrative and support and waste management and remediation services,"Equally veteran/nonveteran, Asian",Personal/family home equity loan,14,S
Administrative and support and waste management and remediation services,"Equally veteran/nonveteran, Asian",Personal credit card(s) carrying balances,8,S
Administrative and support and waste management and remediation services,"Equally veteran/nonveteran, Asian",Business credit card(s) carrying balances,8,S
Administrative and support and waste management and remediation services,"Equally veteran/nonveteran, Asian","Business loan from federal, state, or local government",0,S
Administrative and support and waste management and remediation services,"Equally veteran/nonveteran, Asian",Government-guaranteed business loan from a bank or financial institution,8,S
Administrative and support and waste management and remediation services,"Equally veteran/nonveteran, Asian",Business loan from a bank or financial institution,8,S
Administrative and support and waste management and remediation services,"Equally veteran/nonveteran, Asian",Business loan/investment from family/friends,0,S
Administrative and support and waste management and remediation services,"Equally veteran/nonveteran, Asian",Investment by venture capitalist(s),0,S
Administrative and support and waste management and remediation services,"Equally veteran/nonveteran, Asian",Grants,0,S
Administrative and support and waste management and remediation services,"Equally veteran/nonveteran, Asian",Other source(s) of capital,2,S
Administrative and support and waste management and remediation services,"Equally veteran/nonveteran, Asian",Don't know,0,S
Administrative and support and waste management and remediation services,"Equally veteran/nonveteran, Asian",None needed,0,S
Administrative and support and waste management and remediation services,"Equally veteran/nonveteran, Asian",Total reporting,105,S
Administrative and support and waste management and remediation services,"Equally veteran/nonveteran, Asian",Item not reported,0,S
Administrative and support and waste management and remediation services,"Equally veteran/nonveteran, Native Hawaiian and Other Pacific Islander",All firms,1,S
Administrative and support and waste management and remediation services,"Equally veteran/nonveteran, Native Hawaiian and Other Pacific Islander",Personal/family savings of owner(s),0,S
Administrative and support and waste management and remediation services,"Equally veteran/nonveteran, Native Hawaiian and Other Pacific Islander",Personal/family assets other than savings of owner(s),0,S
Administrative and support and waste management and remediation services,"Equally veteran/nonveteran, Native Hawaiian and Other Pacific Islander",Personal/family home equity loan,0,S
Administrative and support and waste management and remediation services,"Equally veteran/nonveteran, Native Hawaiian and Other Pacific Islander",Personal credit card(s) carrying balances,0,S
Administrative and support and waste management and remediation services,"Equally veteran/nonveteran, Native Hawaiian and Other Pacific Islander",Business credit card(s) carrying balances,0,S
Administrative and support and waste management and remediation services,"Equally veteran/nonveteran, Native Hawaiian and Other Pacific Islander","Business loan from federal, state, or local government",0,S
Administrative and support and waste management and remediation services,"Equally veteran/nonveteran, Native Hawaiian and Other Pacific Islander",Government-guaranteed business loan from a bank or financial institution,0,S
Administrative and support and waste management and remediation services,"Equally veteran/nonveteran, Native Hawaiian and Other Pacific Islander",Business loan from a bank or financial institution,0,S
Administrative and support and waste management and remediation services,"Equally veteran/nonveteran, Native Hawaiian and Other Pacific Islander",Business loan/investment from family/friends,0,S
Administrative and support and waste management and remediation services,"Equally veteran/nonveteran, Native Hawaiian and Other Pacific Islander",Investment by venture capitalist(s),0,S
Administrative and support and waste management and remediation services,"Equally veteran/nonveteran, Native Hawaiian and Other Pacific Islander",Grants,0,S
Administrative and support and waste management and remediation services,"Equally veteran/nonveteran, Native Hawaiian and Other Pacific Islander",Other source(s) of capital,0,S
Administrative and support and waste management and remediation services,"Equally veteran/nonveteran, Native Hawaiian and Other Pacific Islander",Don't know,0,S
Administrative and support and waste management and remediation services,"Equally veteran/nonveteran, Native Hawaiian and Other Pacific Islander",None needed,0,S
Administrative and support and waste management and remediation services,"Equally veteran/nonveteran, Native Hawaiian and Other Pacific Islander",Total reporting,0,S
Administrative and support and waste management and remediation services,"Equally veteran/nonveteran, Native Hawaiian and Other Pacific Islander",Item not reported,0,S
Administrative and support and waste management and remediation services,"Equally veteran/nonveteran, some other race",All firms,124,S
Administrative and support and waste management and remediation services,"Equally veteran/nonveteran, some other race",Personal/family savings of owner(s),101,S
Administrative and support and waste management and remediation services,"Equally veteran/nonveteran, some other race",Personal/family assets other than savings of owner(s),40,S
Administrative and support and waste management and remediation services,"Equally veteran/nonveteran, some other race",Personal/family home equity loan,101,S
Administrative and support and waste management and remediation services,"Equally veteran/nonveteran, some other race",Personal credit card(s) carrying balances,40,S
Administrative and support and waste management and remediation services,"Equally veteran/nonveteran, some other race",Business credit card(s) carrying balances,40,S
Administrative and support and waste management and remediation services,"Equally veteran/nonveteran, some other race","Business loan from federal, state, or local government",0,S
Administrative and support and waste management and remediation services,"Equally veteran/nonveteran, some other race",Government-guaranteed business loan from a bank or financial institution,0,S
Administrative and support and waste management and remediation services,"Equally veteran/nonveteran, some other race",Business loan from a bank or financial institution,0,S
Administrative and support and waste management and remediation services,"Equally veteran/nonveteran, some other race",Business loan/investment from family/friends,0,S
Administrative and support and waste management and remediation services,"Equally veteran/nonveteran, some other race",Investment by venture capitalist(s),0,S
Administrative and support and waste management and remediation services,"Equally veteran/nonveteran, some other race",Grants,0,S
Administrative and support and waste management and remediation services,"Equally veteran/nonveteran, some other race",Other source(s) of capital,0,S
Administrative and support and waste management and remediation services,"Equally veteran/nonveteran, some other race",Don't know,0,S
Administrative and support and waste management and remediation services,"Equally veteran/nonveteran, some other race",None needed,0,S
Administrative and support and waste management and remediation services,"Equally veteran/nonveteran, some other race",Total reporting,163,S
Administrative and support and waste management and remediation services,"Equally veteran/nonveteran, some other race",Item not reported,0,S
Administrative and support and waste management and remediation services,"Equally veteran/nonveteran, minority",All firms,2504,374087
Administrative and support and waste management and remediation services,"Equally veteran/nonveteran, minority",Personal/family savings of owner(s),1065,156115
Administrative and support and waste management and remediation services,"Equally veteran/nonveteran, minority",Personal/family assets other than savings of owner(s),202,S
Administrative and support and waste management and remediation services,"Equally veteran/nonveteran, minority",Personal/family home equity loan,155,114504
Administrative and support and waste management and remediation services,"Equally veteran/nonveteran, minority",Personal credit card(s) carrying balances,464,83301
Administrative and support and waste management and remediation services,"Equally veteran/nonveteran, minority",Business credit card(s) carrying balances,168,S
Administrative and support and waste management and remediation services,"Equally veteran/nonveteran, minority","Business loan from federal, state, or local government",8,S
Administrative and support and waste management and remediation services,"Equally veteran/nonveteran, minority",Government-guaranteed business loan from a bank or financial institution,8,S
Administrative and support and waste management and remediation services,"Equally veteran/nonveteran, minority",Business loan from a bank or financial institution,16,S
Administrative and support and waste management and remediation services,"Equally veteran/nonveteran, minority",Business loan/investment from family/friends,87,S
Administrative and support and waste management and remediation services,"Equally veteran/nonveteran, minority",Investment by venture capitalist(s),0,0
Administrative and support and waste management and remediation services,"Equally veteran/nonveteran, minority",Grants,0,0
Administrative and support and waste management and remediation services,"Equally veteran/nonveteran, minority",Other source(s) of capital,65,S
Administrative and support and waste management and remediation services,"Equally veteran/nonveteran, minority",Don't know,140,S
Administrative and support and waste management and remediation services,"Equally veteran/nonveteran, minority",None needed,364,S
Administrative and support and waste management and remediation services,"Equally veteran/nonveteran, minority",Total reporting,1831(r),255421(r)
Administrative and support and waste management and remediation services,"Equally veteran/nonveteran, minority",Item not reported,60(r),S
Administrative and support and waste management and remediation services,"Equally veteran/nonveteran, equally minority/nonminority",All firms,2517,994242
Administrative and support and waste management and remediation services,"Equally veteran/nonveteran, equally minority/nonminority",Personal/family savings of owner(s),1367,387906
Administrative and support and waste management and remediation services,"Equally veteran/nonveteran, equally minority/nonminority",Personal/family assets other than savings of owner(s),249,52394
Administrative and support and waste management and remediation services,"Equally veteran/nonveteran, equally minority/nonminority",Personal/family home equity loan,92,S
Administrative and support and waste management and remediation services,"Equally veteran/nonveteran, equally minority/nonminority",Personal credit card(s) carrying balances,128,S
Administrative and support and waste management and remediation services,"Equally veteran/nonveteran, equally minority/nonminority",Business credit card(s) carrying balances,110,S
Administrative and support and waste management and remediation services,"Equally veteran/nonveteran, equally minority/nonminority","Business loan from federal, state, or local government",0,0
Administrative and support and waste management and remediation services,"Equally veteran/nonveteran, equally minority/nonminority",Government-guaranteed business loan from a bank or financial institution,0,0
Administrative and support and waste management and remediation services,"Equally veteran/nonveteran, equally minority/nonminority",Business loan from a bank or financial institution,56,80541
Administrative and support and waste management and remediation services,"Equally veteran/nonveteran, equally minority/nonminority",Business loan/investment from family/friends,34,20979
Administrative and support and waste management and remediation services,"Equally veteran/nonveteran, equally minority/nonminority",Investment by venture capitalist(s),4,38518
Administrative and support and waste management and remediation services,"Equally veteran/nonveteran, equally minority/nonminority",Grants,11,S
Administrative and support and waste management and remediation services,"Equally veteran/nonveteran, equally minority/nonminority",Other source(s) of capital,45,S
Administrative and support and waste management and remediation services,"Equally veteran/nonveteran, equally minority/nonminority",Don't know,146,S
Administrative and support and waste management and remediation services,"Equally veteran/nonveteran, equally minority/nonminority",None needed,106,9081
Administrative and support and waste management and remediation services,"Equally veteran/nonveteran, equally minority/nonminority",Total reporting,1864,661504
Administrative and support and waste management and remediation services,"Equally veteran/nonveteran, equally minority/nonminority",Item not reported,2,S
Administrative and support and waste management and remediation services,"Equally veteran/nonveteran, nonminority",All firms,26183,10233263
Administrative and support and waste management and remediation services,"Equally veteran/nonveteran, nonminority",Personal/family savings of owner(s),13247,3556094
Administrative and support and waste management and remediation services,"Equally veteran/nonveteran, nonminority",Personal/family assets other than savings of owner(s),1757,714831
Administrative and support and waste management and remediation services,"Equally veteran/nonveteran, nonminority",Personal/family home equity loan,750,469892
Administrative and support and waste management and remediation services,"Equally veteran/nonveteran, nonminority",Personal credit card(s) carrying balances,2046,440254
Administrative and support and waste management and remediation services,"Equally veteran/nonveteran, nonminority",Business credit card(s) carrying balances,669,213853
Administrative and support and waste management and remediation services,"Equally veteran/nonveteran, nonminority","Business loan from federal, state, or local government",62,S
Administrative and support and waste management and remediation services,"Equally veteran/nonveteran, nonminority",Government-guaranteed business loan from a bank or financial institution,115,161255
Administrative and support and waste management and remediation services,"Equally veteran/nonveteran, nonminority",Business loan from a bank or financial institution,1954,999102
Administrative and support and waste management and remediation services,"Equally veteran/nonveteran, nonminority",Business loan/investment from family/friends,265,S
Administrative and support and waste management and remediation services,"Equally veteran/nonveteran, nonminority",Investment by venture capitalist(s),8,S
Administrative and support and waste management and remediation services,"Equally veteran/nonveteran, nonminority",Grants,0,0
Administrative and support and waste management and remediation services,"Equally veteran/nonveteran, nonminority",Other source(s) of capital,166,S
Administrative and support and waste management and remediation services,"Equally veteran/nonveteran, nonminority",Don't know,1221,932913
Administrative and support and waste management and remediation services,"Equally veteran/nonveteran, nonminority",None needed,4536,353610
Administrative and support and waste management and remediation services,"Equally veteran/nonveteran, nonminority",Total reporting,21373(r),5976568(r)
Administrative and support and waste management and remediation services,"Equally veteran/nonveteran, nonminority",Item not reported,303(r),25571(r)
Administrative and support and waste management and remediation services,Nonveteran,All firms,2061067,373181480
Administrative and support and waste management and remediation services,Nonveteran,Personal/family savings of owner(s),533237,138134042
Administrative and support and waste management and remediation services,Nonveteran,Personal/family assets other than savings of owner(s),47104,17465337
Administrative and support and waste management and remediation services,Nonveteran,Personal/family home equity loan,21320,11687921
Administrative and support and waste management and remediation services,Nonveteran,Personal credit card(s) carrying balances,69782,14463705
Administrative and support and waste management and remediation services,Nonveteran,Business credit card(s) carrying balances,20591,6078879
Administrative and support and waste management and remediation services,Nonveteran,"Business loan from federal, state, or local government",1135,646633
Administrative and support and waste management and remediation services,Nonveteran,Government-guaranteed business loan from a bank or financial institution,3066,2279627
Administrative and support and waste management and remediation services,Nonveteran,Business loan from a bank or financial institution,38485,33003595
Administrative and support and waste management and remediation services,Nonveteran,Business loan/investment from family/friends,15646,10687787
Administrative and support and waste management and remediation services,Nonveteran,Investment by venture capitalist(s),2097,2195177
Administrative and support and waste management and remediation services,Nonveteran,Grants,1226,45671
Administrative and support and waste management and remediation services,Nonveteran,Other source(s) of capital,16075,11885137
Administrative and support and waste management and remediation services,Nonveteran,Don't know,82494,58448477
Administrative and support and waste management and remediation services,Nonveteran,None needed,386055,17534525
Administrative and support and waste management and remediation services,Nonveteran,Total reporting,1082851(r),244599170(r)
Administrative and support and waste management and remediation services,Nonveteran,Item not reported,43782(r),2542170(r)
Administrative and support and waste management and remediation services,"Nonveteran, female-owned",All firms,1033328,79000634
Administrative and support and waste management and remediation services,"Nonveteran, female-owned",Personal/family savings of owner(s),194575,32749228
Administrative and support and waste management and remediation services,"Nonveteran, female-owned",Personal/family assets other than savings of owner(s),14735,4188806
Administrative and support and waste management and remediation services,"Nonveteran, female-owned",Personal/family home equity loan,4737,2945667
Administrative and support and waste management and remediation services,"Nonveteran, female-owned",Personal credit card(s) carrying balances,22513,3378377
Administrative and support and waste management and remediation services,"Nonveteran, female-owned",Business credit card(s) carrying balances,5770,1896321
Administrative and support and waste management and remediation services,"Nonveteran, female-owned","Business loan from federal, state, or local government",530,99217
Administrative and support and waste management and remediation services,"Nonveteran, female-owned",Government-guaranteed business loan from a bank or financial institution,713,595714
Administrative and support and waste management and remediation services,"Nonveteran, female-owned",Business loan from a bank or financial institution,6481,5632291
Administrative and support and waste management and remediation services,"Nonveteran, female-owned",Business loan/investment from family/friends,3401,1177034
Administrative and support and waste management and remediation services,"Nonveteran, female-owned",Investment by venture capitalist(s),538,57423
Administrative and support and waste management and remediation services,"Nonveteran, female-owned",Grants,349,13939
Administrative and support and waste management and remediation services,"Nonveteran, female-owned",Other source(s) of capital,5457,1002482
Administrative and support and waste management and remediation services,"Nonveteran, female-owned",Don't know,30142,9019394
Administrative and support and waste management and remediation services,"Nonveteran, female-owned",None needed,245612,5413798
Administrative and support and waste management and remediation services,"Nonveteran, female-owned",Total reporting,494241(r),52264571(r)
Administrative and support and waste management and remediation services,"Nonveteran, female-owned",Item not reported,25384(r),711727(r)
Administrative and support and waste management and remediation services,"Nonveteran, male-owned",All firms,909457,261994716
Administrative and support and waste management and remediation services,"Nonveteran, male-owned",Personal/family savings of owner(s),283448,92999696
Administrative and support and waste management and remediation services,"Nonveteran, male-owned",Personal/family assets other than savings of owner(s),25198,11608039
Administrative and support and waste management and remediation services,"Nonveteran, male-owned",Personal/family home equity loan,11670,7437924
Administrative and support and waste management and remediation services,"Nonveteran, male-owned",Personal credit card(s) carrying balances,38133,9310600
Administrative and support and waste management and remediation services,"Nonveteran, male-owned",Business credit card(s) carrying balances,11636,3316675
Administrative and support and waste management and remediation services,"Nonveteran, male-owned","Business loan from federal, state, or local government",564,S
Administrative and support and waste management and remediation services,"Nonveteran, male-owned",Government-guaranteed business loan from a bank or financial institution,1855,1485018
Administrative and support and waste management and remediation services,"Nonveteran, male-owned",Business loan from a bank or financial institution,25346,25126982
Administrative and support and waste management and remediation services,"Nonveteran, male-owned",Business loan/investment from family/friends,9685,8870000
Administrative and support and waste management and remediation services,"Nonveteran, male-owned",Investment by venture capitalist(s),1375,2035632
Administrative and support and waste management and remediation services,"Nonveteran, male-owned",Grants,728,22621
Administrative and support and waste management and remediation services,"Nonveteran, male-owned",Other source(s) of capital,8893,10189675
Administrative and support and waste management and remediation services,"Nonveteran, male-owned",Don't know,47509,43501525
Administrative and support and waste management and remediation services,"Nonveteran, male-owned",None needed,125158,10973531
Administrative and support and waste management and remediation services,"Nonveteran, male-owned",Total reporting,501701(r),170355442(r)
Administrative and support and waste management and remediation services,"Nonveteran, male-owned",Item not reported,17013(r),1686188(r)
Administrative and support and waste management and remediation services,"Nonveteran, equally male-/female-owned",All firms,118282,32186130
Administrative and support and waste management and remediation services,"Nonveteran, equally male-/female-owned",Personal/family savings of owner(s),55214,12385118
Administrative and support and waste management and remediation services,"Nonveteran, equally male-/female-owned",Personal/family assets other than savings of owner(s),7171,1668491
Administrative and support and waste management and remediation services,"Nonveteran, equally male-/female-owned",Personal/family home equity loan,4913,1304330
Administrative and support and waste management and remediation services,"Nonveteran, equally male-/female-owned",Personal credit card(s) carrying balances,9136,1774727
Administrative and support and waste management and remediation services,"Nonveteran, equally male-/female-owned",Business credit card(s) carrying balances,3185,865882
Administrative and support and waste management and remediation services,"Nonveteran, equally male-/female-owned","Business loan from federal, state, or local government",41,S
Administrative and support and waste management and remediation services,"Nonveteran, equally male-/female-owned",Government-guaranteed business loan from a bank or financial institution,498,S
Administrative and support and waste management and remediation services,"Nonveteran, equally male-/female-owned",Business loan from a bank or financial institution,6658,2244321
Administrative and support and waste management and remediation services,"Nonveteran, equally male-/female-owned",Business loan/investment from family/friends,2559,640753
Administrative and support and waste management and remediation services,"Nonveteran, equally male-/female-owned",Investment by venture capitalist(s),184,S
Administrative and support and waste management and remediation services,"Nonveteran, equally male-/female-owned",Grants,149,S
Administrative and support and waste management and remediation services,"Nonveteran, equally male-/female-owned",Other source(s) of capital,1724,692980
Administrative and support and waste management and remediation services,"Nonveteran, equally male-/female-owned",Don't know,4843,5927557
Administrative and support and waste management and remediation services,"Nonveteran, equally male-/female-owned",None needed,15285,1147196
Administrative and support and waste management and remediation services,"Nonveteran, equally male-/female-owned",Total reporting,86909(r),21979156(r)
Administrative and support and waste management and remediation services,"Nonveteran, equally male-/female-owned",Item not reported,1386(r),S
Administrative and support and waste management and remediation services,"Nonveteran, Hispanic",All firms,504694,24545863
Administrative and support and waste management and remediation services,"Nonveteran, Hispanic",Personal/family savings of owner(s),76992,6991335
Administrative and support and waste management and remediation services,"Nonveteran, Hispanic",Personal/family assets other than savings of owner(s),4790,919431
Administrative and support and waste management and remediation services,"Nonveteran, Hispanic",Personal/family home equity loan,2284,442396
Administrative and support and waste management and remediation services,"Nonveteran, Hispanic",Personal credit card(s) carrying balances,8402,976464
Administrative and support and waste management and remediation services,"Nonveteran, Hispanic",Business credit card(s) carrying balances,1809,240962
Administrative and support and waste management and remediation services,"Nonveteran, Hispanic","Business loan from federal, state, or local government",132,S
Administrative and support and waste management and remediation services,"Nonveteran, Hispanic",Government-guaranteed business loan from a bank or financial institution,278,37593
Administrative and support and waste management and remediation services,"Nonveteran, Hispanic",Business loan from a bank or financial institution,2845,789464
Administrative and support and waste management and remediation services,"Nonveteran, Hispanic",Business loan/investment from family/friends,1495,161253
Administrative and support and waste management and remediation services,"Nonveteran, Hispanic",Investment by venture capitalist(s),496,16919
Administrative and support and waste management and remediation services,"Nonveteran, Hispanic",Grants,312,S
Administrative and support and waste management and remediation services,"Nonveteran, Hispanic",Other source(s) of capital,2741,450388
Administrative and support and waste management and remediation services,"Nonveteran, Hispanic",Don't know,13917,2082140
Administrative and support and waste management and remediation services,"Nonveteran, Hispanic",None needed,55996,1471612
Administrative and support and waste management and remediation services,"Nonveteran, Hispanic",Total reporting,156878(r),11617580(r)
Administrative and support and waste management and remediation services,"Nonveteran, Hispanic",Item not reported,10767(r),251631(r)
Administrative and support and waste management and remediation services,"Nonveteran, equally Hispanic/non-Hispanic",All firms,7761,2051263
Administrative and support and waste management and remediation services,"Nonveteran, equally Hispanic/non-Hispanic",Personal/family savings of owner(s),3760,967280
Administrative and support and waste management and remediation services,"Nonveteran, equally Hispanic/non-Hispanic",Personal/family assets other than savings of owner(s),829,S
Administrative and support and waste management and remediation services,"Nonveteran, equally Hispanic/non-Hispanic",Personal/family home equity loan,285,S
Administrative and support and waste management and remediation services,"Nonveteran, equally Hispanic/non-Hispanic",Personal credit card(s) carrying balances,1060,150047
Administrative and support and waste management and remediation services,"Nonveteran, equally Hispanic/non-Hispanic",Business credit card(s) carrying balances,478,S
Administrative and support and waste management and remediation services,"Nonveteran, equally Hispanic/non-Hispanic","Business loan from federal, state, or local government",0,0
Administrative and support and waste management and remediation services,"Nonveteran, equally Hispanic/non-Hispanic",Government-guaranteed business loan from a bank or financial institution,16,S
Administrative and support and waste management and remediation services,"Nonveteran, equally Hispanic/non-Hispanic",Business loan from a bank or financial institution,378,S
Administrative and support and waste management and remediation services,"Nonveteran, equally Hispanic/non-Hispanic",Business loan/investment from family/friends,333,S
Administrative and support and waste management and remediation services,"Nonveteran, equally Hispanic/non-Hispanic",Investment by venture capitalist(s),0,0
Administrative and support and waste management and remediation services,"Nonveteran, equally Hispanic/non-Hispanic",Grants,0,0
Administrative and support and waste management and remediation services,"Nonveteran, equally Hispanic/non-Hispanic",Other source(s) of capital,116,S
Administrative and support and waste management and remediation services,"Nonveteran, equally Hispanic/non-Hispanic",Don't know,154,78800
Administrative and support and waste management and remediation services,"Nonveteran, equally Hispanic/non-Hispanic",None needed,918,33337
Administrative and support and waste management and remediation services,"Nonveteran, equally Hispanic/non-Hispanic",Total reporting,5691,1196949
Administrative and support and waste management and remediation services,"Nonveteran, equally Hispanic/non-Hispanic",Item not reported,2,S
Administrative and support and waste management and remediation services,"Nonveteran, non-Hispanic",All firms,1548611,346584354
Administrative and support and waste management and remediation services,"Nonveteran, non-Hispanic",Personal/family savings of owner(s),452485,130175427
Administrative and support and waste management and remediation services,"Nonveteran, non-Hispanic",Personal/family assets other than savings of owner(s),41486,16294508
Administrative and support and waste management and remediation services,"Nonveteran, non-Hispanic",Personal/family home equity loan,18752,11060488
Administrative and support and waste management and remediation services,"Nonveteran, non-Hispanic",Personal credit card(s) carrying balances,60320,13337193
Administrative and support and waste management and remediation services,"Nonveteran, non-Hispanic",Business credit card(s) carrying balances,18303,5669176
Administrative and support and waste management and remediation services,"Nonveteran, non-Hispanic","Business loan from federal, state, or local government",1003,646016
Administrative and support and waste management and remediation services,"Nonveteran, non-Hispanic",Government-guaranteed business loan from a bank or financial institution,2773,2239878
Administrative and support and waste management and remediation services,"Nonveteran, non-Hispanic",Business loan from a bank or financial institution,35262,32026301
Administrative and support and waste management and remediation services,"Nonveteran, non-Hispanic",Business loan/investment from family/friends,13817,10442953
Administrative and support and waste management and remediation services,"Nonveteran, non-Hispanic",Investment by venture capitalist(s),1601,2178258
Administrative and support and waste management and remediation services,"Nonveteran, non-Hispanic",Grants,914,34314
Administrative and support and waste management and remediation services,"Nonveteran, non-Hispanic",Other source(s) of capital,13217,11415898
Administrative and support and waste management and remediation services,"Nonveteran, non-Hispanic",Don't know,68423,56287536
Administrative and support and waste management and remediation services,"Nonveteran, non-Hispanic",None needed,329140,16029575
Administrative and support and waste management and remediation services,"Nonveteran, non-Hispanic",Total reporting,920282(r),231784642(r)
Administrative and support and waste management and remediation services,"Nonveteran, non-Hispanic",Item not reported,33014(r),2281774(r)
Administrative and support and waste management and remediation services,"Nonveteran, White",All firms,1532430,338174456
Administrative and support and waste management and remediation services,"Nonveteran, White",Personal/family savings of owner(s),444479,125397627
Administrative and support and waste management and remediation services,"Nonveteran, White",Personal/family assets other than savings of owner(s),40671,16374470
Administrative and support and waste management and remediation services,"Nonveteran, White",Personal/family home equity loan,17867,10710483
Administrative and support and waste management and remediation services,"Nonveteran, White",Personal credit card(s) carrying balances,59081,13183439
Administrative and support and waste management and remediation services,"Nonveteran, White",Business credit card(s) carrying balances,17819,5307957
Administrative and support and waste management and remediation services,"Nonveteran, White","Business loan from federal, state, or local government",1001,618162
Administrative and support and waste management and remediation services,"Nonveteran, White",Government-guaranteed business loan from a bank or financial institution,2527,1916217
Administrative and support and waste management and remediation services,"Nonveteran, White",Business loan from a bank or financial institution,35569,31119632
Administrative and support and waste management and remediation services,"Nonveteran, White",Business loan/investment from family/friends,13672,9844542
Administrative and support and waste management and remediation services,"Nonveteran, White",Investment by venture capitalist(s),1950,2087965
Administrative and support and waste management and remediation services,"Nonveteran, White",Grants,844,40031
Administrative and support and waste management and remediation services,"Nonveteran, White",Other source(s) of capital,12788,11331389
Administrative and support and waste management and remediation services,"Nonveteran, White",Don't know,66257,54876813
Administrative and support and waste management and remediation services,"Nonveteran, White",None needed,333123,15800291
Administrative and support and waste management and remediation services,"Nonveteran, White",Total reporting,913145(r),224542672(r)
Administrative and support and waste management and remediation services,"Nonveteran, White",Item not reported,31492(r),2269685(r)
Administrative and support and waste management and remediation services,"Nonveteran, Black or African American",All firms,258224,10569753
Administrative and support and waste management and remediation services,"Nonveteran, Black or African American",Personal/family savings of owner(s),38508,3003116
Administrative and support and waste management and remediation services,"Nonveteran, Black or African American",Personal/family assets other than savings of owner(s),2816,270229
Administrative and support and waste management and remediation services,"Nonveteran, Black or African American",Personal/family home equity loan,1060,207561
Administrative and support and waste management and remediation services,"Nonveteran, Black or African American",Personal credit card(s) carrying balances,4594,455564
Administrative and support and waste management and remediation services,"Nonveteran, Black or African American",Business credit card(s) carrying balances,1061,144479
Administrative and support and waste management and remediation services,"Nonveteran, Black or African American","Business loan from federal, state, or local government",71,S
Administrative and support and waste management and remediation services,"Nonveteran, Black or African American",Government-guaranteed business loan from a bank or financial institution,228,120651
Administrative and support and waste management and remediation services,"Nonveteran, Black or African American",Business loan from a bank or financial institution,1006,826831
Administrative and support and waste management and remediation services,"Nonveteran, Black or African American",Business loan/investment from family/friends,482,40673
Administrative and support and waste management and remediation services,"Nonveteran, Black or African American",Investment by venture capitalist(s),7,S
Administrative and support and waste management and remediation services,"Nonveteran, Black or African American",Grants,197,S
Administrative and support and waste management and remediation services,"Nonveteran, Black or African American",Other source(s) of capital,1870,168232
Administrative and support and waste management and remediation services,"Nonveteran, Black or African American",Don't know,6083,783213
Administrative and support and waste management and remediation services,"Nonveteran, Black or African American",None needed,23498,772326
Administrative and support and waste management and remediation services,"Nonveteran, Black or African American",Total reporting,73495(r),5328818(r)
Administrative and support and waste management and remediation services,"Nonveteran, Black or African American",Item not reported,5710(r),96220(r)
Administrative and support and waste management and remediation services,"Nonveteran, American Indian and Alaska Native",All firms,25710,2284924
Administrative and support and waste management and remediation services,"Nonveteran, American Indian and Alaska Native",Personal/family savings of owner(s),4699,1195061
Administrative and support and waste management and remediation services,"Nonveteran, American Indian and Alaska Native",Personal/family assets other than savings of owner(s),609,56094
Administrative and support and waste management and remediation services,"Nonveteran, American Indian and Alaska Native",Personal/family home equity loan,289,S
Administrative and support and waste management and remediation services,"Nonveteran, American Indian and Alaska Native",Personal credit card(s) carrying balances,554,114764
Administrative and support and waste management and remediation services,"Nonveteran, American Indian and Alaska Native",Business credit card(s) carrying balances,151,S
Administrative and support and waste management and remediation services,"Nonveteran, American Indian and Alaska Native","Business loan from federal, state, or local government",4,7269
Administrative and support and waste management and remediation services,"Nonveteran, American Indian and Alaska Native",Government-guaranteed business loan from a bank or financial institution,62,S
Administrative and support and waste management and remediation services,"Nonveteran, American Indian and Alaska Native",Business loan from a bank or financial institution,483,108955
Administrative and support and waste management and remediation services,"Nonveteran, American Indian and Alaska Native",Business loan/investment from family/friends,71,S
Administrative and support and waste management and remediation services,"Nonveteran, American Indian and Alaska Native",Investment by venture capitalist(s),5,S
Administrative and support and waste management and remediation services,"Nonveteran, American Indian and Alaska Native",Grants,11,S
Administrative and support and waste management and remediation services,"Nonveteran, American Indian and Alaska Native",Other source(s) of capital,215,S
Administrative and support and waste management and remediation services,"Nonveteran, American Indian and Alaska Native",Don't know,643,111001
Administrative and support and waste management and remediation services,"Nonveteran, American Indian and Alaska Native",None needed,3282,91835
Administrative and support and waste management and remediation services,"Nonveteran, American Indian and Alaska Native",Total reporting,9435(r),1491532(r)
Administrative and support and waste management and remediation services,"Nonveteran, American Indian and Alaska Native",Item not reported,931(r),10197(r)
Administrative and support and waste management and remediation services,"Nonveteran, Asian",All firms,82886,14716969
Administrative and support and waste management and remediation services,"Nonveteran, Asian",Personal/family savings of owner(s),22582,6753595
Administrative and support and waste management and remediation services,"Nonveteran, Asian",Personal/family assets other than savings of owner(s),1816,474429
Administrative and support and waste management and remediation services,"Nonveteran, Asian",Personal/family home equity loan,1093,556511
Administrative and support and waste management and remediation services,"Nonveteran, Asian",Personal credit card(s) carrying balances,2744,586554
Administrative and support and waste management and remediation services,"Nonveteran, Asian",Business credit card(s) carrying balances,875,391187
Administrative and support and waste management and remediation services,"Nonveteran, Asian","Business loan from federal, state, or local government",0,0
Administrative and support and waste management and remediation services,"Nonveteran, Asian",Government-guaranteed business loan from a bank or financial institution,75,S
Administrative and support and waste management and remediation services,"Nonveteran, Asian",Business loan from a bank or financial institution,766,670560
Administrative and support and waste management and remediation services,"Nonveteran, Asian",Business loan/investment from family/friends,559,317597
Administrative and support and waste management and remediation services,"Nonveteran, Asian",Investment by venture capitalist(s),77,S
Administrative and support and waste management and remediation services,"Nonveteran, Asian",Grants,46,S
Administrative and support and waste management and remediation services,"Nonveteran, Asian",Other source(s) of capital,736,267477
Administrative and support and waste management and remediation services,"Nonveteran, Asian",Don't know,4852,1924389
Administrative and support and waste management and remediation services,"Nonveteran, Asian",None needed,13063,391631
Administrative and support and waste management and remediation services,"Nonveteran, Asian",Total reporting,43154(r),9729916(r)
Administrative and support and waste management and remediation services,"Nonveteran, Asian",Item not reported,2517(r),S
Administrative and support and waste management and remediation services,"Nonveteran, Native Hawaiian and Other Pacific Islander",All firms,5515,292210
Administrative and support and waste management and remediation services,"Nonveteran, Native Hawaiian and Other Pacific Islander",Personal/family savings of owner(s),1336,139253
Administrative and support and waste management and remediation services,"Nonveteran, Native Hawaiian and Other Pacific Islander",Personal/family assets other than savings of owner(s),101,S
Administrative and support and waste management and remediation services,"Nonveteran, Native Hawaiian and Other Pacific Islander",Personal/family home equity loan,10,S
Administrative and support and waste management and remediation services,"Nonveteran, Native Hawaiian and Other Pacific Islander",Personal credit card(s) carrying balances,300,39879
Administrative and support and waste management and remediation services,"Nonveteran, Native Hawaiian and Other Pacific Islander",Business credit card(s) carrying balances,126,S
Administrative and support and waste management and remediation services,"Nonveteran, Native Hawaiian and Other Pacific Islander","Business loan from federal, state, or local government",0,0
Administrative and support and waste management and remediation services,"Nonveteran, Native Hawaiian and Other Pacific Islander",Government-guaranteed business loan from a bank or financial institution,2,S
Administrative and support and waste management and remediation services,"Nonveteran, Native Hawaiian and Other Pacific Islander",Business loan from a bank or financial institution,68,S
Administrative and support and waste management and remediation services,"Nonveteran, Native Hawaiian and Other Pacific Islander",Business loan/investment from family/friends,66,S
Administrative and support and waste management and remediation services,"Nonveteran, Native Hawaiian and Other Pacific Islander",Investment by venture capitalist(s),64,S
Administrative and support and waste management and remediation services,"Nonveteran, Native Hawaiian and Other Pacific Islander",Grants,0,0
Administrative and support and waste management and remediation services,"Nonveteran, Native Hawaiian and Other Pacific Islander",Other source(s) of capital,16,S
Administrative and support and waste management and remediation services,"Nonveteran, Native Hawaiian and Other Pacific Islander",Don't know,134,S
Administrative and support and waste management and remediation services,"Nonveteran, Native Hawaiian and Other Pacific Islander",None needed,725,9490
Administrative and support and waste management and remediation services,"Nonveteran, Native Hawaiian and Other Pacific Islander",Total reporting,2340,225404
Administrative and support and waste management and remediation services,"Nonveteran, Native Hawaiian and Other Pacific Islander",Item not reported,198,3737
Administrative and support and waste management and remediation services,"Nonveteran, some other race",All firms,200191,7837289
Administrative and support and waste management and remediation services,"Nonveteran, some other race",Personal/family savings of owner(s),25777,2263756
Administrative and support and waste management and remediation services,"Nonveteran, some other race",Personal/family assets other than savings of owner(s),1938,271861
Administrative and support and waste management and remediation services,"Nonveteran, some other race",Personal/family home equity loan,1066,109020
Administrative and support and waste management and remediation services,"Nonveteran, some other race",Personal credit card(s) carrying balances,2661,247117
Administrative and support and waste management and remediation services,"Nonveteran, some other race",Business credit card(s) carrying balances,657,62251
Administrative and support and waste management and remediation services,"Nonveteran, some other race","Business loan from federal, state, or local government",61,S
Administrative and support and waste management and remediation services,"Nonveteran, some other race",Government-guaranteed business loan from a bank or financial institution,185,S
Administrative and support and waste management and remediation services,"Nonveteran, some other race",Business loan from a bank or financial institution,1089,331152
Administrative and support and waste management and remediation services,"Nonveteran, some other race",Business loan/investment from family/friends,777,61829
Administrative and support and waste management and remediation services,"Nonveteran, some other race",Investment by venture capitalist(s),123,S
Administrative and support and waste management and remediation services,"Nonveteran, some other race",Grants,123,S
Administrative and support and waste management and remediation services,"Nonveteran, some other race",Other source(s) of capital,766,S
Administrative and support and waste management and remediation services,"Nonveteran, some other race",Don't know,6078,648249
Administrative and support and waste management and remediation services,"Nonveteran, some other race",None needed,19147,746642
Administrative and support and waste management and remediation services,"Nonveteran, some other race",Total reporting,54736(r),4050710(r)
Administrative and support and waste management and remediation services,"Nonveteran, some other race",Item not reported,4457(r),69488(r)
Administrative and support and waste management and remediation services,"Nonveteran, minority",All firms,854921,52385374
Administrative and support and waste management and remediation services,"Nonveteran, minority",Personal/family savings of owner(s),142287,17780415
Administrative and support and waste management and remediation services,"Nonveteran, minority",Personal/family assets other than savings of owner(s),9991,1736179
Administrative and support and waste management and remediation services,"Nonveteran, minority",Personal/family home equity loan,4607,1392735
Administrative and support and waste management and remediation services,"Nonveteran, minority",Personal credit card(s) carrying balances,16372,2197127
Administrative and support and waste management and remediation services,"Nonveteran, minority",Business credit card(s) carrying balances,3966,1056625
Administrative and support and waste management and remediation services,"Nonveteran, minority","Business loan from federal, state, or local government",207,S
Administrative and support and waste management and remediation services,"Nonveteran, minority",Government-guaranteed business loan from a bank or financial institution,641,425284
Administrative and support and waste management and remediation services,"Nonveteran, minority",Business loan from a bank or financial institution,5112,2402651
Administrative and support and waste management and remediation services,"Nonveteran, minority",Business loan/investment from family/friends,2676,964996
Administrative and support and waste management and remediation services,"Nonveteran, minority",Investment by venture capitalist(s),585,S
Administrative and support and waste management and remediation services,"Nonveteran, minority",Grants,571,15889
Administrative and support and waste management and remediation services,"Nonveteran, minority",Other source(s) of capital,5318,895836
Administrative and support and waste management and remediation services,"Nonveteran, minority",Don't know,25399,5179934
Administrative and support and waste management and remediation services,"Nonveteran, minority",None needed,95216,2873489
Administrative and support and waste management and remediation services,"Nonveteran, minority",Total reporting,281179(r),28481135(r)
Administrative and support and waste management and remediation services,"Nonveteran, minority",Item not reported,19001(r),420331(r)
Administrative and support and waste management and remediation services,"Nonveteran, equally minority/nonminority",All firms,11575,3251890
Administrative and support and waste management and remediation services,"Nonveteran, equally minority/nonminority",Personal/family savings of owner(s),5751,1259911
Administrative and support and waste management and remediation services,"Nonveteran, equally minority/nonminority",Personal/family assets other than savings of owner(s),925,345163
Administrative and support and waste management and remediation services,"Nonveteran, equally minority/nonminority",Personal/family home equity loan,393,S
Administrative and support and waste management and remediation services,"Nonveteran, equally minority/nonminority",Personal credit card(s) carrying balances,1403,157854
Administrative and support and waste management and remediation services,"Nonveteran, equally minority/nonminority",Business credit card(s) carrying balances,464,S
Administrative and support and waste management and remediation services,"Nonveteran, equally minority/nonminority","Business loan from federal, state, or local government",0,0
Administrative and support and waste management and remediation services,"Nonveteran, equally minority/nonminority",Government-guaranteed business loan from a bank or financial institution,34,19999
Administrative and support and waste management and remediation services,"Nonveteran, equally minority/nonminority",Business loan from a bank or financial institution,635,382076
Administrative and support and waste management and remediation services,"Nonveteran, equally minority/nonminority",Business loan/investment from family/friends,422,122734
Administrative and support and waste management and remediation services,"Nonveteran, equally minority/nonminority",Investment by venture capitalist(s),2,S
Administrative and support and waste management and remediation services,"Nonveteran, equally minority/nonminority",Grants,2,S
Administrative and support and waste management and remediation services,"Nonveteran, equally minority/nonminority",Other source(s) of capital,239,50385
Administrative and support and waste management and remediation services,"Nonveteran, equally minority/nonminority",Don't know,410,155453
Administrative and support and waste management and remediation services,"Nonveteran, equally minority/nonminority",None needed,1300,66750
Administrative and support and waste management and remediation services,"Nonveteran, equally minority/nonminority",Total reporting,8776,1729254
Administrative and support and waste management and remediation services,"Nonveteran, equally minority/nonminority",Item not reported,15,S
Administrative and support and waste management and remediation services,"Nonveteran, nonminority",All firms,1194570,317544216
Administrative and support and waste management and remediation services,"Nonveteran, nonminority",Personal/family savings of owner(s),385200,119093716
Administrative and support and waste management and remediation services,"Nonveteran, nonminority",Personal/family assets other than savings of owner(s),36189,15383994
Administrative and support and waste management and remediation services,"Nonveteran, nonminority",Personal/family home equity loan,16321,10087907
Administrative and support and waste management and remediation services,"Nonveteran, nonminority",Personal credit card(s) carrying balances,52008,12108724
Administrative and support and waste management and remediation services,"Nonveteran, nonminority",Business credit card(s) carrying balances,16161,4862404
Administrative and support and waste management and remediation services,"Nonveteran, nonminority","Business loan from federal, state, or local government",929,613662
Administrative and support and waste management and remediation services,"Nonveteran, nonminority",Government-guaranteed business loan from a bank or financial institution,2392,1834345
Administrative and support and waste management and remediation services,"Nonveteran, nonminority",Business loan from a bank or financial institution,32738,30218868
Administrative and support and waste management and remediation services,"Nonveteran, nonminority",Business loan/investment from family/friends,12547,9600056
Administrative and support and waste management and remediation services,"Nonveteran, nonminority",Investment by venture capitalist(s),1510,2065043
Administrative and support and waste management and remediation services,"Nonveteran, nonminority",Grants,653,28169
Administrative and support and waste management and remediation services,"Nonveteran, nonminority",Other source(s) of capital,10517,10938916
Administrative and support and waste management and remediation services,"Nonveteran, nonminority",Don't know,56685,53113091
Administrative and support and waste management and remediation services,"Nonveteran, nonminority",None needed,289538,14594286
Administrative and support and waste management and remediation services,"Nonveteran, nonminority",Total reporting,792896(r),214388780(r)
Administrative and support and waste management and remediation services,"Nonveteran, nonminority",Item not reported,24766(r),2098495(r)
Administrative and support and waste management and remediation services,"All firms classifiable by gender, ethnicity, race, and veteran status",All firms,2292895,417900103
Administrative and support and waste management and remediation services,"All firms classifiable by gender, ethnicity, race, and veteran status",Personal/family savings of owner(s),604441,156769179
Administrative and support and waste management and remediation services,"All firms classifiable by gender, ethnicity, race, and veteran status",Personal/family assets other than savings of owner(s),55281,20319896
Administrative and support and waste management and remediation services,"All firms classifiable by gender, ethnicity, race, and veteran status",Personal/family home equity loan,24414,13592978
Administrative and support and waste management and remediation services,"All firms classifiable by gender, ethnicity, race, and veteran status",Personal credit card(s) carrying balances,80148,16731071
Administrative and support and waste management and remediation services,"All firms classifiable by gender, ethnicity, race, and veteran status",Business credit card(s) carrying balances,23910,6900438
Administrative and support and waste management and remediation services,"All firms classifiable by gender, ethnicity, race, and veteran status","Business loan from federal, state, or local government",1226,709830
Administrative and support and waste management and remediation services,"All firms classifiable by gender, ethnicity, race, and veteran status",Government-guaranteed business loan from a bank or financial institution,3512,2771439
Administrative and support and waste management and remediation services,"All firms classifiable by gender, ethnicity, race, and veteran status",Business loan from a bank or financial institution,45058,36307699
Administrative and support and waste management and remediation services,"All firms classifiable by gender, ethnicity, race, and veteran status",Business loan/investment from family/friends,17506,12030318
Administrative and support and waste management and remediation services,"All firms classifiable by gender, ethnicity, race, and veteran status",Investment by venture capitalist(s),2331,2515406
Administrative and support and waste management and remediation services,"All firms classifiable by gender, ethnicity, race, and veteran status",Grants,1244,57110
Administrative and support and waste management and remediation services,"All firms classifiable by gender, ethnicity, race, and veteran status",Other source(s) of capital,18257,12711422
Administrative and support and waste management and remediation services,"All firms classifiable by gender, ethnicity, race, and veteran status",Don't know,89366,63398610
Administrative and support and waste management and remediation services,"All firms classifiable by gender, ethnicity, race, and veteran status",None needed,424493,19320706
Administrative and support and waste management and remediation services,"All firms classifiable by gender, ethnicity, race, and veteran status",Total reporting,1211728(r),273975432(r)
Administrative and support and waste management and remediation services,"All firms classifiable by gender, ethnicity, race, and veteran status",Item not reported,48257(r),2788895(r)
Administrative and support and waste management and remediation services,"Publicly held and other firms not classifiable by gender, ethnicity, race, and veteran status",All firms,18915,322747585
Administrative and support and waste management and remediation services,"Publicly held and other firms not classifiable by gender, ethnicity, race, and veteran status",Personal/family savings of owner(s),901,198332
Administrative and support and waste management and remediation services,"Publicly held and other firms not classifiable by gender, ethnicity, race, and veteran status",Personal/family assets other than savings of owner(s),66,S
Administrative and support and waste management and remediation services,"Publicly held and other firms not classifiable by gender, ethnicity, race, and veteran status",Personal/family home equity loan,0,0
Administrative and support and waste management and remediation services,"Publicly held and other firms not classifiable by gender, ethnicity, race, and veteran status",Personal credit card(s) carrying balances,132,S
Administrative and support and waste management and remediation services,"Publicly held and other firms not classifiable by gender, ethnicity, race, and veteran status",Business credit card(s) carrying balances,63,S
Administrative and support and waste management and remediation services,"Publicly held and other firms not classifiable by gender, ethnicity, race, and veteran status","Business loan from federal, state, or local government",0,0
Administrative and support and waste management and remediation services,"Publicly held and other firms not classifiable by gender, ethnicity, race, and veteran status",Government-guaranteed business loan from a bank or financial institution,0,0
Administrative and support and waste management and remediation services,"Publicly held and other firms not classifiable by gender, ethnicity, race, and veteran status",Business loan from a bank or financial institution,135,697925
Administrative and support and waste management and remediation services,"Publicly held and other firms not classifiable by gender, ethnicity, race, and veteran status",Business loan/investment from family/friends,64,S
Administrative and support and waste management and remediation services,"Publicly held and other firms not classifiable by gender, ethnicity, race, and veteran status",Investment by venture capitalist(s),12,684443
Administrative and support and waste management and remediation services,"Publicly held and other firms not classifiable by gender, ethnicity, race, and veteran status",Grants,0,0
Administrative and support and waste management and remediation services,"Publicly held and other firms not classifiable by gender, ethnicity, race, and veteran status",Other source(s) of capital,76,244553
Administrative and support and waste management and remediation services,"Publicly held and other firms not classifiable by gender, ethnicity, race, and veteran status",Don't know,2388,372487
Administrative and support and waste management and remediation services,"Publicly held and other firms not classifiable by gender, ethnicity, race, and veteran status",None needed,1099,S
Administrative and support and waste management and remediation services,"Publicly held and other firms not classifiable by gender, ethnicity, race, and veteran status",Total reporting,4731(r),2411285(r)
Administrative and support and waste management and remediation services,"Publicly held and other firms not classifiable by gender, ethnicity, race, and veteran status",Item not reported,15846(r),126613021(r)
Educational services,All firms,All firms,676443,272223014
Educational services,All firms,Personal/family savings of owner(s),191253,19429365
Educational services,All firms,Personal/family assets other than savings of owner(s),16194,3215364
Educational services,All firms,Personal/family home equity loan,6159,1967237
Educational services,All firms,Personal credit card(s) carrying balances,23736,3018723
Educational services,All firms,Business credit card(s) carrying balances,6060,1059237
Educational services,All firms,"Business loan from federal, state, or local government",354,27413
Educational services,All firms,Government-guaranteed business loan from a bank or financial institution,1490,760281
Educational services,All firms,Business loan from a bank or financial institution,7340,2981027
Educational services,All firms,Business loan/investment from family/friends,3869,1329827
Educational services,All firms,Investment by venture capitalist(s),544,409544
Educational services,All firms,Grants,4185,97104
Educational services,All firms,Other source(s) of capital,5801,1202768
Educational services,All firms,Don't know,24864,6469505
Educational services,All firms,None needed,221748,3890907
Educational services,All firms,Total reporting,461135(r),33671135(r)
Educational services,All firms,Item not reported,15298(r),25382576(r)
Educational services,Female-owned,All firms,366562,14167679
Educational services,Female-owned,Personal/family savings of owner(s),97098,6227025
Educational services,Female-owned,Personal/family assets other than savings of owner(s),7464,687254
Educational services,Female-owned,Personal/family home equity loan,2524,791585
Educational services,Female-owned,Personal credit card(s) carrying balances,10967,818749
Educational services,Female-owned,Business credit card(s) carrying balances,2059,438736
Educational services,Female-owned,"Business loan from federal, state, or local government",145,4334
Educational services,Female-owned,Government-guaranteed business loan from a bank or financial institution,596,197116
Educational services,Female-owned,Business loan from a bank or financial institution,3188,906698
Educational services,Female-owned,Business loan/investment from family/friends,1569,529669
Educational services,Female-owned,Investment by venture capitalist(s),149,S
Educational services,Female-owned,Grants,2659,40739
Educational services,Female-owned,Other source(s) of capital,2575,187136
Educational services,Female-owned,Don't know,12198,1346735
Educational services,Female-owned,None needed,138469,1716190
Educational services,Female-owned,Total reporting,260075(r),10409452(r)
Educational services,Female-owned,Item not reported,6516(r),122288(r)
Educational services,Male-owned,All firms,239610,29423076
Educational services,Male-owned,Personal/family savings of owner(s),73830,10506024
Educational services,Male-owned,Personal/family assets other than savings of owner(s),6144,2111224
Educational services,Male-owned,Personal/family home equity loan,2393,877855
Educational services,Male-owned,Personal credit card(s) carrying balances,9630,1771342
Educational services,Male-owned,Business credit card(s) carrying balances,2542,453033
Educational services,Male-owned,"Business loan from federal, state, or local government",68,S
Educational services,Male-owned,Government-guaranteed business loan from a bank or financial institution,462,308396
Educational services,Male-owned,Business loan from a bank or financial institution,2323,1556390
Educational services,Male-owned,Business loan/investment from family/friends,1419,588022
Educational services,Male-owned,Investment by venture capitalist(s),342,226550
Educational services,Male-owned,Grants,1384,42493
Educational services,Male-owned,Other source(s) of capital,2376,899725
Educational services,Male-owned,Don't know,11001,4366501
Educational services,Male-owned,None needed,75636,1895097
Educational services,Male-owned,Total reporting,168312(r),19094179(r)
Educational services,Male-owned,Item not reported,3113(r),331992(r)
Educational services,Equally male-/female-owned,All firms,38118,6574764
Educational services,Equally male-/female-owned,Personal/family savings of owner(s),20235,2675307
Educational services,Equally male-/female-owned,Personal/family assets other than savings of owner(s),2586,416886
Educational services,Equally male-/female-owned,Personal/family home equity loan,1243,297796
Educational services,Equally male-/female-owned,Personal credit card(s) carrying balances,3139,428633
Educational services,Equally male-/female-owned,Business credit card(s) carrying balances,1460,167468
Educational services,Equally male-/female-owned,"Business loan from federal, state, or local government",141,21064
Educational services,Equally male-/female-owned,Government-guaranteed business loan from a bank or financial institution,432,254770
Educational services,Equally male-/female-owned,Business loan from a bank or financial institution,1829,517940
Educational services,Equally male-/female-owned,Business loan/investment from family/friends,882,212136
Educational services,Equally male-/female-owned,Investment by venture capitalist(s),51,S
Educational services,Equally male-/female-owned,Grants,138,S
Educational services,Equally male-/female-owned,Other source(s) of capital,844,96065
Educational services,Equally male-/female-owned,Don't know,1119,560491
Educational services,Equally male-/female-owned,None needed,7312,215984
Educational services,Equally male-/female-owned,Total reporting,31774(r),3867238(r)
Educational services,Equally male-/female-owned,Item not reported,186(r),S
Educational services,Hispanic,All firms,53510,1963661
Educational services,Hispanic,Personal/family savings of owner(s),10784,1099199
Educational services,Hispanic,Personal/family assets other than savings of owner(s),741,112562
Educational services,Hispanic,Personal/family home equity loan,223,181633
Educational services,Hispanic,Personal credit card(s) carrying balances,1677,94241
Educational services,Hispanic,Business credit card(s) carrying balances,211,18369
Educational services,Hispanic,"Business loan from federal, state, or local government",0,0
Educational services,Hispanic,Government-guaranteed business loan from a bank or financial institution,71,26902
Educational services,Hispanic,Business loan from a bank or financial institution,264,45396
Educational services,Hispanic,Business loan/investment from family/friends,435,44970
Educational services,Hispanic,Investment by venture capitalist(s),79,S
Educational services,Hispanic,Grants,246,S
Educational services,Hispanic,Other source(s) of capital,497,18497
Educational services,Hispanic,Don't know,2080,190237
Educational services,Hispanic,None needed,12886,240705
Educational services,Hispanic,Total reporting,27318(r),1720100(r)
Educational services,Hispanic,Item not reported,1021(r),S
Educational services,"Hispanic, female-owned",All firms,31437,687879
Educational services,"Hispanic, female-owned",Personal/family savings of owner(s),5165,230737
Educational services,"Hispanic, female-owned",Personal/family assets other than savings of owner(s),197,17257
Educational services,"Hispanic, female-owned",Personal/family home equity loan,130,S
Educational services,"Hispanic, female-owned",Personal credit card(s) carrying balances,724,32344
Educational services,"Hispanic, female-owned",Business credit card(s) carrying balances,29,1704
Educational services,"Hispanic, female-owned","Business loan from federal, state, or local government",0,0
Educational services,"Hispanic, female-owned",Government-guaranteed business loan from a bank or financial institution,11,S
Educational services,"Hispanic, female-owned",Business loan from a bank or financial institution,126,S
Educational services,"Hispanic, female-owned",Business loan/investment from family/friends,119,S
Educational services,"Hispanic, female-owned",Investment by venture capitalist(s),56,S
Educational services,"Hispanic, female-owned",Grants,184,S
Educational services,"Hispanic, female-owned",Other source(s) of capital,214,S
Educational services,"Hispanic, female-owned",Don't know,1089,S
Educational services,"Hispanic, female-owned",None needed,8201,64424
Educational services,"Hispanic, female-owned",Total reporting,14903(r),469651(r)
Educational services,"Hispanic, female-owned",Item not reported,514(r),3856(r)
Educational services,"Hispanic, male-owned",All firms,20424,1189640
Educational services,"Hispanic, male-owned",Personal/family savings of owner(s),4889,800943
Educational services,"Hispanic, male-owned",Personal/family assets other than savings of owner(s),456,56302
Educational services,"Hispanic, male-owned",Personal/family home equity loan,85,25027
Educational services,"Hispanic, male-owned",Personal credit card(s) carrying balances,863,59098
Educational services,"Hispanic, male-owned",Business credit card(s) carrying balances,120,16542
Educational services,"Hispanic, male-owned","Business loan from federal, state, or local government",0,0
Educational services,"Hispanic, male-owned",Government-guaranteed business loan from a bank or financial institution,50,20108
Educational services,"Hispanic, male-owned",Business loan from a bank or financial institution,138,S
Educational services,"Hispanic, male-owned",Business loan/investment from family/friends,255,20325
Educational services,"Hispanic, male-owned",Investment by venture capitalist(s),23,S
Educational services,"Hispanic, male-owned",Grants,61,S
Educational services,"Hispanic, male-owned",Other source(s) of capital,281,S
Educational services,"Hispanic, male-owned",Don't know,976,126211
Educational services,"Hispanic, male-owned",None needed,4348,S
Educational services,"Hispanic, male-owned",Total reporting,11250(r),1173238(r)
Educational services,"Hispanic, male-owned",Item not reported,465(r),S
Educational services,"Hispanic, equally male-/female-owned",All firms,1649,86141
Educational services,"Hispanic, equally male-/female-owned",Personal/family savings of owner(s),730,67518
Educational services,"Hispanic, equally male-/female-owned",Personal/family assets other than savings of owner(s),88,S
Educational services,"Hispanic, equally male-/female-owned",Personal/family home equity loan,9,S
Educational services,"Hispanic, equally male-/female-owned",Personal credit card(s) carrying balances,90,S
Educational services,"Hispanic, equally male-/female-owned",Business credit card(s) carrying balances,61,S
Educational services,"Hispanic, equally male-/female-owned","Business loan from federal, state, or local government",0,0
Educational services,"Hispanic, equally male-/female-owned",Government-guaranteed business loan from a bank or financial institution,9,S
Educational services,"Hispanic, equally male-/female-owned",Business loan from a bank or financial institution,0,0
Educational services,"Hispanic, equally male-/female-owned",Business loan/investment from family/friends,61,S
Educational services,"Hispanic, equally male-/female-owned",Investment by venture capitalist(s),0,0
Educational services,"Hispanic, equally male-/female-owned",Grants,0,0
Educational services,"Hispanic, equally male-/female-owned",Other source(s) of capital,2,S
Educational services,"Hispanic, equally male-/female-owned",Don't know,14,S
Educational services,"Hispanic, equally male-/female-owned",None needed,336,S
Educational services,"Hispanic, equally male-/female-owned",Total reporting,1165,77211
Educational services,"Hispanic, equally male-/female-owned",Item not reported,42,S
Educational services,Equally Hispanic/non-Hispanic,All firms,2229,344709
Educational services,Equally Hispanic/non-Hispanic,Personal/family savings of owner(s),1347,143437
Educational services,Equally Hispanic/non-Hispanic,Personal/family assets other than savings of owner(s),161,S
Educational services,Equally Hispanic/non-Hispanic,Personal/family home equity loan,104,S
Educational services,Equally Hispanic/non-Hispanic,Personal credit card(s) carrying balances,149,50002
Educational services,Equally Hispanic/non-Hispanic,Business credit card(s) carrying balances,138,5841
Educational services,Equally Hispanic/non-Hispanic,"Business loan from federal, state, or local government",2,S
Educational services,Equally Hispanic/non-Hispanic,Government-guaranteed business loan from a bank or financial institution,2,S
Educational services,Equally Hispanic/non-Hispanic,Business loan from a bank or financial institution,104,S
Educational services,Equally Hispanic/non-Hispanic,Business loan/investment from family/friends,81,S
Educational services,Equally Hispanic/non-Hispanic,Investment by venture capitalist(s),0,0
Educational services,Equally Hispanic/non-Hispanic,Grants,9,S
Educational services,Equally Hispanic/non-Hispanic,Other source(s) of capital,66,S
Educational services,Equally Hispanic/non-Hispanic,Don't know,90,37006
Educational services,Equally Hispanic/non-Hispanic,None needed,119,6509
Educational services,Equally Hispanic/non-Hispanic,Total reporting,1873,271423
Educational services,Equally Hispanic/non-Hispanic,Item not reported,24,S
Educational services,"Equally Hispanic/non-Hispanic, female-owned",All firms,115,21376
Educational services,"Equally Hispanic/non-Hispanic, female-owned",Personal/family savings of owner(s),170,S
Educational services,"Equally Hispanic/non-Hispanic, female-owned",Personal/family assets other than savings of owner(s),0,0
Educational services,"Equally Hispanic/non-Hispanic, female-owned",Personal/family home equity loan,0,0
Educational services,"Equally Hispanic/non-Hispanic, female-owned",Personal credit card(s) carrying balances,0,0
Educational services,"Equally Hispanic/non-Hispanic, female-owned",Business credit card(s) carrying balances,61,S
Educational services,"Equally Hispanic/non-Hispanic, female-owned","Business loan from federal, state, or local government",0,0
Educational services,"Equally Hispanic/non-Hispanic, female-owned",Government-guaranteed business loan from a bank or financial institution,0,0
Educational services,"Equally Hispanic/non-Hispanic, female-owned",Business loan from a bank or financial institution,0,0
Educational services,"Equally Hispanic/non-Hispanic, female-owned",Business loan/investment from family/friends,0,0
Educational services,"Equally Hispanic/non-Hispanic, female-owned",Investment by venture capitalist(s),0,0
Educational services,"Equally Hispanic/non-Hispanic, female-owned",Grants,0,0
Educational services,"Equally Hispanic/non-Hispanic, female-owned",Other source(s) of capital,0,0
Educational services,"Equally Hispanic/non-Hispanic, female-owned",Don't know,0,0
Educational services,"Equally Hispanic/non-Hispanic, female-owned",None needed,0,0
Educational services,"Equally Hispanic/non-Hispanic, female-owned",Total reporting,170,S
Educational services,"Equally Hispanic/non-Hispanic, female-owned",Item not reported,0,0
Educational services,"Equally Hispanic/non-Hispanic, male-owned",All firms,80,55557
Educational services,"Equally Hispanic/non-Hispanic, male-owned",Personal/family savings of owner(s),19,7347
Educational services,"Equally Hispanic/non-Hispanic, male-owned",Personal/family assets other than savings of owner(s),0,0
Educational services,"Equally Hispanic/non-Hispanic, male-owned",Personal/family home equity loan,0,0
Educational services,"Equally Hispanic/non-Hispanic, male-owned",Personal credit card(s) carrying balances,28,S
Educational services,"Equally Hispanic/non-Hispanic, male-owned",Business credit card(s) carrying balances,0,0
Educational services,"Equally Hispanic/non-Hispanic, male-owned","Business loan from federal, state, or local government",0,0
Educational services,"Equally Hispanic/non-Hispanic, male-owned",Government-guaranteed business loan from a bank or financial institution,0,0
Educational services,"Equally Hispanic/non-Hispanic, male-owned",Business loan from a bank or financial institution,0,0
Educational services,"Equally Hispanic/non-Hispanic, male-owned",Business loan/investment from family/friends,0,0
Educational services,"Equally Hispanic/non-Hispanic, male-owned",Investment by venture capitalist(s),0,0
Educational services,"Equally Hispanic/non-Hispanic, male-owned",Grants,9,S
Educational services,"Equally Hispanic/non-Hispanic, male-owned",Other source(s) of capital,0,0
Educational services,"Equally Hispanic/non-Hispanic, male-owned",Don't know,2,S
Educational services,"Equally Hispanic/non-Hispanic, male-owned",None needed,0,0
Educational services,"Equally Hispanic/non-Hispanic, male-owned",Total reporting,49,S
Educational services,"Equally Hispanic/non-Hispanic, male-owned",Item not reported,0,0
Educational services,"Equally Hispanic/non-Hispanic, equally male-/female-owned",All firms,2034,267777
Educational services,"Equally Hispanic/non-Hispanic, equally male-/female-owned",Personal/family savings of owner(s),1157,130808
Educational services,"Equally Hispanic/non-Hispanic, equally male-/female-owned",Personal/family assets other than savings of owner(s),161,S
Educational services,"Equally Hispanic/non-Hispanic, equally male-/female-owned",Personal/family home equity loan,104,S
Educational services,"Equally Hispanic/non-Hispanic, equally male-/female-owned",Personal credit card(s) carrying balances,121,S
Educational services,"Equally Hispanic/non-Hispanic, equally male-/female-owned",Business credit card(s) carrying balances,76,5104
Educational services,"Equally Hispanic/non-Hispanic, equally male-/female-owned","Business loan from federal, state, or local government",2,S
Educational services,"Equally Hispanic/non-Hispanic, equally male-/female-owned",Government-guaranteed business loan from a bank or financial institution,2,S
Educational services,"Equally Hispanic/non-Hispanic, equally male-/female-owned",Business loan from a bank or financial institution,104,S
Educational services,"Equally Hispanic/non-Hispanic, equally male-/female-owned",Business loan/investment from family/friends,81,S
Educational services,"Equally Hispanic/non-Hispanic, equally male-/female-owned",Investment by venture capitalist(s),0,0
Educational services,"Equally Hispanic/non-Hispanic, equally male-/female-owned",Grants,0,0
Educational services,"Equally Hispanic/non-Hispanic, equally male-/female-owned",Other source(s) of capital,66,S
Educational services,"Equally Hispanic/non-Hispanic, equally male-/female-owned",Don't know,88,34965
Educational services,"Equally Hispanic/non-Hispanic, equally male-/female-owned",None needed,119,6509
Educational services,"Equally Hispanic/non-Hispanic, equally male-/female-owned",Total reporting,1654,229225
Educational services,"Equally Hispanic/non-Hispanic, equally male-/female-owned",Item not reported,24,S
Educational services,Non-Hispanic,All firms,588551,47857150
Educational services,Non-Hispanic,Personal/family savings of owner(s),179033,18165720
Educational services,Non-Hispanic,Personal/family assets other than savings of owner(s),15292,3077939
Educational services,Non-Hispanic,Personal/family home equity loan,5832,1753196
Educational services,Non-Hispanic,Personal credit card(s) carrying balances,21910,2874480
Educational services,Non-Hispanic,Business credit card(s) carrying balances,5712,1035027
Educational services,Non-Hispanic,"Business loan from federal, state, or local government",352,26796
Educational services,Non-Hispanic,Government-guaranteed business loan from a bank or financial institution,1417,695477
Educational services,Non-Hispanic,Business loan from a bank or financial institution,6972,2909913
Educational services,Non-Hispanic,Business loan/investment from family/friends,3353,1260387
Educational services,Non-Hispanic,Investment by venture capitalist(s),464,387464
Educational services,Non-Hispanic,Grants,3927,91062
Educational services,Non-Hispanic,Other source(s) of capital,5232,1162418
Educational services,Non-Hispanic,Don't know,22149,6046484
Educational services,Non-Hispanic,None needed,208411,3580058
Educational services,Non-Hispanic,Total reporting,430970(r),31379346(r)
Educational services,Non-Hispanic,Item not reported,8770(r),459579(r)
Educational services,"Non-Hispanic, female-owned",All firms,335010,13458424
Educational services,"Non-Hispanic, female-owned",Personal/family savings of owner(s),91762,5991006
Educational services,"Non-Hispanic, female-owned",Personal/family assets other than savings of owner(s),7268,669997
Educational services,"Non-Hispanic, female-owned",Personal/family home equity loan,2394,672229
Educational services,"Non-Hispanic, female-owned",Personal credit card(s) carrying balances,10243,786405
Educational services,"Non-Hispanic, female-owned",Business credit card(s) carrying balances,1968,436294
Educational services,"Non-Hispanic, female-owned","Business loan from federal, state, or local government",145,4334
Educational services,"Non-Hispanic, female-owned",Government-guaranteed business loan from a bank or financial institution,585,190808
Educational services,"Non-Hispanic, female-owned",Business loan from a bank or financial institution,3062,884866
Educational services,"Non-Hispanic, female-owned",Business loan/investment from family/friends,1450,505147
Educational services,"Non-Hispanic, female-owned",Investment by venture capitalist(s),93,S
Educational services,"Non-Hispanic, female-owned",Grants,2475,40125
Educational services,"Non-Hispanic, female-owned",Other source(s) of capital,2361,186088
Educational services,"Non-Hispanic, female-owned",Don't know,11109,1288062
Educational services,"Non-Hispanic, female-owned",None needed,130267,1651766
Educational services,"Non-Hispanic, female-owned",Total reporting,245001(r),9934520(r)
Educational services,"Non-Hispanic, female-owned",Item not reported,6002(r),118432(r)
Educational services,"Non-Hispanic, male-owned",All firms,219105,28177879
Educational services,"Non-Hispanic, male-owned",Personal/family savings of owner(s),68922,9697733
Educational services,"Non-Hispanic, male-owned",Personal/family assets other than savings of owner(s),5688,2054922
Educational services,"Non-Hispanic, male-owned",Personal/family home equity loan,2308,852828
Educational services,"Non-Hispanic, male-owned",Personal credit card(s) carrying balances,8739,1687116
Educational services,"Non-Hispanic, male-owned",Business credit card(s) carrying balances,2422,436491
Educational services,"Non-Hispanic, male-owned","Business loan from federal, state, or local government",68,S
Educational services,"Non-Hispanic, male-owned",Government-guaranteed business loan from a bank or financial institution,412,288287
Educational services,"Non-Hispanic, male-owned",Business loan from a bank or financial institution,2185,1532826
Educational services,"Non-Hispanic, male-owned",Business loan/investment from family/friends,1164,567697
Educational services,"Non-Hispanic, male-owned",Investment by venture capitalist(s),319,211131
Educational services,"Non-Hispanic, male-owned",Grants,1314,37591
Educational services,"Non-Hispanic, male-owned",Other source(s) of capital,2095,884224
Educational services,"Non-Hispanic, male-owned",Don't know,10023,4238249
Educational services,"Non-Hispanic, male-owned",None needed,71287,1721883
Educational services,"Non-Hispanic, male-owned",Total reporting,157012(r),17884024(r)
Educational services,"Non-Hispanic, male-owned",Item not reported,2648(r),316957(r)
Educational services,"Non-Hispanic, equally male-/female-owned",All firms,34435,6220846
Educational services,"Non-Hispanic, equally male-/female-owned",Personal/family savings of owner(s),18348,2476981
Educational services,"Non-Hispanic, equally male-/female-owned",Personal/family assets other than savings of owner(s),2336,353019
Educational services,"Non-Hispanic, equally male-/female-owned",Personal/family home equity loan,1129,228139
Educational services,"Non-Hispanic, equally male-/female-owned",Personal credit card(s) carrying balances,2928,400959
Educational services,"Non-Hispanic, equally male-/female-owned",Business credit card(s) carrying balances,1322,162241
Educational services,"Non-Hispanic, equally male-/female-owned","Business loan from federal, state, or local government",139,20447
Educational services,"Non-Hispanic, equally male-/female-owned",Government-guaranteed business loan from a bank or financial institution,421,216382
Educational services,"Non-Hispanic, equally male-/female-owned",Business loan from a bank or financial institution,1724,492221
Educational services,"Non-Hispanic, equally male-/female-owned",Business loan/investment from family/friends,740,187542
Educational services,"Non-Hispanic, equally male-/female-owned",Investment by venture capitalist(s),51,S
Educational services,"Non-Hispanic, equally male-/female-owned",Grants,138,S
Educational services,"Non-Hispanic, equally male-/female-owned",Other source(s) of capital,775,92106
Educational services,"Non-Hispanic, equally male-/female-owned",Don't know,1017,520174
Educational services,"Non-Hispanic, equally male-/female-owned",None needed,6856,206409
Educational services,"Non-Hispanic, equally male-/female-owned",Total reporting,28956(r),3560802(r)
Educational services,"Non-Hispanic, equally male-/female-owned",Item not reported,120(r),S
Educational services,White,All firms,521778,44798906
Educational services,White,Personal/family savings of owner(s),163111,17517960
Educational services,White,Personal/family assets other than savings of owner(s),14042,2602341
Educational services,White,Personal/family home equity loan,5028,1784189
Educational services,White,Personal credit card(s) carrying balances,19743,2680678
Educational services,White,Business credit card(s) carrying balances,5061,960499
Educational services,White,"Business loan from federal, state, or local government",284,26059
Educational services,White,Government-guaranteed business loan from a bank or financial institution,1313,701272
Educational services,White,Business loan from a bank or financial institution,6693,2838268
Educational services,White,Business loan/investment from family/friends,3390,1254169
Educational services,White,Investment by venture capitalist(s),419,394113
Educational services,White,Grants,3206,75224
Educational services,White,Other source(s) of capital,4453,744707
Educational services,White,Don't know,19056,5729418
Educational services,White,None needed,194599,3481988
Educational services,White,Total reporting,396723(r),30044732(r)
Educational services,White,Item not reported,7305(r),433738(r)
Educational services,"White, female-owned",All firms,289577,12166451
Educational services,"White, female-owned",Personal/family savings of owner(s),82493,5567700
Educational services,"White, female-owned",Personal/family assets other than savings of owner(s),6533,629054
Educational services,"White, female-owned",Personal/family home equity loan,2060,763850
Educational services,"White, female-owned",Personal credit card(s) carrying balances,9217,725344
Educational services,"White, female-owned",Business credit card(s) carrying balances,1679,394797
Educational services,"White, female-owned","Business loan from federal, state, or local government",145,4334
Educational services,"White, female-owned",Government-guaranteed business loan from a bank or financial institution,526,186933
Educational services,"White, female-owned",Business loan from a bank or financial institution,2865,868118
Educational services,"White, female-owned",Business loan/investment from family/friends,1409,501490
Educational services,"White, female-owned",Investment by venture capitalist(s),98,S
Educational services,"White, female-owned",Grants,1956,20765
Educational services,"White, female-owned",Other source(s) of capital,2187,161885
Educational services,"White, female-owned",Don't know,9623,1133972
Educational services,"White, female-owned",None needed,120807,1533513
Educational services,"White, female-owned",Total reporting,223674(r),9290588(r)
Educational services,"White, female-owned",Item not reported,4922(r),105446(r)
Educational services,"White, male-owned",All firms,200226,26919663
Educational services,"White, male-owned",Personal/family savings of owner(s),63774,9663250
Educational services,"White, male-owned",Personal/family assets other than savings of owner(s),5368,1633648
Educational services,"White, male-owned",Personal/family home equity loan,2013,795040
Educational services,"White, male-owned",Personal credit card(s) carrying balances,7943,1608648
Educational services,"White, male-owned",Business credit card(s) carrying balances,2275,414144
Educational services,"White, male-owned","Business loan from federal, state, or local government",59,S
Educational services,"White, male-owned",Government-guaranteed business loan from a bank or financial institution,404,287526
Educational services,"White, male-owned",Business loan from a bank or financial institution,2133,1489439
Educational services,"White, male-owned",Business loan/investment from family/friends,1147,548831
Educational services,"White, male-owned",Investment by venture capitalist(s),270,223358
Educational services,"White, male-owned",Grants,1112,41113
Educational services,"White, male-owned",Other source(s) of capital,1825,504403
Educational services,"White, male-owned",Don't know,8562,4110780
Educational services,"White, male-owned",None needed,67042,1743272
Educational services,"White, male-owned",Total reporting,145819(r),17404278(r)
Educational services,"White, male-owned",Item not reported,2307(r),323267(r)
Educational services,"White, equally male-/female-owned",All firms,31975,5712791
Educational services,"White, equally male-/female-owned",Personal/family savings of owner(s),16844,2287010
Educational services,"White, equally male-/female-owned",Personal/family assets other than savings of owner(s),2140,339639
Educational services,"White, equally male-/female-owned",Personal/family home equity loan,955,225299
Educational services,"White, equally male-/female-owned",Personal credit card(s) carrying balances,2583,346685
Educational services,"White, equally male-/female-owned",Business credit card(s) carrying balances,1107,151558
Educational services,"White, equally male-/female-owned","Business loan from federal, state, or local government",80,20941
Educational services,"White, equally male-/female-owned",Government-guaranteed business loan from a bank or financial institution,383,226812
Educational services,"White, equally male-/female-owned",Business loan from a bank or financial institution,1695,480711
Educational services,"White, equally male-/female-owned",Business loan/investment from family/friends,833,203847
Educational services,"White, equally male-/female-owned",Investment by venture capitalist(s),51,S
Educational services,"White, equally male-/female-owned",Grants,138,S
Educational services,"White, equally male-/female-owned",Other source(s) of capital,440,78419
Educational services,"White, equally male-/female-owned",Don't know,871,484667
Educational services,"White, equally male-/female-owned",None needed,6751,205203
Educational services,"White, equally male-/female-owned",Total reporting,27230(r),3349866(r)
Educational services,"White, equally male-/female-owned",Item not reported,76(r),S
Educational services,Black or African American,All firms,67399,1582027
Educational services,Black or African American,Personal/family savings of owner(s),11534,500039
Educational services,Black or African American,Personal/family assets other than savings of owner(s),748,S
Educational services,Black or African American,Personal/family home equity loan,356,S
Educational services,Black or African American,Personal credit card(s) carrying balances,2129,120185
Educational services,Black or African American,Business credit card(s) carrying balances,576,39950
Educational services,Black or African American,"Business loan from federal, state, or local government",2,S
Educational services,Black or African American,Government-guaranteed business loan from a bank or financial institution,89,S
Educational services,Black or African American,Business loan from a bank or financial institution,351,43724
Educational services,Black or African American,Business loan/investment from family/friends,156,26612
Educational services,Black or African American,Investment by venture capitalist(s),110,S
Educational services,Black or African American,Grants,824,S
Educational services,Black or African American,Other source(s) of capital,640,S
Educational services,Black or African American,Don't know,2212,147066
Educational services,Black or African American,None needed,13929,147344
Educational services,Black or African American,Total reporting,29597(r),1193085(r)
Educational services,Black or African American,Item not reported,1592(r),30818(r)
Educational services,"Black or African American, female-owned",All firms,47595,741052
Educational services,"Black or African American, female-owned",Personal/family savings of owner(s),6830,223375
Educational services,"Black or African American, female-owned",Personal/family assets other than savings of owner(s),489,30946
Educational services,"Black or African American, female-owned",Personal/family home equity loan,252,2235
Educational services,"Black or African American, female-owned",Personal credit card(s) carrying balances,1074,30786
Educational services,"Black or African American, female-owned",Business credit card(s) carrying balances,330,S
Educational services,"Black or African American, female-owned","Business loan from federal, state, or local government",0,0
Educational services,"Black or African American, female-owned",Government-guaranteed business loan from a bank or financial institution,71,S
Educational services,"Black or African American, female-owned",Business loan from a bank or financial institution,260,25139
Educational services,"Black or African American, female-owned",Business loan/investment from family/friends,80,S
Educational services,"Black or African American, female-owned",Investment by venture capitalist(s),49,S
Educational services,"Black or African American, female-owned",Grants,580,S
Educational services,"Black or African American, female-owned",Other source(s) of capital,239,2640
Educational services,"Black or African American, female-owned",Don't know,1438,S
Educational services,"Black or African American, female-owned",None needed,9855,90062
Educational services,"Black or African American, female-owned",Total reporting,19127,405579
Educational services,"Black or African American, female-owned",Item not reported,1051,9273
Educational services,"Black or African American, male-owned",All firms,18687,730081
Educational services,"Black or African American, male-owned",Personal/family savings of owner(s),3932,239093
Educational services,"Black or African American, male-owned",Personal/family assets other than savings of owner(s),197,S
Educational services,"Black or African American, male-owned",Personal/family home equity loan,43,S
Educational services,"Black or African American, male-owned",Personal credit card(s) carrying balances,984,86075
Educational services,"Black or African American, male-owned",Business credit card(s) carrying balances,179,22929
Educational services,"Black or African American, male-owned","Business loan from federal, state, or local government",2,S
Educational services,"Black or African American, male-owned",Government-guaranteed business loan from a bank or financial institution,10,S
Educational services,"Black or African American, male-owned",Business loan from a bank or financial institution,88,17450
Educational services,"Black or African American, male-owned",Business loan/investment from family/friends,75,S
Educational services,"Black or African American, male-owned",Investment by venture capitalist(s),61,S
Educational services,"Black or African American, male-owned",Grants,244,S
Educational services,"Black or African American, male-owned",Other source(s) of capital,278,S
Educational services,"Black or African American, male-owned",Don't know,747,20719
Educational services,"Black or African American, male-owned",None needed,4011,56565
Educational services,"Black or African American, male-owned",Total reporting,9603(r),703998(r)
Educational services,"Black or African American, male-owned",Item not reported,481(r),S
Educational services,"Black or African American, equally male-/female-owned",All firms,1118,110893
Educational services,"Black or African American, equally male-/female-owned",Personal/family savings of owner(s),772,37571
Educational services,"Black or African American, equally male-/female-owned",Personal/family assets other than savings of owner(s),63,S
Educational services,"Black or African American, equally male-/female-owned",Personal/family home equity loan,61,S
Educational services,"Black or African American, equally male-/female-owned",Personal credit card(s) carrying balances,71,S
Educational services,"Black or African American, equally male-/female-owned",Business credit card(s) carrying balances,67,S
Educational services,"Black or African American, equally male-/female-owned","Business loan from federal, state, or local government",0,0
Educational services,"Black or African American, equally male-/female-owned",Government-guaranteed business loan from a bank or financial institution,9,S
Educational services,"Black or African American, equally male-/female-owned",Business loan from a bank or financial institution,2,S
Educational services,"Black or African American, equally male-/female-owned",Business loan/investment from family/friends,0,0
Educational services,"Black or African American, equally male-/female-owned",Investment by venture capitalist(s),0,0
Educational services,"Black or African American, equally male-/female-owned",Grants,0,0
Educational services,"Black or African American, equally male-/female-owned",Other source(s) of capital,122,S
Educational services,"Black or African American, equally male-/female-owned",Don't know,27,S
Educational services,"Black or African American, equally male-/female-owned",None needed,63,S
Educational services,"Black or African American, equally male-/female-owned",Total reporting,867(r),S
Educational services,"Black or African American, equally male-/female-owned",Item not reported,59(r),S
Educational services,American Indian and Alaska Native,All firms,7437,264326
Educational services,American Indian and Alaska Native,Personal/family savings of owner(s),2198,239235
Educational services,American Indian and Alaska Native,Personal/family assets other than savings of owner(s),270,S
Educational services,American Indian and Alaska Native,Personal/family home equity loan,71,S
Educational services,American Indian and Alaska Native,Personal credit card(s) carrying balances,404,8851
Educational services,American Indian and Alaska Native,Business credit card(s) carrying balances,44,S
Educational services,American Indian and Alaska Native,"Business loan from federal, state, or local government",0,0
Educational services,American Indian and Alaska Native,Government-guaranteed business loan from a bank or financial institution,0,0
Educational services,American Indian and Alaska Native,Business loan from a bank or financial institution,30,21264
Educational services,American Indian and Alaska Native,Business loan/investment from family/friends,38,S
Educational services,American Indian and Alaska Native,Investment by venture capitalist(s),0,0
Educational services,American Indian and Alaska Native,Grants,50,S
Educational services,American Indian and Alaska Native,Other source(s) of capital,74,S
Educational services,American Indian and Alaska Native,Don't know,254,1395
Educational services,American Indian and Alaska Native,None needed,1629,22769
Educational services,American Indian and Alaska Native,Total reporting,4244,273330
Educational services,American Indian and Alaska Native,Item not reported,102,S
Educational services,"American Indian and Alaska Native, female-owned",All firms,4504,106302
Educational services,"American Indian and Alaska Native, female-owned",Personal/family savings of owner(s),929,61126
Educational services,"American Indian and Alaska Native, female-owned",Personal/family assets other than savings of owner(s),102,S
Educational services,"American Indian and Alaska Native, female-owned",Personal/family home equity loan,9,S
Educational services,"American Indian and Alaska Native, female-owned",Personal credit card(s) carrying balances,84,1603
Educational services,"American Indian and Alaska Native, female-owned",Business credit card(s) carrying balances,24,S
Educational services,"American Indian and Alaska Native, female-owned","Business loan from federal, state, or local government",0,0
Educational services,"American Indian and Alaska Native, female-owned",Government-guaranteed business loan from a bank or financial institution,0,0
Educational services,"American Indian and Alaska Native, female-owned",Business loan from a bank or financial institution,13,19163
Educational services,"American Indian and Alaska Native, female-owned",Business loan/investment from family/friends,18,S
Educational services,"American Indian and Alaska Native, female-owned",Investment by venture capitalist(s),0,0
Educational services,"American Indian and Alaska Native, female-owned",Grants,23,S
Educational services,"American Indian and Alaska Native, female-owned",Other source(s) of capital,0,0
Educational services,"American Indian and Alaska Native, female-owned",Don't know,88,505
Educational services,"American Indian and Alaska Native, female-owned",None needed,1189,19165
Educational services,"American Indian and Alaska Native, female-owned",Total reporting,2317,86996
Educational services,"American Indian and Alaska Native, female-owned",Item not reported,58,S
Educational services,"American Indian and Alaska Native, male-owned",All firms,2803,149680
Educational services,"American Indian and Alaska Native, male-owned",Personal/family savings of owner(s),1245,S
Educational services,"American Indian and Alaska Native, male-owned",Personal/family assets other than savings of owner(s),169,S
Educational services,"American Indian and Alaska Native, male-owned",Personal/family home equity loan,62,S
Educational services,"American Indian and Alaska Native, male-owned",Personal credit card(s) carrying balances,320,7248
Educational services,"American Indian and Alaska Native, male-owned",Business credit card(s) carrying balances,20,S
Educational services,"American Indian and Alaska Native, male-owned","Business loan from federal, state, or local government",0,0
Educational services,"American Indian and Alaska Native, male-owned",Government-guaranteed business loan from a bank or financial institution,0,0
Educational services,"American Indian and Alaska Native, male-owned",Business loan from a bank or financial institution,14,S
Educational services,"American Indian and Alaska Native, male-owned",Business loan/investment from family/friends,20,S
Educational services,"American Indian and Alaska Native, male-owned",Investment by venture capitalist(s),0,0
Educational services,"American Indian and Alaska Native, male-owned",Grants,28,S
Educational services,"American Indian and Alaska Native, male-owned",Other source(s) of capital,74,S
Educational services,"American Indian and Alaska Native, male-owned",Don't know,157,871
Educational services,"American Indian and Alaska Native, male-owned",None needed,431,3587
Educational services,"American Indian and Alaska Native, male-owned",Total reporting,1883,S
Educational services,"American Indian and Alaska Native, male-owned",Item not reported,43,S
Educational services,"American Indian and Alaska Native, equally male-/female-owned",All firms,130,8343
Educational services,"American Indian and Alaska Native, equally male-/female-owned",Personal/family savings of owner(s),24,S
Educational services,"American Indian and Alaska Native, equally male-/female-owned",Personal/family assets other than savings of owner(s),0,0
Educational services,"American Indian and Alaska Native, equally male-/female-owned",Personal/family home equity loan,0,0
Educational services,"American Indian and Alaska Native, equally male-/female-owned",Personal credit card(s) carrying balances,0,0
Educational services,"American Indian and Alaska Native, equally male-/female-owned",Business credit card(s) carrying balances,0,0
Educational services,"American Indian and Alaska Native, equally male-/female-owned","Business loan from federal, state, or local government",0,0
Educational services,"American Indian and Alaska Native, equally male-/female-owned",Government-guaranteed business loan from a bank or financial institution,0,0
Educational services,"American Indian and Alaska Native, equally male-/female-owned",Business loan from a bank or financial institution,2,S
Educational services,"American Indian and Alaska Native, equally male-/female-owned",Business loan/investment from family/friends,0,0
Educational services,"American Indian and Alaska Native, equally male-/female-owned",Investment by venture capitalist(s),0,0
Educational services,"American Indian and Alaska Native, equally male-/female-owned",Grants,0,0
Educational services,"American Indian and Alaska Native, equally male-/female-owned",Other source(s) of capital,0,0
Educational services,"American Indian and Alaska Native, equally male-/female-owned",Don't know,9,S
Educational services,"American Indian and Alaska Native, equally male-/female-owned",None needed,9,S
Educational services,"American Indian and Alaska Native, equally male-/female-owned",Total reporting,44,S
Educational services,"American Indian and Alaska Native, equally male-/female-owned",Item not reported,0,0
Educational services,Asian,All firms,42744,3047032
Educational services,Asian,Personal/family savings of owner(s),13837,1046618
Educational services,Asian,Personal/family assets other than savings of owner(s),1029,146651
Educational services,Asian,Personal/family home equity loan,641,111741
Educational services,Asian,Personal credit card(s) carrying balances,1402,165558
Educational services,Asian,Business credit card(s) carrying balances,106,S
Educational services,Asian,"Business loan from federal, state, or local government",7,S
Educational services,Asian,Government-guaranteed business loan from a bank or financial institution,60,S
Educational services,Asian,Business loan from a bank or financial institution,355,90762
Educational services,Asian,Business loan/investment from family/friends,277,34177
Educational services,Asian,Investment by venture capitalist(s),55,S
Educational services,Asian,Grants,127,S
Educational services,Asian,Other source(s) of capital,521,52994
Educational services,Asian,Don't know,2606,401052
Educational services,Asian,None needed,11583,142341
Educational services,Asian,Total reporting,29142(r),1676762(r)
Educational services,Asian,Item not reported,651(r),17034(r)
Educational services,"Asian, female-owned",All firms,24207,1174502
Educational services,"Asian, female-owned",Personal/family savings of owner(s),7647,421842
Educational services,"Asian, female-owned",Personal/family assets other than savings of owner(s),394,29960
Educational services,"Asian, female-owned",Personal/family home equity loan,233,16106
Educational services,"Asian, female-owned",Personal credit card(s) carrying balances,530,49100
Educational services,"Asian, female-owned",Business credit card(s) carrying balances,33,S
Educational services,"Asian, female-owned","Business loan from federal, state, or local government",0,0
Educational services,"Asian, female-owned",Government-guaranteed business loan from a bank or financial institution,0,0
Educational services,"Asian, female-owned",Business loan from a bank or financial institution,92,12157
Educational services,"Asian, female-owned",Business loan/investment from family/friends,141,14976
Educational services,"Asian, female-owned",Investment by venture capitalist(s),51,S
Educational services,"Asian, female-owned",Grants,127,S
Educational services,"Asian, female-owned",Other source(s) of capital,311,S
Educational services,"Asian, female-owned",Don't know,877,183821
Educational services,"Asian, female-owned",None needed,7586,78728
Educational services,"Asian, female-owned",Total reporting,16630(r),726456(r)
Educational services,"Asian, female-owned",Item not reported,340(r),S
Educational services,"Asian, male-owned",All firms,16293,1404857
Educational services,"Asian, male-owned",Personal/family savings of owner(s),4922,429513
Educational services,"Asian, male-owned",Personal/family assets other than savings of owner(s),417,73078
Educational services,"Asian, male-owned",Personal/family home equity loan,271,54453
Educational services,"Asian, male-owned",Personal credit card(s) carrying balances,729,73301
Educational services,"Asian, male-owned",Business credit card(s) carrying balances,63,11362
Educational services,"Asian, male-owned","Business loan from federal, state, or local government",7,S
Educational services,"Asian, male-owned",Government-guaranteed business loan from a bank or financial institution,33,S
Educational services,"Asian, male-owned",Business loan from a bank or financial institution,162,46366
Educational services,"Asian, male-owned",Business loan/investment from family/friends,131,18649
Educational services,"Asian, male-owned",Investment by venture capitalist(s),4,S
Educational services,"Asian, male-owned",Grants,0,0
Educational services,"Asian, male-owned",Other source(s) of capital,71,12865
Educational services,"Asian, male-owned",Don't know,1599,215231
Educational services,"Asian, male-owned",None needed,3939,62650
Educational services,"Asian, male-owned",Total reporting,10935(r),740720(r)
Educational services,"Asian, male-owned",Item not reported,303(r),4439(r)
Educational services,"Asian, equally male-/female-owned",All firms,2244,467672
Educational services,"Asian, equally male-/female-owned",Personal/family savings of owner(s),1267,195262
Educational services,"Asian, equally male-/female-owned",Personal/family assets other than savings of owner(s),217,43613
Educational services,"Asian, equally male-/female-owned",Personal/family home equity loan,137,S
Educational services,"Asian, equally male-/female-owned",Personal credit card(s) carrying balances,143,43157
Educational services,"Asian, equally male-/female-owned",Business credit card(s) carrying balances,10,S
Educational services,"Asian, equally male-/female-owned","Business loan from federal, state, or local government",0,0
Educational services,"Asian, equally male-/female-owned",Government-guaranteed business loan from a bank or financial institution,27,S
Educational services,"Asian, equally male-/female-owned",Business loan from a bank or financial institution,101,S
Educational services,"Asian, equally male-/female-owned",Business loan/investment from family/friends,5,S
Educational services,"Asian, equally male-/female-owned",Investment by venture capitalist(s),0,0
Educational services,"Asian, equally male-/female-owned",Grants,0,0
Educational services,"Asian, equally male-/female-owned",Other source(s) of capital,139,14128
Educational services,"Asian, equally male-/female-owned",Don't know,131,S
Educational services,"Asian, equally male-/female-owned",None needed,59,S
Educational services,"Asian, equally male-/female-owned",Total reporting,1577,209586
Educational services,"Asian, equally male-/female-owned",Item not reported,8,S
Educational services,Native Hawaiian and Other Pacific Islander,All firms,1316,38371
Educational services,Native Hawaiian and Other Pacific Islander,Personal/family savings of owner(s),222,S
Educational services,Native Hawaiian and Other Pacific Islander,Personal/family assets other than savings of owner(s),2,S
Educational services,Native Hawaiian and Other Pacific Islander,Personal/family home equity loan,0,0
Educational services,Native Hawaiian and Other Pacific Islander,Personal credit card(s) carrying balances,8,621
Educational services,Native Hawaiian and Other Pacific Islander,Business credit card(s) carrying balances,2,S
Educational services,Native Hawaiian and Other Pacific Islander,"Business loan from federal, state, or local government",0,0
Educational services,Native Hawaiian and Other Pacific Islander,Government-guaranteed business loan from a bank or financial institution,0,0
Educational services,Native Hawaiian and Other Pacific Islander,Business loan from a bank or financial institution,4,S
Educational services,Native Hawaiian and Other Pacific Islander,Business loan/investment from family/friends,15,S
Educational services,Native Hawaiian and Other Pacific Islander,Investment by venture capitalist(s),0,0
Educational services,Native Hawaiian and Other Pacific Islander,Grants,0,0
Educational services,Native Hawaiian and Other Pacific Islander,Other source(s) of capital,2,S
Educational services,Native Hawaiian and Other Pacific Islander,Don't know,11,S
Educational services,Native Hawaiian and Other Pacific Islander,None needed,289,5004
Educational services,Native Hawaiian and Other Pacific Islander,Total reporting,524,S
Educational services,Native Hawaiian and Other Pacific Islander,Item not reported,58,186
Educational services,"Native Hawaiian and Other Pacific Islander, female-owned",All firms,646,S
Educational services,"Native Hawaiian and Other Pacific Islander, female-owned",Personal/family savings of owner(s),103,S
Educational services,"Native Hawaiian and Other Pacific Islander, female-owned",Personal/family assets other than savings of owner(s),0,S
Educational services,"Native Hawaiian and Other Pacific Islander, female-owned",Personal/family home equity loan,0,S
Educational services,"Native Hawaiian and Other Pacific Islander, female-owned",Personal credit card(s) carrying balances,4,S
Educational services,"Native Hawaiian and Other Pacific Islander, female-owned",Business credit card(s) carrying balances,0,S
Educational services,"Native Hawaiian and Other Pacific Islander, female-owned","Business loan from federal, state, or local government",0,S
Educational services,"Native Hawaiian and Other Pacific Islander, female-owned",Government-guaranteed business loan from a bank or financial institution,0,S
Educational services,"Native Hawaiian and Other Pacific Islander, female-owned",Business loan from a bank or financial institution,2,S
Educational services,"Native Hawaiian and Other Pacific Islander, female-owned",Business loan/investment from family/friends,15,S
Educational services,"Native Hawaiian and Other Pacific Islander, female-owned",Investment by venture capitalist(s),0,S
Educational services,"Native Hawaiian and Other Pacific Islander, female-owned",Grants,0,S
Educational services,"Native Hawaiian and Other Pacific Islander, female-owned",Other source(s) of capital,2,S
Educational services,"Native Hawaiian and Other Pacific Islander, female-owned",Don't know,11,S
Educational services,"Native Hawaiian and Other Pacific Islander, female-owned",None needed,86,S
Educational services,"Native Hawaiian and Other Pacific Islander, female-owned",Total reporting,201,S
Educational services,"Native Hawaiian and Other Pacific Islander, female-owned",Item not reported,55,S
Educational services,"Native Hawaiian and Other Pacific Islander, male-owned",All firms,636,14198
Educational services,"Native Hawaiian and Other Pacific Islander, male-owned",Personal/family savings of owner(s),119,S
Educational services,"Native Hawaiian and Other Pacific Islander, male-owned",Personal/family assets other than savings of owner(s),2,S
Educational services,"Native Hawaiian and Other Pacific Islander, male-owned",Personal/family home equity loan,0,0
Educational services,"Native Hawaiian and Other Pacific Islander, male-owned",Personal credit card(s) carrying balances,4,S
Educational services,"Native Hawaiian and Other Pacific Islander, male-owned",Business credit card(s) carrying balances,2,S
Educational services,"Native Hawaiian and Other Pacific Islander, male-owned","Business loan from federal, state, or local government",0,0
Educational services,"Native Hawaiian and Other Pacific Islander, male-owned",Government-guaranteed business loan from a bank or financial institution,0,0
Educational services,"Native Hawaiian and Other Pacific Islander, male-owned",Business loan from a bank or financial institution,2,S
Educational services,"Native Hawaiian and Other Pacific Islander, male-owned",Business loan/investment from family/friends,0,0
Educational services,"Native Hawaiian and Other Pacific Islander, male-owned",Investment by venture capitalist(s),0,0
Educational services,"Native Hawaiian and Other Pacific Islander, male-owned",Grants,0,0
Educational services,"Native Hawaiian and Other Pacific Islander, male-owned",Other source(s) of capital,0,0
Educational services,"Native Hawaiian and Other Pacific Islander, male-owned",Don't know,0,0
Educational services,"Native Hawaiian and Other Pacific Islander, male-owned",None needed,162,4325
Educational services,"Native Hawaiian and Other Pacific Islander, male-owned",Total reporting,283,11199
Educational services,"Native Hawaiian and Other Pacific Islander, male-owned",Item not reported,3,S
Educational services,"Native Hawaiian and Other Pacific Islander, equally male-/female-owned",All firms,33,S
Educational services,"Native Hawaiian and Other Pacific Islander, equally male-/female-owned",Personal/family savings of owner(s),0,S
Educational services,"Native Hawaiian and Other Pacific Islander, equally male-/female-owned",Personal/family assets other than savings of owner(s),0,S
Educational services,"Native Hawaiian and Other Pacific Islander, equally male-/female-owned",Personal/family home equity loan,0,S
Educational services,"Native Hawaiian and Other Pacific Islander, equally male-/female-owned",Personal credit card(s) carrying balances,0,S
Educational services,"Native Hawaiian and Other Pacific Islander, equally male-/female-owned",Business credit card(s) carrying balances,0,S
Educational services,"Native Hawaiian and Other Pacific Islander, equally male-/female-owned","Business loan from federal, state, or local government",0,S
Educational services,"Native Hawaiian and Other Pacific Islander, equally male-/female-owned",Government-guaranteed business loan from a bank or financial institution,0,S
Educational services,"Native Hawaiian and Other Pacific Islander, equally male-/female-owned",Business loan from a bank or financial institution,0,S
Educational services,"Native Hawaiian and Other Pacific Islander, equally male-/female-owned",Business loan/investment from family/friends,0,S
Educational services,"Native Hawaiian and Other Pacific Islander, equally male-/female-owned",Investment by venture capitalist(s),0,S
Educational services,"Native Hawaiian and Other Pacific Islander, equally male-/female-owned",Grants,0,S
Educational services,"Native Hawaiian and Other Pacific Islander, equally male-/female-owned",Other source(s) of capital,0,S
Educational services,"Native Hawaiian and Other Pacific Islander, equally male-/female-owned",Don't know,0,S
Educational services,"Native Hawaiian and Other Pacific Islander, equally male-/female-owned",None needed,41,S
Educational services,"Native Hawaiian and Other Pacific Islander, equally male-/female-owned",Total reporting,41,S
Educational services,"Native Hawaiian and Other Pacific Islander, equally male-/female-owned",Item not reported,0,S
Educational services,Some other race,All firms,15166,357043
Educational services,Some other race,Personal/family savings of owner(s),1841,66297
Educational services,Some other race,Personal/family assets other than savings of owner(s),102,8087
Educational services,Some other race,Personal/family home equity loan,36,S
Educational services,Some other race,Personal credit card(s) carrying balances,205,13397
Educational services,Some other race,Business credit card(s) carrying balances,13,S
Educational services,Some other race,"Business loan from federal, state, or local government",0,0
Educational services,Some other race,Government-guaranteed business loan from a bank or financial institution,18,S
Educational services,Some other race,Business loan from a bank or financial institution,131,S
Educational services,Some other race,Business loan/investment from family/friends,66,S
Educational services,Some other race,Investment by venture capitalist(s),7,S
Educational services,Some other race,Grants,61,S
Educational services,Some other race,Other source(s) of capital,201,S
Educational services,Some other race,Don't know,517,S
Educational services,Some other race,None needed,3418,52522
Educational services,Some other race,Total reporting,6186,162289
Educational services,Some other race,Item not reported,329,S
Educational services,"Some other race, female-owned",All firms,8945,144394
Educational services,"Some other race, female-owned",Personal/family savings of owner(s),738,36777
Educational services,"Some other race, female-owned",Personal/family assets other than savings of owner(s),10,S
Educational services,"Some other race, female-owned",Personal/family home equity loan,36,S
Educational services,"Some other race, female-owned",Personal credit card(s) carrying balances,128,11971
Educational services,"Some other race, female-owned",Business credit card(s) carrying balances,0,0
Educational services,"Some other race, female-owned","Business loan from federal, state, or local government",0,0
Educational services,"Some other race, female-owned",Government-guaranteed business loan from a bank or financial institution,0,0
Educational services,"Some other race, female-owned",Business loan from a bank or financial institution,71,S
Educational services,"Some other race, female-owned",Business loan/investment from family/friends,0,0
Educational services,"Some other race, female-owned",Investment by venture capitalist(s),0,0
Educational services,"Some other race, female-owned",Grants,0,0
Educational services,"Some other race, female-owned",Other source(s) of capital,72,S
Educational services,"Some other race, female-owned",Don't know,315,S
Educational services,"Some other race, female-owned",None needed,2046,12953
Educational services,"Some other race, female-owned",Total reporting,3218,65314
Educational services,"Some other race, female-owned",Item not reported,183,758
Educational services,"Some other race, male-owned",All firms,6091,204542
Educational services,"Some other race, male-owned",Personal/family savings of owner(s),1078,27600
Educational services,"Some other race, male-owned",Personal/family assets other than savings of owner(s),92,S
Educational services,"Some other race, male-owned",Personal/family home equity loan,0,0
Educational services,"Some other race, male-owned",Personal credit card(s) carrying balances,66,703
Educational services,"Some other race, male-owned",Business credit card(s) carrying balances,13,S
Educational services,"Some other race, male-owned","Business loan from federal, state, or local government",0,0
Educational services,"Some other race, male-owned",Government-guaranteed business loan from a bank or financial institution,13,S
Educational services,"Some other race, male-owned",Business loan from a bank or financial institution,60,S
Educational services,"Some other race, male-owned",Business loan/investment from family/friends,61,S
Educational services,"Some other race, male-owned",Investment by venture capitalist(s),7,S
Educational services,"Some other race, male-owned",Grants,61,S
Educational services,"Some other race, male-owned",Other source(s) of capital,128,S
Educational services,"Some other race, male-owned",Don't know,202,S
Educational services,"Some other race, male-owned",None needed,1333,S
Educational services,"Some other race, male-owned",Total reporting,2904,93812
Educational services,"Some other race, male-owned",Item not reported,104,S
Educational services,"Some other race, equally male-/female-owned",All firms,129,S
Educational services,"Some other race, equally male-/female-owned",Personal/family savings of owner(s),26,S
Educational services,"Some other race, equally male-/female-owned",Personal/family assets other than savings of owner(s),0,S
Educational services,"Some other race, equally male-/female-owned",Personal/family home equity loan,0,S
Educational services,"Some other race, equally male-/female-owned",Personal credit card(s) carrying balances,12,S
Educational services,"Some other race, equally male-/female-owned",Business credit card(s) carrying balances,0,S
Educational services,"Some other race, equally male-/female-owned","Business loan from federal, state, or local government",0,S
Educational services,"Some other race, equally male-/female-owned",Government-guaranteed business loan from a bank or financial institution,4,S
Educational services,"Some other race, equally male-/female-owned",Business loan from a bank or financial institution,0,S
Educational services,"Some other race, equally male-/female-owned",Business loan/investment from family/friends,4,S
Educational services,"Some other race, equally male-/female-owned",Investment by venture capitalist(s),0,S
Educational services,"Some other race, equally male-/female-owned",Grants,0,S
Educational services,"Some other race, equally male-/female-owned",Other source(s) of capital,0,S
Educational services,"Some other race, equally male-/female-owned",Don't know,0,S
Educational services,"Some other race, equally male-/female-owned",None needed,39,S
Educational services,"Some other race, equally male-/female-owned",Total reporting,64,S
Educational services,"Some other race, equally male-/female-owned",Item not reported,42,S
Educational services,Minority,All firms,167585,6874917
Educational services,Minority,Personal/family savings of owner(s),37796,2909064
Educational services,Minority,Personal/family assets other than savings of owner(s),2800,734280
Educational services,Minority,Personal/family home equity loan,1262,318004
Educational services,Minority,Personal credit card(s) carrying balances,5352,406993
Educational services,Minority,Business credit card(s) carrying balances,925,99425
Educational services,Minority,"Business loan from federal, state, or local government",9,S
Educational services,Minority,Government-guaranteed business loan from a bank or financial institution,224,78632
Educational services,Minority,Business loan from a bank or financial institution,942,197620
Educational services,Minority,Business loan/investment from family/friends,805,115889
Educational services,Minority,Investment by venture capitalist(s),146,S
Educational services,Minority,Grants,1279,22415
Educational services,Minority,Other source(s) of capital,1692,S
Educational services,Minority,Don't know,6917,730140
Educational services,Minority,None needed,39660,561992
Educational services,Minority,Total reporting,88970(r),4901274(r)
Educational services,Minority,Item not reported,3283(r),66832(r)
Educational services,"Minority, female-owned",All firms,104710,2657413
Educational services,"Minority, female-owned",Personal/family savings of owner(s),19837,929206
Educational services,"Minority, female-owned",Personal/family assets other than savings of owner(s),1155,85850
Educational services,"Minority, female-owned",Personal/family home equity loan,542,139409
Educational services,"Minority, female-owned",Personal credit card(s) carrying balances,2334,118926
Educational services,"Minority, female-owned",Business credit card(s) carrying balances,413,43767
Educational services,"Minority, female-owned","Business loan from federal, state, or local government",0,0
Educational services,"Minority, female-owned",Government-guaranteed business loan from a bank or financial institution,82,S
Educational services,"Minority, female-owned",Business loan from a bank or financial institution,388,63743
Educational services,"Minority, female-owned",Business loan/investment from family/friends,246,51136
Educational services,"Minority, female-owned",Investment by venture capitalist(s),58,S
Educational services,"Minority, female-owned",Grants,910,20650
Educational services,"Minority, female-owned",Other source(s) of capital,666,29493
Educational services,"Minority, female-owned",Don't know,3392,323868
Educational services,"Minority, female-owned",None needed,26387,255354
Educational services,"Minority, female-owned",Total reporting,51584(r),1686606(r)
Educational services,"Minority, female-owned",Item not reported,1978(r),23819(r)
Educational services,"Minority, male-owned",All firms,57285,3505537
Educational services,"Minority, male-owned",Personal/family savings of owner(s),15008,1645747
Educational services,"Minority, male-owned",Personal/family assets other than savings of owner(s),1247,S
Educational services,"Minority, male-owned",Personal/family home equity loan,448,96970
Educational services,"Minority, male-owned",Personal credit card(s) carrying balances,2711,220484
Educational services,"Minority, male-owned",Business credit card(s) carrying balances,373,51696
Educational services,"Minority, male-owned","Business loan from federal, state, or local government",9,S
Educational services,"Minority, male-owned",Government-guaranteed business loan from a bank or financial institution,93,35286
Educational services,"Minority, male-owned",Business loan from a bank or financial institution,449,100368
Educational services,"Minority, male-owned",Business loan/investment from family/friends,485,62743
Educational services,"Minority, male-owned",Investment by venture capitalist(s),88,S
Educational services,"Minority, male-owned",Grants,368,1765
Educational services,"Minority, male-owned",Other source(s) of capital,703,S
Educational services,"Minority, male-owned",Don't know,3282,353288
Educational services,"Minority, male-owned",None needed,12711,298874
Educational services,"Minority, male-owned",Total reporting,33345(r),2806332(r)
Educational services,"Minority, male-owned",Item not reported,1195(r),23637(r)
Educational services,"Minority, equally male-/female-owned",All firms,5591,711967
Educational services,"Minority, equally male-/female-owned",Personal/family savings of owner(s),2951,334111
Educational services,"Minority, equally male-/female-owned",Personal/family assets other than savings of owner(s),397,106977
Educational services,"Minority, equally male-/female-owned",Personal/family home equity loan,272,81624
Educational services,"Minority, equally male-/female-owned",Personal credit card(s) carrying balances,307,67583
Educational services,"Minority, equally male-/female-owned",Business credit card(s) carrying balances,139,3962
Educational services,"Minority, equally male-/female-owned","Business loan from federal, state, or local government",0,0
Educational services,"Minority, equally male-/female-owned",Government-guaranteed business loan from a bank or financial institution,49,S
Educational services,"Minority, equally male-/female-owned",Business loan from a bank or financial institution,105,S
Educational services,"Minority, equally male-/female-owned",Business loan/investment from family/friends,73,S
Educational services,"Minority, equally male-/female-owned",Investment by venture capitalist(s),0,0
Educational services,"Minority, equally male-/female-owned",Grants,0,0
Educational services,"Minority, equally male-/female-owned",Other source(s) of capital,323,19085
Educational services,"Minority, equally male-/female-owned",Don't know,243,S
Educational services,"Minority, equally male-/female-owned",None needed,562,7763
Educational services,"Minority, equally male-/female-owned",Total reporting,4041(r),408335(r)
Educational services,"Minority, equally male-/female-owned",Item not reported,110(r),S
Educational services,Equally minority/nonminority,All firms,5062,807192
Educational services,Equally minority/nonminority,Personal/family savings of owner(s),2679,309986
Educational services,Equally minority/nonminority,Personal/family assets other than savings of owner(s),249,21028
Educational services,Equally minority/nonminority,Personal/family home equity loan,99,47050
Educational services,Equally minority/nonminority,Personal credit card(s) carrying balances,444,58036
Educational services,Equally minority/nonminority,Business credit card(s) carrying balances,351,22167
Educational services,Equally minority/nonminority,"Business loan from federal, state, or local government",64,S
Educational services,Equally minority/nonminority,Government-guaranteed business loan from a bank or financial institution,15,S
Educational services,Equally minority/nonminority,Business loan from a bank or financial institution,117,S
Educational services,Equally minority/nonminority,Business loan/investment from family/friends,135,S
Educational services,Equally minority/nonminority,Investment by venture capitalist(s),0,0
Educational services,Equally minority/nonminority,Grants,9,S
Educational services,Equally minority/nonminority,Other source(s) of capital,84,924
Educational services,Equally minority/nonminority,Don't know,35,41678
Educational services,Equally minority/nonminority,None needed,780,18259
Educational services,Equally minority/nonminority,Total reporting,3913,473526
Educational services,Equally minority/nonminority,Item not reported,24,S
Educational services,"Equally minority/nonminority, female-owned",All firms,329,111054
Educational services,"Equally minority/nonminority, female-owned",Personal/family savings of owner(s),255,36251
Educational services,"Equally minority/nonminority, female-owned",Personal/family assets other than savings of owner(s),12,S
Educational services,"Equally minority/nonminority, female-owned",Personal/family home equity loan,0,0
Educational services,"Equally minority/nonminority, female-owned",Personal credit card(s) carrying balances,2,S
Educational services,"Equally minority/nonminority, female-owned",Business credit card(s) carrying balances,63,S
Educational services,"Equally minority/nonminority, female-owned","Business loan from federal, state, or local government",0,0
Educational services,"Equally minority/nonminority, female-owned",Government-guaranteed business loan from a bank or financial institution,2,S
Educational services,"Equally minority/nonminority, female-owned",Business loan from a bank or financial institution,2,S
Educational services,"Equally minority/nonminority, female-owned",Business loan/investment from family/friends,2,S
Educational services,"Equally minority/nonminority, female-owned",Investment by venture capitalist(s),0,0
Educational services,"Equally minority/nonminority, female-owned",Grants,0,0
Educational services,"Equally minority/nonminority, female-owned",Other source(s) of capital,0,0
Educational services,"Equally minority/nonminority, female-owned",Don't know,0,0
Educational services,"Equally minority/nonminority, female-owned",None needed,63,S
Educational services,"Equally minority/nonminority, female-owned",Total reporting,320,37890
Educational services,"Equally minority/nonminority, female-owned",Item not reported,0,0
Educational services,"Equally minority/nonminority, male-owned",All firms,307,187818
Educational services,"Equally minority/nonminority, male-owned",Personal/family savings of owner(s),47,17322
Educational services,"Equally minority/nonminority, male-owned",Personal/family assets other than savings of owner(s),0,0
Educational services,"Equally minority/nonminority, male-owned",Personal/family home equity loan,10,S
Educational services,"Equally minority/nonminority, male-owned",Personal credit card(s) carrying balances,38,S
Educational services,"Equally minority/nonminority, male-owned",Business credit card(s) carrying balances,2,S
Educational services,"Equally minority/nonminority, male-owned","Business loan from federal, state, or local government",0,0
Educational services,"Equally minority/nonminority, male-owned",Government-guaranteed business loan from a bank or financial institution,2,S
Educational services,"Equally minority/nonminority, male-owned",Business loan from a bank or financial institution,2,S
Educational services,"Equally minority/nonminority, male-owned",Business loan/investment from family/friends,0,0
Educational services,"Equally minority/nonminority, male-owned",Investment by venture capitalist(s),0,0
Educational services,"Equally minority/nonminority, male-owned",Grants,9,S
Educational services,"Equally minority/nonminority, male-owned",Other source(s) of capital,2,S
Educational services,"Equally minority/nonminority, male-owned",Don't know,2,S
Educational services,"Equally minority/nonminority, male-owned",None needed,0,0
Educational services,"Equally minority/nonminority, male-owned",Total reporting,94,62226
Educational services,"Equally minority/nonminority, male-owned",Item not reported,0,0
Educational services,"Equally minority/nonminority, equally male-/female-owned",All firms,4425,508320
Educational services,"Equally minority/nonminority, equally male-/female-owned",Personal/family savings of owner(s),2377,256414
Educational services,"Equally minority/nonminority, equally male-/female-owned",Personal/family assets other than savings of owner(s),237,15732
Educational services,"Equally minority/nonminority, equally male-/female-owned",Personal/family home equity loan,89,S
Educational services,"Equally minority/nonminority, equally male-/female-owned",Personal credit card(s) carrying balances,404,25041
Educational services,"Equally minority/nonminority, equally male-/female-owned",Business credit card(s) carrying balances,286,18211
Educational services,"Equally minority/nonminority, equally male-/female-owned","Business loan from federal, state, or local government",64,S
Educational services,"Equally minority/nonminority, equally male-/female-owned",Government-guaranteed business loan from a bank or financial institution,11,S
Educational services,"Equally minority/nonminority, equally male-/female-owned",Business loan from a bank or financial institution,113,S
Educational services,"Equally minority/nonminority, equally male-/female-owned",Business loan/investment from family/friends,133,S
Educational services,"Equally minority/nonminority, equally male-/female-owned",Investment by venture capitalist(s),0,0
Educational services,"Equally minority/nonminority, equally male-/female-owned",Grants,0,0
Educational services,"Equally minority/nonminority, equally male-/female-owned",Other source(s) of capital,82,S
Educational services,"Equally minority/nonminority, equally male-/female-owned",Don't know,33,39637
Educational services,"Equally minority/nonminority, equally male-/female-owned",None needed,717,17378
Educational services,"Equally minority/nonminority, equally male-/female-owned",Total reporting,3499,373410
Educational services,"Equally minority/nonminority, equally male-/female-owned",Item not reported,24,S
Educational services,Nonminority,All firms,471643,42483410
Educational services,Nonminority,Personal/family savings of owner(s),150688,16189305
Educational services,Nonminority,Personal/family assets other than savings of owner(s),13145,2460056
Educational services,Nonminority,Personal/family home equity loan,4798,1602183
Educational services,Nonminority,Personal credit card(s) carrying balances,17940,2553694
Educational services,Nonminority,Business credit card(s) carrying balances,4784,937645
Educational services,Nonminority,"Business loan from federal, state, or local government",282,25443
Educational services,Nonminority,Government-guaranteed business loan from a bank or financial institution,1251,639196
Educational services,Nonminority,Business loan from a bank or financial institution,6282,2753022
Educational services,Nonminority,Business loan/investment from family/friends,2929,1174651
Educational services,Nonminority,Investment by venture capitalist(s),397,380846
Educational services,Nonminority,Grants,2894,69445
Educational services,Nonminority,Other source(s) of capital,4018,723821
Educational services,Nonminority,Don't know,17368,5501908
Educational services,Nonminority,None needed,180976,3247020
Educational services,Nonminority,Total reporting,367278(r),27996070(r)
Educational services,Nonminority,Item not reported,6508(r),411680(r)
Educational services,"Nonminority, female-owned",All firms,261523,11399211
Educational services,"Nonminority, female-owned",Personal/family savings of owner(s),77006,5261568
Educational services,"Nonminority, female-owned",Personal/family assets other than savings of owner(s),6297,596109
Educational services,"Nonminority, female-owned",Personal/family home equity loan,1982,652176
Educational services,"Nonminority, female-owned",Personal credit card(s) carrying balances,8631,698037
Educational services,"Nonminority, female-owned",Business credit card(s) carrying balances,1582,392445
Educational services,"Nonminority, female-owned","Business loan from federal, state, or local government",145,4334
Educational services,"Nonminority, female-owned",Government-guaranteed business loan from a bank or financial institution,512,179867
Educational services,"Nonminority, female-owned",Business loan from a bank or financial institution,2798,841169
Educational services,"Nonminority, female-owned",Business loan/investment from family/friends,1320,476747
Educational services,"Nonminority, female-owned",Investment by venture capitalist(s),91,S
Educational services,"Nonminority, female-owned",Grants,1749,20090
Educational services,"Nonminority, female-owned",Other source(s) of capital,1909,157644
Educational services,"Nonminority, female-owned",Don't know,8806,1022867
Educational services,"Nonminority, female-owned",None needed,112018,1459955
Educational services,"Nonminority, female-owned",Total reporting,208170(r),8684956(r)
Educational services,"Nonminority, female-owned",Item not reported,4538(r),98469(r)
Educational services,"Nonminority, male-owned",All firms,182018,25729722
Educational services,"Nonminority, male-owned",Personal/family savings of owner(s),58775,8842955
Educational services,"Nonminority, male-owned",Personal/family assets other than savings of owner(s),4897,1569770
Educational services,"Nonminority, male-owned",Personal/family home equity loan,1934,769784
Educational services,"Nonminority, male-owned",Personal credit card(s) carrying balances,6881,1519649
Educational services,"Nonminority, male-owned",Business credit card(s) carrying balances,2167,399905
Educational services,"Nonminority, male-owned","Business loan from federal, state, or local government",59,S
Educational services,"Nonminority, male-owned",Government-guaranteed business loan from a bank or financial institution,367,270905
Educational services,"Nonminority, male-owned",Business loan from a bank or financial institution,1872,1453816
Educational services,"Nonminority, male-owned",Business loan/investment from family/friends,933,525279
Educational services,"Nonminority, male-owned",Investment by venture capitalist(s),254,210182
Educational services,"Nonminority, male-owned",Grants,1007,36010
Educational services,"Nonminority, male-owned",Other source(s) of capital,1671,489706
Educational services,"Nonminority, male-owned",Don't know,7718,4011172
Educational services,"Nonminority, male-owned",None needed,62925,1596224
Educational services,"Nonminority, male-owned",Total reporting,134873(r),16225621(r)
Educational services,"Nonminority, male-owned",Item not reported,1918(r),308355(r)
Educational services,"Nonminority, equally male-/female-owned",All firms,28102,5354477
Educational services,"Nonminority, equally male-/female-owned",Personal/family savings of owner(s),14907,2084782
Educational services,"Nonminority, equally male-/female-owned",Personal/family assets other than savings of owner(s),1951,294177
Educational services,"Nonminority, equally male-/female-owned",Personal/family home equity loan,882,180224
Educational services,"Nonminority, equally male-/female-owned",Personal credit card(s) carrying balances,2428,336008
Educational services,"Nonminority, equally male-/female-owned",Business credit card(s) carrying balances,1035,145295
Educational services,"Nonminority, equally male-/female-owned","Business loan from federal, state, or local government",77,20324
Educational services,"Nonminority, equally male-/female-owned",Government-guaranteed business loan from a bank or financial institution,372,188424
Educational services,"Nonminority, equally male-/female-owned",Business loan from a bank or financial institution,1611,458037
Educational services,"Nonminority, equally male-/female-owned",Business loan/investment from family/friends,676,172625
Educational services,"Nonminority, equally male-/female-owned",Investment by venture capitalist(s),51,S
Educational services,"Nonminority, equally male-/female-owned",Grants,138,S
Educational services,"Nonminority, equally male-/female-owned",Other source(s) of capital,438,76471
Educational services,"Nonminority, equally male-/female-owned",Don't know,844,467869
Educational services,"Nonminority, equally male-/female-owned",None needed,6033,190842
Educational services,"Nonminority, equally male-/female-owned",Total reporting,24234(r),3085493(r)
Educational services,"Nonminority, equally male-/female-owned",Item not reported,52(r),S
Educational services,Veteran,All firms,45226,5744659
Educational services,Veteran,Personal/family savings of owner(s),12533,1705534
Educational services,Veteran,Personal/family assets other than savings of owner(s),1169,435348
Educational services,Veteran,Personal/family home equity loan,258,S
Educational services,Veteran,Personal credit card(s) carrying balances,2293,194242
Educational services,Veteran,Business credit card(s) carrying balances,696,S
Educational services,Veteran,"Business loan from federal, state, or local government",2,S
Educational services,Veteran,Government-guaranteed business loan from a bank or financial institution,17,S
Educational services,Veteran,Business loan from a bank or financial institution,438,397678
Educational services,Veteran,Business loan/investment from family/friends,136,S
Educational services,Veteran,Investment by venture capitalist(s),4,S
Educational services,Veteran,Grants,222,S
Educational services,Veteran,Other source(s) of capital,468,57369
Educational services,Veteran,Don't know,934,312152
Educational services,Veteran,None needed,11293,391966
Educational services,Veteran,Total reporting,26360(r),2699303(r)
Educational services,Veteran,Item not reported,902(r),8545(r)
Educational services,"Veteran, female-owned",All firms,11657,194859
Educational services,"Veteran, female-owned",Personal/family savings of owner(s),872,S
Educational services,"Veteran, female-owned",Personal/family assets other than savings of owner(s),72,S
Educational services,"Veteran, female-owned",Personal/family home equity loan,0,0
Educational services,"Veteran, female-owned",Personal credit card(s) carrying balances,213,S
Educational services,"Veteran, female-owned",Business credit card(s) carrying balances,63,S
Educational services,"Veteran, female-owned","Business loan from federal, state, or local government",0,0
Educational services,"Veteran, female-owned",Government-guaranteed business loan from a bank or financial institution,0,0
Educational services,"Veteran, female-owned",Business loan from a bank or financial institution,0,0
Educational services,"Veteran, female-owned",Business loan/investment from family/friends,0,0
Educational services,"Veteran, female-owned",Investment by venture capitalist(s),0,0
Educational services,"Veteran, female-owned",Grants,122,S
Educational services,"Veteran, female-owned",Other source(s) of capital,183,S
Educational services,"Veteran, female-owned",Don't know,119,S
Educational services,"Veteran, female-owned",None needed,1274,16836
Educational services,"Veteran, female-owned",Total reporting,2468,52007
Educational services,"Veteran, female-owned",Item not reported,225,1345
Educational services,"Veteran, male-owned",All firms,33340,5517149
Educational services,"Veteran, male-owned",Personal/family savings of owner(s),11543,1675615
Educational services,"Veteran, male-owned",Personal/family assets other than savings of owner(s),1030,434302
Educational services,"Veteran, male-owned",Personal/family home equity loan,252,S
Educational services,"Veteran, male-owned",Personal credit card(s) carrying balances,2065,189576
Educational services,"Veteran, male-owned",Business credit card(s) carrying balances,629,S
Educational services,"Veteran, male-owned","Business loan from federal, state, or local government",2,S
Educational services,"Veteran, male-owned",Government-guaranteed business loan from a bank or financial institution,7,S
Educational services,"Veteran, male-owned",Business loan from a bank or financial institution,373,396429
Educational services,"Veteran, male-owned",Business loan/investment from family/friends,136,S
Educational services,"Veteran, male-owned",Investment by venture capitalist(s),4,S
Educational services,"Veteran, male-owned",Grants,99,S
Educational services,"Veteran, male-owned",Other source(s) of capital,285,57003
Educational services,"Veteran, male-owned",Don't know,813,286931
Educational services,"Veteran, male-owned",None needed,10019,375131
Educational services,"Veteran, male-owned",Total reporting,23711(r),2625298(r)
Educational services,"Veteran, male-owned",Item not reported,676(r),7200(r)
Educational services,"Veteran, equally male-/female-owned",All firms,230,32651
Educational services,"Veteran, equally male-/female-owned",Personal/family savings of owner(s),118,4242
Educational services,"Veteran, equally male-/female-owned",Personal/family assets other than savings of owner(s),67,S
Educational services,"Veteran, equally male-/female-owned",Personal/family home equity loan,6,S
Educational services,"Veteran, equally male-/female-owned",Personal credit card(s) carrying balances,15,S
Educational services,"Veteran, equally male-/female-owned",Business credit card(s) carrying balances,4,S
Educational services,"Veteran, equally male-/female-owned","Business loan from federal, state, or local government",0,0
Educational services,"Veteran, equally male-/female-owned",Government-guaranteed business loan from a bank or financial institution,9,S
Educational services,"Veteran, equally male-/female-owned",Business loan from a bank or financial institution,65,S
Educational services,"Veteran, equally male-/female-owned",Business loan/investment from family/friends,0,0
Educational services,"Veteran, equally male-/female-owned",Investment by venture capitalist(s),0,0
Educational services,"Veteran, equally male-/female-owned",Grants,0,0
Educational services,"Veteran, equally male-/female-owned",Other source(s) of capital,0,0
Educational services,"Veteran, equally male-/female-owned",Don't know,2,S
Educational services,"Veteran, equally male-/female-owned",None needed,0,0
Educational services,"Veteran, equally male-/female-owned",Total reporting,181,S
Educational services,"Veteran, equally male-/female-owned",Item not reported,0,0
Educational services,"Veteran, Hispanic",All firms,3050,378590
Educational services,"Veteran, Hispanic",Personal/family savings of owner(s),632,S
Educational services,"Veteran, Hispanic",Personal/family assets other than savings of owner(s),22,S
Educational services,"Veteran, Hispanic",Personal/family home equity loan,0,0
Educational services,"Veteran, Hispanic",Personal credit card(s) carrying balances,92,S
Educational services,"Veteran, Hispanic",Business credit card(s) carrying balances,10,S
Educational services,"Veteran, Hispanic","Business loan from federal, state, or local government",0,0
Educational services,"Veteran, Hispanic",Government-guaranteed business loan from a bank or financial institution,9,S
Educational services,"Veteran, Hispanic",Business loan from a bank or financial institution,2,S
Educational services,"Veteran, Hispanic",Business loan/investment from family/friends,71,S
Educational services,"Veteran, Hispanic",Investment by venture capitalist(s),0,0
Educational services,"Veteran, Hispanic",Grants,0,0
Educational services,"Veteran, Hispanic",Other source(s) of capital,10,S
Educational services,"Veteran, Hispanic",Don't know,177,S
Educational services,"Veteran, Hispanic",None needed,119,947
Educational services,"Veteran, Hispanic",Total reporting,1023,S
Educational services,"Veteran, Hispanic",Item not reported,60,S
Educational services,"Veteran, equally Hispanic/non-Hispanic",All firms,58,S
Educational services,"Veteran, equally Hispanic/non-Hispanic",Personal/family savings of owner(s),61,S
Educational services,"Veteran, equally Hispanic/non-Hispanic",Personal/family assets other than savings of owner(s),0,S
Educational services,"Veteran, equally Hispanic/non-Hispanic",Personal/family home equity loan,0,S
Educational services,"Veteran, equally Hispanic/non-Hispanic",Personal credit card(s) carrying balances,0,S
Educational services,"Veteran, equally Hispanic/non-Hispanic",Business credit card(s) carrying balances,0,S
Educational services,"Veteran, equally Hispanic/non-Hispanic","Business loan from federal, state, or local government",0,S
Educational services,"Veteran, equally Hispanic/non-Hispanic",Government-guaranteed business loan from a bank or financial institution,0,S
Educational services,"Veteran, equally Hispanic/non-Hispanic",Business loan from a bank or financial institution,0,S
Educational services,"Veteran, equally Hispanic/non-Hispanic",Business loan/investment from family/friends,0,S
Educational services,"Veteran, equally Hispanic/non-Hispanic",Investment by venture capitalist(s),0,S
Educational services,"Veteran, equally Hispanic/non-Hispanic",Grants,0,S
Educational services,"Veteran, equally Hispanic/non-Hispanic",Other source(s) of capital,0,S
Educational services,"Veteran, equally Hispanic/non-Hispanic",Don't know,0,S
Educational services,"Veteran, equally Hispanic/non-Hispanic",None needed,0,S
Educational services,"Veteran, equally Hispanic/non-Hispanic",Total reporting,61,S
Educational services,"Veteran, equally Hispanic/non-Hispanic",Item not reported,0,S
Educational services,"Veteran, non-Hispanic",All firms,42118,5364278
Educational services,"Veteran, non-Hispanic",Personal/family savings of owner(s),11839,1242211
Educational services,"Veteran, non-Hispanic",Personal/family assets other than savings of owner(s),1147,433530
Educational services,"Veteran, non-Hispanic",Personal/family home equity loan,258,S
Educational services,"Veteran, non-Hispanic",Personal credit card(s) carrying balances,2201,189303
Educational services,"Veteran, non-Hispanic",Business credit card(s) carrying balances,686,S
Educational services,"Veteran, non-Hispanic","Business loan from federal, state, or local government",2,S
Educational services,"Veteran, non-Hispanic",Government-guaranteed business loan from a bank or financial institution,7,S
Educational services,"Veteran, non-Hispanic",Business loan from a bank or financial institution,436,395791
Educational services,"Veteran, non-Hispanic",Business loan/investment from family/friends,66,S
Educational services,"Veteran, non-Hispanic",Investment by venture capitalist(s),4,S
Educational services,"Veteran, non-Hispanic",Grants,222,S
Educational services,"Veteran, non-Hispanic",Other source(s) of capital,458,55961
Educational services,"Veteran, non-Hispanic",Don't know,757,310791
Educational services,"Veteran, non-Hispanic",None needed,11175,391019
Educational services,"Veteran, non-Hispanic",Total reporting,25275(r),2227779(r)
Educational services,"Veteran, non-Hispanic",Item not reported,841(r),6539(r)
Educational services,"Veteran, White",All firms,36858,5507142
Educational services,"Veteran, White",Personal/family savings of owner(s),10857,1667447
Educational services,"Veteran, White",Personal/family assets other than savings of owner(s),1027,428941
Educational services,"Veteran, White",Personal/family home equity loan,247,S
Educational services,"Veteran, White",Personal credit card(s) carrying balances,1837,189543
Educational services,"Veteran, White",Business credit card(s) carrying balances,488,S
Educational services,"Veteran, White","Business loan from federal, state, or local government",0,0
Educational services,"Veteran, White",Government-guaranteed business loan from a bank or financial institution,17,S
Educational services,"Veteran, White",Business loan from a bank or financial institution,374,396848
Educational services,"Veteran, White",Business loan/investment from family/friends,136,S
Educational services,"Veteran, White",Investment by venture capitalist(s),4,S
Educational services,"Veteran, White",Grants,161,S
Educational services,"Veteran, White",Other source(s) of capital,405,57150
Educational services,"Veteran, White",Don't know,810,297582
Educational services,"Veteran, White",None needed,10569,357638
Educational services,"Veteran, White",Total reporting,23449(r),2604180(r)
Educational services,"Veteran, White",Item not reported,501(r),7099(r)
Educational services,"Veteran, Black or African American",All firms,6531,194835
Educational services,"Veteran, Black or African American",Personal/family savings of owner(s),1282,24303
Educational services,"Veteran, Black or African American",Personal/family assets other than savings of owner(s),132,S
Educational services,"Veteran, Black or African American",Personal/family home equity loan,9,S
Educational services,"Veteran, Black or African American",Personal credit card(s) carrying balances,445,2969
Educational services,"Veteran, Black or African American",Business credit card(s) carrying balances,184,4504
Educational services,"Veteran, Black or African American","Business loan from federal, state, or local government",2,S
Educational services,"Veteran, Black or African American",Government-guaranteed business loan from a bank or financial institution,0,0
Educational services,"Veteran, Black or African American",Business loan from a bank or financial institution,60,S
Educational services,"Veteran, Black or African American",Business loan/investment from family/friends,0,0
Educational services,"Veteran, Black or African American",Investment by venture capitalist(s),0,0
Educational services,"Veteran, Black or African American",Grants,61,S
Educational services,"Veteran, Black or African American",Other source(s) of capital,63,S
Educational services,"Veteran, Black or African American",Don't know,75,14589
Educational services,"Veteran, Black or African American",None needed,558,S
Educational services,"Veteran, Black or African American",Total reporting,2296(r),79627(r)
Educational services,"Veteran, Black or African American",Item not reported,328(r),1350(r)
Educational services,"Veteran, American Indian and Alaska Native",All firms,797,14068
Educational services,"Veteran, American Indian and Alaska Native",Personal/family savings of owner(s),281,7094
Educational services,"Veteran, American Indian and Alaska Native",Personal/family assets other than savings of owner(s),19,S
Educational services,"Veteran, American Indian and Alaska Native",Personal/family home equity loan,0,0
Educational services,"Veteran, American Indian and Alaska Native",Personal credit card(s) carrying balances,78,S
Educational services,"Veteran, American Indian and Alaska Native",Business credit card(s) carrying balances,12,S
Educational services,"Veteran, American Indian and Alaska Native","Business loan from federal, state, or local government",0,0
Educational services,"Veteran, American Indian and Alaska Native",Government-guaranteed business loan from a bank or financial institution,0,0
Educational services,"Veteran, American Indian and Alaska Native",Business loan from a bank or financial institution,2,S
Educational services,"Veteran, American Indian and Alaska Native",Business loan/investment from family/friends,0,0
Educational services,"Veteran, American Indian and Alaska Native",Investment by venture capitalist(s),0,0
Educational services,"Veteran, American Indian and Alaska Native",Grants,0,0
Educational services,"Veteran, American Indian and Alaska Native",Other source(s) of capital,0,0
Educational services,"Veteran, American Indian and Alaska Native",Don't know,8,S
Educational services,"Veteran, American Indian and Alaska Native",None needed,64,542
Educational services,"Veteran, American Indian and Alaska Native",Total reporting,376,7936
Educational services,"Veteran, American Indian and Alaska Native",Item not reported,73,S
Educational services,"Veteran, Asian",All firms,1130,16255
Educational services,"Veteran, Asian",Personal/family savings of owner(s),133,9792
Educational services,"Veteran, Asian",Personal/family assets other than savings of owner(s),12,S
Educational services,"Veteran, Asian",Personal/family home equity loan,0,0
Educational services,"Veteran, Asian",Personal credit card(s) carrying balances,9,S
Educational services,"Veteran, Asian",Business credit card(s) carrying balances,9,S
Educational services,"Veteran, Asian","Business loan from federal, state, or local government",0,0
Educational services,"Veteran, Asian",Government-guaranteed business loan from a bank or financial institution,0,0
Educational services,"Veteran, Asian",Business loan from a bank or financial institution,14,S
Educational services,"Veteran, Asian",Business loan/investment from family/friends,0,0
Educational services,"Veteran, Asian",Investment by venture capitalist(s),0,0
Educational services,"Veteran, Asian",Grants,0,0
Educational services,"Veteran, Asian",Other source(s) of capital,0,0
Educational services,"Veteran, Asian",Don't know,39,S
Educational services,"Veteran, Asian",None needed,245,S
Educational services,"Veteran, Asian",Total reporting,419,11798
Educational services,"Veteran, Asian",Item not reported,0,0
Educational services,"Veteran, Native Hawaiian and Other Pacific Islander",All firms,154,2733
Educational services,"Veteran, Native Hawaiian and Other Pacific Islander",Personal/family savings of owner(s),20,S
Educational services,"Veteran, Native Hawaiian and Other Pacific Islander",Personal/family assets other than savings of owner(s),0,0
Educational services,"Veteran, Native Hawaiian and Other Pacific Islander",Personal/family home equity loan,0,0
Educational services,"Veteran, Native Hawaiian and Other Pacific Islander",Personal credit card(s) carrying balances,0,0
Educational services,"Veteran, Native Hawaiian and Other Pacific Islander",Business credit card(s) carrying balances,0,0
Educational services,"Veteran, Native Hawaiian and Other Pacific Islander","Business loan from federal, state, or local government",0,0
Educational services,"Veteran, Native Hawaiian and Other Pacific Islander",Government-guaranteed business loan from a bank or financial institution,0,0
Educational services,"Veteran, Native Hawaiian and Other Pacific Islander",Business loan from a bank or financial institution,0,0
Educational services,"Veteran, Native Hawaiian and Other Pacific Islander",Business loan/investment from family/friends,0,0
Educational services,"Veteran, Native Hawaiian and Other Pacific Islander",Investment by venture capitalist(s),0,0
Educational services,"Veteran, Native Hawaiian and Other Pacific Islander",Grants,0,0
Educational services,"Veteran, Native Hawaiian and Other Pacific Islander",Other source(s) of capital,0,0
Educational services,"Veteran, Native Hawaiian and Other Pacific Islander",Don't know,0,0
Educational services,"Veteran, Native Hawaiian and Other Pacific Islander",None needed,6,S
Educational services,"Veteran, Native Hawaiian and Other Pacific Islander",Total reporting,26,S
Educational services,"Veteran, Native Hawaiian and Other Pacific Islander",Item not reported,0,0
Educational services,"Veteran, some other race",All firms,853,21703
Educational services,"Veteran, some other race",Personal/family savings of owner(s),134,S
Educational services,"Veteran, some other race",Personal/family assets other than savings of owner(s),0,0
Educational services,"Veteran, some other race",Personal/family home equity loan,0,0
Educational services,"Veteran, some other race",Personal credit card(s) carrying balances,0,0
Educational services,"Veteran, some other race",Business credit card(s) carrying balances,0,0
Educational services,"Veteran, some other race","Business loan from federal, state, or local government",0,0
Educational services,"Veteran, some other race",Government-guaranteed business loan from a bank or financial institution,0,0
Educational services,"Veteran, some other race",Business loan from a bank or financial institution,0,0
Educational services,"Veteran, some other race",Business loan/investment from family/friends,0,0
Educational services,"Veteran, some other race",Investment by venture capitalist(s),0,0
Educational services,"Veteran, some other race",Grants,0,0
Educational services,"Veteran, some other race",Other source(s) of capital,0,0
Educational services,"Veteran, some other race",Don't know,17,S
Educational services,"Veteran, some other race",None needed,7,S
Educational services,"Veteran, some other race",Total reporting,158,1823
Educational services,"Veteran, some other race",Item not reported,0,0
Educational services,"Veteran, minority",All firms,11233,603047
Educational services,"Veteran, minority",Personal/family savings of owner(s),2252,S
Educational services,"Veteran, minority",Personal/family assets other than savings of owner(s),185,S
Educational services,"Veteran, minority",Personal/family home equity loan,9,S
Educational services,"Veteran, minority",Personal credit card(s) carrying balances,613,11463
Educational services,"Veteran, minority",Business credit card(s) carrying balances,215,6583
Educational services,"Veteran, minority","Business loan from federal, state, or local government",2,S
Educational services,"Veteran, minority",Government-guaranteed business loan from a bank or financial institution,9,S
Educational services,"Veteran, minority",Business loan from a bank or financial institution,78,S
Educational services,"Veteran, minority",Business loan/investment from family/friends,71,S
Educational services,"Veteran, minority",Investment by venture capitalist(s),0,0
Educational services,"Veteran, minority",Grants,61,S
Educational services,"Veteran, minority",Other source(s) of capital,73,S
Educational services,"Veteran, minority",Don't know,291,15989
Educational services,"Veteran, minority",None needed,980,S
Educational services,"Veteran, minority",Total reporting,4014(r),S
Educational services,"Veteran, minority",Item not reported,436(r),S
Educational services,"Veteran, equally minority/nonminority",All firms,89,S
Educational services,"Veteran, equally minority/nonminority",Personal/family savings of owner(s),90,S
Educational services,"Veteran, equally minority/nonminority",Personal/family assets other than savings of owner(s),0,S
Educational services,"Veteran, equally minority/nonminority",Personal/family home equity loan,2,S
Educational services,"Veteran, equally minority/nonminority",Personal credit card(s) carrying balances,0,S
Educational services,"Veteran, equally minority/nonminority",Business credit card(s) carrying balances,2,S
Educational services,"Veteran, equally minority/nonminority","Business loan from federal, state, or local government",0,S
Educational services,"Veteran, equally minority/nonminority",Government-guaranteed business loan from a bank or financial institution,0,S
Educational services,"Veteran, equally minority/nonminority",Business loan from a bank or financial institution,0,S
Educational services,"Veteran, equally minority/nonminority",Business loan/investment from family/friends,0,S
Educational services,"Veteran, equally minority/nonminority",Investment by venture capitalist(s),0,S
Educational services,"Veteran, equally minority/nonminority",Grants,0,S
Educational services,"Veteran, equally minority/nonminority",Other source(s) of capital,0,S
Educational services,"Veteran, equally minority/nonminority",Don't know,0,S
Educational services,"Veteran, equally minority/nonminority",None needed,0,S
Educational services,"Veteran, equally minority/nonminority",Total reporting,90,S
Educational services,"Veteran, equally minority/nonminority",Item not reported,0,S
Educational services,"Veteran, nonminority",All firms,33904,5136512
Educational services,"Veteran, nonminority",Personal/family savings of owner(s),10191,1198028
Educational services,"Veteran, nonminority",Personal/family assets other than savings of owner(s),984,422571
Educational services,"Veteran, nonminority",Personal/family home equity loan,247,S
Educational services,"Veteran, nonminority",Personal credit card(s) carrying balances,1681,182779
Educational services,"Veteran, nonminority",Business credit card(s) carrying balances,478,S
Educational services,"Veteran, nonminority","Business loan from federal, state, or local government",0,0
Educational services,"Veteran, nonminority",Government-guaranteed business loan from a bank or financial institution,7,S
Educational services,"Veteran, nonminority",Business loan from a bank or financial institution,360,390463
Educational services,"Veteran, nonminority",Business loan/investment from family/friends,66,S
Educational services,"Veteran, nonminority",Investment by venture capitalist(s),4,S
Educational services,"Veteran, nonminority",Grants,161,S
Educational services,"Veteran, nonminority",Other source(s) of capital,395,55742
Educational services,"Veteran, nonminority",Don't know,643,296163
Educational services,"Veteran, nonminority",None needed,10313,355787
Educational services,"Veteran, nonminority",Total reporting,22256(r),2125541(r)
Educational services,"Veteran, nonminority",Item not reported,466(r),5118(r)
Educational services,Equally veteran/nonveteran,All firms,7001,1072734
Educational services,Equally veteran/nonveteran,Personal/family savings of owner(s),3848,502601
Educational services,Equally veteran/nonveteran,Personal/family assets other than savings of owner(s),546,69185
Educational services,Equally veteran/nonveteran,Personal/family home equity loan,409,68897
Educational services,Equally veteran/nonveteran,Personal credit card(s) carrying balances,856,124524
Educational services,Equally veteran/nonveteran,Business credit card(s) carrying balances,464,45588
Educational services,Equally veteran/nonveteran,"Business loan from federal, state, or local government",13,S
Educational services,Equally veteran/nonveteran,Government-guaranteed business loan from a bank or financial institution,128,23969
Educational services,Equally veteran/nonveteran,Business loan from a bank or financial institution,559,83240
Educational services,Equally veteran/nonveteran,Business loan/investment from family/friends,100,12642
Educational services,Equally veteran/nonveteran,Investment by venture capitalist(s),15,S
Educational services,Equally veteran/nonveteran,Grants,11,S
Educational services,Equally veteran/nonveteran,Other source(s) of capital,198,48110
Educational services,Equally veteran/nonveteran,Don't know,213,S
Educational services,Equally veteran/nonveteran,None needed,1387,22065
Educational services,Equally veteran/nonveteran,Total reporting,6345(r),682252(r)
Educational services,Equally veteran/nonveteran,Item not reported,60(r),S
Educational services,"Equally veteran/nonveteran, female-owned",All firms,64,22140
Educational services,"Equally veteran/nonveteran, female-owned",Personal/family savings of owner(s),32,S
Educational services,"Equally veteran/nonveteran, female-owned",Personal/family assets other than savings of owner(s),0,0
Educational services,"Equally veteran/nonveteran, female-owned",Personal/family home equity loan,0,0
Educational services,"Equally veteran/nonveteran, female-owned",Personal credit card(s) carrying balances,2,S
Educational services,"Equally veteran/nonveteran, female-owned",Business credit card(s) carrying balances,0,0
Educational services,"Equally veteran/nonveteran, female-owned","Business loan from federal, state, or local government",0,0
Educational services,"Equally veteran/nonveteran, female-owned",Government-guaranteed business loan from a bank or financial institution,2,S
Educational services,"Equally veteran/nonveteran, female-owned",Business loan from a bank or financial institution,0,0
Educational services,"Equally veteran/nonveteran, female-owned",Business loan/investment from family/friends,0,0
Educational services,"Equally veteran/nonveteran, female-owned",Investment by venture capitalist(s),0,0
Educational services,"Equally veteran/nonveteran, female-owned",Grants,0,0
Educational services,"Equally veteran/nonveteran, female-owned",Other source(s) of capital,0,0
Educational services,"Equally veteran/nonveteran, female-owned",Don't know,0,0
Educational services,"Equally veteran/nonveteran, female-owned",None needed,61,S
Educational services,"Equally veteran/nonveteran, female-owned",Total reporting,95,10634
Educational services,"Equally veteran/nonveteran, female-owned",Item not reported,0,0
Educational services,"Equally veteran/nonveteran, male-owned",All firms,515,246652
Educational services,"Equally veteran/nonveteran, male-owned",Personal/family savings of owner(s),305,124808
Educational services,"Equally veteran/nonveteran, male-owned",Personal/family assets other than savings of owner(s),128,27041
Educational services,"Equally veteran/nonveteran, male-owned",Personal/family home equity loan,124,S
Educational services,"Equally veteran/nonveteran, male-owned",Personal credit card(s) carrying balances,69,13166
Educational services,"Equally veteran/nonveteran, male-owned",Business credit card(s) carrying balances,74,S
Educational services,"Equally veteran/nonveteran, male-owned","Business loan from federal, state, or local government",0,0
Educational services,"Equally veteran/nonveteran, male-owned",Government-guaranteed business loan from a bank or financial institution,61,S
Educational services,"Equally veteran/nonveteran, male-owned",Business loan from a bank or financial institution,67,S
Educational services,"Equally veteran/nonveteran, male-owned",Business loan/investment from family/friends,0,0
Educational services,"Equally veteran/nonveteran, male-owned",Investment by venture capitalist(s),0,0
Educational services,"Equally veteran/nonveteran, male-owned",Grants,0,0
Educational services,"Equally veteran/nonveteran, male-owned",Other source(s) of capital,22,S
Educational services,"Equally veteran/nonveteran, male-owned",Don't know,54,S
Educational services,"Equally veteran/nonveteran, male-owned",None needed,4,S
Educational services,"Equally veteran/nonveteran, male-owned",Total reporting,439,150679
Educational services,"Equally veteran/nonveteran, male-owned",Item not reported,0,0
Educational services,"Equally veteran/nonveteran, equally male-/female-owned",All firms,6423,803942
Educational services,"Equally veteran/nonveteran, equally male-/female-owned",Personal/family savings of owner(s),3512,369932
Educational services,"Equally veteran/nonveteran, equally male-/female-owned",Personal/family assets other than savings of owner(s),418,42144
Educational services,"Equally veteran/nonveteran, equally male-/female-owned",Personal/family home equity loan,285,61214
Educational services,"Equally veteran/nonveteran, equally male-/female-owned",Personal credit card(s) carrying balances,786,109444
Educational services,"Equally veteran/nonveteran, equally male-/female-owned",Business credit card(s) carrying balances,390,37006
Educational services,"Equally veteran/nonveteran, equally male-/female-owned","Business loan from federal, state, or local government",13,S
Educational services,"Equally veteran/nonveteran, equally male-/female-owned",Government-guaranteed business loan from a bank or financial institution,65,21934
Educational services,"Equally veteran/nonveteran, equally male-/female-owned",Business loan from a bank or financial institution,492,75085
Educational services,"Equally veteran/nonveteran, equally male-/female-owned",Business loan/investment from family/friends,100,12642
Educational services,"Equally veteran/nonveteran, equally male-/female-owned",Investment by venture capitalist(s),15,S
Educational services,"Equally veteran/nonveteran, equally male-/female-owned",Grants,11,S
Educational services,"Equally veteran/nonveteran, equally male-/female-owned",Other source(s) of capital,176,30995
Educational services,"Equally veteran/nonveteran, equally male-/female-owned",Don't know,159,S
Educational services,"Equally veteran/nonveteran, equally male-/female-owned",None needed,1322,21166
Educational services,"Equally veteran/nonveteran, equally male-/female-owned",Total reporting,5811(r),520938(r)
Educational services,"Equally veteran/nonveteran, equally male-/female-owned",Item not reported,60(r),S
Educational services,"Equally veteran/nonveteran, Hispanic",All firms,485,8696
Educational services,"Equally veteran/nonveteran, Hispanic",Personal/family savings of owner(s),141,S
Educational services,"Equally veteran/nonveteran, Hispanic",Personal/family assets other than savings of owner(s),16,S
Educational services,"Equally veteran/nonveteran, Hispanic",Personal/family home equity loan,0,0
Educational services,"Equally veteran/nonveteran, Hispanic",Personal credit card(s) carrying balances,12,S
Educational services,"Equally veteran/nonveteran, Hispanic",Business credit card(s) carrying balances,0,0
Educational services,"Equally veteran/nonveteran, Hispanic","Business loan from federal, state, or local government",0,0
Educational services,"Equally veteran/nonveteran, Hispanic",Government-guaranteed business loan from a bank or financial institution,0,0
Educational services,"Equally veteran/nonveteran, Hispanic",Business loan from a bank or financial institution,0,0
Educational services,"Equally veteran/nonveteran, Hispanic",Business loan/investment from family/friends,61,S
Educational services,"Equally veteran/nonveteran, Hispanic",Investment by venture capitalist(s),0,0
Educational services,"Equally veteran/nonveteran, Hispanic",Grants,0,0
Educational services,"Equally veteran/nonveteran, Hispanic",Other source(s) of capital,0,0
Educational services,"Equally veteran/nonveteran, Hispanic",Don't know,0,0
Educational services,"Equally veteran/nonveteran, Hispanic",None needed,95,S
Educational services,"Equally veteran/nonveteran, Hispanic",Total reporting,313,S
Educational services,"Equally veteran/nonveteran, Hispanic",Item not reported,0,0
Educational services,"Equally veteran/nonveteran, equally Hispanic/non-Hispanic",All firms,292,51291
Educational services,"Equally veteran/nonveteran, equally Hispanic/non-Hispanic",Personal/family savings of owner(s),133,S
Educational services,"Equally veteran/nonveteran, equally Hispanic/non-Hispanic",Personal/family assets other than savings of owner(s),71,S
Educational services,"Equally veteran/nonveteran, equally Hispanic/non-Hispanic",Personal/family home equity loan,27,S
Educational services,"Equally veteran/nonveteran, equally Hispanic/non-Hispanic",Personal credit card(s) carrying balances,73,S
Educational services,"Equally veteran/nonveteran, equally Hispanic/non-Hispanic",Business credit card(s) carrying balances,61,S
Educational services,"Equally veteran/nonveteran, equally Hispanic/non-Hispanic","Business loan from federal, state, or local government",0,0
Educational services,"Equally veteran/nonveteran, equally Hispanic/non-Hispanic",Government-guaranteed business loan from a bank or financial institution,0,0
Educational services,"Equally veteran/nonveteran, equally Hispanic/non-Hispanic",Business loan from a bank or financial institution,79,S
Educational services,"Equally veteran/nonveteran, equally Hispanic/non-Hispanic",Business loan/investment from family/friends,2,S
Educational services,"Equally veteran/nonveteran, equally Hispanic/non-Hispanic",Investment by venture capitalist(s),0,0
Educational services,"Equally veteran/nonveteran, equally Hispanic/non-Hispanic",Grants,0,0
Educational services,"Equally veteran/nonveteran, equally Hispanic/non-Hispanic",Other source(s) of capital,0,0
Educational services,"Equally veteran/nonveteran, equally Hispanic/non-Hispanic",Don't know,0,0
Educational services,"Equally veteran/nonveteran, equally Hispanic/non-Hispanic",None needed,37,S
Educational services,"Equally veteran/nonveteran, equally Hispanic/non-Hispanic",Total reporting,337,S
Educational services,"Equally veteran/nonveteran, equally Hispanic/non-Hispanic",Item not reported,0,0
Educational services,"Equally veteran/nonveteran, non-Hispanic",All firms,6225,1012747
Educational services,"Equally veteran/nonveteran, non-Hispanic",Personal/family savings of owner(s),3574,491778
Educational services,"Equally veteran/nonveteran, non-Hispanic",Personal/family assets other than savings of owner(s),459,64772
Educational services,"Equally veteran/nonveteran, non-Hispanic",Personal/family home equity loan,382,42078
Educational services,"Equally veteran/nonveteran, non-Hispanic",Personal credit card(s) carrying balances,771,120926
Educational services,"Equally veteran/nonveteran, non-Hispanic",Business credit card(s) carrying balances,403,43683
Educational services,"Equally veteran/nonveteran, non-Hispanic","Business loan from federal, state, or local government",13,S
Educational services,"Equally veteran/nonveteran, non-Hispanic",Government-guaranteed business loan from a bank or financial institution,128,23969
Educational services,"Equally veteran/nonveteran, non-Hispanic",Business loan from a bank or financial institution,480,78329
Educational services,"Equally veteran/nonveteran, non-Hispanic",Business loan/investment from family/friends,36,10814
Educational services,"Equally veteran/nonveteran, non-Hispanic",Investment by venture capitalist(s),15,S
Educational services,"Equally veteran/nonveteran, non-Hispanic",Grants,11,S
Educational services,"Equally veteran/nonveteran, non-Hispanic",Other source(s) of capital,198,48110
Educational services,"Equally veteran/nonveteran, non-Hispanic",Don't know,213,S
Educational services,"Equally veteran/nonveteran, non-Hispanic",None needed,1256,20638
Educational services,"Equally veteran/nonveteran, non-Hispanic",Total reporting,5694(r),635163(r)
Educational services,"Equally veteran/nonveteran, non-Hispanic",Item not reported,60(r),S
Educational services,"Equally veteran/nonveteran, White",All firms,6243,941206
Educational services,"Equally veteran/nonveteran, White",Personal/family savings of owner(s),3406,471128
Educational services,"Equally veteran/nonveteran, White",Personal/family assets other than savings of owner(s),482,58530
Educational services,"Equally veteran/nonveteran, White",Personal/family home equity loan,400,43087
Educational services,"Equally veteran/nonveteran, White",Personal credit card(s) carrying balances,743,120431
Educational services,"Equally veteran/nonveteran, White",Business credit card(s) carrying balances,373,42473
Educational services,"Equally veteran/nonveteran, White","Business loan from federal, state, or local government",13,S
Educational services,"Equally veteran/nonveteran, White",Government-guaranteed business loan from a bank or financial institution,126,22958
Educational services,"Equally veteran/nonveteran, White",Business loan from a bank or financial institution,549,79982
Educational services,"Equally veteran/nonveteran, White",Business loan/investment from family/friends,98,12477
Educational services,"Equally veteran/nonveteran, White",Investment by venture capitalist(s),15,S
Educational services,"Equally veteran/nonveteran, White",Grants,11,S
Educational services,"Equally veteran/nonveteran, White",Other source(s) of capital,198,48110
Educational services,"Equally veteran/nonveteran, White",Don't know,213,S
Educational services,"Equally veteran/nonveteran, White",None needed,1302,20555
Educational services,"Equally veteran/nonveteran, White",Total reporting,5771,614117
Educational services,"Equally veteran/nonveteran, White",Item not reported,2,S
Educational services,"Equally veteran/nonveteran, Black or African American",All firms,383,17506
Educational services,"Equally veteran/nonveteran, Black or African American",Personal/family savings of owner(s),209,S
Educational services,"Equally veteran/nonveteran, Black or African American",Personal/family assets other than savings of owner(s),0,0
Educational services,"Equally veteran/nonveteran, Black or African American",Personal/family home equity loan,0,0
Educational services,"Equally veteran/nonveteran, Black or African American",Personal credit card(s) carrying balances,69,S
Educational services,"Equally veteran/nonveteran, Black or African American",Business credit card(s) carrying balances,67,S
Educational services,"Equally veteran/nonveteran, Black or African American","Business loan from federal, state, or local government",0,0
Educational services,"Equally veteran/nonveteran, Black or African American",Government-guaranteed business loan from a bank or financial institution,0,0
Educational services,"Equally veteran/nonveteran, Black or African American",Business loan from a bank or financial institution,2,S
Educational services,"Equally veteran/nonveteran, Black or African American",Business loan/investment from family/friends,0,0
Educational services,"Equally veteran/nonveteran, Black or African American",Investment by venture capitalist(s),0,0
Educational services,"Equally veteran/nonveteran, Black or African American",Grants,0,0
Educational services,"Equally veteran/nonveteran, Black or African American",Other source(s) of capital,0,0
Educational services,"Equally veteran/nonveteran, Black or African American",Don't know,0,0
Educational services,"Equally veteran/nonveteran, Black or African American",None needed,0,0
Educational services,"Equally veteran/nonveteran, Black or African American",Total reporting,213(r),S
Educational services,"Equally veteran/nonveteran, Black or African American",Item not reported,57(r),S
Educational services,"Equally veteran/nonveteran, American Indian and Alaska Native",All firms,3,S
Educational services,"Equally veteran/nonveteran, American Indian and Alaska Native",Personal/family savings of owner(s),0,S
Educational services,"Equally veteran/nonveteran, American Indian and Alaska Native",Personal/family assets other than savings of owner(s),0,S
Educational services,"Equally veteran/nonveteran, American Indian and Alaska Native",Personal/family home equity loan,0,S
Educational services,"Equally veteran/nonveteran, American Indian and Alaska Native",Personal credit card(s) carrying balances,0,S
Educational services,"Equally veteran/nonveteran, American Indian and Alaska Native",Business credit card(s) carrying balances,0,S
Educational services,"Equally veteran/nonveteran, American Indian and Alaska Native","Business loan from federal, state, or local government",0,S
Educational services,"Equally veteran/nonveteran, American Indian and Alaska Native",Government-guaranteed business loan from a bank or financial institution,0,S
Educational services,"Equally veteran/nonveteran, American Indian and Alaska Native",Business loan from a bank or financial institution,0,S
Educational services,"Equally veteran/nonveteran, American Indian and Alaska Native",Business loan/investment from family/friends,0,S
Educational services,"Equally veteran/nonveteran, American Indian and Alaska Native",Investment by venture capitalist(s),0,S
Educational services,"Equally veteran/nonveteran, American Indian and Alaska Native",Grants,0,S
Educational services,"Equally veteran/nonveteran, American Indian and Alaska Native",Other source(s) of capital,0,S
Educational services,"Equally veteran/nonveteran, American Indian and Alaska Native",Don't know,0,S
Educational services,"Equally veteran/nonveteran, American Indian and Alaska Native",None needed,0,S
Educational services,"Equally veteran/nonveteran, American Indian and Alaska Native",Total reporting,0,S
Educational services,"Equally veteran/nonveteran, American Indian and Alaska Native",Item not reported,0,S
Educational services,"Equally veteran/nonveteran, Asian",All firms,28,S
Educational services,"Equally veteran/nonveteran, Asian",Personal/family savings of owner(s),19,S
Educational services,"Equally veteran/nonveteran, Asian",Personal/family assets other than savings of owner(s),29,S
Educational services,"Equally veteran/nonveteran, Asian",Personal/family home equity loan,0,S
Educational services,"Equally veteran/nonveteran, Asian",Personal credit card(s) carrying balances,0,S
Educational services,"Equally veteran/nonveteran, Asian",Business credit card(s) carrying balances,0,S
Educational services,"Equally veteran/nonveteran, Asian","Business loan from federal, state, or local government",0,S
Educational services,"Equally veteran/nonveteran, Asian",Government-guaranteed business loan from a bank or financial institution,0,S
Educational services,"Equally veteran/nonveteran, Asian",Business loan from a bank or financial institution,0,S
Educational services,"Equally veteran/nonveteran, Asian",Business loan/investment from family/friends,0,S
Educational services,"Equally veteran/nonveteran, Asian",Investment by venture capitalist(s),0,S
Educational services,"Equally veteran/nonveteran, Asian",Grants,0,S
Educational services,"Equally veteran/nonveteran, Asian",Other source(s) of capital,0,S
Educational services,"Equally veteran/nonveteran, Asian",Don't know,0,S
Educational services,"Equally veteran/nonveteran, Asian",None needed,4,S
Educational services,"Equally veteran/nonveteran, Asian",Total reporting,53,S
Educational services,"Equally veteran/nonveteran, Asian",Item not reported,0,S
Educational services,"Equally veteran/nonveteran, Native Hawaiian and Other Pacific Islander",All firms,0,0
Educational services,"Equally veteran/nonveteran, Native Hawaiian and Other Pacific Islander",Personal/family savings of owner(s),0,0
Educational services,"Equally veteran/nonveteran, Native Hawaiian and Other Pacific Islander",Personal/family assets other than savings of owner(s),0,0
Educational services,"Equally veteran/nonveteran, Native Hawaiian and Other Pacific Islander",Personal/family home equity loan,0,0
Educational services,"Equally veteran/nonveteran, Native Hawaiian and Other Pacific Islander",Personal credit card(s) carrying balances,0,0
Educational services,"Equally veteran/nonveteran, Native Hawaiian and Other Pacific Islander",Business credit card(s) carrying balances,0,0
Educational services,"Equally veteran/nonveteran, Native Hawaiian and Other Pacific Islander","Business loan from federal, state, or local government",0,0
Educational services,"Equally veteran/nonveteran, Native Hawaiian and Other Pacific Islander",Government-guaranteed business loan from a bank or financial institution,0,0
Educational services,"Equally veteran/nonveteran, Native Hawaiian and Other Pacific Islander",Business loan from a bank or financial institution,0,0
Educational services,"Equally veteran/nonveteran, Native Hawaiian and Other Pacific Islander",Business loan/investment from family/friends,0,0
Educational services,"Equally veteran/nonveteran, Native Hawaiian and Other Pacific Islander",Investment by venture capitalist(s),0,0
Educational services,"Equally veteran/nonveteran, Native Hawaiian and Other Pacific Islander",Grants,0,0
Educational services,"Equally veteran/nonveteran, Native Hawaiian and Other Pacific Islander",Other source(s) of capital,0,0
Educational services,"Equally veteran/nonveteran, Native Hawaiian and Other Pacific Islander",Don't know,0,0
Educational services,"Equally veteran/nonveteran, Native Hawaiian and Other Pacific Islander",None needed,0,0
Educational services,"Equally veteran/nonveteran, Native Hawaiian and Other Pacific Islander",Total reporting,0,0
Educational services,"Equally veteran/nonveteran, Native Hawaiian and Other Pacific Islander",Item not reported,0,0
Educational services,"Equally veteran/nonveteran, some other race",All firms,6,S
Educational services,"Equally veteran/nonveteran, some other race",Personal/family savings of owner(s),12,S
Educational services,"Equally veteran/nonveteran, some other race",Personal/family assets other than savings of owner(s),0,S
Educational services,"Equally veteran/nonveteran, some other race",Personal/family home equity loan,0,S
Educational services,"Equally veteran/nonveteran, some other race",Personal credit card(s) carrying balances,12,S
Educational services,"Equally veteran/nonveteran, some other race",Business credit card(s) carrying balances,0,S
Educational services,"Equally veteran/nonveteran, some other race","Business loan from federal, state, or local government",0,S
Educational services,"Equally veteran/nonveteran, some other race",Government-guaranteed business loan from a bank or financial institution,0,S
Educational services,"Equally veteran/nonveteran, some other race",Business loan from a bank or financial institution,0,S
Educational services,"Equally veteran/nonveteran, some other race",Business loan/investment from family/friends,0,S
Educational services,"Equally veteran/nonveteran, some other race",Investment by venture capitalist(s),0,S
Educational services,"Equally veteran/nonveteran, some other race",Grants,0,S
Educational services,"Equally veteran/nonveteran, some other race",Other source(s) of capital,0,S
Educational services,"Equally veteran/nonveteran, some other race",Don't know,0,S
Educational services,"Equally veteran/nonveteran, some other race",None needed,0,S
Educational services,"Equally veteran/nonveteran, some other race",Total reporting,12,S
Educational services,"Equally veteran/nonveteran, some other race",Item not reported,0,S
Educational services,"Equally veteran/nonveteran, minority",All firms,932,36053
Educational services,"Equally veteran/nonveteran, minority",Personal/family savings of owner(s),371,15578
Educational services,"Equally veteran/nonveteran, minority",Personal/family assets other than savings of owner(s),47,S
Educational services,"Equally veteran/nonveteran, minority",Personal/family home equity loan,0,0
Educational services,"Equally veteran/nonveteran, minority",Personal credit card(s) carrying balances,81,S
Educational services,"Equally veteran/nonveteran, minority",Business credit card(s) carrying balances,67,S
Educational services,"Equally veteran/nonveteran, minority","Business loan from federal, state, or local government",0,0
Educational services,"Equally veteran/nonveteran, minority",Government-guaranteed business loan from a bank or financial institution,0,0
Educational services,"Equally veteran/nonveteran, minority",Business loan from a bank or financial institution,2,S
Educational services,"Equally veteran/nonveteran, minority",Business loan/investment from family/friends,63,S
Educational services,"Equally veteran/nonveteran, minority",Investment by venture capitalist(s),0,0
Educational services,"Equally veteran/nonveteran, minority",Grants,0,0
Educational services,"Equally veteran/nonveteran, minority",Other source(s) of capital,0,0
Educational services,"Equally veteran/nonveteran, minority",Don't know,0,0
Educational services,"Equally veteran/nonveteran, minority",None needed,99,S
Educational services,"Equally veteran/nonveteran, minority",Total reporting,581(r),24096(r)
Educational services,"Equally veteran/nonveteran, minority",Item not reported,57(r),S
Educational services,"Equally veteran/nonveteran, equally minority/nonminority",All firms,677,148630
Educational services,"Equally veteran/nonveteran, equally minority/nonminority",Personal/family savings of owner(s),344,29953
Educational services,"Equally veteran/nonveteran, equally minority/nonminority",Personal/family assets other than savings of owner(s),102,S
Educational services,"Equally veteran/nonveteran, equally minority/nonminority",Personal/family home equity loan,35,S
Educational services,"Equally veteran/nonveteran, equally minority/nonminority",Personal credit card(s) carrying balances,103,S
Educational services,"Equally veteran/nonveteran, equally minority/nonminority",Business credit card(s) carrying balances,85,S
Educational services,"Equally veteran/nonveteran, equally minority/nonminority","Business loan from federal, state, or local government",0,0
Educational services,"Equally veteran/nonveteran, equally minority/nonminority",Government-guaranteed business loan from a bank or financial institution,2,S
Educational services,"Equally veteran/nonveteran, equally minority/nonminority",Business loan from a bank or financial institution,79,S
Educational services,"Equally veteran/nonveteran, equally minority/nonminority",Business loan/investment from family/friends,2,S
Educational services,"Equally veteran/nonveteran, equally minority/nonminority",Investment by venture capitalist(s),0,0
Educational services,"Equally veteran/nonveteran, equally minority/nonminority",Grants,0,0
Educational services,"Equally veteran/nonveteran, equally minority/nonminority",Other source(s) of capital,0,0
Educational services,"Equally veteran/nonveteran, equally minority/nonminority",Don't know,0,0
Educational services,"Equally veteran/nonveteran, equally minority/nonminority",None needed,221,3876
Educational services,"Equally veteran/nonveteran, equally minority/nonminority",Total reporting,733,69509
Educational services,"Equally veteran/nonveteran, equally minority/nonminority",Item not reported,0,0
Educational services,"Equally veteran/nonveteran, nonminority",All firms,5392,888051
Educational services,"Equally veteran/nonveteran, nonminority",Personal/family savings of owner(s),3134,457069
Educational services,"Equally veteran/nonveteran, nonminority",Personal/family assets other than savings of owner(s),397,54662
Educational services,"Equally veteran/nonveteran, nonminority",Personal/family home equity loan,374,40749
Educational services,"Equally veteran/nonveteran, nonminority",Personal credit card(s) carrying balances,672,117643
Educational services,"Equally veteran/nonveteran, nonminority",Business credit card(s) carrying balances,312,40568
Educational services,"Equally veteran/nonveteran, nonminority","Business loan from federal, state, or local government",13,S
Educational services,"Equally veteran/nonveteran, nonminority",Government-guaranteed business loan from a bank or financial institution,126,22958
Educational services,"Equally veteran/nonveteran, nonminority",Business loan from a bank or financial institution,478,77193
Educational services,"Equally veteran/nonveteran, nonminority",Business loan/investment from family/friends,34,10649
Educational services,"Equally veteran/nonveteran, nonminority",Investment by venture capitalist(s),15,S
Educational services,"Equally veteran/nonveteran, nonminority",Grants,11,S
Educational services,"Equally veteran/nonveteran, nonminority",Other source(s) of capital,198,48110
Educational services,"Equally veteran/nonveteran, nonminority",Don't know,213,S
Educational services,"Equally veteran/nonveteran, nonminority",None needed,1068,17378
Educational services,"Equally veteran/nonveteran, nonminority",Total reporting,5031,588646
Educational services,"Equally veteran/nonveteran, nonminority",Item not reported,2,S
Educational services,Nonveteran,All firms,592063,43348127
Educational services,Nonveteran,Personal/family savings of owner(s),174782,17200221
Educational services,Nonveteran,Personal/family assets other than savings of owner(s),14479,2710831
Educational services,Nonveteran,Personal/family home equity loan,5492,1591867
Educational services,Nonveteran,Personal credit card(s) carrying balances,20586,2699958
Educational services,Nonveteran,Business credit card(s) carrying balances,4900,962306
Educational services,Nonveteran,"Business loan from federal, state, or local government",339,23905
Educational services,Nonveteran,Government-guaranteed business loan from a bank or financial institution,1346,734637
Educational services,Nonveteran,Business loan from a bank or financial institution,6343,2500108
Educational services,Nonveteran,Business loan/investment from family/friends,3633,1226034
Educational services,Nonveteran,Investment by venture capitalist(s),523,367115
Educational services,Nonveteran,Grants,3949,95096
Educational services,Nonveteran,Other source(s) of capital,5129,1077448
Educational services,Nonveteran,Don't know,23172,5943706
Educational services,Nonveteran,None needed,208735,3413240
Educational services,Nonveteran,Total reporting,427457(r),29989315(r)
Educational services,Nonveteran,Item not reported,8854(r),466569(r)
Educational services,"Nonveteran, female-owned",All firms,354842,13950680
Educational services,"Nonveteran, female-owned",Personal/family savings of owner(s),96194,6193486
Educational services,"Nonveteran, female-owned",Personal/family assets other than savings of owner(s),7392,686793
Educational services,"Nonveteran, female-owned",Personal/family home equity loan,2524,791585
Educational services,"Nonveteran, female-owned",Personal credit card(s) carrying balances,10752,812936
Educational services,"Nonveteran, female-owned",Business credit card(s) carrying balances,1996,438358
Educational services,"Nonveteran, female-owned","Business loan from federal, state, or local government",145,4334
Educational services,"Nonveteran, female-owned",Government-guaranteed business loan from a bank or financial institution,594,195202
Educational services,"Nonveteran, female-owned",Business loan from a bank or financial institution,3188,906698
Educational services,"Nonveteran, female-owned",Business loan/investment from family/friends,1569,529669
Educational services,"Nonveteran, female-owned",Investment by venture capitalist(s),149,S
Educational services,"Nonveteran, female-owned",Grants,2537,39639
Educational services,"Nonveteran, female-owned",Other source(s) of capital,2392,186770
Educational services,"Nonveteran, female-owned",Don't know,12079,1338967
Educational services,"Nonveteran, female-owned",None needed,137133,1698495
Educational services,"Nonveteran, female-owned",Total reporting,257512(r),10346811(r)
Educational services,"Nonveteran, female-owned",Item not reported,6291(r),120943(r)
Educational services,"Nonveteran, male-owned",All firms,205755,23659276
Educational services,"Nonveteran, male-owned",Personal/family savings of owner(s),61983,8705601
Educational services,"Nonveteran, male-owned",Personal/family assets other than savings of owner(s),4985,1649881
Educational services,"Nonveteran, male-owned",Personal/family home equity loan,2016,563981
Educational services,"Nonveteran, male-owned",Personal credit card(s) carrying balances,7496,1568600
Educational services,"Nonveteran, male-owned",Business credit card(s) carrying balances,1839,394432
Educational services,"Nonveteran, male-owned","Business loan from federal, state, or local government",66,S
Educational services,"Nonveteran, male-owned",Government-guaranteed business loan from a bank or financial institution,394,307084
Educational services,"Nonveteran, male-owned",Business loan from a bank or financial institution,1883,1151804
Educational services,"Nonveteran, male-owned",Business loan/investment from family/friends,1282,496871
Educational services,"Nonveteran, male-owned",Investment by venture capitalist(s),338,191542
Educational services,"Nonveteran, male-owned",Grants,1285,42123
Educational services,"Nonveteran, male-owned",Other source(s) of capital,2069,825608
Educational services,"Nonveteran, male-owned",Don't know,10134,4070548
Educational services,"Nonveteran, male-owned",None needed,65612,1519927
Educational services,"Nonveteran, male-owned",Total reporting,144162(r),16318201(r)
Educational services,"Nonveteran, male-owned",Item not reported,2437(r),324792(r)
Educational services,"Nonveteran, equally male-/female-owned",All firms,31465,5738172
Educational services,"Nonveteran, equally male-/female-owned",Personal/family savings of owner(s),16606,2301134
Educational services,"Nonveteran, equally male-/female-owned",Personal/family assets other than savings of owner(s),2102,374156
Educational services,"Nonveteran, equally male-/female-owned",Personal/family home equity loan,952,236301
Educational services,"Nonveteran, equally male-/female-owned",Personal credit card(s) carrying balances,2338,318421
Educational services,"Nonveteran, equally male-/female-owned",Business credit card(s) carrying balances,1065,129517
Educational services,"Nonveteran, equally male-/female-owned","Business loan from federal, state, or local government",128,S
Educational services,"Nonveteran, equally male-/female-owned",Government-guaranteed business loan from a bank or financial institution,358,232350
Educational services,"Nonveteran, equally male-/female-owned",Business loan from a bank or financial institution,1271,441606
Educational services,"Nonveteran, equally male-/female-owned",Business loan/investment from family/friends,782,199494
Educational services,"Nonveteran, equally male-/female-owned",Investment by venture capitalist(s),36,S
Educational services,"Nonveteran, equally male-/female-owned",Grants,127,S
Educational services,"Nonveteran, equally male-/female-owned",Other source(s) of capital,668,65070
Educational services,"Nonveteran, equally male-/female-owned",Don't know,959,534190
Educational services,"Nonveteran, equally male-/female-owned",None needed,5990,194818
Educational services,"Nonveteran, equally male-/female-owned",Total reporting,25783(r),3324303(r)
Educational services,"Nonveteran, equally male-/female-owned",Item not reported,127(r),S
Educational services,"Nonveteran, Hispanic",All firms,49975,1576375
Educational services,"Nonveteran, Hispanic",Personal/family savings of owner(s),10011,628471
Educational services,"Nonveteran, Hispanic",Personal/family assets other than savings of owner(s),703,110695
Educational services,"Nonveteran, Hispanic",Personal/family home equity loan,223,181633
Educational services,"Nonveteran, Hispanic",Personal credit card(s) carrying balances,1572,88579
Educational services,"Nonveteran, Hispanic",Business credit card(s) carrying balances,201,16961
Educational services,"Nonveteran, Hispanic","Business loan from federal, state, or local government",0,0
Educational services,"Nonveteran, Hispanic",Government-guaranteed business loan from a bank or financial institution,62,26416
Educational services,"Nonveteran, Hispanic",Business loan from a bank or financial institution,262,43508
Educational services,"Nonveteran, Hispanic",Business loan/investment from family/friends,303,40690
Educational services,"Nonveteran, Hispanic",Investment by venture capitalist(s),79,S
Educational services,"Nonveteran, Hispanic",Grants,246,S
Educational services,"Nonveteran, Hispanic",Other source(s) of capital,487,S
Educational services,"Nonveteran, Hispanic",Don't know,1903,188875
Educational services,"Nonveteran, Hispanic",None needed,12673,238987
Educational services,"Nonveteran, Hispanic",Total reporting,25982(r),1240230(r)
Educational services,"Nonveteran, Hispanic",Item not reported,961(r),S
Educational services,"Nonveteran, equally Hispanic/non-Hispanic",All firms,1880,291626
Educational services,"Nonveteran, equally Hispanic/non-Hispanic",Personal/family savings of owner(s),1152,140020
Educational services,"Nonveteran, equally Hispanic/non-Hispanic",Personal/family assets other than savings of owner(s),90,S
Educational services,"Nonveteran, equally Hispanic/non-Hispanic",Personal/family home equity loan,77,S
Educational services,"Nonveteran, equally Hispanic/non-Hispanic",Personal credit card(s) carrying balances,76,47127
Educational services,"Nonveteran, equally Hispanic/non-Hispanic",Business credit card(s) carrying balances,76,3936
Educational services,"Nonveteran, equally Hispanic/non-Hispanic","Business loan from federal, state, or local government",2,S
Educational services,"Nonveteran, equally Hispanic/non-Hispanic",Government-guaranteed business loan from a bank or financial institution,2,S
Educational services,"Nonveteran, equally Hispanic/non-Hispanic",Business loan from a bank or financial institution,25,S
Educational services,"Nonveteran, equally Hispanic/non-Hispanic",Business loan/investment from family/friends,79,S
Educational services,"Nonveteran, equally Hispanic/non-Hispanic",Investment by venture capitalist(s),0,0
Educational services,"Nonveteran, equally Hispanic/non-Hispanic",Grants,9,S
Educational services,"Nonveteran, equally Hispanic/non-Hispanic",Other source(s) of capital,66,S
Educational services,"Nonveteran, equally Hispanic/non-Hispanic",Don't know,90,37006
Educational services,"Nonveteran, equally Hispanic/non-Hispanic",None needed,82,5853
Educational services,"Nonveteran, equally Hispanic/non-Hispanic",Total reporting,1475,232682
Educational services,"Nonveteran, equally Hispanic/non-Hispanic",Item not reported,24,S
Educational services,"Nonveteran, non-Hispanic",All firms,540208,41480126
Educational services,"Nonveteran, non-Hispanic",Personal/family savings of owner(s),163620,16431730
Educational services,"Nonveteran, non-Hispanic",Personal/family assets other than savings of owner(s),13686,2579637
Educational services,"Nonveteran, non-Hispanic",Personal/family home equity loan,5192,1404645
Educational services,"Nonveteran, non-Hispanic",Personal credit card(s) carrying balances,18938,2564251
Educational services,"Nonveteran, non-Hispanic",Business credit card(s) carrying balances,4623,941409
Educational services,"Nonveteran, non-Hispanic","Business loan from federal, state, or local government",336,23288
Educational services,"Nonveteran, non-Hispanic",Government-guaranteed business loan from a bank or financial institution,1282,670318
Educational services,"Nonveteran, non-Hispanic",Business loan from a bank or financial institution,6056,2435794
Educational services,"Nonveteran, non-Hispanic",Business loan/investment from family/friends,3251,1162578
Educational services,"Nonveteran, non-Hispanic",Investment by venture capitalist(s),444,351507
Educational services,"Nonveteran, non-Hispanic",Grants,3695,89580
Educational services,"Nonveteran, non-Hispanic",Other source(s) of capital,4576,1058348
Educational services,"Nonveteran, non-Hispanic",Don't know,21179,5717825
Educational services,"Nonveteran, non-Hispanic",None needed,195980,3168401
Educational services,"Nonveteran, non-Hispanic",Total reporting,400000(r),28516404(r)
Educational services,"Nonveteran, non-Hispanic",Item not reported,7869(r),449471(r)
Educational services,"Nonveteran, White",All firms,478677,38350558
Educational services,"Nonveteran, White",Personal/family savings of owner(s),148849,15379385
Educational services,"Nonveteran, White",Personal/family assets other than savings of owner(s),12532,2114869
Educational services,"Nonveteran, White",Personal/family home equity loan,4381,1438054
Educational services,"Nonveteran, White",Personal credit card(s) carrying balances,17163,2370703
Educational services,"Nonveteran, White",Business credit card(s) carrying balances,4200,873291
Educational services,"Nonveteran, White","Business loan from federal, state, or local government",271,22966
Educational services,"Nonveteran, White",Government-guaranteed business loan from a bank or financial institution,1170,676638
Educational services,"Nonveteran, White",Business loan from a bank or financial institution,5770,2361438
Educational services,"Nonveteran, White",Business loan/investment from family/friends,3155,1150540
Educational services,"Nonveteran, White",Investment by venture capitalist(s),400,358156
Educational services,"Nonveteran, White",Grants,3034,74047
Educational services,"Nonveteran, White",Other source(s) of capital,3850,639447
Educational services,"Nonveteran, White",Don't know,18033,5413968
Educational services,"Nonveteran, White",None needed,182729,3103795
Educational services,"Nonveteran, White",Total reporting,367503(r),26826435(r)
Educational services,"Nonveteran, White",Item not reported,6803(r),423300(r)
Educational services,"Nonveteran, Black or African American",All firms,60485,1369686
Educational services,"Nonveteran, Black or African American",Personal/family savings of owner(s),10044,468803
Educational services,"Nonveteran, Black or African American",Personal/family assets other than savings of owner(s),616,S
Educational services,"Nonveteran, Black or African American",Personal/family home equity loan,347,S
Educational services,"Nonveteran, Black or African American",Personal credit card(s) carrying balances,1615,116504
Educational services,"Nonveteran, Black or African American",Business credit card(s) carrying balances,325,34866
Educational services,"Nonveteran, Black or African American","Business loan from federal, state, or local government",0,0
Educational services,"Nonveteran, Black or African American",Government-guaranteed business loan from a bank or financial institution,89,S
Educational services,"Nonveteran, Black or African American",Business loan from a bank or financial institution,289,42228
Educational services,"Nonveteran, Black or African American",Business loan/investment from family/friends,156,26612
Educational services,"Nonveteran, Black or African American",Investment by venture capitalist(s),110,S
Educational services,"Nonveteran, Black or African American",Grants,763,S
Educational services,"Nonveteran, Black or African American",Other source(s) of capital,577,S
Educational services,"Nonveteran, Black or African American",Don't know,2137,132477
Educational services,"Nonveteran, Black or African American",None needed,13371,114277
Educational services,"Nonveteran, Black or African American",Total reporting,27088,1106365
Educational services,"Nonveteran, Black or African American",Item not reported,1206,29239
Educational services,"Nonveteran, American Indian and Alaska Native",All firms,6637,248637
Educational services,"Nonveteran, American Indian and Alaska Native",Personal/family savings of owner(s),1917,232141
Educational services,"Nonveteran, American Indian and Alaska Native",Personal/family assets other than savings of owner(s),251,S
Educational services,"Nonveteran, American Indian and Alaska Native",Personal/family home equity loan,71,S
Educational services,"Nonveteran, American Indian and Alaska Native",Personal credit card(s) carrying balances,326,5907
Educational services,"Nonveteran, American Indian and Alaska Native",Business credit card(s) carrying balances,32,S
Educational services,"Nonveteran, American Indian and Alaska Native","Business loan from federal, state, or local government",0,0
Educational services,"Nonveteran, American Indian and Alaska Native",Government-guaranteed business loan from a bank or financial institution,0,0
Educational services,"Nonveteran, American Indian and Alaska Native",Business loan from a bank or financial institution,28,21182
Educational services,"Nonveteran, American Indian and Alaska Native",Business loan/investment from family/friends,38,S
Educational services,"Nonveteran, American Indian and Alaska Native",Investment by venture capitalist(s),0,0
Educational services,"Nonveteran, American Indian and Alaska Native",Grants,50,S
Educational services,"Nonveteran, American Indian and Alaska Native",Other source(s) of capital,74,S
Educational services,"Nonveteran, American Indian and Alaska Native",Don't know,247,1267
Educational services,"Nonveteran, American Indian and Alaska Native",None needed,1565,22227
Educational services,"Nonveteran, American Indian and Alaska Native",Total reporting,3869,265394
Educational services,"Nonveteran, American Indian and Alaska Native",Item not reported,29,S
Educational services,"Nonveteran, Asian",All firms,41586,3026408
Educational services,"Nonveteran, Asian",Personal/family savings of owner(s),13685,1035996
Educational services,"Nonveteran, Asian",Personal/family assets other than savings of owner(s),988,134778
Educational services,"Nonveteran, Asian",Personal/family home equity loan,641,111741
Educational services,"Nonveteran, Asian",Personal credit card(s) carrying balances,1393,164913
Educational services,"Nonveteran, Asian",Business credit card(s) carrying balances,97,S
Educational services,"Nonveteran, Asian","Business loan from federal, state, or local government",7,S
Educational services,"Nonveteran, Asian",Government-guaranteed business loan from a bank or financial institution,60,S
Educational services,"Nonveteran, Asian",Business loan from a bank or financial institution,341,85877
Educational services,"Nonveteran, Asian",Business loan/investment from family/friends,277,34177
Educational services,"Nonveteran, Asian",Investment by venture capitalist(s),55,S
Educational services,"Nonveteran, Asian",Grants,127,S
Educational services,"Nonveteran, Asian",Other source(s) of capital,521,52994
Educational services,"Nonveteran, Asian",Don't know,2567,401013
Educational services,"Nonveteran, Asian",None needed,11334,140721
Educational services,"Nonveteran, Asian",Total reporting,28670(r),1656719(r)
Educational services,"Nonveteran, Asian",Item not reported,651(r),17034(r)
Educational services,"Nonveteran, Native Hawaiian and Other Pacific Islander",All firms,1162,35638
Educational services,"Nonveteran, Native Hawaiian and Other Pacific Islander",Personal/family savings of owner(s),203,S
Educational services,"Nonveteran, Native Hawaiian and Other Pacific Islander",Personal/family assets other than savings of owner(s),2,S
Educational services,"Nonveteran, Native Hawaiian and Other Pacific Islander",Personal/family home equity loan,0,0
Educational services,"Nonveteran, Native Hawaiian and Other Pacific Islander",Personal credit card(s) carrying balances,8,621
Educational services,"Nonveteran, Native Hawaiian and Other Pacific Islander",Business credit card(s) carrying balances,2,S
Educational services,"Nonveteran, Native Hawaiian and Other Pacific Islander","Business loan from federal, state, or local government",0,0
Educational services,"Nonveteran, Native Hawaiian and Other Pacific Islander",Government-guaranteed business loan from a bank or financial institution,0,0
Educational services,"Nonveteran, Native Hawaiian and Other Pacific Islander",Business loan from a bank or financial institution,4,S
Educational services,"Nonveteran, Native Hawaiian and Other Pacific Islander",Business loan/investment from family/friends,15,S
Educational services,"Nonveteran, Native Hawaiian and Other Pacific Islander",Investment by venture capitalist(s),0,0
Educational services,"Nonveteran, Native Hawaiian and Other Pacific Islander",Grants,0,0
Educational services,"Nonveteran, Native Hawaiian and Other Pacific Islander",Other source(s) of capital,2,S
Educational services,"Nonveteran, Native Hawaiian and Other Pacific Islander",Don't know,11,S
Educational services,"Nonveteran, Native Hawaiian and Other Pacific Islander",None needed,282,4735
Educational services,"Nonveteran, Native Hawaiian and Other Pacific Islander",Total reporting,498,S
Educational services,"Nonveteran, Native Hawaiian and Other Pacific Islander",Item not reported,58,186
Educational services,"Nonveteran, some other race",All firms,14307,334979
Educational services,"Nonveteran, some other race",Personal/family savings of owner(s),1695,64064
Educational services,"Nonveteran, some other race",Personal/family assets other than savings of owner(s),102,8087
Educational services,"Nonveteran, some other race",Personal/family home equity loan,36,S
Educational services,"Nonveteran, some other race",Personal credit card(s) carrying balances,193,12675
Educational services,"Nonveteran, some other race",Business credit card(s) carrying balances,13,S
Educational services,"Nonveteran, some other race","Business loan from federal, state, or local government",0,0
Educational services,"Nonveteran, some other race",Government-guaranteed business loan from a bank or financial institution,18,S
Educational services,"Nonveteran, some other race",Business loan from a bank or financial institution,131,S
Educational services,"Nonveteran, some other race",Business loan/investment from family/friends,66,S
Educational services,"Nonveteran, some other race",Investment by venture capitalist(s),7,S
Educational services,"Nonveteran, some other race",Grants,61,S
Educational services,"Nonveteran, some other race",Other source(s) of capital,201,S
Educational services,"Nonveteran, some other race",Don't know,500,S
Educational services,"Nonveteran, some other race",None needed,3411,52278
Educational services,"Nonveteran, some other race",Total reporting,6016,159743
Educational services,"Nonveteran, some other race",Item not reported,329,S
Educational services,"Nonveteran, minority",All firms,155421,6235817
Educational services,"Nonveteran, minority",Personal/family savings of owner(s),35173,2389451
Educational services,"Nonveteran, minority",Personal/family assets other than savings of owner(s),2568,713915
Educational services,"Nonveteran, minority",Personal/family home equity loan,1253,316010
Educational services,"Nonveteran, minority",Personal credit card(s) carrying balances,4657,394094
Educational services,"Nonveteran, minority",Business credit card(s) carrying balances,642,92263
Educational services,"Nonveteran, minority","Business loan from federal, state, or local government",7,S
Educational services,"Nonveteran, minority",Government-guaranteed business loan from a bank or financial institution,215,78146
Educational services,"Nonveteran, minority",Business loan from a bank or financial institution,862,189269
Educational services,"Nonveteran, minority",Business loan/investment from family/friends,670,111445
Educational services,"Nonveteran, minority",Investment by venture capitalist(s),146,S
Educational services,"Nonveteran, minority",Grants,1218,22111
Educational services,"Nonveteran, minority",Other source(s) of capital,1619,S
Educational services,"Nonveteran, minority",Don't know,6626,714151
Educational services,"Nonveteran, minority",None needed,38582,525001
Educational services,"Nonveteran, minority",Total reporting,84376(r),4306887(r)
Educational services,"Nonveteran, minority",Item not reported,2790(r),63176(r)
Educational services,"Nonveteran, equally minority/nonminority",All firms,4295,653463
Educational services,"Nonveteran, equally minority/nonminority",Personal/family savings of owner(s),2246,276562
Educational services,"Nonveteran, equally minority/nonminority",Personal/family assets other than savings of owner(s),148,14093
Educational services,"Nonveteran, equally minority/nonminority",Personal/family home equity loan,62,S
Educational services,"Nonveteran, equally minority/nonminority",Personal credit card(s) carrying balances,341,52591
Educational services,"Nonveteran, equally minority/nonminority",Business credit card(s) carrying balances,264,16293
Educational services,"Nonveteran, equally minority/nonminority","Business loan from federal, state, or local government",64,S
Educational services,"Nonveteran, equally minority/nonminority",Government-guaranteed business loan from a bank or financial institution,13,S
Educational services,"Nonveteran, equally minority/nonminority",Business loan from a bank or financial institution,37,S
Educational services,"Nonveteran, equally minority/nonminority",Business loan/investment from family/friends,133,S
Educational services,"Nonveteran, equally minority/nonminority",Investment by venture capitalist(s),0,0
Educational services,"Nonveteran, equally minority/nonminority",Grants,9,S
Educational services,"Nonveteran, equally minority/nonminority",Other source(s) of capital,84,924
Educational services,"Nonveteran, equally minority/nonminority",Don't know,35,41678
Educational services,"Nonveteran, equally minority/nonminority",None needed,559,14383
Educational services,"Nonveteran, equally minority/nonminority",Total reporting,3091,400546
Educational services,"Nonveteran, equally minority/nonminority",Item not reported,24,S
Educational services,"Nonveteran, nonminority",All firms,432347,36458847
Educational services,"Nonveteran, nonminority",Personal/family savings of owner(s),137363,14534208
Educational services,"Nonveteran, nonminority",Personal/family assets other than savings of owner(s),11764,1982823
Educational services,"Nonveteran, nonminority",Personal/family home equity loan,4177,1258387
Educational services,"Nonveteran, nonminority",Personal credit card(s) carrying balances,15587,2253273
Educational services,"Nonveteran, nonminority",Business credit card(s) carrying balances,3994,853749
Educational services,"Nonveteran, nonminority","Business loan from federal, state, or local government",268,22349
Educational services,"Nonveteran, nonminority",Government-guaranteed business loan from a bank or financial institution,1118,615048
Educational services,"Nonveteran, nonminority",Business loan from a bank or financial institution,5443,2285365
Educational services,"Nonveteran, nonminority",Business loan/investment from family/friends,2830,1077008
Educational services,"Nonveteran, nonminority",Investment by venture capitalist(s),377,344889
Educational services,"Nonveteran, nonminority",Grants,2722,68268
Educational services,"Nonveteran, nonminority",Other source(s) of capital,3425,619969
Educational services,"Nonveteran, nonminority",Don't know,16512,5187877
Educational services,"Nonveteran, nonminority",None needed,169594,2873856
Educational services,"Nonveteran, nonminority",Total reporting,339990(r),25281882(r)
Educational services,"Nonveteran, nonminority",Item not reported,6040(r),403222(r)
Educational services,"All firms classifiable by gender, ethnicity, race, and veteran status",All firms,644290,50165519
Educational services,"All firms classifiable by gender, ethnicity, race, and veteran status",Personal/family savings of owner(s),191163,19408356
Educational services,"All firms classifiable by gender, ethnicity, race, and veteran status",Personal/family assets other than savings of owner(s),16194,3215364
Educational services,"All firms classifiable by gender, ethnicity, race, and veteran status",Personal/family home equity loan,6159,1967237
Educational services,"All firms classifiable by gender, ethnicity, race, and veteran status",Personal credit card(s) carrying balances,23736,3018723
Educational services,"All firms classifiable by gender, ethnicity, race, and veteran status",Business credit card(s) carrying balances,6060,1059237
Educational services,"All firms classifiable by gender, ethnicity, race, and veteran status","Business loan from federal, state, or local government",354,27413
Educational services,"All firms classifiable by gender, ethnicity, race, and veteran status",Government-guaranteed business loan from a bank or financial institution,1490,760281
Educational services,"All firms classifiable by gender, ethnicity, race, and veteran status",Business loan from a bank or financial institution,7340,2981027
Educational services,"All firms classifiable by gender, ethnicity, race, and veteran status",Business loan/investment from family/friends,3869,1329827
Educational services,"All firms classifiable by gender, ethnicity, race, and veteran status",Investment by venture capitalist(s),542,403072
Educational services,"All firms classifiable by gender, ethnicity, race, and veteran status",Grants,4181,96578
Educational services,"All firms classifiable by gender, ethnicity, race, and veteran status",Other source(s) of capital,5795,1182927
Educational services,"All firms classifiable by gender, ethnicity, race, and veteran status",Don't know,24319,6273726
Educational services,"All firms classifiable by gender, ethnicity, race, and veteran status",None needed,221416,3827271
Educational services,"All firms classifiable by gender, ethnicity, race, and veteran status",Total reporting,460161(r),33370870(r)
Educational services,"All firms classifiable by gender, ethnicity, race, and veteran status",Item not reported,9815(r),478683(r)
Educational services,"Publicly held and other firms not classifiable by gender, ethnicity, race, and veteran status",All firms,32153,222057494
Educational services,"Publicly held and other firms not classifiable by gender, ethnicity, race, and veteran status",Personal/family savings of owner(s),90,21009
Educational services,"Publicly held and other firms not classifiable by gender, ethnicity, race, and veteran status",Personal/family assets other than savings of owner(s),0,0
Educational services,"Publicly held and other firms not classifiable by gender, ethnicity, race, and veteran status",Personal/family home equity loan,0,0
Educational services,"Publicly held and other firms not classifiable by gender, ethnicity, race, and veteran status",Personal credit card(s) carrying balances,0,0
Educational services,"Publicly held and other firms not classifiable by gender, ethnicity, race, and veteran status",Business credit card(s) carrying balances,0,0
Educational services,"Publicly held and other firms not classifiable by gender, ethnicity, race, and veteran status","Business loan from federal, state, or local government",0,0
Educational services,"Publicly held and other firms not classifiable by gender, ethnicity, race, and veteran status",Government-guaranteed business loan from a bank or financial institution,0,0
Educational services,"Publicly held and other firms not classifiable by gender, ethnicity, race, and veteran status",Business loan from a bank or financial institution,0,0
Educational services,"Publicly held and other firms not classifiable by gender, ethnicity, race, and veteran status",Business loan/investment from family/friends,0,0
Educational services,"Publicly held and other firms not classifiable by gender, ethnicity, race, and veteran status",Investment by venture capitalist(s),2,S
Educational services,"Publicly held and other firms not classifiable by gender, ethnicity, race, and veteran status",Grants,4,S
Educational services,"Publicly held and other firms not classifiable by gender, ethnicity, race, and veteran status",Other source(s) of capital,6,S
Educational services,"Publicly held and other firms not classifiable by gender, ethnicity, race, and veteran status",Don't know,546,S
Educational services,"Publicly held and other firms not classifiable by gender, ethnicity, race, and veteran status",None needed,332,S
Educational services,"Publicly held and other firms not classifiable by gender, ethnicity, race, and veteran status",Total reporting,974(r),300266(r)
Educational services,"Publicly held and other firms not classifiable by gender, ethnicity, race, and veteran status",Item not reported,5483(r),24903893(r)
Health care and social assistance,All firms,All firms,2564112,1945238795
Health care and social assistance,All firms,Personal/family savings of owner(s),703414,211166931
Health care and social assistance,All firms,Personal/family assets other than savings of owner(s),58667,25552931
Health care and social assistance,All firms,Personal/family home equity loan,32109,17619182
Health care and social assistance,All firms,Personal credit card(s) carrying balances,84946,21450536
Health care and social assistance,All firms,Business credit card(s) carrying balances,29913,14092922
Health care and social assistance,All firms,"Business loan from federal, state, or local government",2746,1856243
Health care and social assistance,All firms,Government-guaranteed business loan from a bank or financial institution,14595,9236588
Health care and social assistance,All firms,Business loan from a bank or financial institution,156426,129445760
Health care and social assistance,All firms,Business loan/investment from family/friends,22329,13416165
Health care and social assistance,All firms,Investment by venture capitalist(s),1815,3214478
Health care and social assistance,All firms,Grants,5407,1002047
Health care and social assistance,All firms,Other source(s) of capital,26220,16481742
Health care and social assistance,All firms,Don't know,111272,127886955
Health care and social assistance,All firms,None needed,473963,34748937
Health care and social assistance,All firms,Total reporting,1446588(r),471134488(r)
Health care and social assistance,All firms,Item not reported,71440(r),589839171(r)
Health care and social assistance,Female-owned,All firms,1603094,131360576
Health care and social assistance,Female-owned,Personal/family savings of owner(s),377971,48016924
Health care and social assistance,Female-owned,Personal/family assets other than savings of owner(s),30979,7113253
Health care and social assistance,Female-owned,Personal/family home equity loan,13468,5645989
Health care and social assistance,Female-owned,Personal credit card(s) carrying balances,50040,6683752
Health care and social assistance,Female-owned,Business credit card(s) carrying balances,13039,3506572
Health care and social assistance,Female-owned,"Business loan from federal, state, or local government",1097,519269
Health care and social assistance,Female-owned,Government-guaranteed business loan from a bank or financial institution,4858,2881301
Health care and social assistance,Female-owned,Business loan from a bank or financial institution,35618,19004286
Health care and social assistance,Female-owned,Business loan/investment from family/friends,8270,3210987
Health care and social assistance,Female-owned,Investment by venture capitalist(s),634,492816
Health care and social assistance,Female-owned,Grants,4051,313002
Health care and social assistance,Female-owned,Other source(s) of capital,10609,2818546
Health care and social assistance,Female-owned,Don't know,47365,14735181
Health care and social assistance,Female-owned,None needed,348147,9640069
Health care and social assistance,Female-owned,Total reporting,828534(r),88063518(r)
Health care and social assistance,Female-owned,Item not reported,40759(r),1050389(r)
Health care and social assistance,Male-owned,All firms,756440,443682884
Health care and social assistance,Male-owned,Personal/family savings of owner(s),265158,139226330
Health care and social assistance,Male-owned,Personal/family assets other than savings of owner(s),18934,14782949
Health care and social assistance,Male-owned,Personal/family home equity loan,11967,8458288
Health care and social assistance,Male-owned,Personal credit card(s) carrying balances,25420,10828960
Health care and social assistance,Male-owned,Business credit card(s) carrying balances,12808,8338068
Health care and social assistance,Male-owned,"Business loan from federal, state, or local government",1077,1108984
Health care and social assistance,Male-owned,Government-guaranteed business loan from a bank or financial institution,7038,4776710
Health care and social assistance,Male-owned,Business loan from a bank or financial institution,102596,96209749
Health care and social assistance,Male-owned,Business loan/investment from family/friends,10926,8156055
Health care and social assistance,Male-owned,Investment by venture capitalist(s),923,2451826
Health care and social assistance,Male-owned,Grants,875,528003
Health care and social assistance,Male-owned,Other source(s) of capital,13623,11614617
Health care and social assistance,Male-owned,Don't know,55683,91850482
Health care and social assistance,Male-owned,None needed,106761,22928683
Health care and social assistance,Male-owned,Total reporting,514372(r),325490080(r)
Health care and social assistance,Male-owned,Item not reported,8434(r),2782254(r)
Health care and social assistance,Equally male-/female-owned,All firms,120456,60113014
Health care and social assistance,Equally male-/female-owned,Personal/family savings of owner(s),58990,22727207
Health care and social assistance,Equally male-/female-owned,Personal/family assets other than savings of owner(s),8621,3643356
Health care and social assistance,Equally male-/female-owned,Personal/family home equity loan,6603,3496489
Health care and social assistance,Equally male-/female-owned,Personal credit card(s) carrying balances,9358,3926376
Health care and social assistance,Equally male-/female-owned,Business credit card(s) carrying balances,3965,2224830
Health care and social assistance,Equally male-/female-owned,"Business loan from federal, state, or local government",511,227315
Health care and social assistance,Equally male-/female-owned,Government-guaranteed business loan from a bank or financial institution,2637,1577902
Health care and social assistance,Equally male-/female-owned,Business loan from a bank or financial institution,17976,13340258
Health care and social assistance,Equally male-/female-owned,Business loan/investment from family/friends,3007,1993949
Health care and social assistance,Equally male-/female-owned,Investment by venture capitalist(s),184,84725
Health care and social assistance,Equally male-/female-owned,Grants,417,138578
Health care and social assistance,Equally male-/female-owned,Other source(s) of capital,1821,1087048
Health care and social assistance,Equally male-/female-owned,Don't know,5615,16901385
Health care and social assistance,Equally male-/female-owned,None needed,16484,1570117
Health care and social assistance,Equally male-/female-owned,Total reporting,96895(r),50134006(r)
Health care and social assistance,Equally male-/female-owned,Item not reported,1190(r),412612(r)
Health care and social assistance,Hispanic,All firms,347955,28936775
Health care and social assistance,Hispanic,Personal/family savings of owner(s),50455,8658320
Health care and social assistance,Hispanic,Personal/family assets other than savings of owner(s),3744,1182819
Health care and social assistance,Hispanic,Personal/family home equity loan,2537,1060103
Health care and social assistance,Hispanic,Personal credit card(s) carrying balances,7356,1364895
Health care and social assistance,Hispanic,Business credit card(s) carrying balances,2184,576576
Health care and social assistance,Hispanic,"Business loan from federal, state, or local government",280,S
Health care and social assistance,Hispanic,Government-guaranteed business loan from a bank or financial institution,817,313206
Health care and social assistance,Hispanic,Business loan from a bank or financial institution,7416,4250971
Health care and social assistance,Hispanic,Business loan/investment from family/friends,1208,592226
Health care and social assistance,Hispanic,Investment by venture capitalist(s),254,S
Health care and social assistance,Hispanic,Grants,542,20091
Health care and social assistance,Hispanic,Other source(s) of capital,1849,450770
Health care and social assistance,Hispanic,Don't know,10421,4116206
Health care and social assistance,Hispanic,None needed,49957,1582695
Health care and social assistance,Hispanic,Total reporting,120782(r),18104507(r)
Health care and social assistance,Hispanic,Item not reported,8357(r),225072(r)
Health care and social assistance,"Hispanic, female-owned",All firms,281113,10469328
Health care and social assistance,"Hispanic, female-owned",Personal/family savings of owner(s),32028,2770923
Health care and social assistance,"Hispanic, female-owned",Personal/family assets other than savings of owner(s),2432,308588
Health care and social assistance,"Hispanic, female-owned",Personal/family home equity loan,1357,283633
Health care and social assistance,"Hispanic, female-owned",Personal credit card(s) carrying balances,4621,572604
Health care and social assistance,"Hispanic, female-owned",Business credit card(s) carrying balances,1296,168948
Health care and social assistance,"Hispanic, female-owned","Business loan from federal, state, or local government",187,21066
Health care and social assistance,"Hispanic, female-owned",Government-guaranteed business loan from a bank or financial institution,454,143063
Health care and social assistance,"Hispanic, female-owned",Business loan from a bank or financial institution,2085,943747
Health care and social assistance,"Hispanic, female-owned",Business loan/investment from family/friends,453,S
Health care and social assistance,"Hispanic, female-owned",Investment by venture capitalist(s),82,S
Health care and social assistance,"Hispanic, female-owned",Grants,342,S
Health care and social assistance,"Hispanic, female-owned",Other source(s) of capital,950,100540
Health care and social assistance,"Hispanic, female-owned",Don't know,6856,900331
Health care and social assistance,"Hispanic, female-owned",None needed,40844,652992
Health care and social assistance,"Hispanic, female-owned",Total reporting,84510(r),5081954(r)
Health care and social assistance,"Hispanic, female-owned",Item not reported,7280(r),171630(r)
Health care and social assistance,"Hispanic, male-owned",All firms,60671,16623994
Health care and social assistance,"Hispanic, male-owned",Personal/family savings of owner(s),15519,5321764
Health care and social assistance,"Hispanic, male-owned",Personal/family assets other than savings of owner(s),889,747374
Health care and social assistance,"Hispanic, male-owned",Personal/family home equity loan,909,650537
Health care and social assistance,"Hispanic, male-owned",Personal credit card(s) carrying balances,2142,690879
Health care and social assistance,"Hispanic, male-owned",Business credit card(s) carrying balances,777,345362
Health care and social assistance,"Hispanic, male-owned","Business loan from federal, state, or local government",48,S
Health care and social assistance,"Hispanic, male-owned",Government-guaranteed business loan from a bank or financial institution,302,163365
Health care and social assistance,"Hispanic, male-owned",Business loan from a bank or financial institution,4710,2917025
Health care and social assistance,"Hispanic, male-owned",Business loan/investment from family/friends,633,S
Health care and social assistance,"Hispanic, male-owned",Investment by venture capitalist(s),119,14335
Health care and social assistance,"Hispanic, male-owned",Grants,76,S
Health care and social assistance,"Hispanic, male-owned",Other source(s) of capital,895,347471
Health care and social assistance,"Hispanic, male-owned",Don't know,3303,2939039
Health care and social assistance,"Hispanic, male-owned",None needed,8326,759035
Health care and social assistance,"Hispanic, male-owned",Total reporting,31487(r),11651144(r)
Health care and social assistance,"Hispanic, male-owned",Item not reported,1077(r),53442(r)
Health care and social assistance,"Hispanic, equally male-/female-owned",All firms,6171,1843453
Health care and social assistance,"Hispanic, equally male-/female-owned",Personal/family savings of owner(s),2908,565633
Health care and social assistance,"Hispanic, equally male-/female-owned",Personal/family assets other than savings of owner(s),423,126856
Health care and social assistance,"Hispanic, equally male-/female-owned",Personal/family home equity loan,272,125933
Health care and social assistance,"Hispanic, equally male-/female-owned",Personal credit card(s) carrying balances,593,101411
Health care and social assistance,"Hispanic, equally male-/female-owned",Business credit card(s) carrying balances,110,S
Health care and social assistance,"Hispanic, equally male-/female-owned","Business loan from federal, state, or local government",45,S
Health care and social assistance,"Hispanic, equally male-/female-owned",Government-guaranteed business loan from a bank or financial institution,61,S
Health care and social assistance,"Hispanic, equally male-/female-owned",Business loan from a bank or financial institution,621,390199
Health care and social assistance,"Hispanic, equally male-/female-owned",Business loan/investment from family/friends,123,22275
Health care and social assistance,"Hispanic, equally male-/female-owned",Investment by venture capitalist(s),54,S
Health care and social assistance,"Hispanic, equally male-/female-owned",Grants,123,S
Health care and social assistance,"Hispanic, equally male-/female-owned",Other source(s) of capital,4,S
Health care and social assistance,"Hispanic, equally male-/female-owned",Don't know,262,276835
Health care and social assistance,"Hispanic, equally male-/female-owned",None needed,787,S
Health care and social assistance,"Hispanic, equally male-/female-owned",Total reporting,4785,1371409
Health care and social assistance,"Hispanic, equally male-/female-owned",Item not reported,0,0
Health care and social assistance,Equally Hispanic/non-Hispanic,All firms,7899,4642667
Health care and social assistance,Equally Hispanic/non-Hispanic,Personal/family savings of owner(s),4184,1729501
Health care and social assistance,Equally Hispanic/non-Hispanic,Personal/family assets other than savings of owner(s),244,173071
Health care and social assistance,Equally Hispanic/non-Hispanic,Personal/family home equity loan,340,S
Health care and social assistance,Equally Hispanic/non-Hispanic,Personal credit card(s) carrying balances,712,245708
Health care and social assistance,Equally Hispanic/non-Hispanic,Business credit card(s) carrying balances,172,132913
Health care and social assistance,Equally Hispanic/non-Hispanic,"Business loan from federal, state, or local government",37,20134
Health care and social assistance,Equally Hispanic/non-Hispanic,Government-guaranteed business loan from a bank or financial institution,115,S
Health care and social assistance,Equally Hispanic/non-Hispanic,Business loan from a bank or financial institution,891,832926
Health care and social assistance,Equally Hispanic/non-Hispanic,Business loan/investment from family/friends,115,251599
Health care and social assistance,Equally Hispanic/non-Hispanic,Investment by venture capitalist(s),9,S
Health care and social assistance,Equally Hispanic/non-Hispanic,Grants,69,S
Health care and social assistance,Equally Hispanic/non-Hispanic,Other source(s) of capital,49,70776
Health care and social assistance,Equally Hispanic/non-Hispanic,Don't know,162,385272
Health care and social assistance,Equally Hispanic/non-Hispanic,None needed,892,S
Health care and social assistance,Equally Hispanic/non-Hispanic,Total reporting,5905,2916994
Health care and social assistance,Equally Hispanic/non-Hispanic,Item not reported,0,0
Health care and social assistance,"Equally Hispanic/non-Hispanic, female-owned",All firms,468,215090
Health care and social assistance,"Equally Hispanic/non-Hispanic, female-owned",Personal/family savings of owner(s),417,S
Health care and social assistance,"Equally Hispanic/non-Hispanic, female-owned",Personal/family assets other than savings of owner(s),36,34587
Health care and social assistance,"Equally Hispanic/non-Hispanic, female-owned",Personal/family home equity loan,23,S
Health care and social assistance,"Equally Hispanic/non-Hispanic, female-owned",Personal credit card(s) carrying balances,10,S
Health care and social assistance,"Equally Hispanic/non-Hispanic, female-owned",Business credit card(s) carrying balances,21,S
Health care and social assistance,"Equally Hispanic/non-Hispanic, female-owned","Business loan from federal, state, or local government",0,0
Health care and social assistance,"Equally Hispanic/non-Hispanic, female-owned",Government-guaranteed business loan from a bank or financial institution,0,0
Health care and social assistance,"Equally Hispanic/non-Hispanic, female-owned",Business loan from a bank or financial institution,127,S
Health care and social assistance,"Equally Hispanic/non-Hispanic, female-owned",Business loan/investment from family/friends,40,S
Health care and social assistance,"Equally Hispanic/non-Hispanic, female-owned",Investment by venture capitalist(s),9,S
Health care and social assistance,"Equally Hispanic/non-Hispanic, female-owned",Grants,0,0
Health care and social assistance,"Equally Hispanic/non-Hispanic, female-owned",Other source(s) of capital,6,S
Health care and social assistance,"Equally Hispanic/non-Hispanic, female-owned",Don't know,0,0
Health care and social assistance,"Equally Hispanic/non-Hispanic, female-owned",None needed,130,S
Health care and social assistance,"Equally Hispanic/non-Hispanic, female-owned",Total reporting,617,186610
Health care and social assistance,"Equally Hispanic/non-Hispanic, female-owned",Item not reported,0,0
Health care and social assistance,"Equally Hispanic/non-Hispanic, male-owned",All firms,1264,1804556
Health care and social assistance,"Equally Hispanic/non-Hispanic, male-owned",Personal/family savings of owner(s),466,495844
Health care and social assistance,"Equally Hispanic/non-Hispanic, male-owned",Personal/family assets other than savings of owner(s),11,74765
Health care and social assistance,"Equally Hispanic/non-Hispanic, male-owned",Personal/family home equity loan,94,S
Health care and social assistance,"Equally Hispanic/non-Hispanic, male-owned",Personal credit card(s) carrying balances,69,53993
Health care and social assistance,"Equally Hispanic/non-Hispanic, male-owned",Business credit card(s) carrying balances,16,75732
Health care and social assistance,"Equally Hispanic/non-Hispanic, male-owned","Business loan from federal, state, or local government",0,0
Health care and social assistance,"Equally Hispanic/non-Hispanic, male-owned",Government-guaranteed business loan from a bank or financial institution,0,0
Health care and social assistance,"Equally Hispanic/non-Hispanic, male-owned",Business loan from a bank or financial institution,142,394767
Health care and social assistance,"Equally Hispanic/non-Hispanic, male-owned",Business loan/investment from family/friends,6,56225
Health care and social assistance,"Equally Hispanic/non-Hispanic, male-owned",Investment by venture capitalist(s),0,0
Health care and social assistance,"Equally Hispanic/non-Hispanic, male-owned",Grants,21,S
Health care and social assistance,"Equally Hispanic/non-Hispanic, male-owned",Other source(s) of capital,10,S
Health care and social assistance,"Equally Hispanic/non-Hispanic, male-owned",Don't know,58,163302
Health care and social assistance,"Equally Hispanic/non-Hispanic, male-owned",None needed,46,S
Health care and social assistance,"Equally Hispanic/non-Hispanic, male-owned",Total reporting,669,1076487
Health care and social assistance,"Equally Hispanic/non-Hispanic, male-owned",Item not reported,0,0
Health care and social assistance,"Equally Hispanic/non-Hispanic, equally male-/female-owned",All firms,6166,2623021
Health care and social assistance,"Equally Hispanic/non-Hispanic, equally male-/female-owned",Personal/family savings of owner(s),3300,1109365
Health care and social assistance,"Equally Hispanic/non-Hispanic, equally male-/female-owned",Personal/family assets other than savings of owner(s),197,63720
Health care and social assistance,"Equally Hispanic/non-Hispanic, equally male-/female-owned",Personal/family home equity loan,223,45707
Health care and social assistance,"Equally Hispanic/non-Hispanic, equally male-/female-owned",Personal credit card(s) carrying balances,633,S
Health care and social assistance,"Equally Hispanic/non-Hispanic, equally male-/female-owned",Business credit card(s) carrying balances,135,51540
Health care and social assistance,"Equally Hispanic/non-Hispanic, equally male-/female-owned","Business loan from federal, state, or local government",37,20134
Health care and social assistance,"Equally Hispanic/non-Hispanic, equally male-/female-owned",Government-guaranteed business loan from a bank or financial institution,115,S
Health care and social assistance,"Equally Hispanic/non-Hispanic, equally male-/female-owned",Business loan from a bank or financial institution,622,330666
Health care and social assistance,"Equally Hispanic/non-Hispanic, equally male-/female-owned",Business loan/investment from family/friends,69,S
Health care and social assistance,"Equally Hispanic/non-Hispanic, equally male-/female-owned",Investment by venture capitalist(s),0,0
Health care and social assistance,"Equally Hispanic/non-Hispanic, equally male-/female-owned",Grants,48,S
Health care and social assistance,"Equally Hispanic/non-Hispanic, equally male-/female-owned",Other source(s) of capital,33,38605
Health care and social assistance,"Equally Hispanic/non-Hispanic, equally male-/female-owned",Don't know,104,221970
Health care and social assistance,"Equally Hispanic/non-Hispanic, equally male-/female-owned",None needed,716,42904
Health care and social assistance,"Equally Hispanic/non-Hispanic, equally male-/female-owned",Total reporting,4619,1653898
Health care and social assistance,"Equally Hispanic/non-Hispanic, equally male-/female-owned",Item not reported,0,0
Health care and social assistance,Non-Hispanic,All firms,2124137,601577032
Health care and social assistance,Non-Hispanic,Personal/family savings of owner(s),647480,199582639
Health care and social assistance,Non-Hispanic,Personal/family assets other than savings of owner(s),54547,24183668
Health care and social assistance,Non-Hispanic,Personal/family home equity loan,29162,16233829
Health care and social assistance,Non-Hispanic,Personal credit card(s) carrying balances,76751,19828485
Health care and social assistance,Non-Hispanic,Business credit card(s) carrying balances,27456,13359982
Health care and social assistance,Non-Hispanic,"Business loan from federal, state, or local government",2368,1740223
Health care and social assistance,Non-Hispanic,Government-guaranteed business loan from a bank or financial institution,13601,8827702
Health care and social assistance,Non-Hispanic,Business loan from a bank or financial institution,147884,123470396
Health care and social assistance,Non-Hispanic,Business loan/investment from family/friends,20878,12517165
Health care and social assistance,Non-Hispanic,Investment by venture capitalist(s),1478,2892253
Health care and social assistance,Non-Hispanic,Grants,4732,896064
Health care and social assistance,Non-Hispanic,Other source(s) of capital,24154,14998666
Health care and social assistance,Non-Hispanic,Don't know,98079,118985570
Health care and social assistance,Non-Hispanic,None needed,420544,32375674
Health care and social assistance,Non-Hispanic,Total reporting,1313115(r),442666103(r)
Health care and social assistance,Non-Hispanic,Item not reported,42026(r),4020183(r)
Health care and social assistance,"Non-Hispanic, female-owned",All firms,1321513,120676158
Health care and social assistance,"Non-Hispanic, female-owned",Personal/family savings of owner(s),345525,45121709
Health care and social assistance,"Non-Hispanic, female-owned",Personal/family assets other than savings of owner(s),28511,6770078
Health care and social assistance,"Non-Hispanic, female-owned",Personal/family home equity loan,12088,5332830
Health care and social assistance,"Non-Hispanic, female-owned",Personal credit card(s) carrying balances,45409,6104971
Health care and social assistance,"Non-Hispanic, female-owned",Business credit card(s) carrying balances,11722,3331984
Health care and social assistance,"Non-Hispanic, female-owned","Business loan from federal, state, or local government",911,498204
Health care and social assistance,"Non-Hispanic, female-owned",Government-guaranteed business loan from a bank or financial institution,4405,2738239
Health care and social assistance,"Non-Hispanic, female-owned",Business loan from a bank or financial institution,33406,17953046
Health care and social assistance,"Non-Hispanic, female-owned",Business loan/investment from family/friends,7777,2937518
Health care and social assistance,"Non-Hispanic, female-owned",Investment by venture capitalist(s),544,378970
Health care and social assistance,"Non-Hispanic, female-owned",Grants,3708,298121
Health care and social assistance,"Non-Hispanic, female-owned",Other source(s) of capital,9652,2700451
Health care and social assistance,"Non-Hispanic, female-owned",Don't know,40509,13834850
Health care and social assistance,"Non-Hispanic, female-owned",None needed,307173,8981230
Health care and social assistance,"Non-Hispanic, female-owned",Total reporting,743408(r),82794955(r)
Health care and social assistance,"Non-Hispanic, female-owned",Item not reported,33479(r),878759(r)
Health care and social assistance,"Non-Hispanic, male-owned",All firms,694505,425254334
Health care and social assistance,"Non-Hispanic, male-owned",Personal/family savings of owner(s),249173,133408721
Health care and social assistance,"Non-Hispanic, male-owned",Personal/family assets other than savings of owner(s),18034,13960810
Health care and social assistance,"Non-Hispanic, male-owned",Personal/family home equity loan,10965,7576149
Health care and social assistance,"Non-Hispanic, male-owned",Personal credit card(s) carrying balances,23209,10084087
Health care and social assistance,"Non-Hispanic, male-owned",Business credit card(s) carrying balances,12015,7916974
Health care and social assistance,"Non-Hispanic, male-owned","Business loan from federal, state, or local government",1029,1047321
Health care and social assistance,"Non-Hispanic, male-owned",Government-guaranteed business loan from a bank or financial institution,6735,4613345
Health care and social assistance,"Non-Hispanic, male-owned",Business loan from a bank or financial institution,97744,92897957
Health care and social assistance,"Non-Hispanic, male-owned",Business loan/investment from family/friends,10287,7731361
Health care and social assistance,"Non-Hispanic, male-owned",Investment by venture capitalist(s),804,2437492
Health care and social assistance,"Non-Hispanic, male-owned",Grants,778,527445
Health care and social assistance,"Non-Hispanic, male-owned",Other source(s) of capital,12718,11252531
Health care and social assistance,"Non-Hispanic, male-owned",Don't know,52322,88748140
Health care and social assistance,"Non-Hispanic, male-owned",None needed,98389,22037899
Health care and social assistance,"Non-Hispanic, male-owned",Total reporting,482216(r),312762449(r)
Health care and social assistance,"Non-Hispanic, male-owned",Item not reported,7357(r),2728812(r)
Health care and social assistance,"Non-Hispanic, equally male-/female-owned",All firms,108119,55646540
Health care and social assistance,"Non-Hispanic, equally male-/female-owned",Personal/family savings of owner(s),52782,21052209
Health care and social assistance,"Non-Hispanic, equally male-/female-owned",Personal/family assets other than savings of owner(s),8002,3452780
Health care and social assistance,"Non-Hispanic, equally male-/female-owned",Personal/family home equity loan,6109,3324850
Health care and social assistance,"Non-Hispanic, equally male-/female-owned",Personal credit card(s) carrying balances,8132,3639426
Health care and social assistance,"Non-Hispanic, equally male-/female-owned",Business credit card(s) carrying balances,3719,2111024
Health care and social assistance,"Non-Hispanic, equally male-/female-owned","Business loan from federal, state, or local government",429,194698
Health care and social assistance,"Non-Hispanic, equally male-/female-owned",Government-guaranteed business loan from a bank or financial institution,2461,1476119
Health care and social assistance,"Non-Hispanic, equally male-/female-owned",Business loan from a bank or financial institution,16734,12619393
Health care and social assistance,"Non-Hispanic, equally male-/female-owned",Business loan/investment from family/friends,2815,1848286
Health care and social assistance,"Non-Hispanic, equally male-/female-owned",Investment by venture capitalist(s),130,S
Health care and social assistance,"Non-Hispanic, equally male-/female-owned",Grants,246,70498
Health care and social assistance,"Non-Hispanic, equally male-/female-owned",Other source(s) of capital,1784,1045684
Health care and social assistance,"Non-Hispanic, equally male-/female-owned",Don't know,5248,16402580
Health care and social assistance,"Non-Hispanic, equally male-/female-owned",None needed,14981,1356546
Health care and social assistance,"Non-Hispanic, equally male-/female-owned",Total reporting,87491(r),47108699(r)
Health care and social assistance,"Non-Hispanic, equally male-/female-owned",Item not reported,1190(r),412612(r)
Health care and social assistance,White,All firms,1656711,534537983
Health care and social assistance,White,Personal/family savings of owner(s),555550,172916706
Health care and social assistance,White,Personal/family assets other than savings of owner(s),45840,20003336
Health care and social assistance,White,Personal/family home equity loan,23739,12661426
Health care and social assistance,White,Personal credit card(s) carrying balances,67088,16849528
Health care and social assistance,White,Business credit card(s) carrying balances,23764,11402015
Health care and social assistance,White,"Business loan from federal, state, or local government",2253,1612193
Health care and social assistance,White,Government-guaranteed business loan from a bank or financial institution,11335,7707293
Health care and social assistance,White,Business loan from a bank or financial institution,132070,112690114
Health care and social assistance,White,Business loan/investment from family/friends,18667,11724000
Health care and social assistance,White,Investment by venture capitalist(s),1450,2872622
Health care and social assistance,White,Grants,4291,783403
Health care and social assistance,White,Other source(s) of capital,20038,12494049
Health care and social assistance,White,Don't know,78995,111931901
Health care and social assistance,White,None needed,374138,29435682
Health care and social assistance,White,Total reporting,1139985(r),399032532(r)
Health care and social assistance,White,Item not reported,30569(r),3140510(r)
Health care and social assistance,"White, female-owned",All firms,966840,98883519
Health care and social assistance,"White, female-owned",Personal/family savings of owner(s),296456,36990892
Health care and social assistance,"White, female-owned",Personal/family assets other than savings of owner(s),23862,4963930
Health care and social assistance,"White, female-owned",Personal/family home equity loan,10181,3882739
Health care and social assistance,"White, female-owned",Personal credit card(s) carrying balances,39785,4836535
Health care and social assistance,"White, female-owned",Business credit card(s) carrying balances,10493,2661333
Health care and social assistance,"White, female-owned","Business loan from federal, state, or local government",834,408138
Health care and social assistance,"White, female-owned",Government-guaranteed business loan from a bank or financial institution,3378,2260876
Health care and social assistance,"White, female-owned",Business loan from a bank or financial institution,27399,14397054
Health care and social assistance,"White, female-owned",Business loan/investment from family/friends,6663,2634855
Health care and social assistance,"White, female-owned",Investment by venture capitalist(s),534,469835
Health care and social assistance,"White, female-owned",Grants,3152,221836
Health care and social assistance,"White, female-owned",Other source(s) of capital,7337,1982689
Health care and social assistance,"White, female-owned",Don't know,29324,12937902
Health care and social assistance,"White, female-owned",None needed,272569,8011836
Health care and social assistance,"White, female-owned",Total reporting,640312(r),70267786(r)
Health care and social assistance,"White, female-owned",Item not reported,23903(r),747907(r)
Health care and social assistance,"White, male-owned",All firms,597746,386385150
Health care and social assistance,"White, male-owned",Personal/family savings of owner(s),215123,118239280
Health care and social assistance,"White, male-owned",Personal/family assets other than savings of owner(s),15402,12517963
Health care and social assistance,"White, male-owned",Personal/family home equity loan,9220,6492650
Health care and social assistance,"White, male-owned",Personal credit card(s) carrying balances,20576,8983435
Health care and social assistance,"White, male-owned",Business credit card(s) carrying balances,10200,6796164
Health care and social assistance,"White, male-owned","Business loan from federal, state, or local government",983,997362
Health care and social assistance,"White, male-owned",Government-guaranteed business loan from a bank or financial institution,5950,4185098
Health care and social assistance,"White, male-owned",Business loan from a bank or financial institution,90288,87129205
Health care and social assistance,"White, male-owned",Business loan/investment from family/friends,9439,7400441
Health care and social assistance,"White, male-owned",Investment by venture capitalist(s),775,2332783
Health care and social assistance,"White, male-owned",Grants,765,452330
Health care and social assistance,"White, male-owned",Other source(s) of capital,11269,9577841
Health care and social assistance,"White, male-owned",Don't know,45297,83455762
Health care and social assistance,"White, male-owned",None needed,87995,20104816
Health care and social assistance,"White, male-owned",Total reporting,424691(r),286613810(r)
Health care and social assistance,"White, male-owned",Item not reported,6054(r),2248428(r)
Health care and social assistance,"White, equally male-/female-owned",All firms,92125,49269314
Health care and social assistance,"White, equally male-/female-owned",Personal/family savings of owner(s),43971,17686534
Health care and social assistance,"White, equally male-/female-owned",Personal/family assets other than savings of owner(s),6576,2521443
Health care and social assistance,"White, equally male-/female-owned",Personal/family home equity loan,4339,2286036
Health care and social assistance,"White, equally male-/female-owned",Personal credit card(s) carrying balances,6727,3029557
Health care and social assistance,"White, equally male-/female-owned",Business credit card(s) carrying balances,3071,1944518
Health care and social assistance,"White, equally male-/female-owned","Business loan from federal, state, or local government",436,206693
Health care and social assistance,"White, equally male-/female-owned",Government-guaranteed business loan from a bank or financial institution,2007,1261318
Health care and social assistance,"White, equally male-/female-owned",Business loan from a bank or financial institution,14383,11163855
Health care and social assistance,"White, equally male-/female-owned",Business loan/investment from family/friends,2565,1688705
Health care and social assistance,"White, equally male-/female-owned",Investment by venture capitalist(s),140,S
Health care and social assistance,"White, equally male-/female-owned",Grants,374,S
Health care and social assistance,"White, equally male-/female-owned",Other source(s) of capital,1432,933518
Health care and social assistance,"White, equally male-/female-owned",Don't know,4373,15538236
Health care and social assistance,"White, equally male-/female-owned",None needed,13574,1319030
Health care and social assistance,"White, equally male-/female-owned",Total reporting,74982(r),42150936(r)
Health care and social assistance,"White, equally male-/female-owned",Item not reported,613(r),S
Health care and social assistance,Black or African American,All firms,492983,24244269
Health care and social assistance,Black or African American,Personal/family savings of owner(s),59654,7199913
Health care and social assistance,Black or African American,Personal/family assets other than savings of owner(s),5318,861245
Health care and social assistance,Black or African American,Personal/family home equity loan,2087,580622
Health care and social assistance,Black or African American,Personal credit card(s) carrying balances,8913,1373415
Health care and social assistance,Black or African American,Business credit card(s) carrying balances,2275,479256
Health care and social assistance,Black or African American,"Business loan from federal, state, or local government",271,S
Health care and social assistance,Black or African American,Government-guaranteed business loan from a bank or financial institution,1193,409813
Health care and social assistance,Black or African American,Business loan from a bank or financial institution,5712,2477985
Health care and social assistance,Black or African American,Business loan/investment from family/friends,931,324378
Health care and social assistance,Black or African American,Investment by venture capitalist(s),150,S
Health care and social assistance,Black or African American,Grants,796,67658
Health care and social assistance,Black or African American,Other source(s) of capital,2664,494347
Health care and social assistance,Black or African American,Don't know,12360,2145547
Health care and social assistance,Black or African American,None needed,52765,1344746
Health care and social assistance,Black or African American,Total reporting,134136(r),12577055(r)
Health care and social assistance,Black or African American,Item not reported,13568(r),373543(r)
Health care and social assistance,"Black or African American, female-owned",All firms,431478,13274945
Health care and social assistance,"Black or African American, female-owned",Personal/family savings of owner(s),43922,3433680
Health care and social assistance,"Black or African American, female-owned",Personal/family assets other than savings of owner(s),3760,344540
Health care and social assistance,"Black or African American, female-owned",Personal/family home equity loan,1357,273104
Health care and social assistance,"Black or African American, female-owned",Personal credit card(s) carrying balances,6240,550032
Health care and social assistance,"Black or African American, female-owned",Business credit card(s) carrying balances,1233,185176
Health care and social assistance,"Black or African American, female-owned","Business loan from federal, state, or local government",222,28943
Health care and social assistance,"Black or African American, female-owned",Government-guaranteed business loan from a bank or financial institution,872,228734
Health care and social assistance,"Black or African American, female-owned",Business loan from a bank or financial institution,2469,879062
Health care and social assistance,"Black or African American, female-owned",Business loan/investment from family/friends,574,142152
Health care and social assistance,"Black or African American, female-owned",Investment by venture capitalist(s),83,S
Health care and social assistance,"Black or African American, female-owned",Grants,688,49598
Health care and social assistance,"Black or African American, female-owned",Other source(s) of capital,1986,281689
Health care and social assistance,"Black or African American, female-owned",Don't know,9428,839527
Health care and social assistance,"Black or African American, female-owned",None needed,46738,815088
Health care and social assistance,"Black or African American, female-owned",Total reporting,106759(r),5927888(r)
Health care and social assistance,"Black or African American, female-owned",Item not reported,12794(r),221016(r)
Health care and social assistance,"Black or African American, male-owned",All firms,55382,9054119
Health care and social assistance,"Black or African American, male-owned",Personal/family savings of owner(s),12599,3026055
Health care and social assistance,"Black or African American, male-owned",Personal/family assets other than savings of owner(s),1030,354714
Health care and social assistance,"Black or African American, male-owned",Personal/family home equity loan,520,218265
Health care and social assistance,"Black or African American, male-owned",Personal credit card(s) carrying balances,2034,662810
Health care and social assistance,"Black or African American, male-owned",Business credit card(s) carrying balances,926,280266
Health care and social assistance,"Black or African American, male-owned","Business loan from federal, state, or local government",42,S
Health care and social assistance,"Black or African American, male-owned",Government-guaranteed business loan from a bank or financial institution,181,128011
Health care and social assistance,"Black or African American, male-owned",Business loan from a bank or financial institution,2732,1362582
Health care and social assistance,"Black or African American, male-owned",Business loan/investment from family/friends,266,128016
Health care and social assistance,"Black or African American, male-owned",Investment by venture capitalist(s),65,S
Health care and social assistance,"Black or African American, male-owned",Grants,92,S
Health care and social assistance,"Black or African American, male-owned",Other source(s) of capital,567,202843
Health care and social assistance,"Black or African American, male-owned",Don't know,2651,1179690
Health care and social assistance,"Black or African American, male-owned",None needed,5508,502103
Health care and social assistance,"Black or African American, male-owned",Total reporting,23085(r),5597930(r)
Health care and social assistance,"Black or African American, male-owned",Item not reported,581(r),S
Health care and social assistance,"Black or African American, equally male-/female-owned",All firms,6123,1915204
Health care and social assistance,"Black or African American, equally male-/female-owned",Personal/family savings of owner(s),3133,740178
Health care and social assistance,"Black or African American, equally male-/female-owned",Personal/family assets other than savings of owner(s),528,161990
Health care and social assistance,"Black or African American, equally male-/female-owned",Personal/family home equity loan,210,89254
Health care and social assistance,"Black or African American, equally male-/female-owned",Personal credit card(s) carrying balances,639,160573
Health care and social assistance,"Black or African American, equally male-/female-owned",Business credit card(s) carrying balances,117,S
Health care and social assistance,"Black or African American, equally male-/female-owned","Business loan from federal, state, or local government",8,S
Health care and social assistance,"Black or African American, equally male-/female-owned",Government-guaranteed business loan from a bank or financial institution,139,53068
Health care and social assistance,"Black or African American, equally male-/female-owned",Business loan from a bank or financial institution,511,236341
Health care and social assistance,"Black or African American, equally male-/female-owned",Business loan/investment from family/friends,90,S
Health care and social assistance,"Black or African American, equally male-/female-owned",Investment by venture capitalist(s),2,S
Health care and social assistance,"Black or African American, equally male-/female-owned",Grants,17,S
Health care and social assistance,"Black or African American, equally male-/female-owned",Other source(s) of capital,111,9815
Health care and social assistance,"Black or African American, equally male-/female-owned",Don't know,281,126330
Health care and social assistance,"Black or African American, equally male-/female-owned",None needed,519,27554
Health care and social assistance,"Black or African American, equally male-/female-owned",Total reporting,4292(r),1051237(r)
Health care and social assistance,"Black or African American, equally male-/female-owned",Item not reported,194(r),S
Health care and social assistance,American Indian and Alaska Native,All firms,29099,2199852
Health care and social assistance,American Indian and Alaska Native,Personal/family savings of owner(s),5075,790438
Health care and social assistance,American Indian and Alaska Native,Personal/family assets other than savings of owner(s),586,106125
Health care and social assistance,American Indian and Alaska Native,Personal/family home equity loan,114,72390
Health care and social assistance,American Indian and Alaska Native,Personal credit card(s) carrying balances,1048,240366
Health care and social assistance,American Indian and Alaska Native,Business credit card(s) carrying balances,419,47668
Health care and social assistance,American Indian and Alaska Native,"Business loan from federal, state, or local government",0,0
Health care and social assistance,American Indian and Alaska Native,Government-guaranteed business loan from a bank or financial institution,94,S
Health care and social assistance,American Indian and Alaska Native,Business loan from a bank or financial institution,759,408948
Health care and social assistance,American Indian and Alaska Native,Business loan/investment from family/friends,170,S
Health care and social assistance,American Indian and Alaska Native,Investment by venture capitalist(s),2,S
Health care and social assistance,American Indian and Alaska Native,Grants,177,S
Health care and social assistance,American Indian and Alaska Native,Other source(s) of capital,207,S
Health care and social assistance,American Indian and Alaska Native,Don't know,820,166339
Health care and social assistance,American Indian and Alaska Native,None needed,4257,78847
Health care and social assistance,American Indian and Alaska Native,Total reporting,11149(r),1324217(r)
Health care and social assistance,American Indian and Alaska Native,Item not reported,1035(r),S
Health care and social assistance,"American Indian and Alaska Native, female-owned",All firms,23225,986585
Health care and social assistance,"American Indian and Alaska Native, female-owned",Personal/family savings of owner(s),3546,303654
Health care and social assistance,"American Indian and Alaska Native, female-owned",Personal/family assets other than savings of owner(s),387,44983
Health care and social assistance,"American Indian and Alaska Native, female-owned",Personal/family home equity loan,77,17115
Health care and social assistance,"American Indian and Alaska Native, female-owned",Personal credit card(s) carrying balances,655,45726
Health care and social assistance,"American Indian and Alaska Native, female-owned",Business credit card(s) carrying balances,233,S
Health care and social assistance,"American Indian and Alaska Native, female-owned","Business loan from federal, state, or local government",0,0
Health care and social assistance,"American Indian and Alaska Native, female-owned",Government-guaranteed business loan from a bank or financial institution,16,S
Health care and social assistance,"American Indian and Alaska Native, female-owned",Business loan from a bank or financial institution,134,51659
Health care and social assistance,"American Indian and Alaska Native, female-owned",Business loan/investment from family/friends,154,S
Health care and social assistance,"American Indian and Alaska Native, female-owned",Investment by venture capitalist(s),0,0
Health care and social assistance,"American Indian and Alaska Native, female-owned",Grants,177,S
Health care and social assistance,"American Indian and Alaska Native, female-owned",Other source(s) of capital,85,S
Health care and social assistance,"American Indian and Alaska Native, female-owned",Don't know,563,37617
Health care and social assistance,"American Indian and Alaska Native, female-owned",None needed,3495,49344
Health care and social assistance,"American Indian and Alaska Native, female-owned",Total reporting,8218(r),476963(r)
Health care and social assistance,"American Indian and Alaska Native, female-owned",Item not reported,793(r),10151(r)
Health care and social assistance,"American Indian and Alaska Native, male-owned",All firms,5657,1117228
Health care and social assistance,"American Indian and Alaska Native, male-owned",Personal/family savings of owner(s),1461,474060
Health care and social assistance,"American Indian and Alaska Native, male-owned",Personal/family assets other than savings of owner(s),191,52740
Health care and social assistance,"American Indian and Alaska Native, male-owned",Personal/family home equity loan,29,S
Health care and social assistance,"American Indian and Alaska Native, male-owned",Personal credit card(s) carrying balances,388,193952
Health care and social assistance,"American Indian and Alaska Native, male-owned",Business credit card(s) carrying balances,187,40294
Health care and social assistance,"American Indian and Alaska Native, male-owned","Business loan from federal, state, or local government",0,0
Health care and social assistance,"American Indian and Alaska Native, male-owned",Government-guaranteed business loan from a bank or financial institution,76,S
Health care and social assistance,"American Indian and Alaska Native, male-owned",Business loan from a bank or financial institution,611,355400
Health care and social assistance,"American Indian and Alaska Native, male-owned",Business loan/investment from family/friends,5,S
Health care and social assistance,"American Indian and Alaska Native, male-owned",Investment by venture capitalist(s),2,S
Health care and social assistance,"American Indian and Alaska Native, male-owned",Grants,0,0
Health care and social assistance,"American Indian and Alaska Native, male-owned",Other source(s) of capital,115,1813
Health care and social assistance,"American Indian and Alaska Native, male-owned",Don't know,205,S
Health care and social assistance,"American Indian and Alaska Native, male-owned",None needed,717,28419
Health care and social assistance,"American Indian and Alaska Native, male-owned",Total reporting,2760(r),775798(r)
Health care and social assistance,"American Indian and Alaska Native, male-owned",Item not reported,240(r),S
Health care and social assistance,"American Indian and Alaska Native, equally male-/female-owned",All firms,217,96039
Health care and social assistance,"American Indian and Alaska Native, equally male-/female-owned",Personal/family savings of owner(s),68,12723
Health care and social assistance,"American Indian and Alaska Native, equally male-/female-owned",Personal/family assets other than savings of owner(s),8,8402
Health care and social assistance,"American Indian and Alaska Native, equally male-/female-owned",Personal/family home equity loan,8,S
Health care and social assistance,"American Indian and Alaska Native, equally male-/female-owned",Personal credit card(s) carrying balances,5,S
Health care and social assistance,"American Indian and Alaska Native, equally male-/female-owned",Business credit card(s) carrying balances,0,0
Health care and social assistance,"American Indian and Alaska Native, equally male-/female-owned","Business loan from federal, state, or local government",0,0
Health care and social assistance,"American Indian and Alaska Native, equally male-/female-owned",Government-guaranteed business loan from a bank or financial institution,2,S
Health care and social assistance,"American Indian and Alaska Native, equally male-/female-owned",Business loan from a bank or financial institution,14,S
Health care and social assistance,"American Indian and Alaska Native, equally male-/female-owned",Business loan/investment from family/friends,11,S
Health care and social assistance,"American Indian and Alaska Native, equally male-/female-owned",Investment by venture capitalist(s),0,0
Health care and social assistance,"American Indian and Alaska Native, equally male-/female-owned",Grants,0,0
Health care and social assistance,"American Indian and Alaska Native, equally male-/female-owned",Other source(s) of capital,6,S
Health care and social assistance,"American Indian and Alaska Native, equally male-/female-owned",Don't know,52,S
Health care and social assistance,"American Indian and Alaska Native, equally male-/female-owned",None needed,45,S
Health care and social assistance,"American Indian and Alaska Native, equally male-/female-owned",Total reporting,171,S
Health care and social assistance,"American Indian and Alaska Native, equally male-/female-owned",Item not reported,2,S
Health care and social assistance,Asian,All firms,203471,60878821
Health care and social assistance,Asian,Personal/family savings of owner(s),72287,24574016
Health care and social assistance,Asian,Personal/family assets other than savings of owner(s),5951,3873597
Health care and social assistance,Asian,Personal/family home equity loan,5243,3418875
Health care and social assistance,Asian,Personal credit card(s) carrying balances,6854,2812281
Health care and social assistance,Asian,Business credit card(s) carrying balances,3460,2081342
Health care and social assistance,Asian,"Business loan from federal, state, or local government",188,S
Health care and social assistance,Asian,Government-guaranteed business loan from a bank or financial institution,1446,861002
Health care and social assistance,Asian,Business loan from a bank or financial institution,15765,9958283
Health care and social assistance,Asian,Business loan/investment from family/friends,2390,1181279
Health care and social assistance,Asian,Investment by venture capitalist(s),36,S
Health care and social assistance,Asian,Grants,361,113208
Health care and social assistance,Asian,Other source(s) of capital,2633,2041195
Health care and social assistance,Asian,Don't know,11707,6650025
Health care and social assistance,Asian,None needed,32171,2412297
Health care and social assistance,Asian,Total reporting,129965(r),40921361(r)
Health care and social assistance,Asian,Item not reported,2922(r),632847(r)
Health care and social assistance,"Asian, female-owned",All firms,103606,16526952
Health care and social assistance,"Asian, female-owned",Personal/family savings of owner(s),31465,6993612
Health care and social assistance,"Asian, female-owned",Personal/family assets other than savings of owner(s),2683,1810249
Health care and social assistance,"Asian, female-owned",Personal/family home equity loan,1811,1480896
Health care and social assistance,"Asian, female-owned",Personal credit card(s) carrying balances,3252,1254508
Health care and social assistance,"Asian, female-owned",Business credit card(s) carrying balances,1397,680364
Health care and social assistance,"Asian, female-owned","Business loan from federal, state, or local government",40,S
Health care and social assistance,"Asian, female-owned",Government-guaranteed business loan from a bank or financial institution,535,322656
Health care and social assistance,"Asian, female-owned",Business loan from a bank or financial institution,5386,3353620
Health care and social assistance,"Asian, female-owned",Business loan/investment from family/friends,1041,452186
Health care and social assistance,"Asian, female-owned",Investment by venture capitalist(s),17,S
Health care and social assistance,"Asian, female-owned",Grants,256,S
Health care and social assistance,"Asian, female-owned",Other source(s) of capital,1178,536280
Health care and social assistance,"Asian, female-owned",Don't know,5326,855716
Health care and social assistance,"Asian, female-owned",None needed,19597,688385
Health care and social assistance,"Asian, female-owned",Total reporting,61564(r),10802420(r)
Health care and social assistance,"Asian, female-owned",Item not reported,1530(r),29512(r)
Health care and social assistance,"Asian, male-owned",All firms,86978,39207790
Health care and social assistance,"Asian, male-owned",Personal/family savings of owner(s),33924,15116933
Health care and social assistance,"Asian, male-owned",Personal/family assets other than savings of owner(s),2279,1492386
Health care and social assistance,"Asian, male-owned",Personal/family home equity loan,1937,1247994
Health care and social assistance,"Asian, male-owned",Personal credit card(s) carrying balances,2558,1039669
Health care and social assistance,"Asian, male-owned",Business credit card(s) carrying balances,1621,1211162
Health care and social assistance,"Asian, male-owned","Business loan from federal, state, or local government",105,S
Health care and social assistance,"Asian, male-owned",Government-guaranteed business loan from a bank or financial institution,657,357486
Health care and social assistance,"Asian, male-owned",Business loan from a bank or financial institution,8676,5761178
Health care and social assistance,"Asian, male-owned",Business loan/investment from family/friends,1071,528498
Health care and social assistance,"Asian, male-owned",Investment by venture capitalist(s),17,S
Health care and social assistance,"Asian, male-owned",Grants,81,S
Health care and social assistance,"Asian, male-owned",Other source(s) of capital,1259,1424687
Health care and social assistance,"Asian, male-owned",Don't know,5780,4762348
Health care and social assistance,"Asian, male-owned",None needed,11267,1641910
Health care and social assistance,"Asian, male-owned",Total reporting,58312(r),26158085(r)
Health care and social assistance,"Asian, male-owned",Item not reported,1211(r),S
Health care and social assistance,"Asian, equally male-/female-owned",All firms,12888,5144078
Health care and social assistance,"Asian, equally male-/female-owned",Personal/family savings of owner(s),6898,2463471
Health care and social assistance,"Asian, equally male-/female-owned",Personal/family assets other than savings of owner(s),989,570962
Health care and social assistance,"Asian, equally male-/female-owned",Personal/family home equity loan,1495,689985
Health care and social assistance,"Asian, equally male-/female-owned",Personal credit card(s) carrying balances,1044,518105
Health care and social assistance,"Asian, equally male-/female-owned",Business credit card(s) carrying balances,442,189816
Health care and social assistance,"Asian, equally male-/female-owned","Business loan from federal, state, or local government",43,S
Health care and social assistance,"Asian, equally male-/female-owned",Government-guaranteed business loan from a bank or financial institution,254,S
Health care and social assistance,"Asian, equally male-/female-owned",Business loan from a bank or financial institution,1703,843485
Health care and social assistance,"Asian, equally male-/female-owned",Business loan/investment from family/friends,279,200595
Health care and social assistance,"Asian, equally male-/female-owned",Investment by venture capitalist(s),2,S
Health care and social assistance,"Asian, equally male-/female-owned",Grants,24,S
Health care and social assistance,"Asian, equally male-/female-owned",Other source(s) of capital,196,80228
Health care and social assistance,"Asian, equally male-/female-owned",Don't know,601,1031961
Health care and social assistance,"Asian, equally male-/female-owned",None needed,1306,82002
Health care and social assistance,"Asian, equally male-/female-owned",Total reporting,10088(r),3960856(r)
Health care and social assistance,"Asian, equally male-/female-owned",Item not reported,181(r),S
Health care and social assistance,Native Hawaiian and Other Pacific Islander,All firms,6635,456989
Health care and social assistance,Native Hawaiian and Other Pacific Islander,Personal/family savings of owner(s),1290,188625
Health care and social assistance,Native Hawaiian and Other Pacific Islander,Personal/family assets other than savings of owner(s),121,S
Health care and social assistance,Native Hawaiian and Other Pacific Islander,Personal/family home equity loan,112,S
Health care and social assistance,Native Hawaiian and Other Pacific Islander,Personal credit card(s) carrying balances,301,S
Health care and social assistance,Native Hawaiian and Other Pacific Islander,Business credit card(s) carrying balances,57,S
Health care and social assistance,Native Hawaiian and Other Pacific Islander,"Business loan from federal, state, or local government",2,S
Health care and social assistance,Native Hawaiian and Other Pacific Islander,Government-guaranteed business loan from a bank or financial institution,30,11016
Health care and social assistance,Native Hawaiian and Other Pacific Islander,Business loan from a bank or financial institution,195,109010
Health care and social assistance,Native Hawaiian and Other Pacific Islander,Business loan/investment from family/friends,86,S
Health care and social assistance,Native Hawaiian and Other Pacific Islander,Investment by venture capitalist(s),0,0
Health care and social assistance,Native Hawaiian and Other Pacific Islander,Grants,0,0
Health care and social assistance,Native Hawaiian and Other Pacific Islander,Other source(s) of capital,93,S
Health care and social assistance,Native Hawaiian and Other Pacific Islander,Don't know,181,S
Health care and social assistance,Native Hawaiian and Other Pacific Islander,None needed,1027,S
Health care and social assistance,Native Hawaiian and Other Pacific Islander,Total reporting,2698,371540
Health care and social assistance,Native Hawaiian and Other Pacific Islander,Item not reported,205,S
Health care and social assistance,"Native Hawaiian and Other Pacific Islander, female-owned",All firms,5206,162861
Health care and social assistance,"Native Hawaiian and Other Pacific Islander, female-owned",Personal/family savings of owner(s),883,68791
Health care and social assistance,"Native Hawaiian and Other Pacific Islander, female-owned",Personal/family assets other than savings of owner(s),25,S
Health care and social assistance,"Native Hawaiian and Other Pacific Islander, female-owned",Personal/family home equity loan,81,S
Health care and social assistance,"Native Hawaiian and Other Pacific Islander, female-owned",Personal credit card(s) carrying balances,214,S
Health care and social assistance,"Native Hawaiian and Other Pacific Islander, female-owned",Business credit card(s) carrying balances,20,S
Health care and social assistance,"Native Hawaiian and Other Pacific Islander, female-owned","Business loan from federal, state, or local government",0,0
Health care and social assistance,"Native Hawaiian and Other Pacific Islander, female-owned",Government-guaranteed business loan from a bank or financial institution,26,S
Health care and social assistance,"Native Hawaiian and Other Pacific Islander, female-owned",Business loan from a bank or financial institution,30,6593
Health care and social assistance,"Native Hawaiian and Other Pacific Islander, female-owned",Business loan/investment from family/friends,18,S
Health care and social assistance,"Native Hawaiian and Other Pacific Islander, female-owned",Investment by venture capitalist(s),0,0
Health care and social assistance,"Native Hawaiian and Other Pacific Islander, female-owned",Grants,0,0
Health care and social assistance,"Native Hawaiian and Other Pacific Islander, female-owned",Other source(s) of capital,88,S
Health care and social assistance,"Native Hawaiian and Other Pacific Islander, female-owned",Don't know,71,S
Health care and social assistance,"Native Hawaiian and Other Pacific Islander, female-owned",None needed,869,17657
Health care and social assistance,"Native Hawaiian and Other Pacific Islander, female-owned",Total reporting,1894,103071
Health care and social assistance,"Native Hawaiian and Other Pacific Islander, female-owned",Item not reported,128,S
Health care and social assistance,"Native Hawaiian and Other Pacific Islander, male-owned",All firms,1229,283113
Health care and social assistance,"Native Hawaiian and Other Pacific Islander, male-owned",Personal/family savings of owner(s),358,113613
Health care and social assistance,"Native Hawaiian and Other Pacific Islander, male-owned",Personal/family assets other than savings of owner(s),97,S
Health care and social assistance,"Native Hawaiian and Other Pacific Islander, male-owned",Personal/family home equity loan,31,1624
Health care and social assistance,"Native Hawaiian and Other Pacific Islander, male-owned",Personal credit card(s) carrying balances,87,S
Health care and social assistance,"Native Hawaiian and Other Pacific Islander, male-owned",Business credit card(s) carrying balances,37,S
Health care and social assistance,"Native Hawaiian and Other Pacific Islander, male-owned","Business loan from federal, state, or local government",2,S
Health care and social assistance,"Native Hawaiian and Other Pacific Islander, male-owned",Government-guaranteed business loan from a bank or financial institution,2,S
Health care and social assistance,"Native Hawaiian and Other Pacific Islander, male-owned",Business loan from a bank or financial institution,154,S
Health care and social assistance,"Native Hawaiian and Other Pacific Islander, male-owned",Business loan/investment from family/friends,69,S
Health care and social assistance,"Native Hawaiian and Other Pacific Islander, male-owned",Investment by venture capitalist(s),0,0
Health care and social assistance,"Native Hawaiian and Other Pacific Islander, male-owned",Grants,0,0
Health care and social assistance,"Native Hawaiian and Other Pacific Islander, male-owned",Other source(s) of capital,5,S
Health care and social assistance,"Native Hawaiian and Other Pacific Islander, male-owned",Don't know,108,S
Health care and social assistance,"Native Hawaiian and Other Pacific Islander, male-owned",None needed,99,S
Health care and social assistance,"Native Hawaiian and Other Pacific Islander, male-owned",Total reporting,683,254464
Health care and social assistance,"Native Hawaiian and Other Pacific Islander, male-owned",Item not reported,76,S
Health care and social assistance,"Native Hawaiian and Other Pacific Islander, equally male-/female-owned",All firms,200,11015
Health care and social assistance,"Native Hawaiian and Other Pacific Islander, equally male-/female-owned",Personal/family savings of owner(s),49,S
Health care and social assistance,"Native Hawaiian and Other Pacific Islander, equally male-/female-owned",Personal/family assets other than savings of owner(s),0,0
Health care and social assistance,"Native Hawaiian and Other Pacific Islander, equally male-/female-owned",Personal/family home equity loan,0,0
Health care and social assistance,"Native Hawaiian and Other Pacific Islander, equally male-/female-owned",Personal credit card(s) carrying balances,0,0
Health care and social assistance,"Native Hawaiian and Other Pacific Islander, equally male-/female-owned",Business credit card(s) carrying balances,0,0
Health care and social assistance,"Native Hawaiian and Other Pacific Islander, equally male-/female-owned","Business loan from federal, state, or local government",0,0
Health care and social assistance,"Native Hawaiian and Other Pacific Islander, equally male-/female-owned",Government-guaranteed business loan from a bank or financial institution,2,S
Health care and social assistance,"Native Hawaiian and Other Pacific Islander, equally male-/female-owned",Business loan from a bank or financial institution,11,S
Health care and social assistance,"Native Hawaiian and Other Pacific Islander, equally male-/female-owned",Business loan/investment from family/friends,0,0
Health care and social assistance,"Native Hawaiian and Other Pacific Islander, equally male-/female-owned",Investment by venture capitalist(s),0,0
Health care and social assistance,"Native Hawaiian and Other Pacific Islander, equally male-/female-owned",Grants,0,0
Health care and social assistance,"Native Hawaiian and Other Pacific Islander, equally male-/female-owned",Other source(s) of capital,0,0
Health care and social assistance,"Native Hawaiian and Other Pacific Islander, equally male-/female-owned",Don't know,2,S
Health care and social assistance,"Native Hawaiian and Other Pacific Islander, equally male-/female-owned",None needed,59,S
Health care and social assistance,"Native Hawaiian and Other Pacific Islander, equally male-/female-owned",Total reporting,121,S
Health care and social assistance,"Native Hawaiian and Other Pacific Islander, equally male-/female-owned",Item not reported,0,0
Health care and social assistance,Some other race,All firms,135922,6628192
Health care and social assistance,Some other race,Personal/family savings of owner(s),13150,2143938
Health care and social assistance,Some other race,Personal/family assets other than savings of owner(s),1222,S
Health care and social assistance,Some other race,Personal/family home equity loan,624,S
Health care and social assistance,Some other race,Personal credit card(s) carrying balances,1924,284083
Health care and social assistance,Some other race,Business credit card(s) carrying balances,536,120218
Health care and social assistance,Some other race,"Business loan from federal, state, or local government",8,S
Health care and social assistance,Some other race,Government-guaranteed business loan from a bank or financial institution,191,S
Health care and social assistance,Some other race,Business loan from a bank or financial institution,1674,1482439
Health care and social assistance,Some other race,Business loan/investment from family/friends,296,75011
Health care and social assistance,Some other race,Investment by venture capitalist(s),62,S
Health care and social assistance,Some other race,Grants,108,5978
Health care and social assistance,Some other race,Other source(s) of capital,577,92650
Health care and social assistance,Some other race,Don't know,5055,1094526
Health care and social assistance,Some other race,None needed,14436,366206
Health care and social assistance,Some other race,Total reporting,35333(r),4493463(r)
Health care and social assistance,Some other race,Item not reported,3019(r),72519(r)
Health care and social assistance,"Some other race, female-owned",All firms,116291,2623919
Health care and social assistance,"Some other race, female-owned",Personal/family savings of owner(s),9006,688689
Health care and social assistance,"Some other race, female-owned",Personal/family assets other than savings of owner(s),982,67431
Health care and social assistance,"Some other race, female-owned",Personal/family home equity loan,317,27378
Health care and social assistance,"Some other race, female-owned",Personal credit card(s) carrying balances,1314,101885
Health care and social assistance,"Some other race, female-owned",Business credit card(s) carrying balances,217,S
Health care and social assistance,"Some other race, female-owned","Business loan from federal, state, or local government",0,0
Health care and social assistance,"Some other race, female-owned",Government-guaranteed business loan from a bank or financial institution,101,S
Health care and social assistance,"Some other race, female-owned",Business loan from a bank or financial institution,478,259542
Health care and social assistance,"Some other race, female-owned",Business loan/investment from family/friends,64,S
Health care and social assistance,"Some other race, female-owned",Investment by venture capitalist(s),0,0
Health care and social assistance,"Some other race, female-owned",Grants,108,5978
Health care and social assistance,"Some other race, female-owned",Other source(s) of capital,228,S
Health care and social assistance,"Some other race, female-owned",Don't know,3622,107883
Health care and social assistance,"Some other race, female-owned",None needed,11699,188126
Health care and social assistance,"Some other race, female-owned",Total reporting,25676(r),1098365(r)
Health care and social assistance,"Some other race, female-owned",Item not reported,2532(r),51285(r)
Health care and social assistance,"Some other race, male-owned",All firms,18202,3696534
Health care and social assistance,"Some other race, male-owned",Personal/family savings of owner(s),3487,1305543
Health care and social assistance,"Some other race, male-owned",Personal/family assets other than savings of owner(s),205,S
Health care and social assistance,"Some other race, male-owned",Personal/family home equity loan,271,S
Health care and social assistance,"Some other race, male-owned",Personal credit card(s) carrying balances,508,119783
Health care and social assistance,"Some other race, male-owned",Business credit card(s) carrying balances,258,S
Health care and social assistance,"Some other race, male-owned","Business loan from federal, state, or local government",8,S
Health care and social assistance,"Some other race, male-owned",Government-guaranteed business loan from a bank or financial institution,90,S
Health care and social assistance,"Some other race, male-owned",Business loan from a bank or financial institution,891,1072133
Health care and social assistance,"Some other race, male-owned",Business loan/investment from family/friends,212,S
Health care and social assistance,"Some other race, male-owned",Investment by venture capitalist(s),62,S
Health care and social assistance,"Some other race, male-owned",Grants,0,0
Health care and social assistance,"Some other race, male-owned",Other source(s) of capital,349,70698
Health care and social assistance,"Some other race, male-owned",Don't know,1355,936803
Health care and social assistance,"Some other race, male-owned",None needed,2502,175005
Health care and social assistance,"Some other race, male-owned",Total reporting,8508(r),3122448(r)
Health care and social assistance,"Some other race, male-owned",Item not reported,482(r),18804(r)
Health care and social assistance,"Some other race, equally male-/female-owned",All firms,1429,307738
Health care and social assistance,"Some other race, equally male-/female-owned",Personal/family savings of owner(s),656,S
Health care and social assistance,"Some other race, equally male-/female-owned",Personal/family assets other than savings of owner(s),36,S
Health care and social assistance,"Some other race, equally male-/female-owned",Personal/family home equity loan,36,S
Health care and social assistance,"Some other race, equally male-/female-owned",Personal credit card(s) carrying balances,101,S
Health care and social assistance,"Some other race, equally male-/female-owned",Business credit card(s) carrying balances,62,S
Health care and social assistance,"Some other race, equally male-/female-owned","Business loan from federal, state, or local government",0,0
Health care and social assistance,"Some other race, equally male-/female-owned",Government-guaranteed business loan from a bank or financial institution,0,0
Health care and social assistance,"Some other race, equally male-/female-owned",Business loan from a bank or financial institution,304,S
Health care and social assistance,"Some other race, equally male-/female-owned",Business loan/investment from family/friends,20,S
Health care and social assistance,"Some other race, equally male-/female-owned",Investment by venture capitalist(s),0,0
Health care and social assistance,"Some other race, equally male-/female-owned",Grants,0,0
Health care and social assistance,"Some other race, equally male-/female-owned",Other source(s) of capital,0,0
Health care and social assistance,"Some other race, equally male-/female-owned",Don't know,78,S
Health care and social assistance,"Some other race, equally male-/female-owned",None needed,236,S
Health care and social assistance,"Some other race, equally male-/female-owned",Total reporting,1150,272650
Health care and social assistance,"Some other race, equally male-/female-owned",Item not reported,5,S
Health care and social assistance,Minority,All firms,1049683,118039489
Health care and social assistance,Minority,Personal/family savings of owner(s),185985,42201722
Health care and social assistance,Minority,Personal/family assets other than savings of owner(s),15064,5990140
Health care and social assistance,Minority,Personal/family home equity loan,9898,5260198
Health care and social assistance,Minority,Personal credit card(s) carrying balances,23613,5646165
Health care and social assistance,Minority,Business credit card(s) carrying balances,8077,3230879
Health care and social assistance,Minority,"Business loan from federal, state, or local government",701,265558
Health care and social assistance,Minority,Government-guaranteed business loan from a bank or financial institution,3579,1687052
Health care and social assistance,Minority,Business loan from a bank or financial institution,29818,18136457
Health care and social assistance,Minority,Business loan/investment from family/friends,4746,2215202
Health care and social assistance,Minority,Investment by venture capitalist(s),390,S
Health care and social assistance,Minority,Grants,1754,201177
Health care and social assistance,Minority,Other source(s) of capital,7358,3102287
Health care and social assistance,Minority,Don't know,35125,13426568
Health care and social assistance,Minority,None needed,137943,5782584
Health care and social assistance,Minority,Total reporting,392969(r),75029946(r)
Health care and social assistance,Minority,Item not reported,25072(r),1259156(r)
Health care and social assistance,"Minority, female-owned",All firms,815574,40828830
Health care and social assistance,"Minority, female-owned",Personal/family savings of owner(s),108981,13463798
Health care and social assistance,"Minority, female-owned",Personal/family assets other than savings of owner(s),8931,2480789
Health care and social assistance,"Minority, female-owned",Personal/family home equity loan,4449,2004974
Health care and social assistance,"Minority, female-owned",Personal credit card(s) carrying balances,14368,2385014
Health care and social assistance,"Minority, female-owned",Business credit card(s) carrying balances,3946,1061058
Health care and social assistance,"Minority, female-owned","Business loan from federal, state, or local government",448,S
Health care and social assistance,"Minority, female-owned",Government-guaranteed business loan from a bank or financial institution,1870,692294
Health care and social assistance,"Minority, female-owned",Business loan from a bank or financial institution,10077,5248067
Health care and social assistance,"Minority, female-owned",Business loan/investment from family/friends,2258,839748
Health care and social assistance,"Minority, female-owned",Investment by venture capitalist(s),182,S
Health care and social assistance,"Minority, female-owned",Grants,1341,102249
Health care and social assistance,"Minority, female-owned",Other source(s) of capital,4115,936643
Health care and social assistance,"Minority, female-owned",Don't know,21495,2514168
Health care and social assistance,"Minority, female-owned",None needed,109100,2196231
Health care and social assistance,"Minority, female-owned",Total reporting,256566(r),22148199(r)
Health care and social assistance,"Minority, female-owned",Item not reported,21676(r),421415(r)
Health care and social assistance,"Minority, male-owned",All firms,207399,67482471
Health care and social assistance,"Minority, male-owned",Personal/family savings of owner(s),63529,24723493
Health care and social assistance,"Minority, male-owned",Personal/family assets other than savings of owner(s),4228,2629806
Health care and social assistance,"Minority, male-owned",Personal/family home equity loan,3394,2318879
Health care and social assistance,"Minority, male-owned",Personal credit card(s) carrying balances,6896,2432802
Health care and social assistance,"Minority, male-owned",Business credit card(s) carrying balances,3429,1887758
Health care and social assistance,"Minority, male-owned","Business loan from federal, state, or local government",156,S
Health care and social assistance,"Minority, male-owned",Government-guaranteed business loan from a bank or financial institution,1213,685178
Health care and social assistance,"Minority, male-owned",Business loan from a bank or financial institution,16739,11338656
Health care and social assistance,"Minority, male-owned",Business loan/investment from family/friends,1982,1037287
Health care and social assistance,"Minority, male-owned",Investment by venture capitalist(s),150,S
Health care and social assistance,"Minority, male-owned",Grants,249,S
Health care and social assistance,"Minority, male-owned",Other source(s) of capital,2925,2072023
Health care and social assistance,"Minority, male-owned",Don't know,12431,9431581
Health care and social assistance,"Minority, male-owned",None needed,25865,3203158
Health care and social assistance,"Minority, male-owned",Total reporting,116223(r),45965087(r)
Health care and social assistance,"Minority, male-owned",Item not reported,3014(r),578734(r)
Health care and social assistance,"Minority, equally male-/female-owned",All firms,26710,9728188
Health care and social assistance,"Minority, equally male-/female-owned",Personal/family savings of owner(s),13475,4014432
Health care and social assistance,"Minority, equally male-/female-owned",Personal/family assets other than savings of owner(s),1905,879546
Health care and social assistance,"Minority, equally male-/female-owned",Personal/family home equity loan,2056,936345
Health care and social assistance,"Minority, equally male-/female-owned",Personal credit card(s) carrying balances,2348,828349
Health care and social assistance,"Minority, equally male-/female-owned",Business credit card(s) carrying balances,702,282064
Health care and social assistance,"Minority, equally male-/female-owned","Business loan from federal, state, or local government",98,S
Health care and social assistance,"Minority, equally male-/female-owned",Government-guaranteed business loan from a bank or financial institution,496,309579
Health care and social assistance,"Minority, equally male-/female-owned",Business loan from a bank or financial institution,3002,1549734
Health care and social assistance,"Minority, equally male-/female-owned",Business loan/investment from family/friends,506,338167
Health care and social assistance,"Minority, equally male-/female-owned",Investment by venture capitalist(s),58,17254
Health care and social assistance,"Minority, equally male-/female-owned",Grants,164,21919
Health care and social assistance,"Minority, equally male-/female-owned",Other source(s) of capital,318,93621
Health care and social assistance,"Minority, equally male-/female-owned",Don't know,1198,1480819
Health care and social assistance,"Minority, equally male-/female-owned",None needed,2978,383195
Health care and social assistance,"Minority, equally male-/female-owned",Total reporting,20181(r),6916660(r)
Health care and social assistance,"Minority, equally male-/female-owned",Item not reported,382(r),S
Health care and social assistance,Equally minority/nonminority,All firms,17147,14270727
Health care and social assistance,Equally minority/nonminority,Personal/family savings of owner(s),9307,5279754
Health care and social assistance,Equally minority/nonminority,Personal/family assets other than savings of owner(s),932,650532
Health care and social assistance,Equally minority/nonminority,Personal/family home equity loan,861,677664
Health care and social assistance,Equally minority/nonminority,Personal credit card(s) carrying balances,1430,457815
Health care and social assistance,Equally minority/nonminority,Business credit card(s) carrying balances,473,203205
Health care and social assistance,Equally minority/nonminority,"Business loan from federal, state, or local government",63,27080
Health care and social assistance,Equally minority/nonminority,Government-guaranteed business loan from a bank or financial institution,448,174024
Health care and social assistance,Equally minority/nonminority,Business loan from a bank or financial institution,2624,2868055
Health care and social assistance,Equally minority/nonminority,Business loan/investment from family/friends,307,335301
Health care and social assistance,Equally minority/nonminority,Investment by venture capitalist(s),11,S
Health care and social assistance,Equally minority/nonminority,Grants,71,S
Health care and social assistance,Equally minority/nonminority,Other source(s) of capital,349,528360
Health care and social assistance,Equally minority/nonminority,Don't know,1123,2572849
Health care and social assistance,Equally minority/nonminority,None needed,1588,386019
Health care and social assistance,Equally minority/nonminority,Total reporting,13916(r),9989737(r)
Health care and social assistance,Equally minority/nonminority,Item not reported,272(r),29182(r)
Health care and social assistance,"Equally minority/nonminority, female-owned",All firms,1224,979234
Health care and social assistance,"Equally minority/nonminority, female-owned",Personal/family savings of owner(s),797,434843
Health care and social assistance,"Equally minority/nonminority, female-owned",Personal/family assets other than savings of owner(s),45,59225
Health care and social assistance,"Equally minority/nonminority, female-owned",Personal/family home equity loan,38,56117
Health care and social assistance,"Equally minority/nonminority, female-owned",Personal credit card(s) carrying balances,57,S
Health care and social assistance,"Equally minority/nonminority, female-owned",Business credit card(s) carrying balances,25,S
Health care and social assistance,"Equally minority/nonminority, female-owned","Business loan from federal, state, or local government",0,0
Health care and social assistance,"Equally minority/nonminority, female-owned",Government-guaranteed business loan from a bank or financial institution,11,8557
Health care and social assistance,"Equally minority/nonminority, female-owned",Business loan from a bank or financial institution,188,S
Health care and social assistance,"Equally minority/nonminority, female-owned",Business loan/investment from family/friends,61,S
Health care and social assistance,"Equally minority/nonminority, female-owned",Investment by venture capitalist(s),9,S
Health care and social assistance,"Equally minority/nonminority, female-owned",Grants,0,0
Health care and social assistance,"Equally minority/nonminority, female-owned",Other source(s) of capital,44,S
Health care and social assistance,"Equally minority/nonminority, female-owned",Don't know,52,70911
Health care and social assistance,"Equally minority/nonminority, female-owned",None needed,132,S
Health care and social assistance,"Equally minority/nonminority, female-owned",Total reporting,1132(r),687126(r)
Health care and social assistance,"Equally minority/nonminority, female-owned",Item not reported,10(r),S
Health care and social assistance,"Equally minority/nonminority, male-owned",All firms,3619,7987939
Health care and social assistance,"Equally minority/nonminority, male-owned",Personal/family savings of owner(s),1239,2146596
Health care and social assistance,"Equally minority/nonminority, male-owned",Personal/family assets other than savings of owner(s),122,115167
Health care and social assistance,"Equally minority/nonminority, male-owned",Personal/family home equity loan,112,44624
Health care and social assistance,"Equally minority/nonminority, male-owned",Personal credit card(s) carrying balances,100,101534
Health care and social assistance,"Equally minority/nonminority, male-owned",Business credit card(s) carrying balances,43,72238
Health care and social assistance,"Equally minority/nonminority, male-owned","Business loan from federal, state, or local government",5,S
Health care and social assistance,"Equally minority/nonminority, male-owned",Government-guaranteed business loan from a bank or financial institution,106,S
Health care and social assistance,"Equally minority/nonminority, male-owned",Business loan from a bank or financial institution,423,1214327
Health care and social assistance,"Equally minority/nonminority, male-owned",Business loan/investment from family/friends,95,77441
Health care and social assistance,"Equally minority/nonminority, male-owned",Investment by venture capitalist(s),2,S
Health care and social assistance,"Equally minority/nonminority, male-owned",Grants,21,S
Health care and social assistance,"Equally minority/nonminority, male-owned",Other source(s) of capital,193,S
Health care and social assistance,"Equally minority/nonminority, male-owned",Don't know,698,2158903
Health care and social assistance,"Equally minority/nonminority, male-owned",None needed,216,294345
Health care and social assistance,"Equally minority/nonminority, male-owned",Total reporting,2533(r),5180312(r)
Health care and social assistance,"Equally minority/nonminority, male-owned",Item not reported,65(r),S
Health care and social assistance,"Equally minority/nonminority, equally male-/female-owned",All firms,12304,5303554
Health care and social assistance,"Equally minority/nonminority, equally male-/female-owned",Personal/family savings of owner(s),7271,2698316
Health care and social assistance,"Equally minority/nonminority, equally male-/female-owned",Personal/family assets other than savings of owner(s),766,476141
Health care and social assistance,"Equally minority/nonminority, equally male-/female-owned",Personal/family home equity loan,711,576923
Health care and social assistance,"Equally minority/nonminority, equally male-/female-owned",Personal credit card(s) carrying balances,1272,339449
Health care and social assistance,"Equally minority/nonminority, equally male-/female-owned",Business credit card(s) carrying balances,405,129095
Health care and social assistance,"Equally minority/nonminority, equally male-/female-owned","Business loan from federal, state, or local government",59,S
Health care and social assistance,"Equally minority/nonminority, equally male-/female-owned",Government-guaranteed business loan from a bank or financial institution,331,135362
Health care and social assistance,"Equally minority/nonminority, equally male-/female-owned",Business loan from a bank or financial institution,2012,1382373
Health care and social assistance,"Equally minority/nonminority, equally male-/female-owned",Business loan/investment from family/friends,151,S
Health care and social assistance,"Equally minority/nonminority, equally male-/female-owned",Investment by venture capitalist(s),0,0
Health care and social assistance,"Equally minority/nonminority, equally male-/female-owned",Grants,50,S
Health care and social assistance,"Equally minority/nonminority, equally male-/female-owned",Other source(s) of capital,112,101294
Health care and social assistance,"Equally minority/nonminority, equally male-/female-owned",Don't know,373,343035
Health care and social assistance,"Equally minority/nonminority, equally male-/female-owned",None needed,1240,80574
Health care and social assistance,"Equally minority/nonminority, equally male-/female-owned",Total reporting,10251(r),4122298(r)
Health care and social assistance,"Equally minority/nonminority, equally male-/female-owned",Item not reported,197(r),S
Health care and social assistance,Nonminority,All firms,1413161,502846258
Health care and social assistance,Nonminority,Personal/family savings of owner(s),506827,162488984
Health care and social assistance,Nonminority,Personal/family assets other than savings of owner(s),42538,18898885
Health care and social assistance,Nonminority,Personal/family home equity loan,21279,11662904
Health care and social assistance,Nonminority,Personal credit card(s) carrying balances,59776,15335108
Health care and social assistance,Nonminority,Business credit card(s) carrying balances,21262,10635386
Health care and social assistance,Nonminority,"Business loan from federal, state, or local government",1921,1562930
Health care and social assistance,Nonminority,Government-guaranteed business loan from a bank or financial institution,10507,7374838
Health care and social assistance,Nonminority,Business loan from a bank or financial institution,123748,107549781
Health care and social assistance,Nonminority,Business loan/investment from family/friends,17150,10810488
Health care and social assistance,Nonminority,Investment by venture capitalist(s),1341,2748308
Health care and social assistance,Nonminority,Grants,3518,702882
Health care and social assistance,Nonminority,Other source(s) of capital,18346,11889565
Health care and social assistance,Nonminority,Don't know,72414,107487631
Health care and social assistance,Nonminority,None needed,331861,27970266
Health care and social assistance,Nonminority,Total reporting,1032917(r),378667921(r)
Health care and social assistance,Nonminority,Item not reported,25039(r),2956917(r)
Health care and social assistance,"Nonminority, female-owned",All firms,786296,89552512
Health care and social assistance,"Nonminority, female-owned",Personal/family savings of owner(s),268194,34118284
Health care and social assistance,"Nonminority, female-owned",Personal/family assets other than savings of owner(s),22004,4573239
Health care and social assistance,"Nonminority, female-owned",Personal/family home equity loan,8981,3584898
Health care and social assistance,"Nonminority, female-owned",Personal credit card(s) carrying balances,35615,4281906
Health care and social assistance,"Nonminority, female-owned",Business credit card(s) carrying balances,9068,2443643
Health care and social assistance,"Nonminority, female-owned","Business loan from federal, state, or local government",649,392576
Health care and social assistance,"Nonminority, female-owned",Government-guaranteed business loan from a bank or financial institution,2978,2180450
Health care and social assistance,"Nonminority, female-owned",Business loan from a bank or financial institution,25353,13484864
Health care and social assistance,"Nonminority, female-owned",Business loan/investment from family/friends,5951,2288599
Health care and social assistance,"Nonminority, female-owned",Investment by venture capitalist(s),443,355989
Health care and social assistance,"Nonminority, female-owned",Grants,2709,210752
Health care and social assistance,"Nonminority, female-owned",Other source(s) of capital,6450,1864360
Health care and social assistance,"Nonminority, female-owned",Don't know,25818,12150103
Health care and social assistance,"Nonminority, female-owned",None needed,238915,7432738
Health care and social assistance,"Nonminority, female-owned",Total reporting,570836(r),65228192(r)
Health care and social assistance,"Nonminority, female-owned",Item not reported,19073(r),623178(r)
Health care and social assistance,"Nonminority, male-owned",All firms,545423,368212473
Health care and social assistance,"Nonminority, male-owned",Personal/family savings of owner(s),200390,112356241
Health care and social assistance,"Nonminority, male-owned",Personal/family assets other than savings of owner(s),14584,12037977
Health care and social assistance,"Nonminority, male-owned",Personal/family home equity loan,8461,6094785
Health care and social assistance,"Nonminority, male-owned",Personal credit card(s) carrying balances,18424,8294624
Health care and social assistance,"Nonminority, male-owned",Business credit card(s) carrying balances,9336,6378073
Health care and social assistance,"Nonminority, male-owned","Business loan from federal, state, or local government",917,986492
Health care and social assistance,"Nonminority, male-owned",Government-guaranteed business loan from a bank or financial institution,5718,4061428
Health care and social assistance,"Nonminority, male-owned",Business loan from a bank or financial institution,85433,83656766
Health care and social assistance,"Nonminority, male-owned",Business loan/investment from family/friends,8849,7041327
Health care and social assistance,"Nonminority, male-owned",Investment by venture capitalist(s),771,2324849
Health care and social assistance,"Nonminority, male-owned",Grants,606,450973
Health care and social assistance,"Nonminority, male-owned",Other source(s) of capital,10505,9133071
Health care and social assistance,"Nonminority, male-owned",Don't know,42553,80259997
Health care and social assistance,"Nonminority, male-owned",None needed,80680,19431180
Health care and social assistance,"Nonminority, male-owned",Total reporting,395617(r),274344681(r)
Health care and social assistance,"Nonminority, male-owned",Item not reported,5354(r),2189782(r)
Health care and social assistance,"Nonminority, equally male-/female-owned",All firms,81442,45081272
Health care and social assistance,"Nonminority, equally male-/female-owned",Personal/family savings of owner(s),38244,16014460
Health care and social assistance,"Nonminority, equally male-/female-owned",Personal/family assets other than savings of owner(s),5950,2287669
Health care and social assistance,"Nonminority, equally male-/female-owned",Personal/family home equity loan,3837,1983221
Health care and social assistance,"Nonminority, equally male-/female-owned",Personal credit card(s) carrying balances,5737,2758577
Health care and social assistance,"Nonminority, equally male-/female-owned",Business credit card(s) carrying balances,2857,1813671
Health care and social assistance,"Nonminority, equally male-/female-owned","Business loan from federal, state, or local government",355,183862
Health care and social assistance,"Nonminority, equally male-/female-owned",Government-guaranteed business loan from a bank or financial institution,1810,1132960
Health care and social assistance,"Nonminority, equally male-/female-owned",Business loan from a bank or financial institution,12962,10408151
Health care and social assistance,"Nonminority, equally male-/female-owned",Business loan/investment from family/friends,2350,1480562
Health care and social assistance,"Nonminority, equally male-/female-owned",Investment by venture capitalist(s),126,S
Health care and social assistance,"Nonminority, equally male-/female-owned",Grants,203,S
Health care and social assistance,"Nonminority, equally male-/female-owned",Other source(s) of capital,1391,892134
Health care and social assistance,"Nonminority, equally male-/female-owned",Don't know,4043,15077531
Health care and social assistance,"Nonminority, equally male-/female-owned",None needed,12266,1106349
Health care and social assistance,"Nonminority, equally male-/female-owned",Total reporting,66464(r),39095048(r)
Health care and social assistance,"Nonminority, equally male-/female-owned",Item not reported,611(r),S
Health care and social assistance,Veteran,All firms,174996,50421786
Health care and social assistance,Veteran,Personal/family savings of owner(s),50372,16175092
Health care and social assistance,Veteran,Personal/family assets other than savings of owner(s),3886,1314762
Health care and social assistance,Veteran,Personal/family home equity loan,1923,735090
Health care and social assistance,Veteran,Personal credit card(s) carrying balances,5038,1149681
Health care and social assistance,Veteran,Business credit card(s) carrying balances,2549,678966
Health care and social assistance,Veteran,"Business loan from federal, state, or local government",357,84305
Health care and social assistance,Veteran,Government-guaranteed business loan from a bank or financial institution,1202,450424
Health care and social assistance,Veteran,Business loan from a bank or financial institution,18219,12579875
Health care and social assistance,Veteran,Business loan/investment from family/friends,1630,887026
Health care and social assistance,Veteran,Investment by venture capitalist(s),123,167763
Health care and social assistance,Veteran,Grants,289,243511
Health care and social assistance,Veteran,Other source(s) of capital,2608,1407656
Health care and social assistance,Veteran,Don't know,6380,5818477
Health care and social assistance,Veteran,None needed,22546,2318111
Health care and social assistance,Veteran,Total reporting,94555(r),33328946(r)
Health care and social assistance,Veteran,Item not reported,2386(r),596173(r)
Health care and social assistance,"Veteran, female-owned",All firms,62417,3395489
Health care and social assistance,"Veteran, female-owned",Personal/family savings of owner(s),7590,1100078
Health care and social assistance,"Veteran, female-owned",Personal/family assets other than savings of owner(s),619,136122
Health care and social assistance,"Veteran, female-owned",Personal/family home equity loan,271,83045
Health care and social assistance,"Veteran, female-owned",Personal credit card(s) carrying balances,1254,S
Health care and social assistance,"Veteran, female-owned",Business credit card(s) carrying balances,522,112975
Health care and social assistance,"Veteran, female-owned","Business loan from federal, state, or local government",88,S
Health care and social assistance,"Veteran, female-owned",Government-guaranteed business loan from a bank or financial institution,184,50340
Health care and social assistance,"Veteran, female-owned",Business loan from a bank or financial institution,1043,565775
Health care and social assistance,"Veteran, female-owned",Business loan/investment from family/friends,183,26911
Health care and social assistance,"Veteran, female-owned",Investment by venture capitalist(s),0,0
Health care and social assistance,"Veteran, female-owned",Grants,33,S
Health care and social assistance,"Veteran, female-owned",Other source(s) of capital,198,S
Health care and social assistance,"Veteran, female-owned",Don't know,629,138803
Health care and social assistance,"Veteran, female-owned",None needed,5756,215565
Health care and social assistance,"Veteran, female-owned",Total reporting,15094(r),1935757(r)
Health care and social assistance,"Veteran, female-owned",Item not reported,1100(r),12064(r)
Health care and social assistance,"Veteran, male-owned",All firms,111408,46621408
Health care and social assistance,"Veteran, male-owned",Personal/family savings of owner(s),42464,14996043
Health care and social assistance,"Veteran, male-owned",Personal/family assets other than savings of owner(s),3128,1165101
Health care and social assistance,"Veteran, male-owned",Personal/family home equity loan,1614,649473
Health care and social assistance,"Veteran, male-owned",Personal credit card(s) carrying balances,3732,961113
Health care and social assistance,"Veteran, male-owned",Business credit card(s) carrying balances,2020,557302
Health care and social assistance,"Veteran, male-owned","Business loan from federal, state, or local government",268,S
Health care and social assistance,"Veteran, male-owned",Government-guaranteed business loan from a bank or financial institution,1018,400084
Health care and social assistance,"Veteran, male-owned",Business loan from a bank or financial institution,16867,11856903
Health care and social assistance,"Veteran, male-owned",Business loan/investment from family/friends,1435,859058
Health care and social assistance,"Veteran, male-owned",Investment by venture capitalist(s),123,167763
Health care and social assistance,"Veteran, male-owned",Grants,253,237820
Health care and social assistance,"Veteran, male-owned",Other source(s) of capital,2403,1392255
Health care and social assistance,"Veteran, male-owned",Don't know,5707,5602445
Health care and social assistance,"Veteran, male-owned",None needed,16773,2100634
Health care and social assistance,"Veteran, male-owned",Total reporting,78908(r),31135123(r)
Health care and social assistance,"Veteran, male-owned",Item not reported,1286(r),584109(r)
Health care and social assistance,"Veteran, equally male-/female-owned",All firms,1171,404890
Health care and social assistance,"Veteran, equally male-/female-owned",Personal/family savings of owner(s),317,78971
Health care and social assistance,"Veteran, equally male-/female-owned",Personal/family assets other than savings of owner(s),139,S
Health care and social assistance,"Veteran, equally male-/female-owned",Personal/family home equity loan,37,S
Health care and social assistance,"Veteran, equally male-/female-owned",Personal credit card(s) carrying balances,51,7451
Health care and social assistance,"Veteran, equally male-/female-owned",Business credit card(s) carrying balances,8,S
Health care and social assistance,"Veteran, equally male-/female-owned","Business loan from federal, state, or local government",0,0
Health care and social assistance,"Veteran, equally male-/female-owned",Government-guaranteed business loan from a bank or financial institution,0,0
Health care and social assistance,"Veteran, equally male-/female-owned",Business loan from a bank or financial institution,309,157197
Health care and social assistance,"Veteran, equally male-/female-owned",Business loan/investment from family/friends,11,S
Health care and social assistance,"Veteran, equally male-/female-owned",Investment by venture capitalist(s),0,0
Health care and social assistance,"Veteran, equally male-/female-owned",Grants,2,S
Health care and social assistance,"Veteran, equally male-/female-owned",Other source(s) of capital,7,S
Health care and social assistance,"Veteran, equally male-/female-owned",Don't know,44,77228
Health care and social assistance,"Veteran, equally male-/female-owned",None needed,17,S
Health care and social assistance,"Veteran, equally male-/female-owned",Total reporting,553,258066
Health care and social assistance,"Veteran, equally male-/female-owned",Item not reported,0,0
Health care and social assistance,"Veteran, Hispanic",All firms,16284,2322405
Health care and social assistance,"Veteran, Hispanic",Personal/family savings of owner(s),2426,608287
Health care and social assistance,"Veteran, Hispanic",Personal/family assets other than savings of owner(s),84,72802
Health care and social assistance,"Veteran, Hispanic",Personal/family home equity loan,90,77353
Health care and social assistance,"Veteran, Hispanic",Personal credit card(s) carrying balances,292,83804
Health care and social assistance,"Veteran, Hispanic",Business credit card(s) carrying balances,262,S
Health care and social assistance,"Veteran, Hispanic","Business loan from federal, state, or local government",0,0
Health care and social assistance,"Veteran, Hispanic",Government-guaranteed business loan from a bank or financial institution,44,S
Health care and social assistance,"Veteran, Hispanic",Business loan from a bank or financial institution,745,278978
Health care and social assistance,"Veteran, Hispanic",Business loan/investment from family/friends,2,S
Health care and social assistance,"Veteran, Hispanic",Investment by venture capitalist(s),0,0
Health care and social assistance,"Veteran, Hispanic",Grants,15,S
Health care and social assistance,"Veteran, Hispanic",Other source(s) of capital,68,26465
Health care and social assistance,"Veteran, Hispanic",Don't know,386,S
Health care and social assistance,"Veteran, Hispanic",None needed,1068,138945
Health care and social assistance,"Veteran, Hispanic",Total reporting,4407,1438028
Health care and social assistance,"Veteran, Hispanic",Item not reported,371,2624
Health care and social assistance,"Veteran, equally Hispanic/non-Hispanic",All firms,164,S
Health care and social assistance,"Veteran, equally Hispanic/non-Hispanic",Personal/family savings of owner(s),115,S
Health care and social assistance,"Veteran, equally Hispanic/non-Hispanic",Personal/family assets other than savings of owner(s),0,S
Health care and social assistance,"Veteran, equally Hispanic/non-Hispanic",Personal/family home equity loan,0,S
Health care and social assistance,"Veteran, equally Hispanic/non-Hispanic",Personal credit card(s) carrying balances,10,S
Health care and social assistance,"Veteran, equally Hispanic/non-Hispanic",Business credit card(s) carrying balances,0,S
Health care and social assistance,"Veteran, equally Hispanic/non-Hispanic","Business loan from federal, state, or local government",0,S
Health care and social assistance,"Veteran, equally Hispanic/non-Hispanic",Government-guaranteed business loan from a bank or financial institution,0,S
Health care and social assistance,"Veteran, equally Hispanic/non-Hispanic",Business loan from a bank or financial institution,44,S
Health care and social assistance,"Veteran, equally Hispanic/non-Hispanic",Business loan/investment from family/friends,0,S
Health care and social assistance,"Veteran, equally Hispanic/non-Hispanic",Investment by venture capitalist(s),0,S
Health care and social assistance,"Veteran, equally Hispanic/non-Hispanic",Grants,0,S
Health care and social assistance,"Veteran, equally Hispanic/non-Hispanic",Other source(s) of capital,0,S
Health care and social assistance,"Veteran, equally Hispanic/non-Hispanic",Don't know,0,S
Health care and social assistance,"Veteran, equally Hispanic/non-Hispanic",None needed,0,S
Health care and social assistance,"Veteran, equally Hispanic/non-Hispanic",Total reporting,115,S
Health care and social assistance,"Veteran, equally Hispanic/non-Hispanic",Item not reported,0,S
Health care and social assistance,"Veteran, non-Hispanic",All firms,158548,48050491
Health care and social assistance,"Veteran, non-Hispanic",Personal/family savings of owner(s),47830,15562123
Health care and social assistance,"Veteran, non-Hispanic",Personal/family assets other than savings of owner(s),3802,1241959
Health care and social assistance,"Veteran, non-Hispanic",Personal/family home equity loan,1833,657737
Health care and social assistance,"Veteran, non-Hispanic",Personal credit card(s) carrying balances,4737,1065721
Health care and social assistance,"Veteran, non-Hispanic",Business credit card(s) carrying balances,2287,562700
Health care and social assistance,"Veteran, non-Hispanic","Business loan from federal, state, or local government",357,84305
Health care and social assistance,"Veteran, non-Hispanic",Government-guaranteed business loan from a bank or financial institution,1157,434875
Health care and social assistance,"Veteran, non-Hispanic",Business loan from a bank or financial institution,17430,12300369
Health care and social assistance,"Veteran, non-Hispanic",Business loan/investment from family/friends,1628,886578
Health care and social assistance,"Veteran, non-Hispanic",Investment by venture capitalist(s),123,167763
Health care and social assistance,"Veteran, non-Hispanic",Grants,274,243466
Health care and social assistance,"Veteran, non-Hispanic",Other source(s) of capital,2540,1381191
Health care and social assistance,"Veteran, non-Hispanic",Don't know,5994,5309360
Health care and social assistance,"Veteran, non-Hispanic",None needed,21478,2179166
Health care and social assistance,"Veteran, non-Hispanic",Total reporting,90033(r),31886237(r)
Health care and social assistance,"Veteran, non-Hispanic",Item not reported,2016(r),593549(r)
Health care and social assistance,"Veteran, White",All firms,133931,46165545
Health care and social assistance,"Veteran, White",Personal/family savings of owner(s),45216,15160539
Health care and social assistance,"Veteran, White",Personal/family assets other than savings of owner(s),3452,1215222
Health care and social assistance,"Veteran, White",Personal/family home equity loan,1659,635981
Health care and social assistance,"Veteran, White",Personal credit card(s) carrying balances,4294,986960
Health care and social assistance,"Veteran, White",Business credit card(s) carrying balances,1908,587490
Health care and social assistance,"Veteran, White","Business loan from federal, state, or local government",341,S
Health care and social assistance,"Veteran, White",Government-guaranteed business loan from a bank or financial institution,1040,416193
Health care and social assistance,"Veteran, White",Business loan from a bank or financial institution,16747,11937645
Health care and social assistance,"Veteran, White",Business loan/investment from family/friends,1502,861539
Health care and social assistance,"Veteran, White",Investment by venture capitalist(s),123,167763
Health care and social assistance,"Veteran, White",Grants,204,238109
Health care and social assistance,"Veteran, White",Other source(s) of capital,2246,1324726
Health care and social assistance,"Veteran, White",Don't know,5552,5122480
Health care and social assistance,"Veteran, White",None needed,20176,1903687
Health care and social assistance,"Veteran, White",Total reporting,84712(r),30694930(r)
Health care and social assistance,"Veteran, White",Item not reported,1870(r),576151(r)
Health care and social assistance,"Veteran, Black or African American",All firms,29307,2268106
Health care and social assistance,"Veteran, Black or African American",Personal/family savings of owner(s),3516,560219
Health care and social assistance,"Veteran, Black or African American",Personal/family assets other than savings of owner(s),371,63236
Health care and social assistance,"Veteran, Black or African American",Personal/family home equity loan,63,28433
Health care and social assistance,"Veteran, Black or African American",Personal credit card(s) carrying balances,498,66925
Health care and social assistance,"Veteran, Black or African American",Business credit card(s) carrying balances,456,48600
Health care and social assistance,"Veteran, Black or African American","Business loan from federal, state, or local government",16,S
Health care and social assistance,"Veteran, Black or African American",Government-guaranteed business loan from a bank or financial institution,113,S
Health care and social assistance,"Veteran, Black or African American",Business loan from a bank or financial institution,795,304787
Health care and social assistance,"Veteran, Black or African American",Business loan/investment from family/friends,27,S
Health care and social assistance,"Veteran, Black or African American",Investment by venture capitalist(s),0,0
Health care and social assistance,"Veteran, Black or African American",Grants,84,S
Health care and social assistance,"Veteran, Black or African American",Other source(s) of capital,237,S
Health care and social assistance,"Veteran, Black or African American",Don't know,291,206641
Health care and social assistance,"Veteran, Black or African American",None needed,1318,S
Health care and social assistance,"Veteran, Black or African American",Total reporting,5985,1329062
Health care and social assistance,"Veteran, Black or African American",Item not reported,331,18814
Health care and social assistance,"Veteran, American Indian and Alaska Native",All firms,2677,132509
Health care and social assistance,"Veteran, American Indian and Alaska Native",Personal/family savings of owner(s),440,44241
Health care and social assistance,"Veteran, American Indian and Alaska Native",Personal/family assets other than savings of owner(s),19,S
Health care and social assistance,"Veteran, American Indian and Alaska Native",Personal/family home equity loan,9,S
Health care and social assistance,"Veteran, American Indian and Alaska Native",Personal credit card(s) carrying balances,53,9656
Health care and social assistance,"Veteran, American Indian and Alaska Native",Business credit card(s) carrying balances,49,6645
Health care and social assistance,"Veteran, American Indian and Alaska Native","Business loan from federal, state, or local government",0,0
Health care and social assistance,"Veteran, American Indian and Alaska Native",Government-guaranteed business loan from a bank or financial institution,0,0
Health care and social assistance,"Veteran, American Indian and Alaska Native",Business loan from a bank or financial institution,83,17204
Health care and social assistance,"Veteran, American Indian and Alaska Native",Business loan/investment from family/friends,0,0
Health care and social assistance,"Veteran, American Indian and Alaska Native",Investment by venture capitalist(s),0,0
Health care and social assistance,"Veteran, American Indian and Alaska Native",Grants,0,0
Health care and social assistance,"Veteran, American Indian and Alaska Native",Other source(s) of capital,0,0
Health care and social assistance,"Veteran, American Indian and Alaska Native",Don't know,86,S
Health care and social assistance,"Veteran, American Indian and Alaska Native",None needed,394,7391
Health care and social assistance,"Veteran, American Indian and Alaska Native",Total reporting,952,65731
Health care and social assistance,"Veteran, American Indian and Alaska Native",Item not reported,78,1260
Health care and social assistance,"Veteran, Asian",All firms,6279,1959358
Health care and social assistance,"Veteran, Asian",Personal/family savings of owner(s),1631,423752
Health care and social assistance,"Veteran, Asian",Personal/family assets other than savings of owner(s),52,S
Health care and social assistance,"Veteran, Asian",Personal/family home equity loan,203,S
Health care and social assistance,"Veteran, Asian",Personal credit card(s) carrying balances,216,93999
Health care and social assistance,"Veteran, Asian",Business credit card(s) carrying balances,118,S
Health care and social assistance,"Veteran, Asian","Business loan from federal, state, or local government",0,0
Health care and social assistance,"Veteran, Asian",Government-guaranteed business loan from a bank or financial institution,47,S
Health care and social assistance,"Veteran, Asian",Business loan from a bank or financial institution,616,301630
Health care and social assistance,"Veteran, Asian",Business loan/investment from family/friends,101,S
Health care and social assistance,"Veteran, Asian",Investment by venture capitalist(s),0,0
Health care and social assistance,"Veteran, Asian",Grants,0,0
Health care and social assistance,"Veteran, Asian",Other source(s) of capital,116,S
Health care and social assistance,"Veteran, Asian",Don't know,384,222094
Health care and social assistance,"Veteran, Asian",None needed,775,41101
Health care and social assistance,"Veteran, Asian",Total reporting,3316,964135
Health care and social assistance,"Veteran, Asian",Item not reported,0,0
Health care and social assistance,"Veteran, Native Hawaiian and Other Pacific Islander",All firms,542,34680
Health care and social assistance,"Veteran, Native Hawaiian and Other Pacific Islander",Personal/family savings of owner(s),45,S
Health care and social assistance,"Veteran, Native Hawaiian and Other Pacific Islander",Personal/family assets other than savings of owner(s),0,0
Health care and social assistance,"Veteran, Native Hawaiian and Other Pacific Islander",Personal/family home equity loan,0,0
Health care and social assistance,"Veteran, Native Hawaiian and Other Pacific Islander",Personal credit card(s) carrying balances,0,0
Health care and social assistance,"Veteran, Native Hawaiian and Other Pacific Islander",Business credit card(s) carrying balances,0,0
Health care and social assistance,"Veteran, Native Hawaiian and Other Pacific Islander","Business loan from federal, state, or local government",0,0
Health care and social assistance,"Veteran, Native Hawaiian and Other Pacific Islander",Government-guaranteed business loan from a bank or financial institution,2,S
Health care and social assistance,"Veteran, Native Hawaiian and Other Pacific Islander",Business loan from a bank or financial institution,9,S
Health care and social assistance,"Veteran, Native Hawaiian and Other Pacific Islander",Business loan/investment from family/friends,0,0
Health care and social assistance,"Veteran, Native Hawaiian and Other Pacific Islander",Investment by venture capitalist(s),0,0
Health care and social assistance,"Veteran, Native Hawaiian and Other Pacific Islander",Grants,0,0
Health care and social assistance,"Veteran, Native Hawaiian and Other Pacific Islander",Other source(s) of capital,0,0
Health care and social assistance,"Veteran, Native Hawaiian and Other Pacific Islander",Don't know,0,0
Health care and social assistance,"Veteran, Native Hawaiian and Other Pacific Islander",None needed,19,S
Health care and social assistance,"Veteran, Native Hawaiian and Other Pacific Islander",Total reporting,73,5961
Health care and social assistance,"Veteran, Native Hawaiian and Other Pacific Islander",Item not reported,2,S
Health care and social assistance,"Veteran, some other race",All firms,5962,397552
Health care and social assistance,"Veteran, some other race",Personal/family savings of owner(s),180,74231
Health care and social assistance,"Veteran, some other race",Personal/family assets other than savings of owner(s),2,S
Health care and social assistance,"Veteran, some other race",Personal/family home equity loan,2,S
Health care and social assistance,"Veteran, some other race",Personal credit card(s) carrying balances,2,S
Health care and social assistance,"Veteran, some other race",Business credit card(s) carrying balances,42,S
Health care and social assistance,"Veteran, some other race","Business loan from federal, state, or local government",0,0
Health care and social assistance,"Veteran, some other race",Government-guaranteed business loan from a bank or financial institution,0,0
Health care and social assistance,"Veteran, some other race",Business loan from a bank or financial institution,144,66170
Health care and social assistance,"Veteran, some other race",Business loan/investment from family/friends,0,0
Health care and social assistance,"Veteran, some other race",Investment by venture capitalist(s),0,0
Health care and social assistance,"Veteran, some other race",Grants,0,0
Health care and social assistance,"Veteran, some other race",Other source(s) of capital,9,S
Health care and social assistance,"Veteran, some other race",Don't know,179,S
Health care and social assistance,"Veteran, some other race",None needed,222,S
Health care and social assistance,"Veteran, some other race",Total reporting,711,S
Health care and social assistance,"Veteran, some other race",Item not reported,123,S
Health care and social assistance,"Veteran, minority",All firms,53087,6419551
Health care and social assistance,"Veteran, minority",Personal/family savings of owner(s),7868,1630234
Health care and social assistance,"Veteran, minority",Personal/family assets other than savings of owner(s),526,174268
Health care and social assistance,"Veteran, minority",Personal/family home equity loan,363,181212
Health care and social assistance,"Veteran, minority",Personal credit card(s) carrying balances,1057,251559
Health care and social assistance,"Veteran, minority",Business credit card(s) carrying balances,885,207773
Health care and social assistance,"Veteran, minority","Business loan from federal, state, or local government",16,S
Health care and social assistance,"Veteran, minority",Government-guaranteed business loan from a bank or financial institution,206,49780
Health care and social assistance,"Veteran, minority",Business loan from a bank or financial institution,2217,932202
Health care and social assistance,"Veteran, minority",Business loan/investment from family/friends,128,S
Health care and social assistance,"Veteran, minority",Investment by venture capitalist(s),0,0
Health care and social assistance,"Veteran, minority",Grants,99,S
Health care and social assistance,"Veteran, minority",Other source(s) of capital,421,136502
Health care and social assistance,"Veteran, minority",Don't know,1193,937436
Health care and social assistance,"Veteran, minority",None needed,3548,527600
Health care and social assistance,"Veteran, minority",Total reporting,14566,3812476
Health care and social assistance,"Veteran, minority",Item not reported,780,22004
Health care and social assistance,"Veteran, equally minority/nonminority",All firms,282,205943
Health care and social assistance,"Veteran, equally minority/nonminority",Personal/family savings of owner(s),177,26222
Health care and social assistance,"Veteran, equally minority/nonminority",Personal/family assets other than savings of owner(s),46,S
Health care and social assistance,"Veteran, equally minority/nonminority",Personal/family home equity loan,0,0
Health care and social assistance,"Veteran, equally minority/nonminority",Personal credit card(s) carrying balances,10,S
Health care and social assistance,"Veteran, equally minority/nonminority",Business credit card(s) carrying balances,6,S
Health care and social assistance,"Veteran, equally minority/nonminority","Business loan from federal, state, or local government",0,0
Health care and social assistance,"Veteran, equally minority/nonminority",Government-guaranteed business loan from a bank or financial institution,0,0
Health care and social assistance,"Veteran, equally minority/nonminority",Business loan from a bank or financial institution,54,S
Health care and social assistance,"Veteran, equally minority/nonminority",Business loan/investment from family/friends,0,0
Health care and social assistance,"Veteran, equally minority/nonminority",Investment by venture capitalist(s),0,0
Health care and social assistance,"Veteran, equally minority/nonminority",Grants,0,0
Health care and social assistance,"Veteran, equally minority/nonminority",Other source(s) of capital,2,S
Health care and social assistance,"Veteran, equally minority/nonminority",Don't know,0,0
Health care and social assistance,"Veteran, equally minority/nonminority",None needed,0,0
Health care and social assistance,"Veteran, equally minority/nonminority",Total reporting,179,29443
Health care and social assistance,"Veteran, equally minority/nonminority",Item not reported,0,0
Health care and social assistance,"Veteran, nonminority",All firms,121627,43796292
Health care and social assistance,"Veteran, nonminority",Personal/family savings of owner(s),42327,14518636
Health care and social assistance,"Veteran, nonminority",Personal/family assets other than savings of owner(s),3315,1138897
Health care and social assistance,"Veteran, nonminority",Personal/family home equity loan,1560,553878
Health care and social assistance,"Veteran, nonminority",Personal credit card(s) carrying balances,3971,897966
Health care and social assistance,"Veteran, nonminority",Business credit card(s) carrying balances,1658,471076
Health care and social assistance,"Veteran, nonminority","Business loan from federal, state, or local government",341,S
Health care and social assistance,"Veteran, nonminority",Government-guaranteed business loan from a bank or financial institution,996,400644
Health care and social assistance,"Veteran, nonminority",Business loan from a bank or financial institution,15948,11629528
Health care and social assistance,"Veteran, nonminority",Business loan/investment from family/friends,1502,861539
Health care and social assistance,"Veteran, nonminority",Investment by venture capitalist(s),123,167763
Health care and social assistance,"Veteran, nonminority",Grants,189,238065
Health care and social assistance,"Veteran, nonminority",Other source(s) of capital,2185,1266007
Health care and social assistance,"Veteran, nonminority",Don't know,5187,4881041
Health care and social assistance,"Veteran, nonminority",None needed,18998,1790512
Health care and social assistance,"Veteran, nonminority",Total reporting,79809(r),29487027(r)
Health care and social assistance,"Veteran, nonminority",Item not reported,1606(r),574169(r)
Health care and social assistance,Equally veteran/nonveteran,All firms,25783,16465598
Health care and social assistance,Equally veteran/nonveteran,Personal/family savings of owner(s),12323,4880278
Health care and social assistance,Equally veteran/nonveteran,Personal/family assets other than savings of owner(s),2010,775335
Health care and social assistance,Equally veteran/nonveteran,Personal/family home equity loan,1153,370484
Health care and social assistance,Equally veteran/nonveteran,Personal credit card(s) carrying balances,1891,468350
Health care and social assistance,Equally veteran/nonveteran,Business credit card(s) carrying balances,452,201681
Health care and social assistance,Equally veteran/nonveteran,"Business loan from federal, state, or local government",49,S
Health care and social assistance,Equally veteran/nonveteran,Government-guaranteed business loan from a bank or financial institution,520,361105
Health care and social assistance,Equally veteran/nonveteran,Business loan from a bank or financial institution,3651,3845704
Health care and social assistance,Equally veteran/nonveteran,Business loan/investment from family/friends,407,183476
Health care and social assistance,Equally veteran/nonveteran,Investment by venture capitalist(s),27,S
Health care and social assistance,Equally veteran/nonveteran,Grants,12,S
Health care and social assistance,Equally veteran/nonveteran,Other source(s) of capital,237,228702
Health care and social assistance,Equally veteran/nonveteran,Don't know,1947,2959692
Health care and social assistance,Equally veteran/nonveteran,None needed,3702,517072
Health care and social assistance,Equally veteran/nonveteran,Total reporting,21294(r),11348111(r)
Health care and social assistance,Equally veteran/nonveteran,Item not reported,478(r),115540(r)
Health care and social assistance,"Equally veteran/nonveteran, female-owned",All firms,465,169972
Health care and social assistance,"Equally veteran/nonveteran, female-owned",Personal/family savings of owner(s),231,84924
Health care and social assistance,"Equally veteran/nonveteran, female-owned",Personal/family assets other than savings of owner(s),10,S
Health care and social assistance,"Equally veteran/nonveteran, female-owned",Personal/family home equity loan,10,S
Health care and social assistance,"Equally veteran/nonveteran, female-owned",Personal credit card(s) carrying balances,55,S
Health care and social assistance,"Equally veteran/nonveteran, female-owned",Business credit card(s) carrying balances,7,S
Health care and social assistance,"Equally veteran/nonveteran, female-owned","Business loan from federal, state, or local government",0,0
Health care and social assistance,"Equally veteran/nonveteran, female-owned",Government-guaranteed business loan from a bank or financial institution,71,S
Health care and social assistance,"Equally veteran/nonveteran, female-owned",Business loan from a bank or financial institution,84,S
Health care and social assistance,"Equally veteran/nonveteran, female-owned",Business loan/investment from family/friends,0,0
Health care and social assistance,"Equally veteran/nonveteran, female-owned",Investment by venture capitalist(s),0,0
Health care and social assistance,"Equally veteran/nonveteran, female-owned",Grants,0,0
Health care and social assistance,"Equally veteran/nonveteran, female-owned",Other source(s) of capital,2,S
Health care and social assistance,"Equally veteran/nonveteran, female-owned",Don't know,66,S
Health care and social assistance,"Equally veteran/nonveteran, female-owned",None needed,124,S
Health care and social assistance,"Equally veteran/nonveteran, female-owned",Total reporting,477,114460
Health care and social assistance,"Equally veteran/nonveteran, female-owned",Item not reported,138,S
Health care and social assistance,"Equally veteran/nonveteran, male-owned",All firms,4907,9422924
Health care and social assistance,"Equally veteran/nonveteran, male-owned",Personal/family savings of owner(s),1483,1946839
Health care and social assistance,"Equally veteran/nonveteran, male-owned",Personal/family assets other than savings of owner(s),131,197641
Health care and social assistance,"Equally veteran/nonveteran, male-owned",Personal/family home equity loan,32,60449
Health care and social assistance,"Equally veteran/nonveteran, male-owned",Personal credit card(s) carrying balances,42,S
Health care and social assistance,"Equally veteran/nonveteran, male-owned",Business credit card(s) carrying balances,30,S
Health care and social assistance,"Equally veteran/nonveteran, male-owned","Business loan from federal, state, or local government",0,0
Health care and social assistance,"Equally veteran/nonveteran, male-owned",Government-guaranteed business loan from a bank or financial institution,65,84965
Health care and social assistance,"Equally veteran/nonveteran, male-owned",Business loan from a bank or financial institution,1205,2283108
Health care and social assistance,"Equally veteran/nonveteran, male-owned",Business loan/investment from family/friends,13,S
Health care and social assistance,"Equally veteran/nonveteran, male-owned",Investment by venture capitalist(s),0,0
Health care and social assistance,"Equally veteran/nonveteran, male-owned",Grants,0,0
Health care and social assistance,"Equally veteran/nonveteran, male-owned",Other source(s) of capital,35,101390
Health care and social assistance,"Equally veteran/nonveteran, male-owned",Don't know,1226,2529823
Health care and social assistance,"Equally veteran/nonveteran, male-owned",None needed,220,S
Health care and social assistance,"Equally veteran/nonveteran, male-owned",Total reporting,3853,6431677
Health care and social assistance,"Equally veteran/nonveteran, male-owned",Item not reported,41,S
Health care and social assistance,"Equally veteran/nonveteran, equally male-/female-owned",All firms,20410,6872702
Health care and social assistance,"Equally veteran/nonveteran, equally male-/female-owned",Personal/family savings of owner(s),10609,2848515
Health care and social assistance,"Equally veteran/nonveteran, equally male-/female-owned",Personal/family assets other than savings of owner(s),1869,570661
Health care and social assistance,"Equally veteran/nonveteran, equally male-/female-owned",Personal/family home equity loan,1110,303002
Health care and social assistance,"Equally veteran/nonveteran, equally male-/female-owned",Personal credit card(s) carrying balances,1794,405527
Health care and social assistance,"Equally veteran/nonveteran, equally male-/female-owned",Business credit card(s) carrying balances,416,154544
Health care and social assistance,"Equally veteran/nonveteran, equally male-/female-owned","Business loan from federal, state, or local government",49,S
Health care and social assistance,"Equally veteran/nonveteran, equally male-/female-owned",Government-guaranteed business loan from a bank or financial institution,385,242347
Health care and social assistance,"Equally veteran/nonveteran, equally male-/female-owned",Business loan from a bank or financial institution,2361,1524437
Health care and social assistance,"Equally veteran/nonveteran, equally male-/female-owned",Business loan/investment from family/friends,394,142757
Health care and social assistance,"Equally veteran/nonveteran, equally male-/female-owned",Investment by venture capitalist(s),27,S
Health care and social assistance,"Equally veteran/nonveteran, equally male-/female-owned",Grants,12,S
Health care and social assistance,"Equally veteran/nonveteran, equally male-/female-owned",Other source(s) of capital,200,123778
Health care and social assistance,"Equally veteran/nonveteran, equally male-/female-owned",Don't know,656,424037
Health care and social assistance,"Equally veteran/nonveteran, equally male-/female-owned",None needed,3358,294872
Health care and social assistance,"Equally veteran/nonveteran, equally male-/female-owned",Total reporting,16964(r),4801974(r)
Health care and social assistance,"Equally veteran/nonveteran, equally male-/female-owned",Item not reported,300(r),S
Health care and social assistance,"Equally veteran/nonveteran, Hispanic",All firms,658,248734
Health care and social assistance,"Equally veteran/nonveteran, Hispanic",Personal/family savings of owner(s),436,S
Health care and social assistance,"Equally veteran/nonveteran, Hispanic",Personal/family assets other than savings of owner(s),137,S
Health care and social assistance,"Equally veteran/nonveteran, Hispanic",Personal/family home equity loan,101,S
Health care and social assistance,"Equally veteran/nonveteran, Hispanic",Personal credit card(s) carrying balances,142,S
Health care and social assistance,"Equally veteran/nonveteran, Hispanic",Business credit card(s) carrying balances,0,0
Health care and social assistance,"Equally veteran/nonveteran, Hispanic","Business loan from federal, state, or local government",0,0
Health care and social assistance,"Equally veteran/nonveteran, Hispanic",Government-guaranteed business loan from a bank or financial institution,2,S
Health care and social assistance,"Equally veteran/nonveteran, Hispanic",Business loan from a bank or financial institution,134,S
Health care and social assistance,"Equally veteran/nonveteran, Hispanic",Business loan/investment from family/friends,0,0
Health care and social assistance,"Equally veteran/nonveteran, Hispanic",Investment by venture capitalist(s),14,S
Health care and social assistance,"Equally veteran/nonveteran, Hispanic",Grants,0,0
Health care and social assistance,"Equally veteran/nonveteran, Hispanic",Other source(s) of capital,0,0
Health care and social assistance,"Equally veteran/nonveteran, Hispanic",Don't know,0,0
Health care and social assistance,"Equally veteran/nonveteran, Hispanic",None needed,63,S
Health care and social assistance,"Equally veteran/nonveteran, Hispanic",Total reporting,624,344152
Health care and social assistance,"Equally veteran/nonveteran, Hispanic",Item not reported,0,0
Health care and social assistance,"Equally veteran/nonveteran, equally Hispanic/non-Hispanic",All firms,1309,524431
Health care and social assistance,"Equally veteran/nonveteran, equally Hispanic/non-Hispanic",Personal/family savings of owner(s),592,123892
Health care and social assistance,"Equally veteran/nonveteran, equally Hispanic/non-Hispanic",Personal/family assets other than savings of owner(s),11,S
Health care and social assistance,"Equally veteran/nonveteran, equally Hispanic/non-Hispanic",Personal/family home equity loan,61,S
Health care and social assistance,"Equally veteran/nonveteran, equally Hispanic/non-Hispanic",Personal credit card(s) carrying balances,142,S
Health care and social assistance,"Equally veteran/nonveteran, equally Hispanic/non-Hispanic",Business credit card(s) carrying balances,61,S
Health care and social assistance,"Equally veteran/nonveteran, equally Hispanic/non-Hispanic","Business loan from federal, state, or local government",2,S
Health care and social assistance,"Equally veteran/nonveteran, equally Hispanic/non-Hispanic",Government-guaranteed business loan from a bank or financial institution,0,0
Health care and social assistance,"Equally veteran/nonveteran, equally Hispanic/non-Hispanic",Business loan from a bank or financial institution,94,49924
Health care and social assistance,"Equally veteran/nonveteran, equally Hispanic/non-Hispanic",Business loan/investment from family/friends,2,S
Health care and social assistance,"Equally veteran/nonveteran, equally Hispanic/non-Hispanic",Investment by venture capitalist(s),0,0
Health care and social assistance,"Equally veteran/nonveteran, equally Hispanic/non-Hispanic",Grants,0,0
Health care and social assistance,"Equally veteran/nonveteran, equally Hispanic/non-Hispanic",Other source(s) of capital,26,S
Health care and social assistance,"Equally veteran/nonveteran, equally Hispanic/non-Hispanic",Don't know,21,10251
Health care and social assistance,"Equally veteran/nonveteran, equally Hispanic/non-Hispanic",None needed,35,2118
Health care and social assistance,"Equally veteran/nonveteran, equally Hispanic/non-Hispanic",Total reporting,675,156103
Health care and social assistance,"Equally veteran/nonveteran, equally Hispanic/non-Hispanic",Item not reported,0,0
Health care and social assistance,"Equally veteran/nonveteran, non-Hispanic",All firms,23816,15692433
Health care and social assistance,"Equally veteran/nonveteran, non-Hispanic",Personal/family savings of owner(s),11295,4637085
Health care and social assistance,"Equally veteran/nonveteran, non-Hispanic",Personal/family assets other than savings of owner(s),1863,761935
Health care and social assistance,"Equally veteran/nonveteran, non-Hispanic",Personal/family home equity loan,991,327986
Health care and social assistance,"Equally veteran/nonveteran, non-Hispanic",Personal credit card(s) carrying balances,1607,444330
Health care and social assistance,"Equally veteran/nonveteran, non-Hispanic",Business credit card(s) carrying balances,391,196035
Health care and social assistance,"Equally veteran/nonveteran, non-Hispanic","Business loan from federal, state, or local government",47,S
Health care and social assistance,"Equally veteran/nonveteran, non-Hispanic",Government-guaranteed business loan from a bank or financial institution,518,359238
Health care and social assistance,"Equally veteran/nonveteran, non-Hispanic",Business loan from a bank or financial institution,3422,3615527
Health care and social assistance,"Equally veteran/nonveteran, non-Hispanic",Business loan/investment from family/friends,405,178832
Health care and social assistance,"Equally veteran/nonveteran, non-Hispanic",Investment by venture capitalist(s),13,S
Health care and social assistance,"Equally veteran/nonveteran, non-Hispanic",Grants,12,S
Health care and social assistance,"Equally veteran/nonveteran, non-Hispanic",Other source(s) of capital,211,214038
Health care and social assistance,"Equally veteran/nonveteran, non-Hispanic",Don't know,1926,2949440
Health care and social assistance,"Equally veteran/nonveteran, non-Hispanic",None needed,3604,397660
Health care and social assistance,"Equally veteran/nonveteran, non-Hispanic",Total reporting,19995(r),10847856(r)
Health care and social assistance,"Equally veteran/nonveteran, non-Hispanic",Item not reported,478(r),115540(r)
Health care and social assistance,"Equally veteran/nonveteran, White",All firms,22085,14808579
Health care and social assistance,"Equally veteran/nonveteran, White",Personal/family savings of owner(s),10018,4201725
Health care and social assistance,"Equally veteran/nonveteran, White",Personal/family assets other than savings of owner(s),1795,668486
Health care and social assistance,"Equally veteran/nonveteran, White",Personal/family home equity loan,918,289927
Health care and social assistance,"Equally veteran/nonveteran, White",Personal credit card(s) carrying balances,1429,333597
Health care and social assistance,"Equally veteran/nonveteran, White",Business credit card(s) carrying balances,262,118100
Health care and social assistance,"Equally veteran/nonveteran, White","Business loan from federal, state, or local government",47,S
Health care and social assistance,"Equally veteran/nonveteran, White",Government-guaranteed business loan from a bank or financial institution,432,327299
Health care and social assistance,"Equally veteran/nonveteran, White",Business loan from a bank or financial institution,3131,3509905
Health care and social assistance,"Equally veteran/nonveteran, White",Business loan/investment from family/friends,405,178832
Health care and social assistance,"Equally veteran/nonveteran, White",Investment by venture capitalist(s),27,S
Health care and social assistance,"Equally veteran/nonveteran, White",Grants,12,S
Health care and social assistance,"Equally veteran/nonveteran, White",Other source(s) of capital,218,202279
Health care and social assistance,"Equally veteran/nonveteran, White",Don't know,1814,2781296
Health care and social assistance,"Equally veteran/nonveteran, White",None needed,3297,489153
Health care and social assistance,"Equally veteran/nonveteran, White",Total reporting,18298(r),10371958(r)
Health care and social assistance,"Equally veteran/nonveteran, White",Item not reported,228(r),S
Health care and social assistance,"Equally veteran/nonveteran, Black or African American",All firms,1310,247149
Health care and social assistance,"Equally veteran/nonveteran, Black or African American",Personal/family savings of owner(s),808,105530
Health care and social assistance,"Equally veteran/nonveteran, Black or African American",Personal/family assets other than savings of owner(s),106,23951
Health care and social assistance,"Equally veteran/nonveteran, Black or African American",Personal/family home equity loan,41,S
Health care and social assistance,"Equally veteran/nonveteran, Black or African American",Personal credit card(s) carrying balances,184,S
Health care and social assistance,"Equally veteran/nonveteran, Black or African American",Business credit card(s) carrying balances,31,S
Health care and social assistance,"Equally veteran/nonveteran, Black or African American","Business loan from federal, state, or local government",0,0
Health care and social assistance,"Equally veteran/nonveteran, Black or African American",Government-guaranteed business loan from a bank or financial institution,23,S
Health care and social assistance,"Equally veteran/nonveteran, Black or African American",Business loan from a bank or financial institution,79,29645
Health care and social assistance,"Equally veteran/nonveteran, Black or African American",Business loan/investment from family/friends,0,0
Health care and social assistance,"Equally veteran/nonveteran, Black or African American",Investment by venture capitalist(s),0,0
Health care and social assistance,"Equally veteran/nonveteran, Black or African American",Grants,0,0
Health care and social assistance,"Equally veteran/nonveteran, Black or African American",Other source(s) of capital,6,S
Health care and social assistance,"Equally veteran/nonveteran, Black or African American",Don't know,15,S
Health care and social assistance,"Equally veteran/nonveteran, Black or African American",None needed,194,1898
Health care and social assistance,"Equally veteran/nonveteran, Black or African American",Total reporting,1088(r),143931(r)
Health care and social assistance,"Equally veteran/nonveteran, Black or African American",Item not reported,64(r),S
Health care and social assistance,"Equally veteran/nonveteran, American Indian and Alaska Native",All firms,41,75829
Health care and social assistance,"Equally veteran/nonveteran, American Indian and Alaska Native",Personal/family savings of owner(s),20,S
Health care and social assistance,"Equally veteran/nonveteran, American Indian and Alaska Native",Personal/family assets other than savings of owner(s),2,S
Health care and social assistance,"Equally veteran/nonveteran, American Indian and Alaska Native",Personal/family home equity loan,0,0
Health care and social assistance,"Equally veteran/nonveteran, American Indian and Alaska Native",Personal credit card(s) carrying balances,0,0
Health care and social assistance,"Equally veteran/nonveteran, American Indian and Alaska Native",Business credit card(s) carrying balances,0,0
Health care and social assistance,"Equally veteran/nonveteran, American Indian and Alaska Native","Business loan from federal, state, or local government",0,0
Health care and social assistance,"Equally veteran/nonveteran, American Indian and Alaska Native",Government-guaranteed business loan from a bank or financial institution,0,0
Health care and social assistance,"Equally veteran/nonveteran, American Indian and Alaska Native",Business loan from a bank or financial institution,9,S
Health care and social assistance,"Equally veteran/nonveteran, American Indian and Alaska Native",Business loan/investment from family/friends,0,0
Health care and social assistance,"Equally veteran/nonveteran, American Indian and Alaska Native",Investment by venture capitalist(s),0,0
Health care and social assistance,"Equally veteran/nonveteran, American Indian and Alaska Native",Grants,0,0
Health care and social assistance,"Equally veteran/nonveteran, American Indian and Alaska Native",Other source(s) of capital,0,0
Health care and social assistance,"Equally veteran/nonveteran, American Indian and Alaska Native",Don't know,2,S
Health care and social assistance,"Equally veteran/nonveteran, American Indian and Alaska Native",None needed,0,0
Health care and social assistance,"Equally veteran/nonveteran, American Indian and Alaska Native",Total reporting,24,S
Health care and social assistance,"Equally veteran/nonveteran, American Indian and Alaska Native",Item not reported,61,S
Health care and social assistance,"Equally veteran/nonveteran, Asian",All firms,557,S
Health care and social assistance,"Equally veteran/nonveteran, Asian",Personal/family savings of owner(s),402,S
Health care and social assistance,"Equally veteran/nonveteran, Asian",Personal/family assets other than savings of owner(s),2,S
Health care and social assistance,"Equally veteran/nonveteran, Asian",Personal/family home equity loan,57,S
Health care and social assistance,"Equally veteran/nonveteran, Asian",Personal credit card(s) carrying balances,128,S
Health care and social assistance,"Equally veteran/nonveteran, Asian",Business credit card(s) carrying balances,80,S
Health care and social assistance,"Equally veteran/nonveteran, Asian","Business loan from federal, state, or local government",0,S
Health care and social assistance,"Equally veteran/nonveteran, Asian",Government-guaranteed business loan from a bank or financial institution,2,S
Health care and social assistance,"Equally veteran/nonveteran, Asian",Business loan from a bank or financial institution,145,S
Health care and social assistance,"Equally veteran/nonveteran, Asian",Business loan/investment from family/friends,0,S
Health care and social assistance,"Equally veteran/nonveteran, Asian",Investment by venture capitalist(s),0,S
Health care and social assistance,"Equally veteran/nonveteran, Asian",Grants,0,S
Health care and social assistance,"Equally veteran/nonveteran, Asian",Other source(s) of capital,0,S
Health care and social assistance,"Equally veteran/nonveteran, Asian",Don't know,28,S
Health care and social assistance,"Equally veteran/nonveteran, Asian",None needed,30,S
Health care and social assistance,"Equally veteran/nonveteran, Asian",Total reporting,477(r),S
Health care and social assistance,"Equally veteran/nonveteran, Asian",Item not reported,123(r),S
Health care and social assistance,"Equally veteran/nonveteran, Native Hawaiian and Other Pacific Islander",All firms,10,619
Health care and social assistance,"Equally veteran/nonveteran, Native Hawaiian and Other Pacific Islander",Personal/family savings of owner(s),5,S
Health care and social assistance,"Equally veteran/nonveteran, Native Hawaiian and Other Pacific Islander",Personal/family assets other than savings of owner(s),0,0
Health care and social assistance,"Equally veteran/nonveteran, Native Hawaiian and Other Pacific Islander",Personal/family home equity loan,0,0
Health care and social assistance,"Equally veteran/nonveteran, Native Hawaiian and Other Pacific Islander",Personal credit card(s) carrying balances,0,0
Health care and social assistance,"Equally veteran/nonveteran, Native Hawaiian and Other Pacific Islander",Business credit card(s) carrying balances,0,0
Health care and social assistance,"Equally veteran/nonveteran, Native Hawaiian and Other Pacific Islander","Business loan from federal, state, or local government",0,0
Health care and social assistance,"Equally veteran/nonveteran, Native Hawaiian and Other Pacific Islander",Government-guaranteed business loan from a bank or financial institution,2,S
Health care and social assistance,"Equally veteran/nonveteran, Native Hawaiian and Other Pacific Islander",Business loan from a bank or financial institution,0,0
Health care and social assistance,"Equally veteran/nonveteran, Native Hawaiian and Other Pacific Islander",Business loan/investment from family/friends,0,0
Health care and social assistance,"Equally veteran/nonveteran, Native Hawaiian and Other Pacific Islander",Investment by venture capitalist(s),0,0
Health care and social assistance,"Equally veteran/nonveteran, Native Hawaiian and Other Pacific Islander",Grants,0,0
Health care and social assistance,"Equally veteran/nonveteran, Native Hawaiian and Other Pacific Islander",Other source(s) of capital,0,0
Health care and social assistance,"Equally veteran/nonveteran, Native Hawaiian and Other Pacific Islander",Don't know,0,0
Health care and social assistance,"Equally veteran/nonveteran, Native Hawaiian and Other Pacific Islander",None needed,0,0
Health care and social assistance,"Equally veteran/nonveteran, Native Hawaiian and Other Pacific Islander",Total reporting,5,S
Health care and social assistance,"Equally veteran/nonveteran, Native Hawaiian and Other Pacific Islander",Item not reported,0,0
Health care and social assistance,"Equally veteran/nonveteran, some other race",All firms,134,S
Health care and social assistance,"Equally veteran/nonveteran, some other race",Personal/family savings of owner(s),63,S
Health care and social assistance,"Equally veteran/nonveteran, some other race",Personal/family assets other than savings of owner(s),0,S
Health care and social assistance,"Equally veteran/nonveteran, some other race",Personal/family home equity loan,0,S
Health care and social assistance,"Equally veteran/nonveteran, some other race",Personal credit card(s) carrying balances,0,S
Health care and social assistance,"Equally veteran/nonveteran, some other race",Business credit card(s) carrying balances,0,S
Health care and social assistance,"Equally veteran/nonveteran, some other race","Business loan from federal, state, or local government",0,S
Health care and social assistance,"Equally veteran/nonveteran, some other race",Government-guaranteed business loan from a bank or financial institution,0,S
Health care and social assistance,"Equally veteran/nonveteran, some other race",Business loan from a bank or financial institution,61,S
Health care and social assistance,"Equally veteran/nonveteran, some other race",Business loan/investment from family/friends,0,S
Health care and social assistance,"Equally veteran/nonveteran, some other race",Investment by venture capitalist(s),0,S
Health care and social assistance,"Equally veteran/nonveteran, some other race",Grants,0,S
Health care and social assistance,"Equally veteran/nonveteran, some other race",Other source(s) of capital,0,S
Health care and social assistance,"Equally veteran/nonveteran, some other race",Don't know,0,S
Health care and social assistance,"Equally veteran/nonveteran, some other race",None needed,0,S
Health care and social assistance,"Equally veteran/nonveteran, some other race",Total reporting,63,S
Health care and social assistance,"Equally veteran/nonveteran, some other race",Item not reported,0,S
Health care and social assistance,"Equally veteran/nonveteran, minority",All firms,2807,972828
Health care and social assistance,"Equally veteran/nonveteran, minority",Personal/family savings of owner(s),1726,390304
Health care and social assistance,"Equally veteran/nonveteran, minority",Personal/family assets other than savings of owner(s),254,32280
Health care and social assistance,"Equally veteran/nonveteran, minority",Personal/family home equity loan,199,S
Health care and social assistance,"Equally veteran/nonveteran, minority",Personal credit card(s) carrying balances,459,111836
Health care and social assistance,"Equally veteran/nonveteran, minority",Business credit card(s) carrying balances,111,S
Health care and social assistance,"Equally veteran/nonveteran, minority","Business loan from federal, state, or local government",2,S
Health care and social assistance,"Equally veteran/nonveteran, minority",Government-guaranteed business loan from a bank or financial institution,27,10525
Health care and social assistance,"Equally veteran/nonveteran, minority",Business loan from a bank or financial institution,415,323908
Health care and social assistance,"Equally veteran/nonveteran, minority",Business loan/investment from family/friends,2,S
Health care and social assistance,"Equally veteran/nonveteran, minority",Investment by venture capitalist(s),14,S
Health care and social assistance,"Equally veteran/nonveteran, minority",Grants,0,0
Health care and social assistance,"Equally veteran/nonveteran, minority",Other source(s) of capital,6,S
Health care and social assistance,"Equally veteran/nonveteran, minority",Don't know,45,S
Health care and social assistance,"Equally veteran/nonveteran, minority",None needed,349,S
Health care and social assistance,"Equally veteran/nonveteran, minority",Total reporting,2338(r),763636(r)
Health care and social assistance,"Equally veteran/nonveteran, minority",Item not reported,248(r),S
Health care and social assistance,"Equally veteran/nonveteran, equally minority/nonminority",All firms,2591,1434974
Health care and social assistance,"Equally veteran/nonveteran, equally minority/nonminority",Personal/family savings of owner(s),1651,555517
Health care and social assistance,"Equally veteran/nonveteran, equally minority/nonminority",Personal/family assets other than savings of owner(s),112,88075
Health care and social assistance,"Equally veteran/nonveteran, equally minority/nonminority",Personal/family home equity loan,154,S
Health care and social assistance,"Equally veteran/nonveteran, equally minority/nonminority",Personal credit card(s) carrying balances,233,41767
Health care and social assistance,"Equally veteran/nonveteran, equally minority/nonminority",Business credit card(s) carrying balances,86,S
Health care and social assistance,"Equally veteran/nonveteran, equally minority/nonminority","Business loan from federal, state, or local government",0,0
Health care and social assistance,"Equally veteran/nonveteran, equally minority/nonminority",Government-guaranteed business loan from a bank or financial institution,86,S
Health care and social assistance,"Equally veteran/nonveteran, equally minority/nonminority",Business loan from a bank or financial institution,384,261369
Health care and social assistance,"Equally veteran/nonveteran, equally minority/nonminority",Business loan/investment from family/friends,0,0
Health care and social assistance,"Equally veteran/nonveteran, equally minority/nonminority",Investment by venture capitalist(s),0,0
Health care and social assistance,"Equally veteran/nonveteran, equally minority/nonminority",Grants,0,0
Health care and social assistance,"Equally veteran/nonveteran, equally minority/nonminority",Other source(s) of capital,39,40582
Health care and social assistance,"Equally veteran/nonveteran, equally minority/nonminority",Don't know,158,163303
Health care and social assistance,"Equally veteran/nonveteran, equally minority/nonminority",None needed,165,S
Health care and social assistance,"Equally veteran/nonveteran, equally minority/nonminority",Total reporting,2082(r),841429(r)
Health care and social assistance,"Equally veteran/nonveteran, equally minority/nonminority",Item not reported,2(r),S
Health care and social assistance,"Equally veteran/nonveteran, nonminority",All firms,20385,14057797
Health care and social assistance,"Equally veteran/nonveteran, nonminority",Personal/family savings of owner(s),8946,3934458
Health care and social assistance,"Equally veteran/nonveteran, nonminority",Personal/family assets other than savings of owner(s),1644,654980
Health care and social assistance,"Equally veteran/nonveteran, nonminority",Personal/family home equity loan,800,241270
Health care and social assistance,"Equally veteran/nonveteran, nonminority",Personal credit card(s) carrying balances,1200,314747
Health care and social assistance,"Equally veteran/nonveteran, nonminority",Business credit card(s) carrying balances,256,117623
Health care and social assistance,"Equally veteran/nonveteran, nonminority","Business loan from federal, state, or local government",47,S
Health care and social assistance,"Equally veteran/nonveteran, nonminority",Government-guaranteed business loan from a bank or financial institution,407,301723
Health care and social assistance,"Equally veteran/nonveteran, nonminority",Business loan from a bank or financial institution,2852,3260426
Health care and social assistance,"Equally veteran/nonveteran, nonminority",Business loan/investment from family/friends,405,178832
Health care and social assistance,"Equally veteran/nonveteran, nonminority",Investment by venture capitalist(s),13,S
Health care and social assistance,"Equally veteran/nonveteran, nonminority",Grants,12,S
Health care and social assistance,"Equally veteran/nonveteran, nonminority",Other source(s) of capital,192,187615
Health care and social assistance,"Equally veteran/nonveteran, nonminority",Don't know,1744,2684516
Health care and social assistance,"Equally veteran/nonveteran, nonminority",None needed,3189,370779
Health care and social assistance,"Equally veteran/nonveteran, nonminority",Total reporting,16874(r),9743046(r)
Health care and social assistance,"Equally veteran/nonveteran, nonminority",Item not reported,228(r),S
Health care and social assistance,Nonveteran,All firms,2279212,568269090
Health care and social assistance,Nonveteran,Personal/family savings of owner(s),639424,188915091
Health care and social assistance,Nonveteran,Personal/family assets other than savings of owner(s),52638,23449461
Health care and social assistance,Nonveteran,Personal/family home equity loan,28963,16495193
Health care and social assistance,Nonveteran,Personal credit card(s) carrying balances,77889,19821058
Health care and social assistance,Nonveteran,Business credit card(s) carrying balances,26811,13188823
Health care and social assistance,Nonveteran,"Business loan from federal, state, or local government",2280,1722558
Health care and social assistance,Nonveteran,Government-guaranteed business loan from a bank or financial institution,12811,8424385
Health care and social assistance,Nonveteran,Business loan from a bank or financial institution,134321,112128714
Health care and social assistance,Nonveteran,Business loan/investment from family/friends,20165,12290489
Health care and social assistance,Nonveteran,Investment by venture capitalist(s),1592,2842080
Health care and social assistance,Nonveteran,Grants,5043,730302
Health care and social assistance,Nonveteran,Other source(s) of capital,23208,13883853
Health care and social assistance,Nonveteran,Don't know,100335,114708880
Health care and social assistance,Nonveteran,None needed,445144,31303686
Health care and social assistance,Nonveteran,Total reporting,1323953(r),419010547(r)
Health care and social assistance,Nonveteran,Item not reported,47519(r),3533542(r)
Health care and social assistance,"Nonveteran, female-owned",All firms,1540212,127795115
Health care and social assistance,"Nonveteran, female-owned",Personal/family savings of owner(s),370150,46831922
Health care and social assistance,"Nonveteran, female-owned",Personal/family assets other than savings of owner(s),30350,6970098
Health care and social assistance,"Nonveteran, female-owned",Personal/family home equity loan,13186,5555912
Health care and social assistance,"Nonveteran, female-owned",Personal credit card(s) carrying balances,48730,6490858
Health care and social assistance,"Nonveteran, female-owned",Business credit card(s) carrying balances,12510,3390960
Health care and social assistance,"Nonveteran, female-owned","Business loan from federal, state, or local government",1009,511815
Health care and social assistance,"Nonveteran, female-owned",Government-guaranteed business loan from a bank or financial institution,4604,2797168
Health care and social assistance,"Nonveteran, female-owned",Business loan from a bank or financial institution,34491,18400353
Health care and social assistance,"Nonveteran, female-owned",Business loan/investment from family/friends,8086,3184076
Health care and social assistance,"Nonveteran, female-owned",Investment by venture capitalist(s),634,492816
Health care and social assistance,"Nonveteran, female-owned",Grants,4018,309770
Health care and social assistance,"Nonveteran, female-owned",Other source(s) of capital,10409,2800456
Health care and social assistance,"Nonveteran, female-owned",Don't know,46670,14590547
Health care and social assistance,"Nonveteran, female-owned",None needed,342267,9414928
Health care and social assistance,"Nonveteran, female-owned",Total reporting,812964(r),86013301(r)
Health care and social assistance,"Nonveteran, female-owned",Item not reported,39521(r),1013873(r)
Health care and social assistance,"Nonveteran, male-owned",All firms,640125,387638551
Health care and social assistance,"Nonveteran, male-owned",Personal/family savings of owner(s),221210,122283448
Health care and social assistance,"Nonveteran, male-owned",Personal/family assets other than savings of owner(s),15675,13420207
Health care and social assistance,"Nonveteran, male-owned",Personal/family home equity loan,10321,7748366
Health care and social assistance,"Nonveteran, male-owned",Personal credit card(s) carrying balances,21646,9816801
Health care and social assistance,"Nonveteran, male-owned",Business credit card(s) carrying balances,10759,7736266
Health care and social assistance,"Nonveteran, male-owned","Business loan from federal, state, or local government",809,1032133
Health care and social assistance,"Nonveteran, male-owned",Government-guaranteed business loan from a bank or financial institution,5955,4291661
Health care and social assistance,"Nonveteran, male-owned",Business loan from a bank or financial institution,84524,82069738
Health care and social assistance,"Nonveteran, male-owned",Business loan/investment from family/friends,9477,7256278
Health care and social assistance,"Nonveteran, male-owned",Investment by venture capitalist(s),800,2284064
Health care and social assistance,"Nonveteran, male-owned",Grants,622,290183
Health care and social assistance,"Nonveteran, male-owned",Other source(s) of capital,11185,10120972
Health care and social assistance,"Nonveteran, male-owned",Don't know,48750,83718213
Health care and social assistance,"Nonveteran, male-owned",None needed,89768,20615426
Health care and social assistance,"Nonveteran, male-owned",Total reporting,431611(r),287923280(r)
Health care and social assistance,"Nonveteran, male-owned",Item not reported,7107(r),2197942(r)
Health care and social assistance,"Nonveteran, equally male-/female-owned",All firms,98875,52835423
Health care and social assistance,"Nonveteran, equally male-/female-owned",Personal/family savings of owner(s),48064,19799721
Health care and social assistance,"Nonveteran, equally male-/female-owned",Personal/family assets other than savings of owner(s),6613,3059156
Health care and social assistance,"Nonveteran, equally male-/female-owned",Personal/family home equity loan,5456,3190915
Health care and social assistance,"Nonveteran, equally male-/female-owned",Personal credit card(s) carrying balances,7513,3513399
Health care and social assistance,"Nonveteran, equally male-/female-owned",Business credit card(s) carrying balances,3541,2061597
Health care and social assistance,"Nonveteran, equally male-/female-owned","Business loan from federal, state, or local government",462,178610
Health care and social assistance,"Nonveteran, equally male-/female-owned",Government-guaranteed business loan from a bank or financial institution,2253,1335555
Health care and social assistance,"Nonveteran, equally male-/female-owned",Business loan from a bank or financial institution,15306,11658623
Health care and social assistance,"Nonveteran, equally male-/female-owned",Business loan/investment from family/friends,2602,1850135
Health care and social assistance,"Nonveteran, equally male-/female-owned",Investment by venture capitalist(s),158,S
Health care and social assistance,"Nonveteran, equally male-/female-owned",Grants,403,130348
Health care and social assistance,"Nonveteran, equally male-/female-owned",Other source(s) of capital,1614,962425
Health care and social assistance,"Nonveteran, equally male-/female-owned",Don't know,4915,16400120
Health care and social assistance,"Nonveteran, equally male-/female-owned",None needed,13109,1273333
Health care and social assistance,"Nonveteran, equally male-/female-owned",Total reporting,79378(r),45073966(r)
Health care and social assistance,"Nonveteran, equally male-/female-owned",Item not reported,890(r),321727(r)
Health care and social assistance,"Nonveteran, Hispanic",All firms,331013,26365636
Health care and social assistance,"Nonveteran, Hispanic",Personal/family savings of owner(s),47593,7930732
Health care and social assistance,"Nonveteran, Hispanic",Personal/family assets other than savings of owner(s),3523,1104591
Health care and social assistance,"Nonveteran, Hispanic",Personal/family home equity loan,2346,945899
Health care and social assistance,"Nonveteran, Hispanic",Personal credit card(s) carrying balances,6922,1274782
Health care and social assistance,"Nonveteran, Hispanic",Business credit card(s) carrying balances,1922,460309
Health care and social assistance,"Nonveteran, Hispanic","Business loan from federal, state, or local government",280,S
Health care and social assistance,"Nonveteran, Hispanic",Government-guaranteed business loan from a bank or financial institution,771,295790
Health care and social assistance,"Nonveteran, Hispanic",Business loan from a bank or financial institution,6536,3791740
Health care and social assistance,"Nonveteran, Hispanic",Business loan/investment from family/friends,1206,591778
Health care and social assistance,"Nonveteran, Hispanic",Investment by venture capitalist(s),241,S
Health care and social assistance,"Nonveteran, Hispanic",Grants,527,20046
Health care and social assistance,"Nonveteran, Hispanic",Other source(s) of capital,1781,424305
Health care and social assistance,"Nonveteran, Hispanic",Don't know,10035,3607088
Health care and social assistance,"Nonveteran, Hispanic",None needed,48825,1326455
Health care and social assistance,"Nonveteran, Hispanic",Total reporting,115751(r),16322326(r)
Health care and social assistance,"Nonveteran, Hispanic",Item not reported,7987(r),222448(r)
Health care and social assistance,"Nonveteran, equally Hispanic/non-Hispanic",All firms,6426,4069346
Health care and social assistance,"Nonveteran, equally Hispanic/non-Hispanic",Personal/family savings of owner(s),3476,1600928
Health care and social assistance,"Nonveteran, equally Hispanic/non-Hispanic",Personal/family assets other than savings of owner(s),233,165097
Health care and social assistance,"Nonveteran, equally Hispanic/non-Hispanic",Personal/family home equity loan,278,S
Health care and social assistance,"Nonveteran, equally Hispanic/non-Hispanic",Personal credit card(s) carrying balances,560,227843
Health care and social assistance,"Nonveteran, equally Hispanic/non-Hispanic",Business credit card(s) carrying balances,111,127267
Health care and social assistance,"Nonveteran, equally Hispanic/non-Hispanic","Business loan from federal, state, or local government",35,S
Health care and social assistance,"Nonveteran, equally Hispanic/non-Hispanic",Government-guaranteed business loan from a bank or financial institution,115,S
Health care and social assistance,"Nonveteran, equally Hispanic/non-Hispanic",Business loan from a bank or financial institution,753,782473
Health care and social assistance,"Nonveteran, equally Hispanic/non-Hispanic",Business loan/investment from family/friends,113,246955
Health care and social assistance,"Nonveteran, equally Hispanic/non-Hispanic",Investment by venture capitalist(s),9,S
Health care and social assistance,"Nonveteran, equally Hispanic/non-Hispanic",Grants,69,S
Health care and social assistance,"Nonveteran, equally Hispanic/non-Hispanic",Other source(s) of capital,24,56111
Health care and social assistance,"Nonveteran, equally Hispanic/non-Hispanic",Don't know,141,375020
Health care and social assistance,"Nonveteran, equally Hispanic/non-Hispanic",None needed,856,S
Health care and social assistance,"Nonveteran, equally Hispanic/non-Hispanic",Total reporting,5115,2756210
Health care and social assistance,"Nonveteran, equally Hispanic/non-Hispanic",Item not reported,0,0
Health care and social assistance,"Nonveteran, non-Hispanic",All firms,1941773,537834108
Health care and social assistance,"Nonveteran, non-Hispanic",Personal/family savings of owner(s),588355,179383431
Health care and social assistance,"Nonveteran, non-Hispanic",Personal/family assets other than savings of owner(s),48882,22179774
Health care and social assistance,"Nonveteran, non-Hispanic",Personal/family home equity loan,26338,15248106
Health care and social assistance,"Nonveteran, non-Hispanic",Personal credit card(s) carrying balances,70407,18318433
Health care and social assistance,"Nonveteran, non-Hispanic",Business credit card(s) carrying balances,24778,12601247
Health care and social assistance,"Nonveteran, non-Hispanic","Business loan from federal, state, or local government",1965,1611858
Health care and social assistance,"Nonveteran, non-Hispanic",Government-guaranteed business loan from a bank or financial institution,11926,8033589
Health care and social assistance,"Nonveteran, non-Hispanic",Business loan from a bank or financial institution,127032,107554500
Health care and social assistance,"Nonveteran, non-Hispanic",Business loan/investment from family/friends,18845,11451756
Health care and social assistance,"Nonveteran, non-Hispanic",Investment by venture capitalist(s),1342,2707500
Health care and social assistance,"Nonveteran, non-Hispanic",Grants,4446,646827
Health care and social assistance,"Nonveteran, non-Hispanic",Other source(s) of capital,21403,13403437
Health care and social assistance,"Nonveteran, non-Hispanic",Don't know,90159,110726771
Health care and social assistance,"Nonveteran, non-Hispanic",None needed,395463,29798848
Health care and social assistance,"Nonveteran, non-Hispanic",Total reporting,1203087(r),399932010(r)
Health care and social assistance,"Nonveteran, non-Hispanic",Item not reported,39532(r),3311094(r)
Health care and social assistance,"Nonveteran, White",All firms,1500695,473563859
Health care and social assistance,"Nonveteran, White",Personal/family savings of owner(s),500316,153554442
Health care and social assistance,"Nonveteran, White",Personal/family assets other than savings of owner(s),40593,18119628
Health care and social assistance,"Nonveteran, White",Personal/family home equity loan,21163,11735518
Health care and social assistance,"Nonveteran, White",Personal credit card(s) carrying balances,61366,15528971
Health care and social assistance,"Nonveteran, White",Business credit card(s) carrying balances,21595,10696425
Health care and social assistance,"Nonveteran, White","Business loan from federal, state, or local government",1866,1490008
Health care and social assistance,"Nonveteran, White",Government-guaranteed business loan from a bank or financial institution,9862,6963801
Health care and social assistance,"Nonveteran, White",Business loan from a bank or financial institution,112192,97242565
Health care and social assistance,"Nonveteran, White",Business loan/investment from family/friends,16760,10683629
Health care and social assistance,"Nonveteran, White",Investment by venture capitalist(s),1300,2685335
Health care and social assistance,"Nonveteran, White",Grants,4075,539524
Health care and social assistance,"Nonveteran, White",Other source(s) of capital,17573,10967044
Health care and social assistance,"Nonveteran, White",Don't know,71629,104028125
Health care and social assistance,"Nonveteran, White",None needed,350665,27042842
Health care and social assistance,"Nonveteran, White",Total reporting,1036975(r),357965644(r)
Health care and social assistance,"Nonveteran, White",Item not reported,28472(r),2494942(r)
Health care and social assistance,"Nonveteran, Black or African American",All firms,462366,21729014
Health care and social assistance,"Nonveteran, Black or African American",Personal/family savings of owner(s),55330,6534164
Health care and social assistance,"Nonveteran, Black or African American",Personal/family assets other than savings of owner(s),4841,774057
Health care and social assistance,"Nonveteran, Black or African American",Personal/family home equity loan,1983,530955
Health care and social assistance,"Nonveteran, Black or African American",Personal credit card(s) carrying balances,8231,1250578
Health care and social assistance,"Nonveteran, Black or African American",Business credit card(s) carrying balances,1788,420111
Health care and social assistance,"Nonveteran, Black or African American","Business loan from federal, state, or local government",255,S
Health care and social assistance,"Nonveteran, Black or African American",Government-guaranteed business loan from a bank or financial institution,1057,377784
Health care and social assistance,"Nonveteran, Black or African American",Business loan from a bank or financial institution,4837,2143553
Health care and social assistance,"Nonveteran, Black or African American",Business loan/investment from family/friends,904,311578
Health care and social assistance,"Nonveteran, Black or African American",Investment by venture capitalist(s),150,S
Health care and social assistance,"Nonveteran, Black or African American",Grants,712,62256
Health care and social assistance,"Nonveteran, Black or African American",Other source(s) of capital,2421,454647
Health care and social assistance,"Nonveteran, Black or African American",Don't know,12054,1925680
Health care and social assistance,"Nonveteran, Black or African American",None needed,51253,1022513
Health care and social assistance,"Nonveteran, Black or African American",Total reporting,127063(r),11104062(r)
Health care and social assistance,"Nonveteran, Black or African American",Item not reported,13173(r),314185(r)
Health care and social assistance,"Nonveteran, American Indian and Alaska Native",All firms,26381,1991513
Health care and social assistance,"Nonveteran, American Indian and Alaska Native",Personal/family savings of owner(s),4615,732055
Health care and social assistance,"Nonveteran, American Indian and Alaska Native",Personal/family assets other than savings of owner(s),565,102068
Health care and social assistance,"Nonveteran, American Indian and Alaska Native",Personal/family home equity loan,105,67640
Health care and social assistance,"Nonveteran, American Indian and Alaska Native",Personal credit card(s) carrying balances,995,230711
Health care and social assistance,"Nonveteran, American Indian and Alaska Native",Business credit card(s) carrying balances,370,41022
Health care and social assistance,"Nonveteran, American Indian and Alaska Native","Business loan from federal, state, or local government",0,0
Health care and social assistance,"Nonveteran, American Indian and Alaska Native",Government-guaranteed business loan from a bank or financial institution,94,S
Health care and social assistance,"Nonveteran, American Indian and Alaska Native",Business loan from a bank or financial institution,667,377659
Health care and social assistance,"Nonveteran, American Indian and Alaska Native",Business loan/investment from family/friends,170,S
Health care and social assistance,"Nonveteran, American Indian and Alaska Native",Investment by venture capitalist(s),2,S
Health care and social assistance,"Nonveteran, American Indian and Alaska Native",Grants,177,S
Health care and social assistance,"Nonveteran, American Indian and Alaska Native",Other source(s) of capital,207,S
Health care and social assistance,"Nonveteran, American Indian and Alaska Native",Don't know,732,67767
Health care and social assistance,"Nonveteran, American Indian and Alaska Native",None needed,3863,71457
Health care and social assistance,"Nonveteran, American Indian and Alaska Native",Total reporting,10173(r),1148541(r)
Health care and social assistance,"Nonveteran, American Indian and Alaska Native",Item not reported,895(r),S
Health care and social assistance,"Nonveteran, Asian",All firms,196635,58599813
Health care and social assistance,"Nonveteran, Asian",Personal/family savings of owner(s),70253,24039449
Health care and social assistance,"Nonveteran, Asian",Personal/family assets other than savings of owner(s),5897,3836917
Health care and social assistance,"Nonveteran, Asian",Personal/family home equity loan,4983,3309608
Health care and social assistance,"Nonveteran, Asian",Personal credit card(s) carrying balances,6510,2668901
Health care and social assistance,"Nonveteran, Asian",Business credit card(s) carrying balances,3262,2000249
Health care and social assistance,"Nonveteran, Asian","Business loan from federal, state, or local government",188,S
Health care and social assistance,"Nonveteran, Asian",Government-guaranteed business loan from a bank or financial institution,1398,850445
Health care and social assistance,"Nonveteran, Asian",Business loan from a bank or financial institution,15005,9598924
Health care and social assistance,"Nonveteran, Asian",Business loan/investment from family/friends,2288,1168592
Health care and social assistance,"Nonveteran, Asian",Investment by venture capitalist(s),36,S
Health care and social assistance,"Nonveteran, Asian",Grants,361,113208
Health care and social assistance,"Nonveteran, Asian",Other source(s) of capital,2517,1970353
Health care and social assistance,"Nonveteran, Asian",Don't know,11296,6423099
Health care and social assistance,"Nonveteran, Asian",None needed,31366,2370702
Health care and social assistance,"Nonveteran, Asian",Total reporting,126172(r),39837272(r)
Health care and social assistance,"Nonveteran, Asian",Item not reported,2799(r),627684(r)
Health care and social assistance,"Nonveteran, Native Hawaiian and Other Pacific Islander",All firms,6083,421690
Health care and social assistance,"Nonveteran, Native Hawaiian and Other Pacific Islander",Personal/family savings of owner(s),1240,185090
Health care and social assistance,"Nonveteran, Native Hawaiian and Other Pacific Islander",Personal/family assets other than savings of owner(s),121,S
Health care and social assistance,"Nonveteran, Native Hawaiian and Other Pacific Islander",Personal/family home equity loan,112,S
Health care and social assistance,"Nonveteran, Native Hawaiian and Other Pacific Islander",Personal credit card(s) carrying balances,301,S
Health care and social assistance,"Nonveteran, Native Hawaiian and Other Pacific Islander",Business credit card(s) carrying balances,57,S
Health care and social assistance,"Nonveteran, Native Hawaiian and Other Pacific Islander","Business loan from federal, state, or local government",2,S
Health care and social assistance,"Nonveteran, Native Hawaiian and Other Pacific Islander",Government-guaranteed business loan from a bank or financial institution,26,S
Health care and social assistance,"Nonveteran, Native Hawaiian and Other Pacific Islander",Business loan from a bank or financial institution,186,105932
Health care and social assistance,"Nonveteran, Native Hawaiian and Other Pacific Islander",Business loan/investment from family/friends,86,S
Health care and social assistance,"Nonveteran, Native Hawaiian and Other Pacific Islander",Investment by venture capitalist(s),0,0
Health care and social assistance,"Nonveteran, Native Hawaiian and Other Pacific Islander",Grants,0,0
Health care and social assistance,"Nonveteran, Native Hawaiian and Other Pacific Islander",Other source(s) of capital,93,S
Health care and social assistance,"Nonveteran, Native Hawaiian and Other Pacific Islander",Don't know,181,S
Health care and social assistance,"Nonveteran, Native Hawaiian and Other Pacific Islander",None needed,1008,S
Health care and social assistance,"Nonveteran, Native Hawaiian and Other Pacific Islander",Total reporting,2620,364474
Health care and social assistance,"Nonveteran, Native Hawaiian and Other Pacific Islander",Item not reported,203,S
Health care and social assistance,"Nonveteran, some other race",All firms,129826,6227690
Health care and social assistance,"Nonveteran, some other race",Personal/family savings of owner(s),12907,2066588
Health care and social assistance,"Nonveteran, some other race",Personal/family assets other than savings of owner(s),1220,S
Health care and social assistance,"Nonveteran, some other race",Personal/family home equity loan,622,S
Health care and social assistance,"Nonveteran, some other race",Personal credit card(s) carrying balances,1922,272985
Health care and social assistance,"Nonveteran, some other race",Business credit card(s) carrying balances,494,99642
Health care and social assistance,"Nonveteran, some other race","Business loan from federal, state, or local government",8,S
Health care and social assistance,"Nonveteran, some other race",Government-guaranteed business loan from a bank or financial institution,191,S
Health care and social assistance,"Nonveteran, some other race",Business loan from a bank or financial institution,1469,1413770
Health care and social assistance,"Nonveteran, some other race",Business loan/investment from family/friends,296,75011
Health care and social assistance,"Nonveteran, some other race",Investment by venture capitalist(s),62,S
Health care and social assistance,"Nonveteran, some other race",Grants,108,5978
Health care and social assistance,"Nonveteran, some other race",Other source(s) of capital,568,86398
Health care and social assistance,"Nonveteran, some other race",Don't know,4876,816860
Health care and social assistance,"Nonveteran, some other race",None needed,14214,314781
Health care and social assistance,"Nonveteran, some other race",Total reporting,34560(r),4039106(r)
Health care and social assistance,"Nonveteran, some other race",Item not reported,2896(r),72212(r)
Health care and social assistance,"Nonveteran, minority",All firms,993789,110647110
Health care and social assistance,"Nonveteran, minority",Personal/family savings of owner(s),176391,40181185
Health care and social assistance,"Nonveteran, minority",Personal/family assets other than savings of owner(s),14285,5783592
Health care and social assistance,"Nonveteran, minority",Personal/family home equity loan,9336,4985134
Health care and social assistance,"Nonveteran, minority",Personal credit card(s) carrying balances,22097,5282770
Health care and social assistance,"Nonveteran, minority",Business credit card(s) carrying balances,7080,2967730
Health care and social assistance,"Nonveteran, minority","Business loan from federal, state, or local government",683,254733
Health care and social assistance,"Nonveteran, minority",Government-guaranteed business loan from a bank or financial institution,3346,1626747
Health care and social assistance,"Nonveteran, minority",Business loan from a bank or financial institution,27187,16880347
Health care and social assistance,"Nonveteran, minority",Business loan/investment from family/friends,4616,2185071
Health care and social assistance,"Nonveteran, minority",Investment by venture capitalist(s),376,S
Health care and social assistance,"Nonveteran, minority",Grants,1655,195730
Health care and social assistance,"Nonveteran, minority",Other source(s) of capital,6931,2965280
Health care and social assistance,"Nonveteran, minority",Don't know,33887,12377259
Health care and social assistance,"Nonveteran, minority",None needed,134046,5134806
Health care and social assistance,"Nonveteran, minority",Total reporting,376065(r),70453834(r)
Health care and social assistance,"Nonveteran, minority",Item not reported,24043(r),1191200(r)
Health care and social assistance,"Nonveteran, equally minority/nonminority",All firms,14274,12629810
Health care and social assistance,"Nonveteran, equally minority/nonminority",Personal/family savings of owner(s),7479,4698015
Health care and social assistance,"Nonveteran, equally minority/nonminority",Personal/family assets other than savings of owner(s),774,560861
Health care and social assistance,"Nonveteran, equally minority/nonminority",Personal/family home equity loan,707,642303
Health care and social assistance,"Nonveteran, equally minority/nonminority",Personal credit card(s) carrying balances,1187,415892
Health care and social assistance,"Nonveteran, equally minority/nonminority",Business credit card(s) carrying balances,382,174406
Health care and social assistance,"Nonveteran, equally minority/nonminority","Business loan from federal, state, or local government",63,27080
Health care and social assistance,"Nonveteran, equally minority/nonminority",Government-guaranteed business loan from a bank or financial institution,362,125167
Health care and social assistance,"Nonveteran, equally minority/nonminority",Business loan from a bank or financial institution,2187,2588540
Health care and social assistance,"Nonveteran, equally minority/nonminority",Business loan/investment from family/friends,307,335301
Health care and social assistance,"Nonveteran, equally minority/nonminority",Investment by venture capitalist(s),11,S
Health care and social assistance,"Nonveteran, equally minority/nonminority",Grants,71,S
Health care and social assistance,"Nonveteran, equally minority/nonminority",Other source(s) of capital,309,482631
Health care and social assistance,"Nonveteran, equally minority/nonminority",Don't know,965,2409546
Health care and social assistance,"Nonveteran, equally minority/nonminority",None needed,1424,359904
Health care and social assistance,"Nonveteran, equally minority/nonminority",Total reporting,11654(r),9118864(r)
Health care and social assistance,"Nonveteran, equally minority/nonminority",Item not reported,270(r),29012(r)
Health care and social assistance,"Nonveteran, nonminority",All firms,1271149,444992170
Health care and social assistance,"Nonveteran, nonminority",Personal/family savings of owner(s),455554,144035890
Health care and social assistance,"Nonveteran, nonminority",Personal/family assets other than savings of owner(s),37579,17105008
Health care and social assistance,"Nonveteran, nonminority",Personal/family home equity loan,18920,10867756
Health care and social assistance,"Nonveteran, nonminority",Personal credit card(s) carrying balances,54605,14122395
Health care and social assistance,"Nonveteran, nonminority",Business credit card(s) carrying balances,19348,10046687
Health care and social assistance,"Nonveteran, nonminority","Business loan from federal, state, or local government",1534,1440745
Health care and social assistance,"Nonveteran, nonminority",Government-guaranteed business loan from a bank or financial institution,9104,6672470
Health care and social assistance,"Nonveteran, nonminority",Business loan from a bank or financial institution,104948,92659827
Health care and social assistance,"Nonveteran, nonminority",Business loan/investment from family/friends,15243,9770117
Health care and social assistance,"Nonveteran, nonminority",Investment by venture capitalist(s),1205,2563555
Health care and social assistance,"Nonveteran, nonminority",Grants,3316,459047
Health care and social assistance,"Nonveteran, nonminority",Other source(s) of capital,15968,10435943
Health care and social assistance,"Nonveteran, nonminority",Don't know,65484,99922075
Health care and social assistance,"Nonveteran, nonminority",None needed,309674,25808976
Health care and social assistance,"Nonveteran, nonminority",Total reporting,936234(r),339437848(r)
Health care and social assistance,"Nonveteran, nonminority",Item not reported,23205(r),2313331(r)
Health care and social assistance,"All firms classifiable by gender, ethnicity, race, and veteran status",All firms,2479990,635156474
Health care and social assistance,"All firms classifiable by gender, ethnicity, race, and veteran status",Personal/family savings of owner(s),702118,209970461
Health care and social assistance,"All firms classifiable by gender, ethnicity, race, and veteran status",Personal/family assets other than savings of owner(s),58535,25539558
Health care and social assistance,"All firms classifiable by gender, ethnicity, race, and veteran status",Personal/family home equity loan,32039,17600766
Health care and social assistance,"All firms classifiable by gender, ethnicity, race, and veteran status",Personal credit card(s) carrying balances,84818,21439088
Health care and social assistance,"All firms classifiable by gender, ethnicity, race, and veteran status",Business credit card(s) carrying balances,29812,14069470
Health care and social assistance,"All firms classifiable by gender, ethnicity, race, and veteran status","Business loan from federal, state, or local government",2685,1855568
Health care and social assistance,"All firms classifiable by gender, ethnicity, race, and veteran status",Government-guaranteed business loan from a bank or financial institution,14533,9235913
Health care and social assistance,"All firms classifiable by gender, ethnicity, race, and veteran status",Business loan from a bank or financial institution,156190,128554293
Health care and social assistance,"All firms classifiable by gender, ethnicity, race, and veteran status",Business loan/investment from family/friends,22202,13360991
Health care and social assistance,"All firms classifiable by gender, ethnicity, race, and veteran status",Investment by venture capitalist(s),1742,3029367
Health care and social assistance,"All firms classifiable by gender, ethnicity, race, and veteran status",Grants,5343,979583
Health care and social assistance,"All firms classifiable by gender, ethnicity, race, and veteran status",Other source(s) of capital,26053,15520211
Health care and social assistance,"All firms classifiable by gender, ethnicity, race, and veteran status",Don't know,108662,123487048
Health care and social assistance,"All firms classifiable by gender, ethnicity, race, and veteran status",None needed,471392,34138869
Health care and social assistance,"All firms classifiable by gender, ethnicity, race, and veteran status",Total reporting,1439802(r),463687604(r)
Health care and social assistance,"All firms classifiable by gender, ethnicity, race, and veteran status",Item not reported,50383(r),4245255(r)
Health care and social assistance,"Publicly held and other firms not classifiable by gender, ethnicity, race, and veteran status",All firms,84122,1310082321
Health care and social assistance,"Publicly held and other firms not classifiable by gender, ethnicity, race, and veteran status",Personal/family savings of owner(s),1296,1196470
Health care and social assistance,"Publicly held and other firms not classifiable by gender, ethnicity, race, and veteran status",Personal/family assets other than savings of owner(s),132,S
Health care and social assistance,"Publicly held and other firms not classifiable by gender, ethnicity, race, and veteran status",Personal/family home equity loan,71,18417
Health care and social assistance,"Publicly held and other firms not classifiable by gender, ethnicity, race, and veteran status",Personal credit card(s) carrying balances,128,S
Health care and social assistance,"Publicly held and other firms not classifiable by gender, ethnicity, race, and veteran status",Business credit card(s) carrying balances,101,S
Health care and social assistance,"Publicly held and other firms not classifiable by gender, ethnicity, race, and veteran status","Business loan from federal, state, or local government",61,S
Health care and social assistance,"Publicly held and other firms not classifiable by gender, ethnicity, race, and veteran status",Government-guaranteed business loan from a bank or financial institution,61,S
Health care and social assistance,"Publicly held and other firms not classifiable by gender, ethnicity, race, and veteran status",Business loan from a bank or financial institution,236,891467
Health care and social assistance,"Publicly held and other firms not classifiable by gender, ethnicity, race, and veteran status",Business loan/investment from family/friends,127,S
Health care and social assistance,"Publicly held and other firms not classifiable by gender, ethnicity, race, and veteran status",Investment by venture capitalist(s),73,185111
Health care and social assistance,"Publicly held and other firms not classifiable by gender, ethnicity, race, and veteran status",Grants,64,S
Health care and social assistance,"Publicly held and other firms not classifiable by gender, ethnicity, race, and veteran status",Other source(s) of capital,168,961531
Health care and social assistance,"Publicly held and other firms not classifiable by gender, ethnicity, race, and veteran status",Don't know,2610,4399907
Health care and social assistance,"Publicly held and other firms not classifiable by gender, ethnicity, race, and veteran status",None needed,2571,610067
Health care and social assistance,"Publicly held and other firms not classifiable by gender, ethnicity, race, and veteran status",Total reporting,6786(r),7446884(r)
Health care and social assistance,"Publicly held and other firms not classifiable by gender, ethnicity, race, and veteran status",Item not reported,21057(r),585593916(r)
"Arts, entertainment, and recreation",All firms,All firms,1328187,217813000
"Arts, entertainment, and recreation",All firms,Personal/family savings of owner(s),457640,43445832
"Arts, entertainment, and recreation",All firms,Personal/family assets other than savings of owner(s),39763,5380473
"Arts, entertainment, and recreation",All firms,Personal/family home equity loan,12787,2837543
"Arts, entertainment, and recreation",All firms,Personal credit card(s) carrying balances,68062,4054633
"Arts, entertainment, and recreation",All firms,Business credit card(s) carrying balances,14016,1387048
"Arts, entertainment, and recreation",All firms,"Business loan from federal, state, or local government",825,125337
"Arts, entertainment, and recreation",All firms,Government-guaranteed business loan from a bank or financial institution,2343,1102315
"Arts, entertainment, and recreation",All firms,Business loan from a bank or financial institution,22557,12752249
"Arts, entertainment, and recreation",All firms,Business loan/investment from family/friends,8857,3144248
"Arts, entertainment, and recreation",All firms,Investment by venture capitalist(s),1797,S
"Arts, entertainment, and recreation",All firms,Grants,5115,118576
"Arts, entertainment, and recreation",All firms,Other source(s) of capital,14660,2651085
"Arts, entertainment, and recreation",All firms,Don't know,45764,25601048
"Arts, entertainment, and recreation",All firms,None needed,319642,9656183
"Arts, entertainment, and recreation",All firms,Total reporting,870018(r),89381873(r)
"Arts, entertainment, and recreation",All firms,Item not reported,28230(r),37533451(r)
"Arts, entertainment, and recreation",Female-owned,All firms,470697,20382874
"Arts, entertainment, and recreation",Female-owned,Personal/family savings of owner(s),142732,6814444
"Arts, entertainment, and recreation",Female-owned,Personal/family assets other than savings of owner(s),11076,1062564
"Arts, entertainment, and recreation",Female-owned,Personal/family home equity loan,3308,608340
"Arts, entertainment, and recreation",Female-owned,Personal credit card(s) carrying balances,19885,724694
"Arts, entertainment, and recreation",Female-owned,Business credit card(s) carrying balances,3937,298141
"Arts, entertainment, and recreation",Female-owned,"Business loan from federal, state, or local government",130,S
"Arts, entertainment, and recreation",Female-owned,Government-guaranteed business loan from a bank or financial institution,562,152102
"Arts, entertainment, and recreation",Female-owned,Business loan from a bank or financial institution,3382,829182
"Arts, entertainment, and recreation",Female-owned,Business loan/investment from family/friends,2429,732915
"Arts, entertainment, and recreation",Female-owned,Investment by venture capitalist(s),229,39072
"Arts, entertainment, and recreation",Female-owned,Grants,2709,56286
"Arts, entertainment, and recreation",Female-owned,Other source(s) of capital,4486,481267
"Arts, entertainment, and recreation",Female-owned,Don't know,13384,2132245
"Arts, entertainment, and recreation",Female-owned,None needed,124637,2768801
"Arts, entertainment, and recreation",Female-owned,Total reporting,293914(r),13358498(r)
"Arts, entertainment, and recreation",Female-owned,Item not reported,6587(r),204737(r)
"Arts, entertainment, and recreation",Male-owned,All firms,742367,86695291
"Arts, entertainment, and recreation",Male-owned,Personal/family savings of owner(s),266579,30565725
"Arts, entertainment, and recreation",Male-owned,Personal/family assets other than savings of owner(s),22010,3052365
"Arts, entertainment, and recreation",Male-owned,Personal/family home equity loan,6318,1546409
"Arts, entertainment, and recreation",Male-owned,Personal credit card(s) carrying balances,41271,2653781
"Arts, entertainment, and recreation",Male-owned,Business credit card(s) carrying balances,8053,859531
"Arts, entertainment, and recreation",Male-owned,"Business loan from federal, state, or local government",612,99878
"Arts, entertainment, and recreation",Male-owned,Government-guaranteed business loan from a bank or financial institution,1261,697497
"Arts, entertainment, and recreation",Male-owned,Business loan from a bank or financial institution,13950,10329938
"Arts, entertainment, and recreation",Male-owned,Business loan/investment from family/friends,4920,2063321
"Arts, entertainment, and recreation",Male-owned,Investment by venture capitalist(s),1510,S
"Arts, entertainment, and recreation",Male-owned,Grants,2063,56916
"Arts, entertainment, and recreation",Male-owned,Other source(s) of capital,8332,1590733
"Arts, entertainment, and recreation",Male-owned,Don't know,29001,15984385
"Arts, entertainment, and recreation",Male-owned,None needed,182795,6150823
"Arts, entertainment, and recreation",Male-owned,Total reporting,505356(r),60102687(r)
"Arts, entertainment, and recreation",Male-owned,Item not reported,9697(r),446479(r)
"Arts, entertainment, and recreation",Equally male-/female-owned,All firms,82975,11871051
"Arts, entertainment, and recreation",Equally male-/female-owned,Personal/family savings of owner(s),48050,5401511
"Arts, entertainment, and recreation",Equally male-/female-owned,Personal/family assets other than savings of owner(s),6677,1265544
"Arts, entertainment, and recreation",Equally male-/female-owned,Personal/family home equity loan,3161,682794
"Arts, entertainment, and recreation",Equally male-/female-owned,Personal credit card(s) carrying balances,6906,676158
"Arts, entertainment, and recreation",Equally male-/female-owned,Business credit card(s) carrying balances,2025,229377
"Arts, entertainment, and recreation",Equally male-/female-owned,"Business loan from federal, state, or local government",32,S
"Arts, entertainment, and recreation",Equally male-/female-owned,Government-guaranteed business loan from a bank or financial institution,517,246993
"Arts, entertainment, and recreation",Equally male-/female-owned,Business loan from a bank or financial institution,5154,1471717
"Arts, entertainment, and recreation",Equally male-/female-owned,Business loan/investment from family/friends,1452,347900
"Arts, entertainment, and recreation",Equally male-/female-owned,Investment by venture capitalist(s),53,22268
"Arts, entertainment, and recreation",Equally male-/female-owned,Grants,271,S
"Arts, entertainment, and recreation",Equally male-/female-owned,Other source(s) of capital,1763,342335
"Arts, entertainment, and recreation",Equally male-/female-owned,Don't know,2745,1008718
"Arts, entertainment, and recreation",Equally male-/female-owned,None needed,11668,660380
"Arts, entertainment, and recreation",Equally male-/female-owned,Total reporting,69104(r),8312157(r)
"Arts, entertainment, and recreation",Equally male-/female-owned,Item not reported,631(r),31851(r)
"Arts, entertainment, and recreation",Hispanic,All firms,101624,3891497
"Arts, entertainment, and recreation",Hispanic,Personal/family savings of owner(s),24390,1242178
"Arts, entertainment, and recreation",Hispanic,Personal/family assets other than savings of owner(s),2043,117123
"Arts, entertainment, and recreation",Hispanic,Personal/family home equity loan,504,22011
"Arts, entertainment, and recreation",Hispanic,Personal credit card(s) carrying balances,4124,130565
"Arts, entertainment, and recreation",Hispanic,Business credit card(s) carrying balances,714,41397
"Arts, entertainment, and recreation",Hispanic,"Business loan from federal, state, or local government",91,S
"Arts, entertainment, and recreation",Hispanic,Government-guaranteed business loan from a bank or financial institution,10,S
"Arts, entertainment, and recreation",Hispanic,Business loan from a bank or financial institution,506,82495
"Arts, entertainment, and recreation",Hispanic,Business loan/investment from family/friends,328,27245
"Arts, entertainment, and recreation",Hispanic,Investment by venture capitalist(s),10,S
"Arts, entertainment, and recreation",Hispanic,Grants,208,S
"Arts, entertainment, and recreation",Hispanic,Other source(s) of capital,658,39441
"Arts, entertainment, and recreation",Hispanic,Don't know,2958,S
"Arts, entertainment, and recreation",Hispanic,None needed,16374,332189
"Arts, entertainment, and recreation",Hispanic,Total reporting,45727(r),2323054(r)
"Arts, entertainment, and recreation",Hispanic,Item not reported,1273(r),17784(r)
"Arts, entertainment, and recreation","Hispanic, female-owned",All firms,39067,1191096
"Arts, entertainment, and recreation","Hispanic, female-owned",Personal/family savings of owner(s),6675,313905
"Arts, entertainment, and recreation","Hispanic, female-owned",Personal/family assets other than savings of owner(s),589,S
"Arts, entertainment, and recreation","Hispanic, female-owned",Personal/family home equity loan,158,8985
"Arts, entertainment, and recreation","Hispanic, female-owned",Personal credit card(s) carrying balances,1238,32113
"Arts, entertainment, and recreation","Hispanic, female-owned",Business credit card(s) carrying balances,243,18935
"Arts, entertainment, and recreation","Hispanic, female-owned","Business loan from federal, state, or local government",30,S
"Arts, entertainment, and recreation","Hispanic, female-owned",Government-guaranteed business loan from a bank or financial institution,0,0
"Arts, entertainment, and recreation","Hispanic, female-owned",Business loan from a bank or financial institution,84,S
"Arts, entertainment, and recreation","Hispanic, female-owned",Business loan/investment from family/friends,16,S
"Arts, entertainment, and recreation","Hispanic, female-owned",Investment by venture capitalist(s),4,S
"Arts, entertainment, and recreation","Hispanic, female-owned",Grants,66,S
"Arts, entertainment, and recreation","Hispanic, female-owned",Other source(s) of capital,160,S
"Arts, entertainment, and recreation","Hispanic, female-owned",Don't know,901,S
"Arts, entertainment, and recreation","Hispanic, female-owned",None needed,6807,155469
"Arts, entertainment, and recreation","Hispanic, female-owned",Total reporting,15042(r),530755(r)
"Arts, entertainment, and recreation","Hispanic, female-owned",Item not reported,603(r),6879(r)
"Arts, entertainment, and recreation","Hispanic, male-owned",All firms,60648,2607484
"Arts, entertainment, and recreation","Hispanic, male-owned",Personal/family savings of owner(s),16640,864195
"Arts, entertainment, and recreation","Hispanic, male-owned",Personal/family assets other than savings of owner(s),1429,81741
"Arts, entertainment, and recreation","Hispanic, male-owned",Personal/family home equity loan,296,12328
"Arts, entertainment, and recreation","Hispanic, male-owned",Personal credit card(s) carrying balances,2664,80005
"Arts, entertainment, and recreation","Hispanic, male-owned",Business credit card(s) carrying balances,467,S
"Arts, entertainment, and recreation","Hispanic, male-owned","Business loan from federal, state, or local government",62,S
"Arts, entertainment, and recreation","Hispanic, male-owned",Government-guaranteed business loan from a bank or financial institution,10,S
"Arts, entertainment, and recreation","Hispanic, male-owned",Business loan from a bank or financial institution,402,S
"Arts, entertainment, and recreation","Hispanic, male-owned",Business loan/investment from family/friends,250,25735
"Arts, entertainment, and recreation","Hispanic, male-owned",Investment by venture capitalist(s),6,S
"Arts, entertainment, and recreation","Hispanic, male-owned",Grants,142,S
"Arts, entertainment, and recreation","Hispanic, male-owned",Other source(s) of capital,494,33867
"Arts, entertainment, and recreation","Hispanic, male-owned",Don't know,2030,S
"Arts, entertainment, and recreation","Hispanic, male-owned",None needed,9203,170123
"Arts, entertainment, and recreation","Hispanic, male-owned",Total reporting,29219(r),1719052(r)
"Arts, entertainment, and recreation","Hispanic, male-owned",Item not reported,670(r),S
"Arts, entertainment, and recreation","Hispanic, equally male-/female-owned",All firms,1909,92918
"Arts, entertainment, and recreation","Hispanic, equally male-/female-owned",Personal/family savings of owner(s),1075,64079
"Arts, entertainment, and recreation","Hispanic, equally male-/female-owned",Personal/family assets other than savings of owner(s),25,S
"Arts, entertainment, and recreation","Hispanic, equally male-/female-owned",Personal/family home equity loan,50,S
"Arts, entertainment, and recreation","Hispanic, equally male-/female-owned",Personal credit card(s) carrying balances,222,18447
"Arts, entertainment, and recreation","Hispanic, equally male-/female-owned",Business credit card(s) carrying balances,4,S
"Arts, entertainment, and recreation","Hispanic, equally male-/female-owned","Business loan from federal, state, or local government",0,0
"Arts, entertainment, and recreation","Hispanic, equally male-/female-owned",Government-guaranteed business loan from a bank or financial institution,0,0
"Arts, entertainment, and recreation","Hispanic, equally male-/female-owned",Business loan from a bank or financial institution,19,S
"Arts, entertainment, and recreation","Hispanic, equally male-/female-owned",Business loan/investment from family/friends,62,S
"Arts, entertainment, and recreation","Hispanic, equally male-/female-owned",Investment by venture capitalist(s),0,0
"Arts, entertainment, and recreation","Hispanic, equally male-/female-owned",Grants,0,0
"Arts, entertainment, and recreation","Hispanic, equally male-/female-owned",Other source(s) of capital,4,S
"Arts, entertainment, and recreation","Hispanic, equally male-/female-owned",Don't know,26,S
"Arts, entertainment, and recreation","Hispanic, equally male-/female-owned",None needed,364,6596
"Arts, entertainment, and recreation","Hispanic, equally male-/female-owned",Total reporting,1466,73247
"Arts, entertainment, and recreation","Hispanic, equally male-/female-owned",Item not reported,0,0
"Arts, entertainment, and recreation",Equally Hispanic/non-Hispanic,All firms,5729,506853
"Arts, entertainment, and recreation",Equally Hispanic/non-Hispanic,Personal/family savings of owner(s),3371,232715
"Arts, entertainment, and recreation",Equally Hispanic/non-Hispanic,Personal/family assets other than savings of owner(s),549,51502
"Arts, entertainment, and recreation",Equally Hispanic/non-Hispanic,Personal/family home equity loan,208,S
"Arts, entertainment, and recreation",Equally Hispanic/non-Hispanic,Personal credit card(s) carrying balances,726,S
"Arts, entertainment, and recreation",Equally Hispanic/non-Hispanic,Business credit card(s) carrying balances,411,S
"Arts, entertainment, and recreation",Equally Hispanic/non-Hispanic,"Business loan from federal, state, or local government",0,0
"Arts, entertainment, and recreation",Equally Hispanic/non-Hispanic,Government-guaranteed business loan from a bank or financial institution,14,S
"Arts, entertainment, and recreation",Equally Hispanic/non-Hispanic,Business loan from a bank or financial institution,252,22910
"Arts, entertainment, and recreation",Equally Hispanic/non-Hispanic,Business loan/investment from family/friends,101,S
"Arts, entertainment, and recreation",Equally Hispanic/non-Hispanic,Investment by venture capitalist(s),11,S
"Arts, entertainment, and recreation",Equally Hispanic/non-Hispanic,Grants,0,0
"Arts, entertainment, and recreation",Equally Hispanic/non-Hispanic,Other source(s) of capital,208,6938
"Arts, entertainment, and recreation",Equally Hispanic/non-Hispanic,Don't know,89,S
"Arts, entertainment, and recreation",Equally Hispanic/non-Hispanic,None needed,733,40582
"Arts, entertainment, and recreation",Equally Hispanic/non-Hispanic,Total reporting,4559,342616
"Arts, entertainment, and recreation",Equally Hispanic/non-Hispanic,Item not reported,100,S
"Arts, entertainment, and recreation","Equally Hispanic/non-Hispanic, female-owned",All firms,343,19401
"Arts, entertainment, and recreation","Equally Hispanic/non-Hispanic, female-owned",Personal/family savings of owner(s),377,9906
"Arts, entertainment, and recreation","Equally Hispanic/non-Hispanic, female-owned",Personal/family assets other than savings of owner(s),10,S
"Arts, entertainment, and recreation","Equally Hispanic/non-Hispanic, female-owned",Personal/family home equity loan,10,S
"Arts, entertainment, and recreation","Equally Hispanic/non-Hispanic, female-owned",Personal credit card(s) carrying balances,72,S
"Arts, entertainment, and recreation","Equally Hispanic/non-Hispanic, female-owned",Business credit card(s) carrying balances,0,0
"Arts, entertainment, and recreation","Equally Hispanic/non-Hispanic, female-owned","Business loan from federal, state, or local government",0,0
"Arts, entertainment, and recreation","Equally Hispanic/non-Hispanic, female-owned",Government-guaranteed business loan from a bank or financial institution,0,0
"Arts, entertainment, and recreation","Equally Hispanic/non-Hispanic, female-owned",Business loan from a bank or financial institution,0,0
"Arts, entertainment, and recreation","Equally Hispanic/non-Hispanic, female-owned",Business loan/investment from family/friends,0,0
"Arts, entertainment, and recreation","Equally Hispanic/non-Hispanic, female-owned",Investment by venture capitalist(s),0,0
"Arts, entertainment, and recreation","Equally Hispanic/non-Hispanic, female-owned",Grants,0,0
"Arts, entertainment, and recreation","Equally Hispanic/non-Hispanic, female-owned",Other source(s) of capital,0,0
"Arts, entertainment, and recreation","Equally Hispanic/non-Hispanic, female-owned",Don't know,0,0
"Arts, entertainment, and recreation","Equally Hispanic/non-Hispanic, female-owned",None needed,60,S
"Arts, entertainment, and recreation","Equally Hispanic/non-Hispanic, female-owned",Total reporting,446,13913
"Arts, entertainment, and recreation","Equally Hispanic/non-Hispanic, female-owned",Item not reported,0,0
"Arts, entertainment, and recreation","Equally Hispanic/non-Hispanic, male-owned",All firms,663,90196
"Arts, entertainment, and recreation","Equally Hispanic/non-Hispanic, male-owned",Personal/family savings of owner(s),494,41706
"Arts, entertainment, and recreation","Equally Hispanic/non-Hispanic, male-owned",Personal/family assets other than savings of owner(s),97,S
"Arts, entertainment, and recreation","Equally Hispanic/non-Hispanic, male-owned",Personal/family home equity loan,14,S
"Arts, entertainment, and recreation","Equally Hispanic/non-Hispanic, male-owned",Personal credit card(s) carrying balances,90,6858
"Arts, entertainment, and recreation","Equally Hispanic/non-Hispanic, male-owned",Business credit card(s) carrying balances,62,S
"Arts, entertainment, and recreation","Equally Hispanic/non-Hispanic, male-owned","Business loan from federal, state, or local government",0,0
"Arts, entertainment, and recreation","Equally Hispanic/non-Hispanic, male-owned",Government-guaranteed business loan from a bank or financial institution,2,S
"Arts, entertainment, and recreation","Equally Hispanic/non-Hispanic, male-owned",Business loan from a bank or financial institution,10,S
"Arts, entertainment, and recreation","Equally Hispanic/non-Hispanic, male-owned",Business loan/investment from family/friends,2,S
"Arts, entertainment, and recreation","Equally Hispanic/non-Hispanic, male-owned",Investment by venture capitalist(s),0,0
"Arts, entertainment, and recreation","Equally Hispanic/non-Hispanic, male-owned",Grants,0,0
"Arts, entertainment, and recreation","Equally Hispanic/non-Hispanic, male-owned",Other source(s) of capital,69,4935
"Arts, entertainment, and recreation","Equally Hispanic/non-Hispanic, male-owned",Don't know,4,S
"Arts, entertainment, and recreation","Equally Hispanic/non-Hispanic, male-owned",None needed,15,S
"Arts, entertainment, and recreation","Equally Hispanic/non-Hispanic, male-owned",Total reporting,599,58059
"Arts, entertainment, and recreation","Equally Hispanic/non-Hispanic, male-owned",Item not reported,0,0
"Arts, entertainment, and recreation","Equally Hispanic/non-Hispanic, equally male-/female-owned",All firms,4724,397256
"Arts, entertainment, and recreation","Equally Hispanic/non-Hispanic, equally male-/female-owned",Personal/family savings of owner(s),2500,181103
"Arts, entertainment, and recreation","Equally Hispanic/non-Hispanic, equally male-/female-owned",Personal/family assets other than savings of owner(s),442,38772
"Arts, entertainment, and recreation","Equally Hispanic/non-Hispanic, equally male-/female-owned",Personal/family home equity loan,184,S
"Arts, entertainment, and recreation","Equally Hispanic/non-Hispanic, equally male-/female-owned",Personal credit card(s) carrying balances,565,S
"Arts, entertainment, and recreation","Equally Hispanic/non-Hispanic, equally male-/female-owned",Business credit card(s) carrying balances,349,S
"Arts, entertainment, and recreation","Equally Hispanic/non-Hispanic, equally male-/female-owned","Business loan from federal, state, or local government",0,0
"Arts, entertainment, and recreation","Equally Hispanic/non-Hispanic, equally male-/female-owned",Government-guaranteed business loan from a bank or financial institution,12,S
"Arts, entertainment, and recreation","Equally Hispanic/non-Hispanic, equally male-/female-owned",Business loan from a bank or financial institution,242,22257
"Arts, entertainment, and recreation","Equally Hispanic/non-Hispanic, equally male-/female-owned",Business loan/investment from family/friends,99,S
"Arts, entertainment, and recreation","Equally Hispanic/non-Hispanic, equally male-/female-owned",Investment by venture capitalist(s),11,S
"Arts, entertainment, and recreation","Equally Hispanic/non-Hispanic, equally male-/female-owned",Grants,0,0
"Arts, entertainment, and recreation","Equally Hispanic/non-Hispanic, equally male-/female-owned",Other source(s) of capital,139,2003
"Arts, entertainment, and recreation","Equally Hispanic/non-Hispanic, equally male-/female-owned",Don't know,85,S
"Arts, entertainment, and recreation","Equally Hispanic/non-Hispanic, equally male-/female-owned",None needed,659,37289
"Arts, entertainment, and recreation","Equally Hispanic/non-Hispanic, equally male-/female-owned",Total reporting,3513,270645
"Arts, entertainment, and recreation","Equally Hispanic/non-Hispanic, equally male-/female-owned",Item not reported,100,S
"Arts, entertainment, and recreation",Non-Hispanic,All firms,1188685,114550865
"Arts, entertainment, and recreation",Non-Hispanic,Personal/family savings of owner(s),429599,41306787
"Arts, entertainment, and recreation",Non-Hispanic,Personal/family assets other than savings of owner(s),37171,5211848
"Arts, entertainment, and recreation",Non-Hispanic,Personal/family home equity loan,12076,2762170
"Arts, entertainment, and recreation",Non-Hispanic,Personal credit card(s) carrying balances,63212,3848537
"Arts, entertainment, and recreation",Non-Hispanic,Business credit card(s) carrying balances,12890,1282585
"Arts, entertainment, and recreation",Non-Hispanic,"Business loan from federal, state, or local government",683,116819
"Arts, entertainment, and recreation",Non-Hispanic,Government-guaranteed business loan from a bank or financial institution,2318,1088572
"Arts, entertainment, and recreation",Non-Hispanic,Business loan from a bank or financial institution,21728,12525432
"Arts, entertainment, and recreation",Non-Hispanic,Business loan/investment from family/friends,8372,3101829
"Arts, entertainment, and recreation",Non-Hispanic,Investment by venture capitalist(s),1771,S
"Arts, entertainment, and recreation",Non-Hispanic,Grants,4835,113488
"Arts, entertainment, and recreation",Non-Hispanic,Other source(s) of capital,13715,2367956
"Arts, entertainment, and recreation",Non-Hispanic,Don't know,42083,18436721
"Arts, entertainment, and recreation",Non-Hispanic,None needed,301992,9207233
"Arts, entertainment, and recreation",Non-Hispanic,Total reporting,818089(r),79107672(r)
"Arts, entertainment, and recreation",Non-Hispanic,Item not reported,15543(r),664885(r)
"Arts, entertainment, and recreation","Non-Hispanic, female-owned",All firms,431287,19172377
"Arts, entertainment, and recreation","Non-Hispanic, female-owned",Personal/family savings of owner(s),135679,6490633
"Arts, entertainment, and recreation","Non-Hispanic, female-owned",Personal/family assets other than savings of owner(s),10477,1048329
"Arts, entertainment, and recreation","Non-Hispanic, female-owned",Personal/family home equity loan,3141,596657
"Arts, entertainment, and recreation","Non-Hispanic, female-owned",Personal credit card(s) carrying balances,18576,689470
"Arts, entertainment, and recreation","Non-Hispanic, female-owned",Business credit card(s) carrying balances,3694,279206
"Arts, entertainment, and recreation","Non-Hispanic, female-owned","Business loan from federal, state, or local government",100,S
"Arts, entertainment, and recreation","Non-Hispanic, female-owned",Government-guaranteed business loan from a bank or financial institution,562,152102
"Arts, entertainment, and recreation","Non-Hispanic, female-owned",Business loan from a bank or financial institution,3298,818308
"Arts, entertainment, and recreation","Non-Hispanic, female-owned",Business loan/investment from family/friends,2412,731651
"Arts, entertainment, and recreation","Non-Hispanic, female-owned",Investment by venture capitalist(s),225,38988
"Arts, entertainment, and recreation","Non-Hispanic, female-owned",Grants,2643,55675
"Arts, entertainment, and recreation","Non-Hispanic, female-owned",Other source(s) of capital,4326,479509
"Arts, entertainment, and recreation","Non-Hispanic, female-owned",Don't know,12482,2094071
"Arts, entertainment, and recreation","Non-Hispanic, female-owned",None needed,117770,2612022
"Arts, entertainment, and recreation","Non-Hispanic, female-owned",Total reporting,278425(r),12813830(r)
"Arts, entertainment, and recreation","Non-Hispanic, female-owned",Item not reported,5984(r),197859(r)
"Arts, entertainment, and recreation","Non-Hispanic, male-owned",All firms,681057,83997611
"Arts, entertainment, and recreation","Non-Hispanic, male-owned",Personal/family savings of owner(s),249445,29659824
"Arts, entertainment, and recreation","Non-Hispanic, male-owned",Personal/family assets other than savings of owner(s),20485,2959532
"Arts, entertainment, and recreation","Non-Hispanic, male-owned",Personal/family home equity loan,6008,1531653
"Arts, entertainment, and recreation","Non-Hispanic, male-owned",Personal credit card(s) carrying balances,38517,2566918
"Arts, entertainment, and recreation","Non-Hispanic, male-owned",Business credit card(s) carrying balances,7524,831744
"Arts, entertainment, and recreation","Non-Hispanic, male-owned","Business loan from federal, state, or local government",550,99324
"Arts, entertainment, and recreation","Non-Hispanic, male-owned",Government-guaranteed business loan from a bank or financial institution,1250,689672
"Arts, entertainment, and recreation","Non-Hispanic, male-owned",Business loan from a bank or financial institution,13539,10278986
"Arts, entertainment, and recreation","Non-Hispanic, male-owned",Business loan/investment from family/friends,4668,2037199
"Arts, entertainment, and recreation","Non-Hispanic, male-owned",Investment by venture capitalist(s),1504,S
"Arts, entertainment, and recreation","Non-Hispanic, male-owned",Grants,1921,52827
"Arts, entertainment, and recreation","Non-Hispanic, male-owned",Other source(s) of capital,7770,1551930
"Arts, entertainment, and recreation","Non-Hispanic, male-owned",Don't know,26966,15366071
"Arts, entertainment, and recreation","Non-Hispanic, male-owned",None needed,173577,5978716
"Arts, entertainment, and recreation","Non-Hispanic, male-owned",Total reporting,475539(r),58325577(r)
"Arts, entertainment, and recreation","Non-Hispanic, male-owned",Item not reported,9027(r),435574(r)
"Arts, entertainment, and recreation","Non-Hispanic, equally male-/female-owned",All firms,76342,11380877
"Arts, entertainment, and recreation","Non-Hispanic, equally male-/female-owned",Personal/family savings of owner(s),44476,5156330
"Arts, entertainment, and recreation","Non-Hispanic, equally male-/female-owned",Personal/family assets other than savings of owner(s),6210,1203987
"Arts, entertainment, and recreation","Non-Hispanic, equally male-/female-owned",Personal/family home equity loan,2927,633861
"Arts, entertainment, and recreation","Non-Hispanic, equally male-/female-owned",Personal credit card(s) carrying balances,6119,592149
"Arts, entertainment, and recreation","Non-Hispanic, equally male-/female-owned",Business credit card(s) carrying balances,1672,171635
"Arts, entertainment, and recreation","Non-Hispanic, equally male-/female-owned","Business loan from federal, state, or local government",32,S
"Arts, entertainment, and recreation","Non-Hispanic, equally male-/female-owned",Government-guaranteed business loan from a bank or financial institution,505,246797
"Arts, entertainment, and recreation","Non-Hispanic, equally male-/female-owned",Business loan from a bank or financial institution,4892,1428137
"Arts, entertainment, and recreation","Non-Hispanic, equally male-/female-owned",Business loan/investment from family/friends,1291,332979
"Arts, entertainment, and recreation","Non-Hispanic, equally male-/female-owned",Investment by venture capitalist(s),42,S
"Arts, entertainment, and recreation","Non-Hispanic, equally male-/female-owned",Grants,271,S
"Arts, entertainment, and recreation","Non-Hispanic, equally male-/female-owned",Other source(s) of capital,1620,336517
"Arts, entertainment, and recreation","Non-Hispanic, equally male-/female-owned",Don't know,2634,976580
"Arts, entertainment, and recreation","Non-Hispanic, equally male-/female-owned",None needed,10645,616494
"Arts, entertainment, and recreation","Non-Hispanic, equally male-/female-owned",Total reporting,64125(r),7968265(r)
"Arts, entertainment, and recreation","Non-Hispanic, equally male-/female-owned",Item not reported,532(r),31452(r)
"Arts, entertainment, and recreation",White,All firms,1095468,110887107
"Arts, entertainment, and recreation",White,Personal/family savings of owner(s),409600,40444418
"Arts, entertainment, and recreation",White,Personal/family assets other than savings of owner(s),34864,5147872
"Arts, entertainment, and recreation",White,Personal/family home equity loan,11788,2753127
"Arts, entertainment, and recreation",White,Personal credit card(s) carrying balances,60107,3794474
"Arts, entertainment, and recreation",White,Business credit card(s) carrying balances,12357,1309140
"Arts, entertainment, and recreation",White,"Business loan from federal, state, or local government",739,116189
"Arts, entertainment, and recreation",White,Government-guaranteed business loan from a bank or financial institution,2231,1074216
"Arts, entertainment, and recreation",White,Business loan from a bank or financial institution,20954,12343968
"Arts, entertainment, and recreation",White,Business loan/investment from family/friends,7684,2958827
"Arts, entertainment, and recreation",White,Investment by venture capitalist(s),1696,S
"Arts, entertainment, and recreation",White,Grants,4128,106662
"Arts, entertainment, and recreation",White,Other source(s) of capital,11902,2268158
"Arts, entertainment, and recreation",White,Don't know,38539,17993062
"Arts, entertainment, and recreation",White,None needed,288821,8858099
"Arts, entertainment, and recreation",White,Total reporting,777845(r),77158227(r)
"Arts, entertainment, and recreation",White,Item not reported,14087(r),610208(r)
"Arts, entertainment, and recreation","White, female-owned",All firms,387177,18426773
"Arts, entertainment, and recreation","White, female-owned",Personal/family savings of owner(s),127326,6358302
"Arts, entertainment, and recreation","White, female-owned",Personal/family assets other than savings of owner(s),9630,1029792
"Arts, entertainment, and recreation","White, female-owned",Personal/family home equity loan,2943,574210
"Arts, entertainment, and recreation","White, female-owned",Personal credit card(s) carrying balances,17819,675680
"Arts, entertainment, and recreation","White, female-owned",Business credit card(s) carrying balances,3561,281138
"Arts, entertainment, and recreation","White, female-owned","Business loan from federal, state, or local government",117,S
"Arts, entertainment, and recreation","White, female-owned",Government-guaranteed business loan from a bank or financial institution,504,151811
"Arts, entertainment, and recreation","White, female-owned",Business loan from a bank or financial institution,3114,811670
"Arts, entertainment, and recreation","White, female-owned",Business loan/investment from family/friends,1817,703110
"Arts, entertainment, and recreation","White, female-owned",Investment by venture capitalist(s),225,S
"Arts, entertainment, and recreation","White, female-owned",Grants,2351,51807
"Arts, entertainment, and recreation","White, female-owned",Other source(s) of capital,3815,447542
"Arts, entertainment, and recreation","White, female-owned",Don't know,11248,2038875
"Arts, entertainment, and recreation","White, female-owned",None needed,112495,2502806
"Arts, entertainment, and recreation","White, female-owned",Total reporting,262435(r),12485514(r)
"Arts, entertainment, and recreation","White, female-owned",Item not reported,5271(r),S
"Arts, entertainment, and recreation","White, male-owned",All firms,633028,81324943
"Arts, entertainment, and recreation","White, male-owned",Personal/family savings of owner(s),238570,29084621
"Arts, entertainment, and recreation","White, male-owned",Personal/family assets other than savings of owner(s),18927,2892566
"Arts, entertainment, and recreation","White, male-owned",Personal/family home equity loan,5970,1511446
"Arts, entertainment, and recreation","White, male-owned",Personal credit card(s) carrying balances,36080,2471163
"Arts, entertainment, and recreation","White, male-owned",Business credit card(s) carrying balances,7064,808264
"Arts, entertainment, and recreation","White, male-owned","Business loan from federal, state, or local government",592,94490
"Arts, entertainment, and recreation","White, male-owned",Government-guaranteed business loan from a bank or financial institution,1235,680902
"Arts, entertainment, and recreation","White, male-owned",Business loan from a bank or financial institution,12945,10157961
"Arts, entertainment, and recreation","White, male-owned",Business loan/investment from family/friends,4499,1919753
"Arts, entertainment, and recreation","White, male-owned",Investment by venture capitalist(s),1417,S
"Arts, entertainment, and recreation","White, male-owned",Grants,1627,51367
"Arts, entertainment, and recreation","White, male-owned",Other source(s) of capital,6710,1509359
"Arts, entertainment, and recreation","White, male-owned",Don't know,24842,14988991
"Arts, entertainment, and recreation","White, male-owned",None needed,165182,5729890
"Arts, entertainment, and recreation","White, male-owned",Total reporting,452018(r),56901030(r)
"Arts, entertainment, and recreation","White, male-owned",Item not reported,8296(r),400929(r)
"Arts, entertainment, and recreation","White, equally male-/female-owned",All firms,75263,11135391
"Arts, entertainment, and recreation","White, equally male-/female-owned",Personal/family savings of owner(s),43704,5001495
"Arts, entertainment, and recreation","White, equally male-/female-owned",Personal/family assets other than savings of owner(s),6306,1225514
"Arts, entertainment, and recreation","White, equally male-/female-owned",Personal/family home equity loan,2875,667471
"Arts, entertainment, and recreation","White, equally male-/female-owned",Personal credit card(s) carrying balances,6207,647631
"Arts, entertainment, and recreation","White, equally male-/female-owned",Business credit card(s) carrying balances,1731,219738
"Arts, entertainment, and recreation","White, equally male-/female-owned","Business loan from federal, state, or local government",30,S
"Arts, entertainment, and recreation","White, equally male-/female-owned",Government-guaranteed business loan from a bank or financial institution,492,241503
"Arts, entertainment, and recreation","White, equally male-/female-owned",Business loan from a bank or financial institution,4895,1374336
"Arts, entertainment, and recreation","White, equally male-/female-owned",Business loan/investment from family/friends,1367,335965
"Arts, entertainment, and recreation","White, equally male-/female-owned",Investment by venture capitalist(s),53,22268
"Arts, entertainment, and recreation","White, equally male-/female-owned",Grants,150,S
"Arts, entertainment, and recreation","White, equally male-/female-owned",Other source(s) of capital,1377,311257
"Arts, entertainment, and recreation","White, equally male-/female-owned",Don't know,2449,965196
"Arts, entertainment, and recreation","White, equally male-/female-owned",None needed,11144,625404
"Arts, entertainment, and recreation","White, equally male-/female-owned",Total reporting,63392(r),7771683(r)
"Arts, entertainment, and recreation","White, equally male-/female-owned",Item not reported,519(r),25549(r)
"Arts, entertainment, and recreation",Black or African American,All firms,124286,3712544
"Arts, entertainment, and recreation",Black or African American,Personal/family savings of owner(s),25227,953279
"Arts, entertainment, and recreation",Black or African American,Personal/family assets other than savings of owner(s),2858,74707
"Arts, entertainment, and recreation",Black or African American,Personal/family home equity loan,277,9970
"Arts, entertainment, and recreation",Black or African American,Personal credit card(s) carrying balances,4482,125135
"Arts, entertainment, and recreation",Black or African American,Business credit card(s) carrying balances,1030,39912
"Arts, entertainment, and recreation",Black or African American,"Business loan from federal, state, or local government",0,0
"Arts, entertainment, and recreation",Black or African American,Government-guaranteed business loan from a bank or financial institution,70,S
"Arts, entertainment, and recreation",Black or African American,Business loan from a bank or financial institution,846,48655
"Arts, entertainment, and recreation",Black or African American,Business loan/investment from family/friends,475,25394
"Arts, entertainment, and recreation",Black or African American,Investment by venture capitalist(s),76,1010
"Arts, entertainment, and recreation",Black or African American,Grants,503,5144
"Arts, entertainment, and recreation",Black or African American,Other source(s) of capital,1502,93503
"Arts, entertainment, and recreation",Black or African American,Don't know,3223,257283
"Arts, entertainment, and recreation",Black or African American,None needed,18619,399289
"Arts, entertainment, and recreation",Black or African American,Total reporting,50572(r),1730476(r)
"Arts, entertainment, and recreation",Black or African American,Item not reported,2041(r),53476(r)
"Arts, entertainment, and recreation","Black or African American, female-owned",All firms,54281,1013215
"Arts, entertainment, and recreation","Black or African American, female-owned",Personal/family savings of owner(s),8496,165446
"Arts, entertainment, and recreation","Black or African American, female-owned",Personal/family assets other than savings of owner(s),692,16068
"Arts, entertainment, and recreation","Black or African American, female-owned",Personal/family home equity loan,58,S
"Arts, entertainment, and recreation","Black or African American, female-owned",Personal credit card(s) carrying balances,1161,S
"Arts, entertainment, and recreation","Black or African American, female-owned",Business credit card(s) carrying balances,203,S
"Arts, entertainment, and recreation","Black or African American, female-owned","Business loan from federal, state, or local government",0,0
"Arts, entertainment, and recreation","Black or African American, female-owned",Government-guaranteed business loan from a bank or financial institution,58,S
"Arts, entertainment, and recreation","Black or African American, female-owned",Business loan from a bank or financial institution,283,S
"Arts, entertainment, and recreation","Black or African American, female-owned",Business loan/investment from family/friends,415,S
"Arts, entertainment, and recreation","Black or African American, female-owned",Investment by venture capitalist(s),0,0
"Arts, entertainment, and recreation","Black or African American, female-owned",Grants,193,S
"Arts, entertainment, and recreation","Black or African American, female-owned",Other source(s) of capital,400,15681
"Arts, entertainment, and recreation","Black or African American, female-owned",Don't know,1145,70041
"Arts, entertainment, and recreation","Black or African American, female-owned",None needed,7433,163545
"Arts, entertainment, and recreation","Black or African American, female-owned",Total reporting,18096(r),426052(r)
"Arts, entertainment, and recreation","Black or African American, female-owned",Item not reported,755(r),S
"Arts, entertainment, and recreation","Black or African American, male-owned",All firms,68431,2577568
"Arts, entertainment, and recreation","Black or African American, male-owned",Personal/family savings of owner(s),15786,755273
"Arts, entertainment, and recreation","Black or African American, male-owned",Personal/family assets other than savings of owner(s),2069,40659
"Arts, entertainment, and recreation","Black or African American, male-owned",Personal/family home equity loan,147,S
"Arts, entertainment, and recreation","Black or African American, male-owned",Personal credit card(s) carrying balances,2959,95287
"Arts, entertainment, and recreation","Black or African American, male-owned",Business credit card(s) carrying balances,648,17864
"Arts, entertainment, and recreation","Black or African American, male-owned","Business loan from federal, state, or local government",0,0
"Arts, entertainment, and recreation","Black or African American, male-owned",Government-guaranteed business loan from a bank or financial institution,12,S
"Arts, entertainment, and recreation","Black or African American, male-owned",Business loan from a bank or financial institution,454,23346
"Arts, entertainment, and recreation","Black or African American, male-owned",Business loan/investment from family/friends,54,11485
"Arts, entertainment, and recreation","Black or African American, male-owned",Investment by venture capitalist(s),76,1010
"Arts, entertainment, and recreation","Black or African American, male-owned",Grants,254,S
"Arts, entertainment, and recreation","Black or African American, male-owned",Other source(s) of capital,938,50813
"Arts, entertainment, and recreation","Black or African American, male-owned",Don't know,2076,169604
"Arts, entertainment, and recreation","Black or African American, male-owned",None needed,11049,225071
"Arts, entertainment, and recreation","Black or African American, male-owned",Total reporting,31054(r),1209822(r)
"Arts, entertainment, and recreation","Black or African American, male-owned",Item not reported,1223(r),39614(r)
"Arts, entertainment, and recreation","Black or African American, equally male-/female-owned",All firms,1574,121761
"Arts, entertainment, and recreation","Black or African American, equally male-/female-owned",Personal/family savings of owner(s),945,32560
"Arts, entertainment, and recreation","Black or African American, equally male-/female-owned",Personal/family assets other than savings of owner(s),98,17980
"Arts, entertainment, and recreation","Black or African American, equally male-/female-owned",Personal/family home equity loan,72,S
"Arts, entertainment, and recreation","Black or African American, equally male-/female-owned",Personal credit card(s) carrying balances,362,15834
"Arts, entertainment, and recreation","Black or African American, equally male-/female-owned",Business credit card(s) carrying balances,179,S
"Arts, entertainment, and recreation","Black or African American, equally male-/female-owned","Business loan from federal, state, or local government",0,0
"Arts, entertainment, and recreation","Black or African American, equally male-/female-owned",Government-guaranteed business loan from a bank or financial institution,0,0
"Arts, entertainment, and recreation","Black or African American, equally male-/female-owned",Business loan from a bank or financial institution,109,S
"Arts, entertainment, and recreation","Black or African American, equally male-/female-owned",Business loan/investment from family/friends,6,S
"Arts, entertainment, and recreation","Black or African American, equally male-/female-owned",Investment by venture capitalist(s),0,0
"Arts, entertainment, and recreation","Black or African American, equally male-/female-owned",Grants,57,S
"Arts, entertainment, and recreation","Black or African American, equally male-/female-owned",Other source(s) of capital,164,S
"Arts, entertainment, and recreation","Black or African American, equally male-/female-owned",Don't know,2,S
"Arts, entertainment, and recreation","Black or African American, equally male-/female-owned",None needed,137,S
"Arts, entertainment, and recreation","Black or African American, equally male-/female-owned",Total reporting,1422(r),94602(r)
"Arts, entertainment, and recreation","Black or African American, equally male-/female-owned",Item not reported,63(r),S
"Arts, entertainment, and recreation",American Indian and Alaska Native,All firms,15980,678528
"Arts, entertainment, and recreation",American Indian and Alaska Native,Personal/family savings of owner(s),4012,113702
"Arts, entertainment, and recreation",American Indian and Alaska Native,Personal/family assets other than savings of owner(s),287,11780
"Arts, entertainment, and recreation",American Indian and Alaska Native,Personal/family home equity loan,45,3875
"Arts, entertainment, and recreation",American Indian and Alaska Native,Personal credit card(s) carrying balances,932,31000
"Arts, entertainment, and recreation",American Indian and Alaska Native,Business credit card(s) carrying balances,94,S
"Arts, entertainment, and recreation",American Indian and Alaska Native,"Business loan from federal, state, or local government",13,S
"Arts, entertainment, and recreation",American Indian and Alaska Native,Government-guaranteed business loan from a bank or financial institution,4,S
"Arts, entertainment, and recreation",American Indian and Alaska Native,Business loan from a bank or financial institution,114,17995
"Arts, entertainment, and recreation",American Indian and Alaska Native,Business loan/investment from family/friends,94,S
"Arts, entertainment, and recreation",American Indian and Alaska Native,Investment by venture capitalist(s),0,0
"Arts, entertainment, and recreation",American Indian and Alaska Native,Grants,216,3886
"Arts, entertainment, and recreation",American Indian and Alaska Native,Other source(s) of capital,209,8670
"Arts, entertainment, and recreation",American Indian and Alaska Native,Don't know,258,39295
"Arts, entertainment, and recreation",American Indian and Alaska Native,None needed,3651,62325
"Arts, entertainment, and recreation",American Indian and Alaska Native,Total reporting,8556(r),245496(r)
"Arts, entertainment, and recreation",American Indian and Alaska Native,Item not reported,291(r),S
"Arts, entertainment, and recreation","American Indian and Alaska Native, female-owned",All firms,6935,144247
"Arts, entertainment, and recreation","American Indian and Alaska Native, female-owned",Personal/family savings of owner(s),1268,23771
"Arts, entertainment, and recreation","American Indian and Alaska Native, female-owned",Personal/family assets other than savings of owner(s),78,1038
"Arts, entertainment, and recreation","American Indian and Alaska Native, female-owned",Personal/family home equity loan,12,S
"Arts, entertainment, and recreation","American Indian and Alaska Native, female-owned",Personal credit card(s) carrying balances,355,S
"Arts, entertainment, and recreation","American Indian and Alaska Native, female-owned",Business credit card(s) carrying balances,44,S
"Arts, entertainment, and recreation","American Indian and Alaska Native, female-owned","Business loan from federal, state, or local government",13,S
"Arts, entertainment, and recreation","American Indian and Alaska Native, female-owned",Government-guaranteed business loan from a bank or financial institution,0,0
"Arts, entertainment, and recreation","American Indian and Alaska Native, female-owned",Business loan from a bank or financial institution,12,S
"Arts, entertainment, and recreation","American Indian and Alaska Native, female-owned",Business loan/investment from family/friends,63,S
"Arts, entertainment, and recreation","American Indian and Alaska Native, female-owned",Investment by venture capitalist(s),0,0
"Arts, entertainment, and recreation","American Indian and Alaska Native, female-owned",Grants,120,S
"Arts, entertainment, and recreation","American Indian and Alaska Native, female-owned",Other source(s) of capital,88,S
"Arts, entertainment, and recreation","American Indian and Alaska Native, female-owned",Don't know,42,S
"Arts, entertainment, and recreation","American Indian and Alaska Native, female-owned",None needed,1628,21968
"Arts, entertainment, and recreation","American Indian and Alaska Native, female-owned",Total reporting,3174(r),76282(r)
"Arts, entertainment, and recreation","American Indian and Alaska Native, female-owned",Item not reported,153(r),S
"Arts, entertainment, and recreation","American Indian and Alaska Native, male-owned",All firms,8868,524153
"Arts, entertainment, and recreation","American Indian and Alaska Native, male-owned",Personal/family savings of owner(s),2719,84196
"Arts, entertainment, and recreation","American Indian and Alaska Native, male-owned",Personal/family assets other than savings of owner(s),204,S
"Arts, entertainment, and recreation","American Indian and Alaska Native, male-owned",Personal/family home equity loan,33,S
"Arts, entertainment, and recreation","American Indian and Alaska Native, male-owned",Personal credit card(s) carrying balances,561,16430
"Arts, entertainment, and recreation","American Indian and Alaska Native, male-owned",Business credit card(s) carrying balances,39,S
"Arts, entertainment, and recreation","American Indian and Alaska Native, male-owned","Business loan from federal, state, or local government",0,0
"Arts, entertainment, and recreation","American Indian and Alaska Native, male-owned",Government-guaranteed business loan from a bank or financial institution,4,S
"Arts, entertainment, and recreation","American Indian and Alaska Native, male-owned",Business loan from a bank or financial institution,95,11508
"Arts, entertainment, and recreation","American Indian and Alaska Native, male-owned",Business loan/investment from family/friends,25,S
"Arts, entertainment, and recreation","American Indian and Alaska Native, male-owned",Investment by venture capitalist(s),0,0
"Arts, entertainment, and recreation","American Indian and Alaska Native, male-owned",Grants,96,S
"Arts, entertainment, and recreation","American Indian and Alaska Native, male-owned",Other source(s) of capital,121,S
"Arts, entertainment, and recreation","American Indian and Alaska Native, male-owned",Don't know,214,S
"Arts, entertainment, and recreation","American Indian and Alaska Native, male-owned",None needed,1982,39339
"Arts, entertainment, and recreation","American Indian and Alaska Native, male-owned",Total reporting,5315(r),162093(r)
"Arts, entertainment, and recreation","American Indian and Alaska Native, male-owned",Item not reported,138(r),562(r)
"Arts, entertainment, and recreation","American Indian and Alaska Native, equally male-/female-owned",All firms,178,10128
"Arts, entertainment, and recreation","American Indian and Alaska Native, equally male-/female-owned",Personal/family savings of owner(s),24,S
"Arts, entertainment, and recreation","American Indian and Alaska Native, equally male-/female-owned",Personal/family assets other than savings of owner(s),6,S
"Arts, entertainment, and recreation","American Indian and Alaska Native, equally male-/female-owned",Personal/family home equity loan,0,0
"Arts, entertainment, and recreation","American Indian and Alaska Native, equally male-/female-owned",Personal credit card(s) carrying balances,16,S
"Arts, entertainment, and recreation","American Indian and Alaska Native, equally male-/female-owned",Business credit card(s) carrying balances,11,S
"Arts, entertainment, and recreation","American Indian and Alaska Native, equally male-/female-owned","Business loan from federal, state, or local government",0,0
"Arts, entertainment, and recreation","American Indian and Alaska Native, equally male-/female-owned",Government-guaranteed business loan from a bank or financial institution,0,0
"Arts, entertainment, and recreation","American Indian and Alaska Native, equally male-/female-owned",Business loan from a bank or financial institution,8,S
"Arts, entertainment, and recreation","American Indian and Alaska Native, equally male-/female-owned",Business loan/investment from family/friends,6,S
"Arts, entertainment, and recreation","American Indian and Alaska Native, equally male-/female-owned",Investment by venture capitalist(s),0,0
"Arts, entertainment, and recreation","American Indian and Alaska Native, equally male-/female-owned",Grants,0,0
"Arts, entertainment, and recreation","American Indian and Alaska Native, equally male-/female-owned",Other source(s) of capital,0,0
"Arts, entertainment, and recreation","American Indian and Alaska Native, equally male-/female-owned",Don't know,2,S
"Arts, entertainment, and recreation","American Indian and Alaska Native, equally male-/female-owned",None needed,40,S
"Arts, entertainment, and recreation","American Indian and Alaska Native, equally male-/female-owned",Total reporting,66,S
"Arts, entertainment, and recreation","American Indian and Alaska Native, equally male-/female-owned",Item not reported,0,0
"Arts, entertainment, and recreation",Asian,All firms,54857,2961979
"Arts, entertainment, and recreation",Asian,Personal/family savings of owner(s),18455,1036689
"Arts, entertainment, and recreation",Asian,Personal/family assets other than savings of owner(s),1887,130296
"Arts, entertainment, and recreation",Asian,Personal/family home equity loan,566,60166
"Arts, entertainment, and recreation",Asian,Personal credit card(s) carrying balances,3124,117349
"Arts, entertainment, and recreation",Asian,Business credit card(s) carrying balances,330,14716
"Arts, entertainment, and recreation",Asian,"Business loan from federal, state, or local government",34,S
"Arts, entertainment, and recreation",Asian,Government-guaranteed business loan from a bank or financial institution,30,S
"Arts, entertainment, and recreation",Asian,Business loan from a bank or financial institution,324,140227
"Arts, entertainment, and recreation",Asian,Business loan/investment from family/friends,489,S
"Arts, entertainment, and recreation",Asian,Investment by venture capitalist(s),22,S
"Arts, entertainment, and recreation",Asian,Grants,123,S
"Arts, entertainment, and recreation",Asian,Other source(s) of capital,657,32012
"Arts, entertainment, and recreation",Asian,Don't know,2347,324499
"Arts, entertainment, and recreation",Asian,None needed,9849,215707
"Arts, entertainment, and recreation",Asian,Total reporting,32053(r),1826693(r)
"Arts, entertainment, and recreation",Asian,Item not reported,567(r),9284(r)
"Arts, entertainment, and recreation","Asian, female-owned",All firms,26205,811516
"Arts, entertainment, and recreation","Asian, female-owned",Personal/family savings of owner(s),8023,296217
"Arts, entertainment, and recreation","Asian, female-owned",Personal/family assets other than savings of owner(s),1039,21436
"Arts, entertainment, and recreation","Asian, female-owned",Personal/family home equity loan,320,S
"Arts, entertainment, and recreation","Asian, female-owned",Personal credit card(s) carrying balances,1267,49959
"Arts, entertainment, and recreation","Asian, female-owned",Business credit card(s) carrying balances,150,2078
"Arts, entertainment, and recreation","Asian, female-owned","Business loan from federal, state, or local government",0,0
"Arts, entertainment, and recreation","Asian, female-owned",Government-guaranteed business loan from a bank or financial institution,0,0
"Arts, entertainment, and recreation","Asian, female-owned",Business loan from a bank or financial institution,55,S
"Arts, entertainment, and recreation","Asian, female-owned",Business loan/investment from family/friends,252,S
"Arts, entertainment, and recreation","Asian, female-owned",Investment by venture capitalist(s),4,S
"Arts, entertainment, and recreation","Asian, female-owned",Grants,33,S
"Arts, entertainment, and recreation","Asian, female-owned",Other source(s) of capital,246,19143
"Arts, entertainment, and recreation","Asian, female-owned",Don't know,856,17844
"Arts, entertainment, and recreation","Asian, female-owned",None needed,5522,101905
"Arts, entertainment, and recreation","Asian, female-owned",Total reporting,15069,444041
"Arts, entertainment, and recreation","Asian, female-owned",Item not reported,214,S
"Arts, entertainment, and recreation","Asian, male-owned",All firms,27324,2003840
"Arts, entertainment, and recreation","Asian, male-owned",Personal/family savings of owner(s),9522,688602
"Arts, entertainment, and recreation","Asian, male-owned",Personal/family assets other than savings of owner(s),768,102703
"Arts, entertainment, and recreation","Asian, male-owned",Personal/family home equity loan,149,24249
"Arts, entertainment, and recreation","Asian, male-owned",Personal credit card(s) carrying balances,1772,65047
"Arts, entertainment, and recreation","Asian, male-owned",Business credit card(s) carrying balances,181,12638
"Arts, entertainment, and recreation","Asian, male-owned","Business loan from federal, state, or local government",34,S
"Arts, entertainment, and recreation","Asian, male-owned",Government-guaranteed business loan from a bank or financial institution,10,S
"Arts, entertainment, and recreation","Asian, male-owned",Business loan from a bank or financial institution,243,118314
"Arts, entertainment, and recreation","Asian, male-owned",Business loan/investment from family/friends,236,S
"Arts, entertainment, and recreation","Asian, male-owned",Investment by venture capitalist(s),18,S
"Arts, entertainment, and recreation","Asian, male-owned",Grants,91,S
"Arts, entertainment, and recreation","Asian, male-owned",Other source(s) of capital,276,11005
"Arts, entertainment, and recreation","Asian, male-owned",Don't know,1407,287801
"Arts, entertainment, and recreation","Asian, male-owned",None needed,4304,113253
"Arts, entertainment, and recreation","Asian, male-owned",Total reporting,15921(r),1298229(r)
"Arts, entertainment, and recreation","Asian, male-owned",Item not reported,324(r),S
"Arts, entertainment, and recreation","Asian, equally male-/female-owned",All firms,1327,146623
"Arts, entertainment, and recreation","Asian, equally male-/female-owned",Personal/family savings of owner(s),911,51871
"Arts, entertainment, and recreation","Asian, equally male-/female-owned",Personal/family assets other than savings of owner(s),80,6157
"Arts, entertainment, and recreation","Asian, equally male-/female-owned",Personal/family home equity loan,96,S
"Arts, entertainment, and recreation","Asian, equally male-/female-owned",Personal credit card(s) carrying balances,84,2344
"Arts, entertainment, and recreation","Asian, equally male-/female-owned",Business credit card(s) carrying balances,0,0
"Arts, entertainment, and recreation","Asian, equally male-/female-owned","Business loan from federal, state, or local government",0,0
"Arts, entertainment, and recreation","Asian, equally male-/female-owned",Government-guaranteed business loan from a bank or financial institution,20,S
"Arts, entertainment, and recreation","Asian, equally male-/female-owned",Business loan from a bank or financial institution,26,S
"Arts, entertainment, and recreation","Asian, equally male-/female-owned",Business loan/investment from family/friends,0,0
"Arts, entertainment, and recreation","Asian, equally male-/female-owned",Investment by venture capitalist(s),0,0
"Arts, entertainment, and recreation","Asian, equally male-/female-owned",Grants,0,0
"Arts, entertainment, and recreation","Asian, equally male-/female-owned",Other source(s) of capital,136,S
"Arts, entertainment, and recreation","Asian, equally male-/female-owned",Don't know,83,S
"Arts, entertainment, and recreation","Asian, equally male-/female-owned",None needed,23,S
"Arts, entertainment, and recreation","Asian, equally male-/female-owned",Total reporting,1063,84423
"Arts, entertainment, and recreation","Asian, equally male-/female-owned",Item not reported,29,S
"Arts, entertainment, and recreation",Native Hawaiian and Other Pacific Islander,All firms,3541,284617
"Arts, entertainment, and recreation",Native Hawaiian and Other Pacific Islander,Personal/family savings of owner(s),1052,45436
"Arts, entertainment, and recreation",Native Hawaiian and Other Pacific Islander,Personal/family assets other than savings of owner(s),163,S
"Arts, entertainment, and recreation",Native Hawaiian and Other Pacific Islander,Personal/family home equity loan,68,S
"Arts, entertainment, and recreation",Native Hawaiian and Other Pacific Islander,Personal credit card(s) carrying balances,421,S
"Arts, entertainment, and recreation",Native Hawaiian and Other Pacific Islander,Business credit card(s) carrying balances,6,S
"Arts, entertainment, and recreation",Native Hawaiian and Other Pacific Islander,"Business loan from federal, state, or local government",14,S
"Arts, entertainment, and recreation",Native Hawaiian and Other Pacific Islander,Government-guaranteed business loan from a bank or financial institution,0,0
"Arts, entertainment, and recreation",Native Hawaiian and Other Pacific Islander,Business loan from a bank or financial institution,15,S
"Arts, entertainment, and recreation",Native Hawaiian and Other Pacific Islander,Business loan/investment from family/friends,130,S
"Arts, entertainment, and recreation",Native Hawaiian and Other Pacific Islander,Investment by venture capitalist(s),0,0
"Arts, entertainment, and recreation",Native Hawaiian and Other Pacific Islander,Grants,0,0
"Arts, entertainment, and recreation",Native Hawaiian and Other Pacific Islander,Other source(s) of capital,0,0
"Arts, entertainment, and recreation",Native Hawaiian and Other Pacific Islander,Don't know,161,5326
"Arts, entertainment, and recreation",Native Hawaiian and Other Pacific Islander,None needed,791,21821
"Arts, entertainment, and recreation",Native Hawaiian and Other Pacific Islander,Total reporting,2144,85654
"Arts, entertainment, and recreation",Native Hawaiian and Other Pacific Islander,Item not reported,14,S
"Arts, entertainment, and recreation","Native Hawaiian and Other Pacific Islander, female-owned",All firms,1545,S
"Arts, entertainment, and recreation","Native Hawaiian and Other Pacific Islander, female-owned",Personal/family savings of owner(s),469,S
"Arts, entertainment, and recreation","Native Hawaiian and Other Pacific Islander, female-owned",Personal/family assets other than savings of owner(s),71,S
"Arts, entertainment, and recreation","Native Hawaiian and Other Pacific Islander, female-owned",Personal/family home equity loan,68,S
"Arts, entertainment, and recreation","Native Hawaiian and Other Pacific Islander, female-owned",Personal credit card(s) carrying balances,254,S
"Arts, entertainment, and recreation","Native Hawaiian and Other Pacific Islander, female-owned",Business credit card(s) carrying balances,0,S
"Arts, entertainment, and recreation","Native Hawaiian and Other Pacific Islander, female-owned","Business loan from federal, state, or local government",0,S
"Arts, entertainment, and recreation","Native Hawaiian and Other Pacific Islander, female-owned",Government-guaranteed business loan from a bank or financial institution,0,S
"Arts, entertainment, and recreation","Native Hawaiian and Other Pacific Islander, female-owned",Business loan from a bank or financial institution,0,S
"Arts, entertainment, and recreation","Native Hawaiian and Other Pacific Islander, female-owned",Business loan/investment from family/friends,65,S
"Arts, entertainment, and recreation","Native Hawaiian and Other Pacific Islander, female-owned",Investment by venture capitalist(s),0,S
"Arts, entertainment, and recreation","Native Hawaiian and Other Pacific Islander, female-owned",Grants,0,S
"Arts, entertainment, and recreation","Native Hawaiian and Other Pacific Islander, female-owned",Other source(s) of capital,0,S
"Arts, entertainment, and recreation","Native Hawaiian and Other Pacific Islander, female-owned",Don't know,44,S
"Arts, entertainment, and recreation","Native Hawaiian and Other Pacific Islander, female-owned",None needed,328,S
"Arts, entertainment, and recreation","Native Hawaiian and Other Pacific Islander, female-owned",Total reporting,843,S
"Arts, entertainment, and recreation","Native Hawaiian and Other Pacific Islander, female-owned",Item not reported,12,S
"Arts, entertainment, and recreation","Native Hawaiian and Other Pacific Islander, male-owned",All firms,1971,143242
"Arts, entertainment, and recreation","Native Hawaiian and Other Pacific Islander, male-owned",Personal/family savings of owner(s),566,13331
"Arts, entertainment, and recreation","Native Hawaiian and Other Pacific Islander, male-owned",Personal/family assets other than savings of owner(s),93,S
"Arts, entertainment, and recreation","Native Hawaiian and Other Pacific Islander, male-owned",Personal/family home equity loan,0,0
"Arts, entertainment, and recreation","Native Hawaiian and Other Pacific Islander, male-owned",Personal credit card(s) carrying balances,164,S
"Arts, entertainment, and recreation","Native Hawaiian and Other Pacific Islander, male-owned",Business credit card(s) carrying balances,6,S
"Arts, entertainment, and recreation","Native Hawaiian and Other Pacific Islander, male-owned","Business loan from federal, state, or local government",14,S
"Arts, entertainment, and recreation","Native Hawaiian and Other Pacific Islander, male-owned",Government-guaranteed business loan from a bank or financial institution,0,0
"Arts, entertainment, and recreation","Native Hawaiian and Other Pacific Islander, male-owned",Business loan from a bank or financial institution,15,S
"Arts, entertainment, and recreation","Native Hawaiian and Other Pacific Islander, male-owned",Business loan/investment from family/friends,66,S
"Arts, entertainment, and recreation","Native Hawaiian and Other Pacific Islander, male-owned",Investment by venture capitalist(s),0,0
"Arts, entertainment, and recreation","Native Hawaiian and Other Pacific Islander, male-owned",Grants,0,0
"Arts, entertainment, and recreation","Native Hawaiian and Other Pacific Islander, male-owned",Other source(s) of capital,0,0
"Arts, entertainment, and recreation","Native Hawaiian and Other Pacific Islander, male-owned",Don't know,118,S
"Arts, entertainment, and recreation","Native Hawaiian and Other Pacific Islander, male-owned",None needed,463,S
"Arts, entertainment, and recreation","Native Hawaiian and Other Pacific Islander, male-owned",Total reporting,1284,42672
"Arts, entertainment, and recreation","Native Hawaiian and Other Pacific Islander, male-owned",Item not reported,2,S
"Arts, entertainment, and recreation","Native Hawaiian and Other Pacific Islander, equally male-/female-owned",All firms,25,1413
"Arts, entertainment, and recreation","Native Hawaiian and Other Pacific Islander, equally male-/female-owned",Personal/family savings of owner(s),17,S
"Arts, entertainment, and recreation","Native Hawaiian and Other Pacific Islander, equally male-/female-owned",Personal/family assets other than savings of owner(s),0,0
"Arts, entertainment, and recreation","Native Hawaiian and Other Pacific Islander, equally male-/female-owned",Personal/family home equity loan,0,0
"Arts, entertainment, and recreation","Native Hawaiian and Other Pacific Islander, equally male-/female-owned",Personal credit card(s) carrying balances,3,S
"Arts, entertainment, and recreation","Native Hawaiian and Other Pacific Islander, equally male-/female-owned",Business credit card(s) carrying balances,0,0
"Arts, entertainment, and recreation","Native Hawaiian and Other Pacific Islander, equally male-/female-owned","Business loan from federal, state, or local government",0,0
"Arts, entertainment, and recreation","Native Hawaiian and Other Pacific Islander, equally male-/female-owned",Government-guaranteed business loan from a bank or financial institution,0,0
"Arts, entertainment, and recreation","Native Hawaiian and Other Pacific Islander, equally male-/female-owned",Business loan from a bank or financial institution,0,0
"Arts, entertainment, and recreation","Native Hawaiian and Other Pacific Islander, equally male-/female-owned",Business loan/investment from family/friends,0,0
"Arts, entertainment, and recreation","Native Hawaiian and Other Pacific Islander, equally male-/female-owned",Investment by venture capitalist(s),0,0
"Arts, entertainment, and recreation","Native Hawaiian and Other Pacific Islander, equally male-/female-owned",Grants,0,0
"Arts, entertainment, and recreation","Native Hawaiian and Other Pacific Islander, equally male-/female-owned",Other source(s) of capital,0,0
"Arts, entertainment, and recreation","Native Hawaiian and Other Pacific Islander, equally male-/female-owned",Don't know,0,0
"Arts, entertainment, and recreation","Native Hawaiian and Other Pacific Islander, equally male-/female-owned",None needed,0,0
"Arts, entertainment, and recreation","Native Hawaiian and Other Pacific Islander, equally male-/female-owned",Total reporting,17,S
"Arts, entertainment, and recreation","Native Hawaiian and Other Pacific Islander, equally male-/female-owned",Item not reported,0,0
"Arts, entertainment, and recreation",Some other race,All firms,31619,1179020
"Arts, entertainment, and recreation",Some other race,Personal/family savings of owner(s),5443,176938
"Arts, entertainment, and recreation",Some other race,Personal/family assets other than savings of owner(s),396,19613
"Arts, entertainment, and recreation",Some other race,Personal/family home equity loan,83,7606
"Arts, entertainment, and recreation",Some other race,Personal credit card(s) carrying balances,1014,18126
"Arts, entertainment, and recreation",Some other race,Business credit card(s) carrying balances,125,6465
"Arts, entertainment, and recreation",Some other race,"Business loan from federal, state, or local government",0,0
"Arts, entertainment, and recreation",Some other race,Government-guaranteed business loan from a bank or financial institution,2,S
"Arts, entertainment, and recreation",Some other race,Business loan from a bank or financial institution,228,15670
"Arts, entertainment, and recreation",Some other race,Business loan/investment from family/friends,32,S
"Arts, entertainment, and recreation",Some other race,Investment by venture capitalist(s),0,0
"Arts, entertainment, and recreation",Some other race,Grants,85,S
"Arts, entertainment, and recreation",Some other race,Other source(s) of capital,364,11039
"Arts, entertainment, and recreation",Some other race,Don't know,1128,S
"Arts, entertainment, and recreation",Some other race,None needed,4699,108780
"Arts, entertainment, and recreation",Some other race,Total reporting,11926(r),862436(r)
"Arts, entertainment, and recreation",Some other race,Item not reported,553(r),S
"Arts, entertainment, and recreation","Some other race, female-owned",All firms,11750,336055
"Arts, entertainment, and recreation","Some other race, female-owned",Personal/family savings of owner(s),1119,40694
"Arts, entertainment, and recreation","Some other race, female-owned",Personal/family assets other than savings of owner(s),16,S
"Arts, entertainment, and recreation","Some other race, female-owned",Personal/family home equity loan,4,S
"Arts, entertainment, and recreation","Some other race, female-owned",Personal credit card(s) carrying balances,262,S
"Arts, entertainment, and recreation","Some other race, female-owned",Business credit card(s) carrying balances,2,S
"Arts, entertainment, and recreation","Some other race, female-owned","Business loan from federal, state, or local government",0,0
"Arts, entertainment, and recreation","Some other race, female-owned",Government-guaranteed business loan from a bank or financial institution,0,0
"Arts, entertainment, and recreation","Some other race, female-owned",Business loan from a bank or financial institution,2,S
"Arts, entertainment, and recreation","Some other race, female-owned",Business loan/investment from family/friends,0,0
"Arts, entertainment, and recreation","Some other race, female-owned",Investment by venture capitalist(s),0,0
"Arts, entertainment, and recreation","Some other race, female-owned",Grants,75,S
"Arts, entertainment, and recreation","Some other race, female-owned",Other source(s) of capital,72,S
"Arts, entertainment, and recreation","Some other race, female-owned",Don't know,293,7456
"Arts, entertainment, and recreation","Some other race, female-owned",None needed,1463,25596
"Arts, entertainment, and recreation","Some other race, female-owned",Total reporting,3016,76039
"Arts, entertainment, and recreation","Some other race, female-owned",Item not reported,481,7432
"Arts, entertainment, and recreation","Some other race, male-owned",All firms,19497,816100
"Arts, entertainment, and recreation","Some other race, male-owned",Personal/family savings of owner(s),4071,130719
"Arts, entertainment, and recreation","Some other race, male-owned",Personal/family assets other than savings of owner(s),380,19408
"Arts, entertainment, and recreation","Some other race, male-owned",Personal/family home equity loan,79,3397
"Arts, entertainment, and recreation","Some other race, male-owned",Personal credit card(s) carrying balances,752,12494
"Arts, entertainment, and recreation","Some other race, male-owned",Business credit card(s) carrying balances,123,S
"Arts, entertainment, and recreation","Some other race, male-owned","Business loan from federal, state, or local government",0,0
"Arts, entertainment, and recreation","Some other race, male-owned",Government-guaranteed business loan from a bank or financial institution,2,S
"Arts, entertainment, and recreation","Some other race, male-owned",Business loan from a bank or financial institution,226,14013
"Arts, entertainment, and recreation","Some other race, male-owned",Business loan/investment from family/friends,22,S
"Arts, entertainment, and recreation","Some other race, male-owned",Investment by venture capitalist(s),0,0
"Arts, entertainment, and recreation","Some other race, male-owned",Grants,10,S
"Arts, entertainment, and recreation","Some other race, male-owned",Other source(s) of capital,291,10809
"Arts, entertainment, and recreation","Some other race, male-owned",Don't know,835,S
"Arts, entertainment, and recreation","Some other race, male-owned",None needed,3236,83184
"Arts, entertainment, and recreation","Some other race, male-owned",Total reporting,8646(r),777685(r)
"Arts, entertainment, and recreation","Some other race, male-owned",Item not reported,66(r),S
"Arts, entertainment, and recreation","Some other race, equally male-/female-owned",All firms,371,26865
"Arts, entertainment, and recreation","Some other race, equally male-/female-owned",Personal/family savings of owner(s),254,5526
"Arts, entertainment, and recreation","Some other race, equally male-/female-owned",Personal/family assets other than savings of owner(s),0,0
"Arts, entertainment, and recreation","Some other race, equally male-/female-owned",Personal/family home equity loan,0,0
"Arts, entertainment, and recreation","Some other race, equally male-/female-owned",Personal credit card(s) carrying balances,0,0
"Arts, entertainment, and recreation","Some other race, equally male-/female-owned",Business credit card(s) carrying balances,0,0
"Arts, entertainment, and recreation","Some other race, equally male-/female-owned","Business loan from federal, state, or local government",0,0
"Arts, entertainment, and recreation","Some other race, equally male-/female-owned",Government-guaranteed business loan from a bank or financial institution,0,0
"Arts, entertainment, and recreation","Some other race, equally male-/female-owned",Business loan from a bank or financial institution,0,0
"Arts, entertainment, and recreation","Some other race, equally male-/female-owned",Business loan/investment from family/friends,10,S
"Arts, entertainment, and recreation","Some other race, equally male-/female-owned",Investment by venture capitalist(s),0,0
"Arts, entertainment, and recreation","Some other race, equally male-/female-owned",Grants,0,0
"Arts, entertainment, and recreation","Some other race, equally male-/female-owned",Other source(s) of capital,0,0
"Arts, entertainment, and recreation","Some other race, equally male-/female-owned",Don't know,0,0
"Arts, entertainment, and recreation","Some other race, equally male-/female-owned",None needed,0,0
"Arts, entertainment, and recreation","Some other race, equally male-/female-owned",Total reporting,264,8712
"Arts, entertainment, and recreation","Some other race, equally male-/female-owned",Item not reported,6,S
"Arts, entertainment, and recreation",Minority,All firms,289684,11309399
"Arts, entertainment, and recreation",Minority,Personal/family savings of owner(s),70633,3292564
"Arts, entertainment, and recreation",Minority,Personal/family assets other than savings of owner(s),7089,334257
"Arts, entertainment, and recreation",Minority,Personal/family home equity loan,1372,98354
"Arts, entertainment, and recreation",Minority,Personal credit card(s) carrying balances,12430,399271
"Arts, entertainment, and recreation",Minority,Business credit card(s) carrying balances,2089,96120
"Arts, entertainment, and recreation",Minority,"Business loan from federal, state, or local government",138,S
"Arts, entertainment, and recreation",Minority,Government-guaranteed business loan from a bank or financial institution,114,21516
"Arts, entertainment, and recreation",Minority,Business loan from a bank or financial institution,1781,285995
"Arts, entertainment, and recreation",Minority,Business loan/investment from family/friends,1465,209983
"Arts, entertainment, and recreation",Minority,Investment by venture capitalist(s),108,S
"Arts, entertainment, and recreation",Minority,Grants,1061,14680
"Arts, entertainment, and recreation",Minority,Other source(s) of capital,3040,160041
"Arts, entertainment, and recreation",Minority,Don't know,8600,1249692
"Arts, entertainment, and recreation",Minority,None needed,47667,1059804
"Arts, entertainment, and recreation",Minority,Total reporting,134462(r),6104166(r)
"Arts, entertainment, and recreation",Minority,Item not reported,3919(r),88650(r)
"Arts, entertainment, and recreation","Minority, female-owned",All firms,122215,3186807
"Arts, entertainment, and recreation","Minority, female-owned",Personal/family savings of owner(s),23781,788906
"Arts, entertainment, and recreation","Minority, female-owned",Personal/family assets other than savings of owner(s),2377,51093
"Arts, entertainment, and recreation","Minority, female-owned",Personal/family home equity loan,541,44849
"Arts, entertainment, and recreation","Minority, female-owned",Personal credit card(s) carrying balances,3860,98630
"Arts, entertainment, and recreation","Minority, female-owned",Business credit card(s) carrying balances,619,27293
"Arts, entertainment, and recreation","Minority, female-owned","Business loan from federal, state, or local government",43,S
"Arts, entertainment, and recreation","Minority, female-owned",Government-guaranteed business loan from a bank or financial institution,58,S
"Arts, entertainment, and recreation","Minority, female-owned",Business loan from a bank or financial institution,412,S
"Arts, entertainment, and recreation","Minority, female-owned",Business loan/investment from family/friends,749,41512
"Arts, entertainment, and recreation","Minority, female-owned",Investment by venture capitalist(s),8,S
"Arts, entertainment, and recreation","Minority, female-owned",Grants,422,4950
"Arts, entertainment, and recreation","Minority, female-owned",Other source(s) of capital,890,39853
"Arts, entertainment, and recreation","Minority, female-owned",Don't know,2912,133735
"Arts, entertainment, and recreation","Minority, female-owned",None needed,20560,443502
"Arts, entertainment, and recreation","Minority, female-owned",Total reporting,49743(r),1452179(r)
"Arts, entertainment, and recreation","Minority, female-owned",Item not reported,1633(r),26779(r)
"Arts, entertainment, and recreation","Minority, male-owned",All firms,161787,7704040
"Arts, entertainment, and recreation","Minority, male-owned",Personal/family savings of owner(s),43543,2342073
"Arts, entertainment, and recreation","Minority, male-owned",Personal/family assets other than savings of owner(s),4510,236243
"Arts, entertainment, and recreation","Minority, male-owned",Personal/family home equity loan,611,47932
"Arts, entertainment, and recreation","Minority, male-owned",Personal credit card(s) carrying balances,7884,263869
"Arts, entertainment, and recreation","Minority, male-owned",Business credit card(s) carrying balances,1276,57470
"Arts, entertainment, and recreation","Minority, male-owned","Business loan from federal, state, or local government",95,S
"Arts, entertainment, and recreation","Minority, male-owned",Government-guaranteed business loan from a bank or financial institution,36,S
"Arts, entertainment, and recreation","Minority, male-owned",Business loan from a bank or financial institution,1213,213786
"Arts, entertainment, and recreation","Minority, male-owned",Business loan/investment from family/friends,639,160654
"Arts, entertainment, and recreation","Minority, male-owned",Investment by venture capitalist(s),100,S
"Arts, entertainment, and recreation","Minority, male-owned",Grants,583,9445
"Arts, entertainment, and recreation","Minority, male-owned",Other source(s) of capital,1846,87499
"Arts, entertainment, and recreation","Minority, male-owned",Don't know,5575,1076525
"Arts, entertainment, and recreation","Minority, male-owned",None needed,26505,597282
"Arts, entertainment, and recreation","Minority, male-owned",Total reporting,80297(r),4381769(r)
"Arts, entertainment, and recreation","Minority, male-owned",Item not reported,2187(r),57208(r)
"Arts, entertainment, and recreation","Minority, equally male-/female-owned",All firms,5682,418552
"Arts, entertainment, and recreation","Minority, equally male-/female-owned",Personal/family savings of owner(s),3310,161585
"Arts, entertainment, and recreation","Minority, equally male-/female-owned",Personal/family assets other than savings of owner(s),203,46921
"Arts, entertainment, and recreation","Minority, equally male-/female-owned",Personal/family home equity loan,220,5574
"Arts, entertainment, and recreation","Minority, equally male-/female-owned",Personal credit card(s) carrying balances,686,36772
"Arts, entertainment, and recreation","Minority, equally male-/female-owned",Business credit card(s) carrying balances,194,S
"Arts, entertainment, and recreation","Minority, equally male-/female-owned","Business loan from federal, state, or local government",0,0
"Arts, entertainment, and recreation","Minority, equally male-/female-owned",Government-guaranteed business loan from a bank or financial institution,20,S
"Arts, entertainment, and recreation","Minority, equally male-/female-owned",Business loan from a bank or financial institution,156,45809
"Arts, entertainment, and recreation","Minority, equally male-/female-owned",Business loan/investment from family/friends,77,S
"Arts, entertainment, and recreation","Minority, equally male-/female-owned",Investment by venture capitalist(s),0,0
"Arts, entertainment, and recreation","Minority, equally male-/female-owned",Grants,57,S
"Arts, entertainment, and recreation","Minority, equally male-/female-owned",Other source(s) of capital,304,S
"Arts, entertainment, and recreation","Minority, equally male-/female-owned",Don't know,113,39432
"Arts, entertainment, and recreation","Minority, equally male-/female-owned",None needed,601,19020
"Arts, entertainment, and recreation","Minority, equally male-/female-owned",Total reporting,4423(r),270219(r)
"Arts, entertainment, and recreation","Minority, equally male-/female-owned",Item not reported,98(r),S
"Arts, entertainment, and recreation",Equally minority/nonminority,All firms,10210,1053594
"Arts, entertainment, and recreation",Equally minority/nonminority,Personal/family savings of owner(s),5719,601558
"Arts, entertainment, and recreation",Equally minority/nonminority,Personal/family assets other than savings of owner(s),845,100687
"Arts, entertainment, and recreation",Equally minority/nonminority,Personal/family home equity loan,414,80725
"Arts, entertainment, and recreation",Equally minority/nonminority,Personal credit card(s) carrying balances,963,92019
"Arts, entertainment, and recreation",Equally minority/nonminority,Business credit card(s) carrying balances,489,S
"Arts, entertainment, and recreation",Equally minority/nonminority,"Business loan from federal, state, or local government",2,S
"Arts, entertainment, and recreation",Equally minority/nonminority,Government-guaranteed business loan from a bank or financial institution,32,7668
"Arts, entertainment, and recreation",Equally minority/nonminority,Business loan from a bank or financial institution,436,S
"Arts, entertainment, and recreation",Equally minority/nonminority,Business loan/investment from family/friends,146,19772
"Arts, entertainment, and recreation",Equally minority/nonminority,Investment by venture capitalist(s),11,S
"Arts, entertainment, and recreation",Equally minority/nonminority,Grants,65,S
"Arts, entertainment, and recreation",Equally minority/nonminority,Other source(s) of capital,215,17222
"Arts, entertainment, and recreation",Equally minority/nonminority,Don't know,276,60935
"Arts, entertainment, and recreation",Equally minority/nonminority,None needed,1350,66518
"Arts, entertainment, and recreation",Equally minority/nonminority,Total reporting,7936,809737
"Arts, entertainment, and recreation",Equally minority/nonminority,Item not reported,114,S
"Arts, entertainment, and recreation","Equally minority/nonminority, female-owned",All firms,476,44325
"Arts, entertainment, and recreation","Equally minority/nonminority, female-owned",Personal/family savings of owner(s),490,25734
"Arts, entertainment, and recreation","Equally minority/nonminority, female-owned",Personal/family assets other than savings of owner(s),26,S
"Arts, entertainment, and recreation","Equally minority/nonminority, female-owned",Personal/family home equity loan,15,S
"Arts, entertainment, and recreation","Equally minority/nonminority, female-owned",Personal credit card(s) carrying balances,76,S
"Arts, entertainment, and recreation","Equally minority/nonminority, female-owned",Business credit card(s) carrying balances,2,S
"Arts, entertainment, and recreation","Equally minority/nonminority, female-owned","Business loan from federal, state, or local government",0,0
"Arts, entertainment, and recreation","Equally minority/nonminority, female-owned",Government-guaranteed business loan from a bank or financial institution,2,S
"Arts, entertainment, and recreation","Equally minority/nonminority, female-owned",Business loan from a bank or financial institution,4,S
"Arts, entertainment, and recreation","Equally minority/nonminority, female-owned",Business loan/investment from family/friends,8,S
"Arts, entertainment, and recreation","Equally minority/nonminority, female-owned",Investment by venture capitalist(s),0,0
"Arts, entertainment, and recreation","Equally minority/nonminority, female-owned",Grants,0,0
"Arts, entertainment, and recreation","Equally minority/nonminority, female-owned",Other source(s) of capital,7,S
"Arts, entertainment, and recreation","Equally minority/nonminority, female-owned",Don't know,0,0
"Arts, entertainment, and recreation","Equally minority/nonminority, female-owned",None needed,60,S
"Arts, entertainment, and recreation","Equally minority/nonminority, female-owned",Total reporting,565,33167
"Arts, entertainment, and recreation","Equally minority/nonminority, female-owned",Item not reported,0,0
"Arts, entertainment, and recreation","Equally minority/nonminority, male-owned",All firms,1062,178506
"Arts, entertainment, and recreation","Equally minority/nonminority, male-owned",Personal/family savings of owner(s),721,77734
"Arts, entertainment, and recreation","Equally minority/nonminority, male-owned",Personal/family assets other than savings of owner(s),104,14870
"Arts, entertainment, and recreation","Equally minority/nonminority, male-owned",Personal/family home equity loan,16,S
"Arts, entertainment, and recreation","Equally minority/nonminority, male-owned",Personal credit card(s) carrying balances,26,S
"Arts, entertainment, and recreation","Equally minority/nonminority, male-owned",Business credit card(s) carrying balances,53,S
"Arts, entertainment, and recreation","Equally minority/nonminority, male-owned","Business loan from federal, state, or local government",0,0
"Arts, entertainment, and recreation","Equally minority/nonminority, male-owned",Government-guaranteed business loan from a bank or financial institution,2,S
"Arts, entertainment, and recreation","Equally minority/nonminority, male-owned",Business loan from a bank or financial institution,48,S
"Arts, entertainment, and recreation","Equally minority/nonminority, male-owned",Business loan/investment from family/friends,18,S
"Arts, entertainment, and recreation","Equally minority/nonminority, male-owned",Investment by venture capitalist(s),0,0
"Arts, entertainment, and recreation","Equally minority/nonminority, male-owned",Grants,0,0
"Arts, entertainment, and recreation","Equally minority/nonminority, male-owned",Other source(s) of capital,25,6011
"Arts, entertainment, and recreation","Equally minority/nonminority, male-owned",Don't know,12,S
"Arts, entertainment, and recreation","Equally minority/nonminority, male-owned",None needed,131,S
"Arts, entertainment, and recreation","Equally minority/nonminority, male-owned",Total reporting,948,126417
"Arts, entertainment, and recreation","Equally minority/nonminority, male-owned",Item not reported,0,0
"Arts, entertainment, and recreation","Equally minority/nonminority, equally male-/female-owned",All firms,8672,830763
"Arts, entertainment, and recreation","Equally minority/nonminority, equally male-/female-owned",Personal/family savings of owner(s),4508,498090
"Arts, entertainment, and recreation","Equally minority/nonminority, equally male-/female-owned",Personal/family assets other than savings of owner(s),715,78903
"Arts, entertainment, and recreation","Equally minority/nonminority, equally male-/female-owned",Personal/family home equity loan,382,71494
"Arts, entertainment, and recreation","Equally minority/nonminority, equally male-/female-owned",Personal credit card(s) carrying balances,861,81577
"Arts, entertainment, and recreation","Equally minority/nonminority, equally male-/female-owned",Business credit card(s) carrying balances,434,S
"Arts, entertainment, and recreation","Equally minority/nonminority, equally male-/female-owned","Business loan from federal, state, or local government",2,S
"Arts, entertainment, and recreation","Equally minority/nonminority, equally male-/female-owned",Government-guaranteed business loan from a bank or financial institution,28,S
"Arts, entertainment, and recreation","Equally minority/nonminority, equally male-/female-owned",Business loan from a bank or financial institution,385,S
"Arts, entertainment, and recreation","Equally minority/nonminority, equally male-/female-owned",Business loan/investment from family/friends,119,S
"Arts, entertainment, and recreation","Equally minority/nonminority, equally male-/female-owned",Investment by venture capitalist(s),11,S
"Arts, entertainment, and recreation","Equally minority/nonminority, equally male-/female-owned",Grants,65,S
"Arts, entertainment, and recreation","Equally minority/nonminority, equally male-/female-owned",Other source(s) of capital,183,6044
"Arts, entertainment, and recreation","Equally minority/nonminority, equally male-/female-owned",Don't know,264,S
"Arts, entertainment, and recreation","Equally minority/nonminority, equally male-/female-owned",None needed,1159,61574
"Arts, entertainment, and recreation","Equally minority/nonminority, equally male-/female-owned",Total reporting,6423,650153
"Arts, entertainment, and recreation","Equally minority/nonminority, equally male-/female-owned",Item not reported,114,S
"Arts, entertainment, and recreation",Nonminority,All firms,996145,106586223
"Arts, entertainment, and recreation",Nonminority,Personal/family savings of owner(s),381009,38887558
"Arts, entertainment, and recreation",Nonminority,Personal/family assets other than savings of owner(s),31829,4945529
"Arts, entertainment, and recreation",Nonminority,Personal/family home equity loan,11001,2658464
"Arts, entertainment, and recreation",Nonminority,Personal credit card(s) carrying balances,54670,3563343
"Arts, entertainment, and recreation",Nonminority,Business credit card(s) carrying balances,11438,1221923
"Arts, entertainment, and recreation",Nonminority,"Business loan from federal, state, or local government",634,110694
"Arts, entertainment, and recreation",Nonminority,Government-guaranteed business loan from a bank or financial institution,2195,1067409
"Arts, entertainment, and recreation",Nonminority,Business loan from a bank or financial institution,20268,12224602
"Arts, entertainment, and recreation",Nonminority,Business loan/investment from family/friends,7190,2914380
"Arts, entertainment, and recreation",Nonminority,Investment by venture capitalist(s),1673,S
"Arts, entertainment, and recreation",Nonminority,Grants,3918,102296
"Arts, entertainment, and recreation",Nonminority,Other source(s) of capital,11326,2237073
"Arts, entertainment, and recreation",Nonminority,Don't know,36253,17814720
"Arts, entertainment, and recreation",Nonminority,None needed,270084,8453682
"Arts, entertainment, and recreation",Nonminority,Total reporting,725976(r),74859440(r)
"Arts, entertainment, and recreation",Nonminority,Item not reported,12883(r),592380(r)
"Arts, entertainment, and recreation","Nonminority, female-owned",All firms,348005,17151742
"Arts, entertainment, and recreation","Nonminority, female-owned",Personal/family savings of owner(s),118461,5999804
"Arts, entertainment, and recreation","Nonminority, female-owned",Personal/family assets other than savings of owner(s),8673,1004557
"Arts, entertainment, and recreation","Nonminority, female-owned",Personal/family home equity loan,2752,557068
"Arts, entertainment, and recreation","Nonminority, female-owned",Personal credit card(s) carrying balances,15950,622081
"Arts, entertainment, and recreation","Nonminority, female-owned",Business credit card(s) carrying balances,3317,270562
"Arts, entertainment, and recreation","Nonminority, female-owned","Business loan from federal, state, or local government",88,S
"Arts, entertainment, and recreation","Nonminority, female-owned",Government-guaranteed business loan from a bank or financial institution,502,151226
"Arts, entertainment, and recreation","Nonminority, female-owned",Business loan from a bank or financial institution,2967,799642
"Arts, entertainment, and recreation","Nonminority, female-owned",Business loan/investment from family/friends,1671,691294
"Arts, entertainment, and recreation","Nonminority, female-owned",Investment by venture capitalist(s),221,S
"Arts, entertainment, and recreation","Nonminority, female-owned",Grants,2287,51336
"Arts, entertainment, and recreation","Nonminority, female-owned",Other source(s) of capital,3589,436248
"Arts, entertainment, and recreation","Nonminority, female-owned",Don't know,10472,1998510
"Arts, entertainment, and recreation","Nonminority, female-owned",None needed,104018,2323990
"Arts, entertainment, and recreation","Nonminority, female-owned",Total reporting,243606(r),11873153(r)
"Arts, entertainment, and recreation","Nonminority, female-owned",Item not reported,4954(r),S
"Arts, entertainment, and recreation","Nonminority, male-owned",All firms,579519,78812744
"Arts, entertainment, and recreation","Nonminority, male-owned",Personal/family savings of owner(s),222315,28145918
"Arts, entertainment, and recreation","Nonminority, male-owned",Personal/family assets other than savings of owner(s),17396,2801252
"Arts, entertainment, and recreation","Nonminority, male-owned",Personal/family home equity loan,5691,1495669
"Arts, entertainment, and recreation","Nonminority, male-owned",Personal credit card(s) carrying balances,33361,2383454
"Arts, entertainment, and recreation","Nonminority, male-owned",Business credit card(s) carrying balances,6724,793913
"Arts, entertainment, and recreation","Nonminority, male-owned","Business loan from federal, state, or local government",517,93331
"Arts, entertainment, and recreation","Nonminority, male-owned",Government-guaranteed business loan from a bank or financial institution,1223,676463
"Arts, entertainment, and recreation","Nonminority, male-owned",Business loan from a bank or financial institution,12689,10108842
"Arts, entertainment, and recreation","Nonminority, male-owned",Business loan/investment from family/friends,4264,1895794
"Arts, entertainment, and recreation","Nonminority, male-owned",Investment by venture capitalist(s),1409,S
"Arts, entertainment, and recreation","Nonminority, male-owned",Grants,1481,47471
"Arts, entertainment, and recreation","Nonminority, male-owned",Other source(s) of capital,6461,1497223
"Arts, entertainment, and recreation","Nonminority, male-owned",Don't know,23413,14887686
"Arts, entertainment, and recreation","Nonminority, male-owned",None needed,156158,5549906
"Arts, entertainment, and recreation","Nonminority, male-owned",Total reporting,424112(r),55594502(r)
"Arts, entertainment, and recreation","Nonminority, male-owned",Item not reported,7510(r),389272(r)
"Arts, entertainment, and recreation","Nonminority, equally male-/female-owned",All firms,68620,10621737
"Arts, entertainment, and recreation","Nonminority, equally male-/female-owned",Personal/family savings of owner(s),40232,4741836
"Arts, entertainment, and recreation","Nonminority, equally male-/female-owned",Personal/family assets other than savings of owner(s),5760,1139720
"Arts, entertainment, and recreation","Nonminority, equally male-/female-owned",Personal/family home equity loan,2558,605726
"Arts, entertainment, and recreation","Nonminority, equally male-/female-owned",Personal credit card(s) carrying balances,5359,557808
"Arts, entertainment, and recreation","Nonminority, equally male-/female-owned",Business credit card(s) carrying balances,1398,157449
"Arts, entertainment, and recreation","Nonminority, equally male-/female-owned","Business loan from federal, state, or local government",30,S
"Arts, entertainment, and recreation","Nonminority, equally male-/female-owned",Government-guaranteed business loan from a bank or financial institution,469,239720
"Arts, entertainment, and recreation","Nonminority, equally male-/female-owned",Business loan from a bank or financial institution,4613,1316118
"Arts, entertainment, and recreation","Nonminority, equally male-/female-owned",Business loan/investment from family/friends,1255,327292
"Arts, entertainment, and recreation","Nonminority, equally male-/female-owned",Investment by venture capitalist(s),42,S
"Arts, entertainment, and recreation","Nonminority, equally male-/female-owned",Grants,150,S
"Arts, entertainment, and recreation","Nonminority, equally male-/female-owned",Other source(s) of capital,1277,303602
"Arts, entertainment, and recreation","Nonminority, equally male-/female-owned",Don't know,2368,928525
"Arts, entertainment, and recreation","Nonminority, equally male-/female-owned",None needed,9908,579786
"Arts, entertainment, and recreation","Nonminority, equally male-/female-owned",Total reporting,58259(r),7391785(r)
"Arts, entertainment, and recreation","Nonminority, equally male-/female-owned",Item not reported,420(r),25150(r)
"Arts, entertainment, and recreation",Veteran,All firms,103776,9175604
"Arts, entertainment, and recreation",Veteran,Personal/family savings of owner(s),32558,4308702
"Arts, entertainment, and recreation",Veteran,Personal/family assets other than savings of owner(s),3404,419184
"Arts, entertainment, and recreation",Veteran,Personal/family home equity loan,1117,169642
"Arts, entertainment, and recreation",Veteran,Personal credit card(s) carrying balances,5010,248545
"Arts, entertainment, and recreation",Veteran,Business credit card(s) carrying balances,967,60760
"Arts, entertainment, and recreation",Veteran,"Business loan from federal, state, or local government",39,S
"Arts, entertainment, and recreation",Veteran,Government-guaranteed business loan from a bank or financial institution,204,67293
"Arts, entertainment, and recreation",Veteran,Business loan from a bank or financial institution,1410,1216622
"Arts, entertainment, and recreation",Veteran,Business loan/investment from family/friends,355,75247
"Arts, entertainment, and recreation",Veteran,Investment by venture capitalist(s),33,S
"Arts, entertainment, and recreation",Veteran,Grants,148,S
"Arts, entertainment, and recreation",Veteran,Other source(s) of capital,880,48695
"Arts, entertainment, and recreation",Veteran,Don't know,1756,1907530
"Arts, entertainment, and recreation",Veteran,None needed,21841,476268
"Arts, entertainment, and recreation",Veteran,Total reporting,60100(r),7303080(r)
"Arts, entertainment, and recreation",Veteran,Item not reported,1684(r),66425(r)
"Arts, entertainment, and recreation","Veteran, female-owned",All firms,17898,336530
"Arts, entertainment, and recreation","Veteran, female-owned",Personal/family savings of owner(s),1706,36297
"Arts, entertainment, and recreation","Veteran, female-owned",Personal/family assets other than savings of owner(s),287,4972
"Arts, entertainment, and recreation","Veteran, female-owned",Personal/family home equity loan,39,S
"Arts, entertainment, and recreation","Veteran, female-owned",Personal credit card(s) carrying balances,545,7235
"Arts, entertainment, and recreation","Veteran, female-owned",Business credit card(s) carrying balances,69,S
"Arts, entertainment, and recreation","Veteran, female-owned","Business loan from federal, state, or local government",30,S
"Arts, entertainment, and recreation","Veteran, female-owned",Government-guaranteed business loan from a bank or financial institution,99,S
"Arts, entertainment, and recreation","Veteran, female-owned",Business loan from a bank or financial institution,111,S
"Arts, entertainment, and recreation","Veteran, female-owned",Business loan/investment from family/friends,12,S
"Arts, entertainment, and recreation","Veteran, female-owned",Investment by venture capitalist(s),0,0
"Arts, entertainment, and recreation","Veteran, female-owned",Grants,0,0
"Arts, entertainment, and recreation","Veteran, female-owned",Other source(s) of capital,106,S
"Arts, entertainment, and recreation","Veteran, female-owned",Don't know,61,S
"Arts, entertainment, and recreation","Veteran, female-owned",None needed,1143,26263
"Arts, entertainment, and recreation","Veteran, female-owned",Total reporting,3299,79521
"Arts, entertainment, and recreation","Veteran, female-owned",Item not reported,367,S
"Arts, entertainment, and recreation","Veteran, male-owned",All firms,85358,8810478
"Arts, entertainment, and recreation","Veteran, male-owned",Personal/family savings of owner(s),30527,4264815
"Arts, entertainment, and recreation","Veteran, male-owned",Personal/family assets other than savings of owner(s),3118,414212
"Arts, entertainment, and recreation","Veteran, male-owned",Personal/family home equity loan,1078,165532
"Arts, entertainment, and recreation","Veteran, male-owned",Personal credit card(s) carrying balances,4466,241310
"Arts, entertainment, and recreation","Veteran, male-owned",Business credit card(s) carrying balances,892,54893
"Arts, entertainment, and recreation","Veteran, male-owned","Business loan from federal, state, or local government",9,S
"Arts, entertainment, and recreation","Veteran, male-owned",Government-guaranteed business loan from a bank or financial institution,105,S
"Arts, entertainment, and recreation","Veteran, male-owned",Business loan from a bank or financial institution,1277,1198717
"Arts, entertainment, and recreation","Veteran, male-owned",Business loan/investment from family/friends,336,74933
"Arts, entertainment, and recreation","Veteran, male-owned",Investment by venture capitalist(s),33,S
"Arts, entertainment, and recreation","Veteran, male-owned",Grants,148,S
"Arts, entertainment, and recreation","Veteran, male-owned",Other source(s) of capital,774,41290
"Arts, entertainment, and recreation","Veteran, male-owned",Don't know,1694,1907099
"Arts, entertainment, and recreation","Veteran, male-owned",None needed,20697,450005
"Arts, entertainment, and recreation","Veteran, male-owned",Total reporting,56468(r),7212391(r)
"Arts, entertainment, and recreation","Veteran, male-owned",Item not reported,1317(r),49424(r)
"Arts, entertainment, and recreation","Veteran, equally male-/female-owned",All firms,520,28596
"Arts, entertainment, and recreation","Veteran, equally male-/female-owned",Personal/family savings of owner(s),325,S
"Arts, entertainment, and recreation","Veteran, equally male-/female-owned",Personal/family assets other than savings of owner(s),0,0
"Arts, entertainment, and recreation","Veteran, equally male-/female-owned",Personal/family home equity loan,0,0
"Arts, entertainment, and recreation","Veteran, equally male-/female-owned",Personal credit card(s) carrying balances,0,0
"Arts, entertainment, and recreation","Veteran, equally male-/female-owned",Business credit card(s) carrying balances,6,S
"Arts, entertainment, and recreation","Veteran, equally male-/female-owned","Business loan from federal, state, or local government",0,0
"Arts, entertainment, and recreation","Veteran, equally male-/female-owned",Government-guaranteed business loan from a bank or financial institution,0,0
"Arts, entertainment, and recreation","Veteran, equally male-/female-owned",Business loan from a bank or financial institution,22,S
"Arts, entertainment, and recreation","Veteran, equally male-/female-owned",Business loan/investment from family/friends,7,S
"Arts, entertainment, and recreation","Veteran, equally male-/female-owned",Investment by venture capitalist(s),0,0
"Arts, entertainment, and recreation","Veteran, equally male-/female-owned",Grants,0,0
"Arts, entertainment, and recreation","Veteran, equally male-/female-owned",Other source(s) of capital,0,0
"Arts, entertainment, and recreation","Veteran, equally male-/female-owned",Don't know,0,0
"Arts, entertainment, and recreation","Veteran, equally male-/female-owned",None needed,0,0
"Arts, entertainment, and recreation","Veteran, equally male-/female-owned",Total reporting,332,11167
"Arts, entertainment, and recreation","Veteran, equally male-/female-owned",Item not reported,0,0
"Arts, entertainment, and recreation","Veteran, Hispanic",All firms,6247,423411
"Arts, entertainment, and recreation","Veteran, Hispanic",Personal/family savings of owner(s),1353,S
"Arts, entertainment, and recreation","Veteran, Hispanic",Personal/family assets other than savings of owner(s),195,S
"Arts, entertainment, and recreation","Veteran, Hispanic",Personal/family home equity loan,62,S
"Arts, entertainment, and recreation","Veteran, Hispanic",Personal credit card(s) carrying balances,134,S
"Arts, entertainment, and recreation","Veteran, Hispanic",Business credit card(s) carrying balances,69,S
"Arts, entertainment, and recreation","Veteran, Hispanic","Business loan from federal, state, or local government",30,S
"Arts, entertainment, and recreation","Veteran, Hispanic",Government-guaranteed business loan from a bank or financial institution,8,S
"Arts, entertainment, and recreation","Veteran, Hispanic",Business loan from a bank or financial institution,8,S
"Arts, entertainment, and recreation","Veteran, Hispanic",Business loan/investment from family/friends,0,0
"Arts, entertainment, and recreation","Veteran, Hispanic",Investment by venture capitalist(s),0,0
"Arts, entertainment, and recreation","Veteran, Hispanic",Grants,0,0
"Arts, entertainment, and recreation","Veteran, Hispanic",Other source(s) of capital,18,S
"Arts, entertainment, and recreation","Veteran, Hispanic",Don't know,63,S
"Arts, entertainment, and recreation","Veteran, Hispanic",None needed,858,8957
"Arts, entertainment, and recreation","Veteran, Hispanic",Total reporting,2336,S
"Arts, entertainment, and recreation","Veteran, Hispanic",Item not reported,123,S
"Arts, entertainment, and recreation","Veteran, equally Hispanic/non-Hispanic",All firms,66,2355
"Arts, entertainment, and recreation","Veteran, equally Hispanic/non-Hispanic",Personal/family savings of owner(s),85,S
"Arts, entertainment, and recreation","Veteran, equally Hispanic/non-Hispanic",Personal/family assets other than savings of owner(s),0,0
"Arts, entertainment, and recreation","Veteran, equally Hispanic/non-Hispanic",Personal/family home equity loan,0,0
"Arts, entertainment, and recreation","Veteran, equally Hispanic/non-Hispanic",Personal credit card(s) carrying balances,0,0
"Arts, entertainment, and recreation","Veteran, equally Hispanic/non-Hispanic",Business credit card(s) carrying balances,0,0
"Arts, entertainment, and recreation","Veteran, equally Hispanic/non-Hispanic","Business loan from federal, state, or local government",0,0
"Arts, entertainment, and recreation","Veteran, equally Hispanic/non-Hispanic",Government-guaranteed business loan from a bank or financial institution,0,0
"Arts, entertainment, and recreation","Veteran, equally Hispanic/non-Hispanic",Business loan from a bank or financial institution,0,0
"Arts, entertainment, and recreation","Veteran, equally Hispanic/non-Hispanic",Business loan/investment from family/friends,7,S
"Arts, entertainment, and recreation","Veteran, equally Hispanic/non-Hispanic",Investment by venture capitalist(s),0,0
"Arts, entertainment, and recreation","Veteran, equally Hispanic/non-Hispanic",Grants,0,0
"Arts, entertainment, and recreation","Veteran, equally Hispanic/non-Hispanic",Other source(s) of capital,0,0
"Arts, entertainment, and recreation","Veteran, equally Hispanic/non-Hispanic",Don't know,0,0
"Arts, entertainment, and recreation","Veteran, equally Hispanic/non-Hispanic",None needed,0,0
"Arts, entertainment, and recreation","Veteran, equally Hispanic/non-Hispanic",Total reporting,85,S
"Arts, entertainment, and recreation","Veteran, equally Hispanic/non-Hispanic",Item not reported,0,0
"Arts, entertainment, and recreation","Veteran, non-Hispanic",All firms,97462,8749839
"Arts, entertainment, and recreation","Veteran, non-Hispanic",Personal/family savings of owner(s),31119,4190903
"Arts, entertainment, and recreation","Veteran, non-Hispanic",Personal/family assets other than savings of owner(s),3210,418875
"Arts, entertainment, and recreation","Veteran, non-Hispanic",Personal/family home equity loan,1055,169581
"Arts, entertainment, and recreation","Veteran, non-Hispanic",Personal credit card(s) carrying balances,4877,248297
"Arts, entertainment, and recreation","Veteran, non-Hispanic",Business credit card(s) carrying balances,898,59773
"Arts, entertainment, and recreation","Veteran, non-Hispanic","Business loan from federal, state, or local government",9,S
"Arts, entertainment, and recreation","Veteran, non-Hispanic",Government-guaranteed business loan from a bank or financial institution,197,66367
"Arts, entertainment, and recreation","Veteran, non-Hispanic",Business loan from a bank or financial institution,1402,1215696
"Arts, entertainment, and recreation","Veteran, non-Hispanic",Business loan/investment from family/friends,348,75109
"Arts, entertainment, and recreation","Veteran, non-Hispanic",Investment by venture capitalist(s),33,S
"Arts, entertainment, and recreation","Veteran, non-Hispanic",Grants,148,S
"Arts, entertainment, and recreation","Veteran, non-Hispanic",Other source(s) of capital,862,47592
"Arts, entertainment, and recreation","Veteran, non-Hispanic",Don't know,1692,1384551
"Arts, entertainment, and recreation","Veteran, non-Hispanic",None needed,20983,467311
"Arts, entertainment, and recreation","Veteran, non-Hispanic",Total reporting,57679(r),6653221(r)
"Arts, entertainment, and recreation","Veteran, non-Hispanic",Item not reported,1561(r),66118(r)
"Arts, entertainment, and recreation","Veteran, White",All firms,86039,8296785
"Arts, entertainment, and recreation","Veteran, White",Personal/family savings of owner(s),29130,4238589
"Arts, entertainment, and recreation","Veteran, White",Personal/family assets other than savings of owner(s),2729,410599
"Arts, entertainment, and recreation","Veteran, White",Personal/family home equity loan,997,158754
"Arts, entertainment, and recreation","Veteran, White",Personal credit card(s) carrying balances,4257,234721
"Arts, entertainment, and recreation","Veteran, White",Business credit card(s) carrying balances,780,54574
"Arts, entertainment, and recreation","Veteran, White","Business loan from federal, state, or local government",39,S
"Arts, entertainment, and recreation","Veteran, White",Government-guaranteed business loan from a bank or financial institution,146,67002
"Arts, entertainment, and recreation","Veteran, White",Business loan from a bank or financial institution,1200,1206128
"Arts, entertainment, and recreation","Veteran, White",Business loan/investment from family/friends,355,75247
"Arts, entertainment, and recreation","Veteran, White",Investment by venture capitalist(s),33,S
"Arts, entertainment, and recreation","Veteran, White",Grants,148,S
"Arts, entertainment, and recreation","Veteran, White",Other source(s) of capital,787,38731
"Arts, entertainment, and recreation","Veteran, White",Don't know,1431,1369243
"Arts, entertainment, and recreation","Veteran, White",None needed,19932,459905
"Arts, entertainment, and recreation","Veteran, White",Total reporting,53894(r),6662346(r)
"Arts, entertainment, and recreation","Veteran, White",Item not reported,1491(r),59635(r)
"Arts, entertainment, and recreation","Veteran, Black or African American",All firms,14004,270127
"Arts, entertainment, and recreation","Veteran, Black or African American",Personal/family savings of owner(s),2897,34101
"Arts, entertainment, and recreation","Veteran, Black or African American",Personal/family assets other than savings of owner(s),542,7360
"Arts, entertainment, and recreation","Veteran, Black or African American",Personal/family home equity loan,117,S
"Arts, entertainment, and recreation","Veteran, Black or African American",Personal credit card(s) carrying balances,630,7666
"Arts, entertainment, and recreation","Veteran, Black or African American",Business credit card(s) carrying balances,154,S
"Arts, entertainment, and recreation","Veteran, Black or African American","Business loan from federal, state, or local government",0,0
"Arts, entertainment, and recreation","Veteran, Black or African American",Government-guaranteed business loan from a bank or financial institution,58,S
"Arts, entertainment, and recreation","Veteran, Black or African American",Business loan from a bank or financial institution,147,S
"Arts, entertainment, and recreation","Veteran, Black or African American",Business loan/investment from family/friends,8,S
"Arts, entertainment, and recreation","Veteran, Black or African American",Investment by venture capitalist(s),2,S
"Arts, entertainment, and recreation","Veteran, Black or African American",Grants,0,0
"Arts, entertainment, and recreation","Veteran, Black or African American",Other source(s) of capital,127,S
"Arts, entertainment, and recreation","Veteran, Black or African American",Don't know,190,14499
"Arts, entertainment, and recreation","Veteran, Black or African American",None needed,1546,11008
"Arts, entertainment, and recreation","Veteran, Black or African American",Total reporting,5081(r),73115(r)
"Arts, entertainment, and recreation","Veteran, Black or African American",Item not reported,126(r),S
"Arts, entertainment, and recreation","Veteran, American Indian and Alaska Native",All firms,1454,257767
"Arts, entertainment, and recreation","Veteran, American Indian and Alaska Native",Personal/family savings of owner(s),329,9514
"Arts, entertainment, and recreation","Veteran, American Indian and Alaska Native",Personal/family assets other than savings of owner(s),44,S
"Arts, entertainment, and recreation","Veteran, American Indian and Alaska Native",Personal/family home equity loan,18,S
"Arts, entertainment, and recreation","Veteran, American Indian and Alaska Native",Personal credit card(s) carrying balances,83,S
"Arts, entertainment, and recreation","Veteran, American Indian and Alaska Native",Business credit card(s) carrying balances,15,S
"Arts, entertainment, and recreation","Veteran, American Indian and Alaska Native","Business loan from federal, state, or local government",0,0
"Arts, entertainment, and recreation","Veteran, American Indian and Alaska Native",Government-guaranteed business loan from a bank or financial institution,0,0
"Arts, entertainment, and recreation","Veteran, American Indian and Alaska Native",Business loan from a bank or financial institution,19,S
"Arts, entertainment, and recreation","Veteran, American Indian and Alaska Native",Business loan/investment from family/friends,8,S
"Arts, entertainment, and recreation","Veteran, American Indian and Alaska Native",Investment by venture capitalist(s),0,0
"Arts, entertainment, and recreation","Veteran, American Indian and Alaska Native",Grants,0,0
"Arts, entertainment, and recreation","Veteran, American Indian and Alaska Native",Other source(s) of capital,2,S
"Arts, entertainment, and recreation","Veteran, American Indian and Alaska Native",Don't know,60,S
"Arts, entertainment, and recreation","Veteran, American Indian and Alaska Native",None needed,304,3512
"Arts, entertainment, and recreation","Veteran, American Indian and Alaska Native",Total reporting,767,17544
"Arts, entertainment, and recreation","Veteran, American Indian and Alaska Native",Item not reported,0,0
"Arts, entertainment, and recreation","Veteran, Asian",All firms,2377,69068
"Arts, entertainment, and recreation","Veteran, Asian",Personal/family savings of owner(s),370,S
"Arts, entertainment, and recreation","Veteran, Asian",Personal/family assets other than savings of owner(s),147,S
"Arts, entertainment, and recreation","Veteran, Asian",Personal/family home equity loan,21,S
"Arts, entertainment, and recreation","Veteran, Asian",Personal credit card(s) carrying balances,83,S
"Arts, entertainment, and recreation","Veteran, Asian",Business credit card(s) carrying balances,34,S
"Arts, entertainment, and recreation","Veteran, Asian","Business loan from federal, state, or local government",0,0
"Arts, entertainment, and recreation","Veteran, Asian",Government-guaranteed business loan from a bank or financial institution,0,0
"Arts, entertainment, and recreation","Veteran, Asian",Business loan from a bank or financial institution,61,S
"Arts, entertainment, and recreation","Veteran, Asian",Business loan/investment from family/friends,0,0
"Arts, entertainment, and recreation","Veteran, Asian",Investment by venture capitalist(s),0,0
"Arts, entertainment, and recreation","Veteran, Asian",Grants,0,0
"Arts, entertainment, and recreation","Veteran, Asian",Other source(s) of capital,27,S
"Arts, entertainment, and recreation","Veteran, Asian",Don't know,9,S
"Arts, entertainment, and recreation","Veteran, Asian",None needed,343,S
"Arts, entertainment, and recreation","Veteran, Asian",Total reporting,805,S
"Arts, entertainment, and recreation","Veteran, Asian",Item not reported,2,S
"Arts, entertainment, and recreation","Veteran, Native Hawaiian and Other Pacific Islander",All firms,348,11381
"Arts, entertainment, and recreation","Veteran, Native Hawaiian and Other Pacific Islander",Personal/family savings of owner(s),18,S
"Arts, entertainment, and recreation","Veteran, Native Hawaiian and Other Pacific Islander",Personal/family assets other than savings of owner(s),15,S
"Arts, entertainment, and recreation","Veteran, Native Hawaiian and Other Pacific Islander",Personal/family home equity loan,0,0
"Arts, entertainment, and recreation","Veteran, Native Hawaiian and Other Pacific Islander",Personal credit card(s) carrying balances,14,S
"Arts, entertainment, and recreation","Veteran, Native Hawaiian and Other Pacific Islander",Business credit card(s) carrying balances,0,0
"Arts, entertainment, and recreation","Veteran, Native Hawaiian and Other Pacific Islander","Business loan from federal, state, or local government",0,0
"Arts, entertainment, and recreation","Veteran, Native Hawaiian and Other Pacific Islander",Government-guaranteed business loan from a bank or financial institution,0,0
"Arts, entertainment, and recreation","Veteran, Native Hawaiian and Other Pacific Islander",Business loan from a bank or financial institution,0,0
"Arts, entertainment, and recreation","Veteran, Native Hawaiian and Other Pacific Islander",Business loan/investment from family/friends,0,0
"Arts, entertainment, and recreation","Veteran, Native Hawaiian and Other Pacific Islander",Investment by venture capitalist(s),0,0
"Arts, entertainment, and recreation","Veteran, Native Hawaiian and Other Pacific Islander",Grants,0,0
"Arts, entertainment, and recreation","Veteran, Native Hawaiian and Other Pacific Islander",Other source(s) of capital,0,0
"Arts, entertainment, and recreation","Veteran, Native Hawaiian and Other Pacific Islander",Don't know,13,S
"Arts, entertainment, and recreation","Veteran, Native Hawaiian and Other Pacific Islander",None needed,129,216
"Arts, entertainment, and recreation","Veteran, Native Hawaiian and Other Pacific Islander",Total reporting,175,1496
"Arts, entertainment, and recreation","Veteran, Native Hawaiian and Other Pacific Islander",Item not reported,0,0
"Arts, entertainment, and recreation","Veteran, some other race",All firms,2048,309905
"Arts, entertainment, and recreation","Veteran, some other race",Personal/family savings of owner(s),254,6791
"Arts, entertainment, and recreation","Veteran, some other race",Personal/family assets other than savings of owner(s),0,0
"Arts, entertainment, and recreation","Veteran, some other race",Personal/family home equity loan,2,S
"Arts, entertainment, and recreation","Veteran, some other race",Personal credit card(s) carrying balances,2,S
"Arts, entertainment, and recreation","Veteran, some other race",Business credit card(s) carrying balances,2,S
"Arts, entertainment, and recreation","Veteran, some other race","Business loan from federal, state, or local government",0,0
"Arts, entertainment, and recreation","Veteran, some other race",Government-guaranteed business loan from a bank or financial institution,0,0
"Arts, entertainment, and recreation","Veteran, some other race",Business loan from a bank or financial institution,2,S
"Arts, entertainment, and recreation","Veteran, some other race",Business loan/investment from family/friends,0,0
"Arts, entertainment, and recreation","Veteran, some other race",Investment by venture capitalist(s),0,0
"Arts, entertainment, and recreation","Veteran, some other race",Grants,0,0
"Arts, entertainment, and recreation","Veteran, some other race",Other source(s) of capital,0,0
"Arts, entertainment, and recreation","Veteran, some other race",Don't know,63,S
"Arts, entertainment, and recreation","Veteran, some other race",None needed,100,1377
"Arts, entertainment, and recreation","Veteran, some other race",Total reporting,417,S
"Arts, entertainment, and recreation","Veteran, some other race",Item not reported,68,S
"Arts, entertainment, and recreation","Veteran, minority",All firms,23629,1014143
"Arts, entertainment, and recreation","Veteran, minority",Personal/family savings of owner(s),4752,S
"Arts, entertainment, and recreation","Veteran, minority",Personal/family assets other than savings of owner(s),931,9456
"Arts, entertainment, and recreation","Veteran, minority",Personal/family home equity loan,212,S
"Arts, entertainment, and recreation","Veteran, minority",Personal credit card(s) carrying balances,927,16096
"Arts, entertainment, and recreation","Veteran, minority",Business credit card(s) carrying balances,266,S
"Arts, entertainment, and recreation","Veteran, minority","Business loan from federal, state, or local government",30,S
"Arts, entertainment, and recreation","Veteran, minority",Government-guaranteed business loan from a bank or financial institution,66,S
"Arts, entertainment, and recreation","Veteran, minority",Business loan from a bank or financial institution,229,13285
"Arts, entertainment, and recreation","Veteran, minority",Business loan/investment from family/friends,8,S
"Arts, entertainment, and recreation","Veteran, minority",Investment by venture capitalist(s),2,S
"Arts, entertainment, and recreation","Veteran, minority",Grants,0,0
"Arts, entertainment, and recreation","Veteran, minority",Other source(s) of capital,158,S
"Arts, entertainment, and recreation","Veteran, minority",Don't know,335,S
"Arts, entertainment, and recreation","Veteran, minority",None needed,3117,25766
"Arts, entertainment, and recreation","Veteran, minority",Total reporting,8887(r),755244(r)
"Arts, entertainment, and recreation","Veteran, minority",Item not reported,258(r),S
"Arts, entertainment, and recreation","Veteran, equally minority/nonminority",All firms,78,S
"Arts, entertainment, and recreation","Veteran, equally minority/nonminority",Personal/family savings of owner(s),44,S
"Arts, entertainment, and recreation","Veteran, equally minority/nonminority",Personal/family assets other than savings of owner(s),0,S
"Arts, entertainment, and recreation","Veteran, equally minority/nonminority",Personal/family home equity loan,0,S
"Arts, entertainment, and recreation","Veteran, equally minority/nonminority",Personal credit card(s) carrying balances,0,S
"Arts, entertainment, and recreation","Veteran, equally minority/nonminority",Business credit card(s) carrying balances,0,S
"Arts, entertainment, and recreation","Veteran, equally minority/nonminority","Business loan from federal, state, or local government",0,S
"Arts, entertainment, and recreation","Veteran, equally minority/nonminority",Government-guaranteed business loan from a bank or financial institution,0,S
"Arts, entertainment, and recreation","Veteran, equally minority/nonminority",Business loan from a bank or financial institution,0,S
"Arts, entertainment, and recreation","Veteran, equally minority/nonminority",Business loan/investment from family/friends,7,S
"Arts, entertainment, and recreation","Veteran, equally minority/nonminority",Investment by venture capitalist(s),0,S
"Arts, entertainment, and recreation","Veteran, equally minority/nonminority",Grants,0,S
"Arts, entertainment, and recreation","Veteran, equally minority/nonminority",Other source(s) of capital,0,S
"Arts, entertainment, and recreation","Veteran, equally minority/nonminority",Don't know,0,S
"Arts, entertainment, and recreation","Veteran, equally minority/nonminority",None needed,0,S
"Arts, entertainment, and recreation","Veteran, equally minority/nonminority",Total reporting,44,S
"Arts, entertainment, and recreation","Veteran, equally minority/nonminority",Item not reported,0,S
"Arts, entertainment, and recreation","Veteran, nonminority",All firms,80069,8151800
"Arts, entertainment, and recreation","Veteran, nonminority",Personal/family savings of owner(s),27761,4120358
"Arts, entertainment, and recreation","Veteran, nonminority",Personal/family assets other than savings of owner(s),2473,409728
"Arts, entertainment, and recreation","Veteran, nonminority",Personal/family home equity loan,905,156384
"Arts, entertainment, and recreation","Veteran, nonminority",Personal credit card(s) carrying balances,4083,232448
"Arts, entertainment, and recreation","Veteran, nonminority",Business credit card(s) carrying balances,701,51879
"Arts, entertainment, and recreation","Veteran, nonminority","Business loan from federal, state, or local government",9,S
"Arts, entertainment, and recreation","Veteran, nonminority",Government-guaranteed business loan from a bank or financial institution,138,66076
"Arts, entertainment, and recreation","Veteran, nonminority",Business loan from a bank or financial institution,1181,1203337
"Arts, entertainment, and recreation","Veteran, nonminority",Business loan/investment from family/friends,340,74530
"Arts, entertainment, and recreation","Veteran, nonminority",Investment by venture capitalist(s),31,S
"Arts, entertainment, and recreation","Veteran, nonminority",Grants,148,S
"Arts, entertainment, and recreation","Veteran, nonminority",Other source(s) of capital,722,36068
"Arts, entertainment, and recreation","Veteran, nonminority",Don't know,1421,1369233
"Arts, entertainment, and recreation","Veteran, nonminority",None needed,18723,450503
"Arts, entertainment, and recreation","Veteran, nonminority",Total reporting,51168(r),6531898(r)
"Arts, entertainment, and recreation","Veteran, nonminority",Item not reported,1426(r),59379(r)
"Arts, entertainment, and recreation",Equally veteran/nonveteran,All firms,15593,2087540
"Arts, entertainment, and recreation",Equally veteran/nonveteran,Personal/family savings of owner(s),10060,1283271
"Arts, entertainment, and recreation",Equally veteran/nonveteran,Personal/family assets other than savings of owner(s),1408,350380
"Arts, entertainment, and recreation",Equally veteran/nonveteran,Personal/family home equity loan,552,242915
"Arts, entertainment, and recreation",Equally veteran/nonveteran,Personal credit card(s) carrying balances,1363,143763
"Arts, entertainment, and recreation",Equally veteran/nonveteran,Business credit card(s) carrying balances,532,S
"Arts, entertainment, and recreation",Equally veteran/nonveteran,"Business loan from federal, state, or local government",2,S
"Arts, entertainment, and recreation",Equally veteran/nonveteran,Government-guaranteed business loan from a bank or financial institution,184,22161
"Arts, entertainment, and recreation",Equally veteran/nonveteran,Business loan from a bank or financial institution,1390,716214
"Arts, entertainment, and recreation",Equally veteran/nonveteran,Business loan/investment from family/friends,278,122597
"Arts, entertainment, and recreation",Equally veteran/nonveteran,Investment by venture capitalist(s),9,S
"Arts, entertainment, and recreation",Equally veteran/nonveteran,Grants,57,S
"Arts, entertainment, and recreation",Equally veteran/nonveteran,Other source(s) of capital,358,S
"Arts, entertainment, and recreation",Equally veteran/nonveteran,Don't know,474,115200
"Arts, entertainment, and recreation",Equally veteran/nonveteran,None needed,2604,143497
"Arts, entertainment, and recreation",Equally veteran/nonveteran,Total reporting,14403(r),1839509(r)
"Arts, entertainment, and recreation",Equally veteran/nonveteran,Item not reported,93(r),S
"Arts, entertainment, and recreation","Equally veteran/nonveteran, female-owned",All firms,102,7579
"Arts, entertainment, and recreation","Equally veteran/nonveteran, female-owned",Personal/family savings of owner(s),65,S
"Arts, entertainment, and recreation","Equally veteran/nonveteran, female-owned",Personal/family assets other than savings of owner(s),0,0
"Arts, entertainment, and recreation","Equally veteran/nonveteran, female-owned",Personal/family home equity loan,2,S
"Arts, entertainment, and recreation","Equally veteran/nonveteran, female-owned",Personal credit card(s) carrying balances,63,S
"Arts, entertainment, and recreation","Equally veteran/nonveteran, female-owned",Business credit card(s) carrying balances,0,0
"Arts, entertainment, and recreation","Equally veteran/nonveteran, female-owned","Business loan from federal, state, or local government",0,0
"Arts, entertainment, and recreation","Equally veteran/nonveteran, female-owned",Government-guaranteed business loan from a bank or financial institution,2,S
"Arts, entertainment, and recreation","Equally veteran/nonveteran, female-owned",Business loan from a bank or financial institution,0,0
"Arts, entertainment, and recreation","Equally veteran/nonveteran, female-owned",Business loan/investment from family/friends,0,0
"Arts, entertainment, and recreation","Equally veteran/nonveteran, female-owned",Investment by venture capitalist(s),0,0
"Arts, entertainment, and recreation","Equally veteran/nonveteran, female-owned",Grants,0,0
"Arts, entertainment, and recreation","Equally veteran/nonveteran, female-owned",Other source(s) of capital,0,0
"Arts, entertainment, and recreation","Equally veteran/nonveteran, female-owned",Don't know,0,0
"Arts, entertainment, and recreation","Equally veteran/nonveteran, female-owned",None needed,0,0
"Arts, entertainment, and recreation","Equally veteran/nonveteran, female-owned",Total reporting,65,S
"Arts, entertainment, and recreation","Equally veteran/nonveteran, female-owned",Item not reported,0,0
"Arts, entertainment, and recreation","Equally veteran/nonveteran, male-owned",All firms,1977,692517
"Arts, entertainment, and recreation","Equally veteran/nonveteran, male-owned",Personal/family savings of owner(s),1409,490835
"Arts, entertainment, and recreation","Equally veteran/nonveteran, male-owned",Personal/family assets other than savings of owner(s),276,142995
"Arts, entertainment, and recreation","Equally veteran/nonveteran, male-owned",Personal/family home equity loan,29,S
"Arts, entertainment, and recreation","Equally veteran/nonveteran, male-owned",Personal credit card(s) carrying balances,228,S
"Arts, entertainment, and recreation","Equally veteran/nonveteran, male-owned",Business credit card(s) carrying balances,192,S
"Arts, entertainment, and recreation","Equally veteran/nonveteran, male-owned","Business loan from federal, state, or local government",2,S
"Arts, entertainment, and recreation","Equally veteran/nonveteran, male-owned",Government-guaranteed business loan from a bank or financial institution,74,S
"Arts, entertainment, and recreation","Equally veteran/nonveteran, male-owned",Business loan from a bank or financial institution,346,345000
"Arts, entertainment, and recreation","Equally veteran/nonveteran, male-owned",Business loan/investment from family/friends,164,S
"Arts, entertainment, and recreation","Equally veteran/nonveteran, male-owned",Investment by venture capitalist(s),2,S
"Arts, entertainment, and recreation","Equally veteran/nonveteran, male-owned",Grants,0,0
"Arts, entertainment, and recreation","Equally veteran/nonveteran, male-owned",Other source(s) of capital,79,5446
"Arts, entertainment, and recreation","Equally veteran/nonveteran, male-owned",Don't know,225,78335
"Arts, entertainment, and recreation","Equally veteran/nonveteran, male-owned",None needed,338,S
"Arts, entertainment, and recreation","Equally veteran/nonveteran, male-owned",Total reporting,2120,667383
"Arts, entertainment, and recreation","Equally veteran/nonveteran, male-owned",Item not reported,10,S
"Arts, entertainment, and recreation","Equally veteran/nonveteran, equally male-/female-owned",All firms,13513,1387444
"Arts, entertainment, and recreation","Equally veteran/nonveteran, equally male-/female-owned",Personal/family savings of owner(s),8585,789133
"Arts, entertainment, and recreation","Equally veteran/nonveteran, equally male-/female-owned",Personal/family assets other than savings of owner(s),1132,207385
"Arts, entertainment, and recreation","Equally veteran/nonveteran, equally male-/female-owned",Personal/family home equity loan,521,170600
"Arts, entertainment, and recreation","Equally veteran/nonveteran, equally male-/female-owned",Personal credit card(s) carrying balances,1071,74763
"Arts, entertainment, and recreation","Equally veteran/nonveteran, equally male-/female-owned",Business credit card(s) carrying balances,340,S
"Arts, entertainment, and recreation","Equally veteran/nonveteran, equally male-/female-owned","Business loan from federal, state, or local government",0,0
"Arts, entertainment, and recreation","Equally veteran/nonveteran, equally male-/female-owned",Government-guaranteed business loan from a bank or financial institution,108,11295
"Arts, entertainment, and recreation","Equally veteran/nonveteran, equally male-/female-owned",Business loan from a bank or financial institution,1044,371214
"Arts, entertainment, and recreation","Equally veteran/nonveteran, equally male-/female-owned",Business loan/investment from family/friends,114,S
"Arts, entertainment, and recreation","Equally veteran/nonveteran, equally male-/female-owned",Investment by venture capitalist(s),7,S
"Arts, entertainment, and recreation","Equally veteran/nonveteran, equally male-/female-owned",Grants,57,S
"Arts, entertainment, and recreation","Equally veteran/nonveteran, equally male-/female-owned",Other source(s) of capital,279,S
"Arts, entertainment, and recreation","Equally veteran/nonveteran, equally male-/female-owned",Don't know,249,36864
"Arts, entertainment, and recreation","Equally veteran/nonveteran, equally male-/female-owned",None needed,2266,103130
"Arts, entertainment, and recreation","Equally veteran/nonveteran, equally male-/female-owned",Total reporting,12218(r),1168822(r)
"Arts, entertainment, and recreation","Equally veteran/nonveteran, equally male-/female-owned",Item not reported,83(r),S
"Arts, entertainment, and recreation","Equally veteran/nonveteran, Hispanic",All firms,155,5723
"Arts, entertainment, and recreation","Equally veteran/nonveteran, Hispanic",Personal/family savings of owner(s),194,S
"Arts, entertainment, and recreation","Equally veteran/nonveteran, Hispanic",Personal/family assets other than savings of owner(s),2,S
"Arts, entertainment, and recreation","Equally veteran/nonveteran, Hispanic",Personal/family home equity loan,0,0
"Arts, entertainment, and recreation","Equally veteran/nonveteran, Hispanic",Personal credit card(s) carrying balances,63,S
"Arts, entertainment, and recreation","Equally veteran/nonveteran, Hispanic",Business credit card(s) carrying balances,0,0
"Arts, entertainment, and recreation","Equally veteran/nonveteran, Hispanic","Business loan from federal, state, or local government",0,0
"Arts, entertainment, and recreation","Equally veteran/nonveteran, Hispanic",Government-guaranteed business loan from a bank or financial institution,0,0
"Arts, entertainment, and recreation","Equally veteran/nonveteran, Hispanic",Business loan from a bank or financial institution,0,0
"Arts, entertainment, and recreation","Equally veteran/nonveteran, Hispanic",Business loan/investment from family/friends,0,0
"Arts, entertainment, and recreation","Equally veteran/nonveteran, Hispanic",Investment by venture capitalist(s),0,0
"Arts, entertainment, and recreation","Equally veteran/nonveteran, Hispanic",Grants,0,0
"Arts, entertainment, and recreation","Equally veteran/nonveteran, Hispanic",Other source(s) of capital,0,0
"Arts, entertainment, and recreation","Equally veteran/nonveteran, Hispanic",Don't know,29,S
"Arts, entertainment, and recreation","Equally veteran/nonveteran, Hispanic",None needed,123,S
"Arts, entertainment, and recreation","Equally veteran/nonveteran, Hispanic",Total reporting,345,S
"Arts, entertainment, and recreation","Equally veteran/nonveteran, Hispanic",Item not reported,0,0
"Arts, entertainment, and recreation","Equally veteran/nonveteran, equally Hispanic/non-Hispanic",All firms,864,59118
"Arts, entertainment, and recreation","Equally veteran/nonveteran, equally Hispanic/non-Hispanic",Personal/family savings of owner(s),606,39049
"Arts, entertainment, and recreation","Equally veteran/nonveteran, equally Hispanic/non-Hispanic",Personal/family assets other than savings of owner(s),112,S
"Arts, entertainment, and recreation","Equally veteran/nonveteran, equally Hispanic/non-Hispanic",Personal/family home equity loan,34,S
"Arts, entertainment, and recreation","Equally veteran/nonveteran, equally Hispanic/non-Hispanic",Personal credit card(s) carrying balances,102,S
"Arts, entertainment, and recreation","Equally veteran/nonveteran, equally Hispanic/non-Hispanic",Business credit card(s) carrying balances,71,S
"Arts, entertainment, and recreation","Equally veteran/nonveteran, equally Hispanic/non-Hispanic","Business loan from federal, state, or local government",0,0
"Arts, entertainment, and recreation","Equally veteran/nonveteran, equally Hispanic/non-Hispanic",Government-guaranteed business loan from a bank or financial institution,12,S
"Arts, entertainment, and recreation","Equally veteran/nonveteran, equally Hispanic/non-Hispanic",Business loan from a bank or financial institution,27,S
"Arts, entertainment, and recreation","Equally veteran/nonveteran, equally Hispanic/non-Hispanic",Business loan/investment from family/friends,2,S
"Arts, entertainment, and recreation","Equally veteran/nonveteran, equally Hispanic/non-Hispanic",Investment by venture capitalist(s),0,0
"Arts, entertainment, and recreation","Equally veteran/nonveteran, equally Hispanic/non-Hispanic",Grants,0,0
"Arts, entertainment, and recreation","Equally veteran/nonveteran, equally Hispanic/non-Hispanic",Other source(s) of capital,2,S
"Arts, entertainment, and recreation","Equally veteran/nonveteran, equally Hispanic/non-Hispanic",Don't know,0,0
"Arts, entertainment, and recreation","Equally veteran/nonveteran, equally Hispanic/non-Hispanic",None needed,123,S
"Arts, entertainment, and recreation","Equally veteran/nonveteran, equally Hispanic/non-Hispanic",Total reporting,815,46009
"Arts, entertainment, and recreation","Equally veteran/nonveteran, equally Hispanic/non-Hispanic",Item not reported,0,0
"Arts, entertainment, and recreation","Equally veteran/nonveteran, non-Hispanic",All firms,14575,2022700
"Arts, entertainment, and recreation","Equally veteran/nonveteran, non-Hispanic",Personal/family savings of owner(s),9260,1241219
"Arts, entertainment, and recreation","Equally veteran/nonveteran, non-Hispanic",Personal/family assets other than savings of owner(s),1293,339571
"Arts, entertainment, and recreation","Equally veteran/nonveteran, non-Hispanic",Personal/family home equity loan,518,239737
"Arts, entertainment, and recreation","Equally veteran/nonveteran, non-Hispanic",Personal credit card(s) carrying balances,1197,134807
"Arts, entertainment, and recreation","Equally veteran/nonveteran, non-Hispanic",Business credit card(s) carrying balances,461,S
"Arts, entertainment, and recreation","Equally veteran/nonveteran, non-Hispanic","Business loan from federal, state, or local government",2,S
"Arts, entertainment, and recreation","Equally veteran/nonveteran, non-Hispanic",Government-guaranteed business loan from a bank or financial institution,172,21965
"Arts, entertainment, and recreation","Equally veteran/nonveteran, non-Hispanic",Business loan from a bank or financial institution,1362,713069
"Arts, entertainment, and recreation","Equally veteran/nonveteran, non-Hispanic",Business loan/investment from family/friends,276,122211
"Arts, entertainment, and recreation","Equally veteran/nonveteran, non-Hispanic",Investment by venture capitalist(s),9,S
"Arts, entertainment, and recreation","Equally veteran/nonveteran, non-Hispanic",Grants,57,S
"Arts, entertainment, and recreation","Equally veteran/nonveteran, non-Hispanic",Other source(s) of capital,356,S
"Arts, entertainment, and recreation","Equally veteran/nonveteran, non-Hispanic",Don't know,446,115074
"Arts, entertainment, and recreation","Equally veteran/nonveteran, non-Hispanic",None needed,2358,139993
"Arts, entertainment, and recreation","Equally veteran/nonveteran, non-Hispanic",Total reporting,13242(r),1787113(r)
"Arts, entertainment, and recreation","Equally veteran/nonveteran, non-Hispanic",Item not reported,93(r),S
"Arts, entertainment, and recreation","Equally veteran/nonveteran, White",All firms,14433,1959064
"Arts, entertainment, and recreation","Equally veteran/nonveteran, White",Personal/family savings of owner(s),9419,1175011
"Arts, entertainment, and recreation","Equally veteran/nonveteran, White",Personal/family assets other than savings of owner(s),1363,347286
"Arts, entertainment, and recreation","Equally veteran/nonveteran, White",Personal/family home equity loan,523,238221
"Arts, entertainment, and recreation","Equally veteran/nonveteran, White",Personal credit card(s) carrying balances,1144,133739
"Arts, entertainment, and recreation","Equally veteran/nonveteran, White",Business credit card(s) carrying balances,478,S
"Arts, entertainment, and recreation","Equally veteran/nonveteran, White","Business loan from federal, state, or local government",2,S
"Arts, entertainment, and recreation","Equally veteran/nonveteran, White",Government-guaranteed business loan from a bank or financial institution,184,22161
"Arts, entertainment, and recreation","Equally veteran/nonveteran, White",Business loan from a bank or financial institution,1328,638900
"Arts, entertainment, and recreation","Equally veteran/nonveteran, White",Business loan/investment from family/friends,276,122211
"Arts, entertainment, and recreation","Equally veteran/nonveteran, White",Investment by venture capitalist(s),9,S
"Arts, entertainment, and recreation","Equally veteran/nonveteran, White",Grants,0,0
"Arts, entertainment, and recreation","Equally veteran/nonveteran, White",Other source(s) of capital,278,S
"Arts, entertainment, and recreation","Equally veteran/nonveteran, White",Don't know,407,112054
"Arts, entertainment, and recreation","Equally veteran/nonveteran, White",None needed,2590,139472
"Arts, entertainment, and recreation","Equally veteran/nonveteran, White",Total reporting,13529(r),1709040(r)
"Arts, entertainment, and recreation","Equally veteran/nonveteran, White",Item not reported,91(r),S
"Arts, entertainment, and recreation","Equally veteran/nonveteran, Black or African American",All firms,419,31851
"Arts, entertainment, and recreation","Equally veteran/nonveteran, Black or African American",Personal/family savings of owner(s),192,S
"Arts, entertainment, and recreation","Equally veteran/nonveteran, Black or African American",Personal/family assets other than savings of owner(s),8,S
"Arts, entertainment, and recreation","Equally veteran/nonveteran, Black or African American",Personal/family home equity loan,0,0
"Arts, entertainment, and recreation","Equally veteran/nonveteran, Black or African American",Personal credit card(s) carrying balances,129,S
"Arts, entertainment, and recreation","Equally veteran/nonveteran, Black or African American",Business credit card(s) carrying balances,45,S
"Arts, entertainment, and recreation","Equally veteran/nonveteran, Black or African American","Business loan from federal, state, or local government",0,0
"Arts, entertainment, and recreation","Equally veteran/nonveteran, Black or African American",Government-guaranteed business loan from a bank or financial institution,0,0
"Arts, entertainment, and recreation","Equally veteran/nonveteran, Black or African American",Business loan from a bank or financial institution,0,0
"Arts, entertainment, and recreation","Equally veteran/nonveteran, Black or African American",Business loan/investment from family/friends,0,0
"Arts, entertainment, and recreation","Equally veteran/nonveteran, Black or African American",Investment by venture capitalist(s),0,0
"Arts, entertainment, and recreation","Equally veteran/nonveteran, Black or African American",Grants,57,S
"Arts, entertainment, and recreation","Equally veteran/nonveteran, Black or African American",Other source(s) of capital,57,S
"Arts, entertainment, and recreation","Equally veteran/nonveteran, Black or African American",Don't know,0,0
"Arts, entertainment, and recreation","Equally veteran/nonveteran, Black or African American",None needed,10,S
"Arts, entertainment, and recreation","Equally veteran/nonveteran, Black or African American",Total reporting,304,7528
"Arts, entertainment, and recreation","Equally veteran/nonveteran, Black or African American",Item not reported,2,S
"Arts, entertainment, and recreation","Equally veteran/nonveteran, American Indian and Alaska Native",All firms,69,1899
"Arts, entertainment, and recreation","Equally veteran/nonveteran, American Indian and Alaska Native",Personal/family savings of owner(s),2,S
"Arts, entertainment, and recreation","Equally veteran/nonveteran, American Indian and Alaska Native",Personal/family assets other than savings of owner(s),0,0
"Arts, entertainment, and recreation","Equally veteran/nonveteran, American Indian and Alaska Native",Personal/family home equity loan,0,0
"Arts, entertainment, and recreation","Equally veteran/nonveteran, American Indian and Alaska Native",Personal credit card(s) carrying balances,0,0
"Arts, entertainment, and recreation","Equally veteran/nonveteran, American Indian and Alaska Native",Business credit card(s) carrying balances,0,0
"Arts, entertainment, and recreation","Equally veteran/nonveteran, American Indian and Alaska Native","Business loan from federal, state, or local government",0,0
"Arts, entertainment, and recreation","Equally veteran/nonveteran, American Indian and Alaska Native",Government-guaranteed business loan from a bank or financial institution,0,0
"Arts, entertainment, and recreation","Equally veteran/nonveteran, American Indian and Alaska Native",Business loan from a bank or financial institution,0,0
"Arts, entertainment, and recreation","Equally veteran/nonveteran, American Indian and Alaska Native",Business loan/investment from family/friends,0,0
"Arts, entertainment, and recreation","Equally veteran/nonveteran, American Indian and Alaska Native",Investment by venture capitalist(s),0,0
"Arts, entertainment, and recreation","Equally veteran/nonveteran, American Indian and Alaska Native",Grants,0,0
"Arts, entertainment, and recreation","Equally veteran/nonveteran, American Indian and Alaska Native",Other source(s) of capital,0,0
"Arts, entertainment, and recreation","Equally veteran/nonveteran, American Indian and Alaska Native",Don't know,0,0
"Arts, entertainment, and recreation","Equally veteran/nonveteran, American Indian and Alaska Native",None needed,0,0
"Arts, entertainment, and recreation","Equally veteran/nonveteran, American Indian and Alaska Native",Total reporting,2,S
"Arts, entertainment, and recreation","Equally veteran/nonveteran, American Indian and Alaska Native",Item not reported,0,0
"Arts, entertainment, and recreation","Equally veteran/nonveteran, Asian",All firms,52,S
"Arts, entertainment, and recreation","Equally veteran/nonveteran, Asian",Personal/family savings of owner(s),15,S
"Arts, entertainment, and recreation","Equally veteran/nonveteran, Asian",Personal/family assets other than savings of owner(s),15,S
"Arts, entertainment, and recreation","Equally veteran/nonveteran, Asian",Personal/family home equity loan,0,S
"Arts, entertainment, and recreation","Equally veteran/nonveteran, Asian",Personal credit card(s) carrying balances,0,S
"Arts, entertainment, and recreation","Equally veteran/nonveteran, Asian",Business credit card(s) carrying balances,0,S
"Arts, entertainment, and recreation","Equally veteran/nonveteran, Asian","Business loan from federal, state, or local government",0,S
"Arts, entertainment, and recreation","Equally veteran/nonveteran, Asian",Government-guaranteed business loan from a bank or financial institution,0,S
"Arts, entertainment, and recreation","Equally veteran/nonveteran, Asian",Business loan from a bank or financial institution,2,S
"Arts, entertainment, and recreation","Equally veteran/nonveteran, Asian",Business loan/investment from family/friends,0,S
"Arts, entertainment, and recreation","Equally veteran/nonveteran, Asian",Investment by venture capitalist(s),0,S
"Arts, entertainment, and recreation","Equally veteran/nonveteran, Asian",Grants,0,S
"Arts, entertainment, and recreation","Equally veteran/nonveteran, Asian",Other source(s) of capital,15,S
"Arts, entertainment, and recreation","Equally veteran/nonveteran, Asian",Don't know,61,S
"Arts, entertainment, and recreation","Equally veteran/nonveteran, Asian",None needed,0,S
"Arts, entertainment, and recreation","Equally veteran/nonveteran, Asian",Total reporting,78,S
"Arts, entertainment, and recreation","Equally veteran/nonveteran, Asian",Item not reported,0,S
"Arts, entertainment, and recreation","Equally veteran/nonveteran, Native Hawaiian and Other Pacific Islander",All firms,16,2916
"Arts, entertainment, and recreation","Equally veteran/nonveteran, Native Hawaiian and Other Pacific Islander",Personal/family savings of owner(s),4,S
"Arts, entertainment, and recreation","Equally veteran/nonveteran, Native Hawaiian and Other Pacific Islander",Personal/family assets other than savings of owner(s),0,0
"Arts, entertainment, and recreation","Equally veteran/nonveteran, Native Hawaiian and Other Pacific Islander",Personal/family home equity loan,0,0
"Arts, entertainment, and recreation","Equally veteran/nonveteran, Native Hawaiian and Other Pacific Islander",Personal credit card(s) carrying balances,0,0
"Arts, entertainment, and recreation","Equally veteran/nonveteran, Native Hawaiian and Other Pacific Islander",Business credit card(s) carrying balances,0,0
"Arts, entertainment, and recreation","Equally veteran/nonveteran, Native Hawaiian and Other Pacific Islander","Business loan from federal, state, or local government",0,0
"Arts, entertainment, and recreation","Equally veteran/nonveteran, Native Hawaiian and Other Pacific Islander",Government-guaranteed business loan from a bank or financial institution,0,0
"Arts, entertainment, and recreation","Equally veteran/nonveteran, Native Hawaiian and Other Pacific Islander",Business loan from a bank or financial institution,0,0
"Arts, entertainment, and recreation","Equally veteran/nonveteran, Native Hawaiian and Other Pacific Islander",Business loan/investment from family/friends,0,0
"Arts, entertainment, and recreation","Equally veteran/nonveteran, Native Hawaiian and Other Pacific Islander",Investment by venture capitalist(s),0,0
"Arts, entertainment, and recreation","Equally veteran/nonveteran, Native Hawaiian and Other Pacific Islander",Grants,0,0
"Arts, entertainment, and recreation","Equally veteran/nonveteran, Native Hawaiian and Other Pacific Islander",Other source(s) of capital,0,0
"Arts, entertainment, and recreation","Equally veteran/nonveteran, Native Hawaiian and Other Pacific Islander",Don't know,0,0
"Arts, entertainment, and recreation","Equally veteran/nonveteran, Native Hawaiian and Other Pacific Islander",None needed,0,0
"Arts, entertainment, and recreation","Equally veteran/nonveteran, Native Hawaiian and Other Pacific Islander",Total reporting,4,S
"Arts, entertainment, and recreation","Equally veteran/nonveteran, Native Hawaiian and Other Pacific Islander",Item not reported,0,0
"Arts, entertainment, and recreation","Equally veteran/nonveteran, some other race",All firms,18,S
"Arts, entertainment, and recreation","Equally veteran/nonveteran, some other race",Personal/family savings of owner(s),40,S
"Arts, entertainment, and recreation","Equally veteran/nonveteran, some other race",Personal/family assets other than savings of owner(s),0,S
"Arts, entertainment, and recreation","Equally veteran/nonveteran, some other race",Personal/family home equity loan,0,S
"Arts, entertainment, and recreation","Equally veteran/nonveteran, some other race",Personal credit card(s) carrying balances,0,S
"Arts, entertainment, and recreation","Equally veteran/nonveteran, some other race",Business credit card(s) carrying balances,0,S
"Arts, entertainment, and recreation","Equally veteran/nonveteran, some other race","Business loan from federal, state, or local government",0,S
"Arts, entertainment, and recreation","Equally veteran/nonveteran, some other race",Government-guaranteed business loan from a bank or financial institution,0,S
"Arts, entertainment, and recreation","Equally veteran/nonveteran, some other race",Business loan from a bank or financial institution,0,S
"Arts, entertainment, and recreation","Equally veteran/nonveteran, some other race",Business loan/investment from family/friends,0,S
"Arts, entertainment, and recreation","Equally veteran/nonveteran, some other race",Investment by venture capitalist(s),0,S
"Arts, entertainment, and recreation","Equally veteran/nonveteran, some other race",Grants,0,S
"Arts, entertainment, and recreation","Equally veteran/nonveteran, some other race",Other source(s) of capital,0,S
"Arts, entertainment, and recreation","Equally veteran/nonveteran, some other race",Don't know,0,S
"Arts, entertainment, and recreation","Equally veteran/nonveteran, some other race",None needed,0,S
"Arts, entertainment, and recreation","Equally veteran/nonveteran, some other race",Total reporting,40,S
"Arts, entertainment, and recreation","Equally veteran/nonveteran, some other race",Item not reported,0,S
"Arts, entertainment, and recreation","Equally veteran/nonveteran, minority",All firms,819,48161
"Arts, entertainment, and recreation","Equally veteran/nonveteran, minority",Personal/family savings of owner(s),437,9488
"Arts, entertainment, and recreation","Equally veteran/nonveteran, minority",Personal/family assets other than savings of owner(s),25,S
"Arts, entertainment, and recreation","Equally veteran/nonveteran, minority",Personal/family home equity loan,0,0
"Arts, entertainment, and recreation","Equally veteran/nonveteran, minority",Personal credit card(s) carrying balances,204,S
"Arts, entertainment, and recreation","Equally veteran/nonveteran, minority",Business credit card(s) carrying balances,54,S
"Arts, entertainment, and recreation","Equally veteran/nonveteran, minority","Business loan from federal, state, or local government",0,0
"Arts, entertainment, and recreation","Equally veteran/nonveteran, minority",Government-guaranteed business loan from a bank or financial institution,0,0
"Arts, entertainment, and recreation","Equally veteran/nonveteran, minority",Business loan from a bank or financial institution,12,S
"Arts, entertainment, and recreation","Equally veteran/nonveteran, minority",Business loan/investment from family/friends,2,S
"Arts, entertainment, and recreation","Equally veteran/nonveteran, minority",Investment by venture capitalist(s),0,0
"Arts, entertainment, and recreation","Equally veteran/nonveteran, minority",Grants,57,S
"Arts, entertainment, and recreation","Equally veteran/nonveteran, minority",Other source(s) of capital,72,S
"Arts, entertainment, and recreation","Equally veteran/nonveteran, minority",Don't know,90,S
"Arts, entertainment, and recreation","Equally veteran/nonveteran, minority",None needed,170,S
"Arts, entertainment, and recreation","Equally veteran/nonveteran, minority",Total reporting,803,26082
"Arts, entertainment, and recreation","Equally veteran/nonveteran, minority",Item not reported,2,S
"Arts, entertainment, and recreation","Equally veteran/nonveteran, equally minority/nonminority",All firms,1421,147896
"Arts, entertainment, and recreation","Equally veteran/nonveteran, equally minority/nonminority",Personal/family savings of owner(s),896,146775
"Arts, entertainment, and recreation","Equally veteran/nonveteran, equally minority/nonminority",Personal/family assets other than savings of owner(s),140,S
"Arts, entertainment, and recreation","Equally veteran/nonveteran, equally minority/nonminority",Personal/family home equity loan,91,8667
"Arts, entertainment, and recreation","Equally veteran/nonveteran, equally minority/nonminority",Personal credit card(s) carrying balances,191,8347
"Arts, entertainment, and recreation","Equally veteran/nonveteran, equally minority/nonminority",Business credit card(s) carrying balances,87,S
"Arts, entertainment, and recreation","Equally veteran/nonveteran, equally minority/nonminority","Business loan from federal, state, or local government",0,0
"Arts, entertainment, and recreation","Equally veteran/nonveteran, equally minority/nonminority",Government-guaranteed business loan from a bank or financial institution,14,S
"Arts, entertainment, and recreation","Equally veteran/nonveteran, equally minority/nonminority",Business loan from a bank or financial institution,110,S
"Arts, entertainment, and recreation","Equally veteran/nonveteran, equally minority/nonminority",Business loan/investment from family/friends,2,S
"Arts, entertainment, and recreation","Equally veteran/nonveteran, equally minority/nonminority",Investment by venture capitalist(s),0,0
"Arts, entertainment, and recreation","Equally veteran/nonveteran, equally minority/nonminority",Grants,0,0
"Arts, entertainment, and recreation","Equally veteran/nonveteran, equally minority/nonminority",Other source(s) of capital,11,S
"Arts, entertainment, and recreation","Equally veteran/nonveteran, equally minority/nonminority",Don't know,8,S
"Arts, entertainment, and recreation","Equally veteran/nonveteran, equally minority/nonminority",None needed,172,S
"Arts, entertainment, and recreation","Equally veteran/nonveteran, equally minority/nonminority",Total reporting,1250,170316
"Arts, entertainment, and recreation","Equally veteran/nonveteran, equally minority/nonminority",Item not reported,0,0
"Arts, entertainment, and recreation","Equally veteran/nonveteran, nonminority",All firms,13353,1891484
"Arts, entertainment, and recreation","Equally veteran/nonveteran, nonminority",Personal/family savings of owner(s),8727,1127008
"Arts, entertainment, and recreation","Equally veteran/nonveteran, nonminority",Personal/family assets other than savings of owner(s),1243,338318
"Arts, entertainment, and recreation","Equally veteran/nonveteran, nonminority",Personal/family home equity loan,461,234249
"Arts, entertainment, and recreation","Equally veteran/nonveteran, nonminority",Personal credit card(s) carrying balances,968,128697
"Arts, entertainment, and recreation","Equally veteran/nonveteran, nonminority",Business credit card(s) carrying balances,391,S
"Arts, entertainment, and recreation","Equally veteran/nonveteran, nonminority","Business loan from federal, state, or local government",2,S
"Arts, entertainment, and recreation","Equally veteran/nonveteran, nonminority",Government-guaranteed business loan from a bank or financial institution,170,21379
"Arts, entertainment, and recreation","Equally veteran/nonveteran, nonminority",Business loan from a bank or financial institution,1269,632494
"Arts, entertainment, and recreation","Equally veteran/nonveteran, nonminority",Business loan/investment from family/friends,274,121835
"Arts, entertainment, and recreation","Equally veteran/nonveteran, nonminority",Investment by venture capitalist(s),9,S
"Arts, entertainment, and recreation","Equally veteran/nonveteran, nonminority",Grants,0,0
"Arts, entertainment, and recreation","Equally veteran/nonveteran, nonminority",Other source(s) of capital,276,S
"Arts, entertainment, and recreation","Equally veteran/nonveteran, nonminority",Don't know,376,111404
"Arts, entertainment, and recreation","Equally veteran/nonveteran, nonminority",None needed,2262,132824
"Arts, entertainment, and recreation","Equally veteran/nonveteran, nonminority",Total reporting,12350(r),1643111(r)
"Arts, entertainment, and recreation","Equally veteran/nonveteran, nonminority",Item not reported,91(r),S
"Arts, entertainment, and recreation",Nonveteran,All firms,1176670,107686070
"Arts, entertainment, and recreation",Nonveteran,Personal/family savings of owner(s),414743,37189707
"Arts, entertainment, and recreation",Nonveteran,Personal/family assets other than savings of owner(s),34951,4610909
"Arts, entertainment, and recreation",Nonveteran,Personal/family home equity loan,11118,2424986
"Arts, entertainment, and recreation",Nonveteran,Personal credit card(s) carrying balances,61689,3662325
"Arts, entertainment, and recreation",Nonveteran,Business credit card(s) carrying balances,12516,1255716
"Arts, entertainment, and recreation",Nonveteran,"Business loan from federal, state, or local government",733,110006
"Arts, entertainment, and recreation",Nonveteran,Government-guaranteed business loan from a bank or financial institution,1953,1007139
"Arts, entertainment, and recreation",Nonveteran,Business loan from a bank or financial institution,19686,10698002
"Arts, entertainment, and recreation",Nonveteran,Business loan/investment from family/friends,8168,2946292
"Arts, entertainment, and recreation",Nonveteran,Investment by venture capitalist(s),1750,S
"Arts, entertainment, and recreation",Nonveteran,Grants,4838,116036
"Arts, entertainment, and recreation",Nonveteran,Other source(s) of capital,13343,2239230
"Arts, entertainment, and recreation",Nonveteran,Don't know,42899,17102619
"Arts, entertainment, and recreation",Nonveteran,None needed,294655,8960238
"Arts, entertainment, and recreation",Nonveteran,Total reporting,793872(r),72630754(r)
"Arts, entertainment, and recreation",Nonveteran,Item not reported,15139(r),597464(r)
"Arts, entertainment, and recreation","Nonveteran, female-owned",All firms,452696,20038764
"Arts, entertainment, and recreation","Nonveteran, female-owned",Personal/family savings of owner(s),140961,6774843
"Arts, entertainment, and recreation","Nonveteran, female-owned",Personal/family assets other than savings of owner(s),10789,1057592
"Arts, entertainment, and recreation","Nonveteran, female-owned",Personal/family home equity loan,3268,603644
"Arts, entertainment, and recreation","Nonveteran, female-owned",Personal credit card(s) carrying balances,19277,715274
"Arts, entertainment, and recreation","Nonveteran, female-owned",Business credit card(s) carrying balances,3868,295592
"Arts, entertainment, and recreation","Nonveteran, female-owned","Business loan from federal, state, or local government",100,S
"Arts, entertainment, and recreation","Nonveteran, female-owned",Government-guaranteed business loan from a bank or financial institution,462,145251
"Arts, entertainment, and recreation","Nonveteran, female-owned",Business loan from a bank or financial institution,3271,815333
"Arts, entertainment, and recreation","Nonveteran, female-owned",Business loan/investment from family/friends,2417,732739
"Arts, entertainment, and recreation","Nonveteran, female-owned",Investment by venture capitalist(s),229,39072
"Arts, entertainment, and recreation","Nonveteran, female-owned",Grants,2709,56286
"Arts, entertainment, and recreation","Nonveteran, female-owned",Other source(s) of capital,4381,473863
"Arts, entertainment, and recreation","Nonveteran, female-owned",Don't know,13322,2131814
"Arts, entertainment, and recreation","Nonveteran, female-owned",None needed,123494,2742538
"Arts, entertainment, and recreation","Nonveteran, female-owned",Total reporting,290549(r),13275674(r)
"Arts, entertainment, and recreation","Nonveteran, female-owned",Item not reported,6220(r),187736(r)
"Arts, entertainment, and recreation","Nonveteran, male-owned",All firms,655032,77192296
"Arts, entertainment, and recreation","Nonveteran, male-owned",Personal/family savings of owner(s),234642,25810076
"Arts, entertainment, and recreation","Nonveteran, male-owned",Personal/family assets other than savings of owner(s),18617,2495158
"Arts, entertainment, and recreation","Nonveteran, male-owned",Personal/family home equity loan,5211,1309147
"Arts, entertainment, and recreation","Nonveteran, male-owned",Personal credit card(s) carrying balances,36578,2345656
"Arts, entertainment, and recreation","Nonveteran, male-owned",Business credit card(s) carrying balances,6969,745562
"Arts, entertainment, and recreation","Nonveteran, male-owned","Business loan from federal, state, or local government",600,92511
"Arts, entertainment, and recreation","Nonveteran, male-owned",Government-guaranteed business loan from a bank or financial institution,1082,626190
"Arts, entertainment, and recreation","Nonveteran, male-owned",Business loan from a bank or financial institution,12327,8786222
"Arts, entertainment, and recreation","Nonveteran, male-owned",Business loan/investment from family/friends,4419,1912828
"Arts, entertainment, and recreation","Nonveteran, male-owned",Investment by venture capitalist(s),1475,S
"Arts, entertainment, and recreation","Nonveteran, male-owned",Grants,1916,55049
"Arts, entertainment, and recreation","Nonveteran, male-owned",Other source(s) of capital,7479,1543997
"Arts, entertainment, and recreation","Nonveteran, male-owned",Don't know,27081,13998951
"Arts, entertainment, and recreation","Nonveteran, male-owned",None needed,161759,5660451
"Arts, entertainment, and recreation","Nonveteran, male-owned",Total reporting,446769(r),52222913(r)
"Arts, entertainment, and recreation","Nonveteran, male-owned",Item not reported,8370(r),381998(r)
"Arts, entertainment, and recreation","Nonveteran, equally male-/female-owned",All firms,68942,10455010
"Arts, entertainment, and recreation","Nonveteran, equally male-/female-owned",Personal/family savings of owner(s),39140,4604788
"Arts, entertainment, and recreation","Nonveteran, equally male-/female-owned",Personal/family assets other than savings of owner(s),5545,1058159
"Arts, entertainment, and recreation","Nonveteran, equally male-/female-owned",Personal/family home equity loan,2639,512195
"Arts, entertainment, and recreation","Nonveteran, equally male-/female-owned",Personal credit card(s) carrying balances,5835,601395
"Arts, entertainment, and recreation","Nonveteran, equally male-/female-owned",Business credit card(s) carrying balances,1679,214563
"Arts, entertainment, and recreation","Nonveteran, equally male-/female-owned","Business loan from federal, state, or local government",32,S
"Arts, entertainment, and recreation","Nonveteran, equally male-/female-owned",Government-guaranteed business loan from a bank or financial institution,410,235698
"Arts, entertainment, and recreation","Nonveteran, equally male-/female-owned",Business loan from a bank or financial institution,4088,1096447
"Arts, entertainment, and recreation","Nonveteran, equally male-/female-owned",Business loan/investment from family/friends,1331,300725
"Arts, entertainment, and recreation","Nonveteran, equally male-/female-owned",Investment by venture capitalist(s),46,S
"Arts, entertainment, and recreation","Nonveteran, equally male-/female-owned",Grants,214,S
"Arts, entertainment, and recreation","Nonveteran, equally male-/female-owned",Other source(s) of capital,1484,221371
"Arts, entertainment, and recreation","Nonveteran, equally male-/female-owned",Don't know,2496,971854
"Arts, entertainment, and recreation","Nonveteran, equally male-/female-owned",None needed,9402,557249
"Arts, entertainment, and recreation","Nonveteran, equally male-/female-owned",Total reporting,56554(r),7132167(r)
"Arts, entertainment, and recreation","Nonveteran, equally male-/female-owned",Item not reported,549(r),27730(r)
"Arts, entertainment, and recreation","Nonveteran, Hispanic",All firms,95222,3462363
"Arts, entertainment, and recreation","Nonveteran, Hispanic",Personal/family savings of owner(s),22844,1123074
"Arts, entertainment, and recreation","Nonveteran, Hispanic",Personal/family assets other than savings of owner(s),1846,116792
"Arts, entertainment, and recreation","Nonveteran, Hispanic",Personal/family home equity loan,442,21949
"Arts, entertainment, and recreation","Nonveteran, Hispanic",Personal credit card(s) carrying balances,3927,128207
"Arts, entertainment, and recreation","Nonveteran, Hispanic",Business credit card(s) carrying balances,645,40410
"Arts, entertainment, and recreation","Nonveteran, Hispanic","Business loan from federal, state, or local government",62,S
"Arts, entertainment, and recreation","Nonveteran, Hispanic",Government-guaranteed business loan from a bank or financial institution,2,S
"Arts, entertainment, and recreation","Nonveteran, Hispanic",Business loan from a bank or financial institution,498,81570
"Arts, entertainment, and recreation","Nonveteran, Hispanic",Business loan/investment from family/friends,328,27245
"Arts, entertainment, and recreation","Nonveteran, Hispanic",Investment by venture capitalist(s),10,S
"Arts, entertainment, and recreation","Nonveteran, Hispanic",Grants,208,S
"Arts, entertainment, and recreation","Nonveteran, Hispanic",Other source(s) of capital,640,38338
"Arts, entertainment, and recreation","Nonveteran, Hispanic",Don't know,2865,S
"Arts, entertainment, and recreation","Nonveteran, Hispanic",None needed,15394,319973
"Arts, entertainment, and recreation","Nonveteran, Hispanic",Total reporting,43045(r),1668507(r)
"Arts, entertainment, and recreation","Nonveteran, Hispanic",Item not reported,1150(r),17477(r)
"Arts, entertainment, and recreation","Nonveteran, equally Hispanic/non-Hispanic",All firms,4799,445380
"Arts, entertainment, and recreation","Nonveteran, equally Hispanic/non-Hispanic",Personal/family savings of owner(s),2680,191968
"Arts, entertainment, and recreation","Nonveteran, equally Hispanic/non-Hispanic",Personal/family assets other than savings of owner(s),436,40715
"Arts, entertainment, and recreation","Nonveteran, equally Hispanic/non-Hispanic",Personal/family home equity loan,174,S
"Arts, entertainment, and recreation","Nonveteran, equally Hispanic/non-Hispanic",Personal credit card(s) carrying balances,625,S
"Arts, entertainment, and recreation","Nonveteran, equally Hispanic/non-Hispanic",Business credit card(s) carrying balances,340,S
"Arts, entertainment, and recreation","Nonveteran, equally Hispanic/non-Hispanic","Business loan from federal, state, or local government",0,0
"Arts, entertainment, and recreation","Nonveteran, equally Hispanic/non-Hispanic",Government-guaranteed business loan from a bank or financial institution,2,S
"Arts, entertainment, and recreation","Nonveteran, equally Hispanic/non-Hispanic",Business loan from a bank or financial institution,224,19765
"Arts, entertainment, and recreation","Nonveteran, equally Hispanic/non-Hispanic",Business loan/investment from family/friends,92,S
"Arts, entertainment, and recreation","Nonveteran, equally Hispanic/non-Hispanic",Investment by venture capitalist(s),11,S
"Arts, entertainment, and recreation","Nonveteran, equally Hispanic/non-Hispanic",Grants,0,0
"Arts, entertainment, and recreation","Nonveteran, equally Hispanic/non-Hispanic",Other source(s) of capital,206,4119
"Arts, entertainment, and recreation","Nonveteran, equally Hispanic/non-Hispanic",Don't know,89,S
"Arts, entertainment, and recreation","Nonveteran, equally Hispanic/non-Hispanic",None needed,611,40336
"Arts, entertainment, and recreation","Nonveteran, equally Hispanic/non-Hispanic",Total reporting,3658,294909
"Arts, entertainment, and recreation","Nonveteran, equally Hispanic/non-Hispanic",Item not reported,100,S
"Arts, entertainment, and recreation","Nonveteran, non-Hispanic",All firms,1076648,103778327
"Arts, entertainment, and recreation","Nonveteran, non-Hispanic",Personal/family savings of owner(s),389220,35874665
"Arts, entertainment, and recreation","Nonveteran, non-Hispanic",Personal/family assets other than savings of owner(s),32668,4453402
"Arts, entertainment, and recreation","Nonveteran, non-Hispanic",Personal/family home equity loan,10503,2352853
"Arts, entertainment, and recreation","Nonveteran, non-Hispanic",Personal credit card(s) carrying balances,57138,3465433
"Arts, entertainment, and recreation","Nonveteran, non-Hispanic",Business credit card(s) carrying balances,11531,1153016
"Arts, entertainment, and recreation","Nonveteran, non-Hispanic","Business loan from federal, state, or local government",671,109452
"Arts, entertainment, and recreation","Nonveteran, non-Hispanic",Government-guaranteed business loan from a bank or financial institution,1949,1000239
"Arts, entertainment, and recreation","Nonveteran, non-Hispanic",Business loan from a bank or financial institution,18964,10596667
"Arts, entertainment, and recreation","Nonveteran, non-Hispanic",Business loan/investment from family/friends,7748,2904510
"Arts, entertainment, and recreation","Nonveteran, non-Hispanic",Investment by venture capitalist(s),1729,S
"Arts, entertainment, and recreation","Nonveteran, non-Hispanic",Grants,4631,111336
"Arts, entertainment, and recreation","Nonveteran, non-Hispanic",Other source(s) of capital,12497,2196774
"Arts, entertainment, and recreation","Nonveteran, non-Hispanic",Don't know,39945,16937096
"Arts, entertainment, and recreation","Nonveteran, non-Hispanic",None needed,278651,8599929
"Arts, entertainment, and recreation","Nonveteran, non-Hispanic",Total reporting,747169(r),70667338(r)
"Arts, entertainment, and recreation","Nonveteran, non-Hispanic",Item not reported,13889(r),579588(r)
"Arts, entertainment, and recreation","Nonveteran, White",All firms,994996,100631258
"Arts, entertainment, and recreation","Nonveteran, White",Personal/family savings of owner(s),371051,35030818
"Arts, entertainment, and recreation","Nonveteran, White",Personal/family assets other than savings of owner(s),30772,4389986
"Arts, entertainment, and recreation","Nonveteran, White",Personal/family home equity loan,10267,2356151
"Arts, entertainment, and recreation","Nonveteran, White",Personal credit card(s) carrying balances,54705,3426014
"Arts, entertainment, and recreation","Nonveteran, White",Business credit card(s) carrying balances,11098,1185229
"Arts, entertainment, and recreation","Nonveteran, White","Business loan from federal, state, or local government",698,104486
"Arts, entertainment, and recreation","Nonveteran, White",Government-guaranteed business loan from a bank or financial institution,1901,985054
"Arts, entertainment, and recreation","Nonveteran, White",Business loan from a bank or financial institution,18426,10498939
"Arts, entertainment, and recreation","Nonveteran, White",Business loan/investment from family/friends,7053,2761370
"Arts, entertainment, and recreation","Nonveteran, White",Investment by venture capitalist(s),1654,S
"Arts, entertainment, and recreation","Nonveteran, White",Grants,3980,104795
"Arts, entertainment, and recreation","Nonveteran, White",Other source(s) of capital,10837,2103424
"Arts, entertainment, and recreation","Nonveteran, White",Don't know,36701,16511765
"Arts, entertainment, and recreation","Nonveteran, White",None needed,266299,8258723
"Arts, entertainment, and recreation","Nonveteran, White",Total reporting,710423(r),68786841(r)
"Arts, entertainment, and recreation","Nonveteran, White",Item not reported,12505(r),531431(r)
"Arts, entertainment, and recreation","Nonveteran, Black or African American",All firms,109863,3410566
"Arts, entertainment, and recreation","Nonveteran, Black or African American",Personal/family savings of owner(s),22138,915206
"Arts, entertainment, and recreation","Nonveteran, Black or African American",Personal/family assets other than savings of owner(s),2308,64427
"Arts, entertainment, and recreation","Nonveteran, Black or African American",Personal/family home equity loan,160,6052
"Arts, entertainment, and recreation","Nonveteran, Black or African American",Personal credit card(s) carrying balances,3724,113573
"Arts, entertainment, and recreation","Nonveteran, Black or African American",Business credit card(s) carrying balances,832,37700
"Arts, entertainment, and recreation","Nonveteran, Black or African American","Business loan from federal, state, or local government",0,0
"Arts, entertainment, and recreation","Nonveteran, Black or African American",Government-guaranteed business loan from a bank or financial institution,12,S
"Arts, entertainment, and recreation","Nonveteran, Black or African American",Business loan from a bank or financial institution,699,46224
"Arts, entertainment, and recreation","Nonveteran, Black or African American",Business loan/investment from family/friends,467,24815
"Arts, entertainment, and recreation","Nonveteran, Black or African American",Investment by venture capitalist(s),74,668
"Arts, entertainment, and recreation","Nonveteran, Black or African American",Grants,446,4859
"Arts, entertainment, and recreation","Nonveteran, Black or African American",Other source(s) of capital,1318,81718
"Arts, entertainment, and recreation","Nonveteran, Black or African American",Don't know,3033,242785
"Arts, entertainment, and recreation","Nonveteran, Black or African American",None needed,17063,385591
"Arts, entertainment, and recreation","Nonveteran, Black or African American",Total reporting,45186(r),1649833(r)
"Arts, entertainment, and recreation","Nonveteran, Black or African American",Item not reported,1913(r),46732(r)
"Arts, entertainment, and recreation","Nonveteran, American Indian and Alaska Native",All firms,14457,418862
"Arts, entertainment, and recreation","Nonveteran, American Indian and Alaska Native",Personal/family savings of owner(s),3681,103383
"Arts, entertainment, and recreation","Nonveteran, American Indian and Alaska Native",Personal/family assets other than savings of owner(s),244,11607
"Arts, entertainment, and recreation","Nonveteran, American Indian and Alaska Native",Personal/family home equity loan,27,2706
"Arts, entertainment, and recreation","Nonveteran, American Indian and Alaska Native",Personal credit card(s) carrying balances,848,24367
"Arts, entertainment, and recreation","Nonveteran, American Indian and Alaska Native",Business credit card(s) carrying balances,78,S
"Arts, entertainment, and recreation","Nonveteran, American Indian and Alaska Native","Business loan from federal, state, or local government",13,S
"Arts, entertainment, and recreation","Nonveteran, American Indian and Alaska Native",Government-guaranteed business loan from a bank or financial institution,4,S
"Arts, entertainment, and recreation","Nonveteran, American Indian and Alaska Native",Business loan from a bank or financial institution,95,9413
"Arts, entertainment, and recreation","Nonveteran, American Indian and Alaska Native",Business loan/investment from family/friends,86,S
"Arts, entertainment, and recreation","Nonveteran, American Indian and Alaska Native",Investment by venture capitalist(s),0,0
"Arts, entertainment, and recreation","Nonveteran, American Indian and Alaska Native",Grants,216,3886
"Arts, entertainment, and recreation","Nonveteran, American Indian and Alaska Native",Other source(s) of capital,207,8670
"Arts, entertainment, and recreation","Nonveteran, American Indian and Alaska Native",Don't know,198,38701
"Arts, entertainment, and recreation","Nonveteran, American Indian and Alaska Native",None needed,3347,58813
"Arts, entertainment, and recreation","Nonveteran, American Indian and Alaska Native",Total reporting,7787(r),227146(r)
"Arts, entertainment, and recreation","Nonveteran, American Indian and Alaska Native",Item not reported,291(r),S
"Arts, entertainment, and recreation","Nonveteran, Asian",All firms,52428,2887650
"Arts, entertainment, and recreation","Nonveteran, Asian",Personal/family savings of owner(s),18071,1023724
"Arts, entertainment, and recreation","Nonveteran, Asian",Personal/family assets other than savings of owner(s),1726,128736
"Arts, entertainment, and recreation","Nonveteran, Asian",Personal/family home equity loan,544,52606
"Arts, entertainment, and recreation","Nonveteran, Asian",Personal credit card(s) carrying balances,3040,116518
"Arts, entertainment, and recreation","Nonveteran, Asian",Business credit card(s) carrying balances,296,14447
"Arts, entertainment, and recreation","Nonveteran, Asian","Business loan from federal, state, or local government",34,S
"Arts, entertainment, and recreation","Nonveteran, Asian",Government-guaranteed business loan from a bank or financial institution,30,S
"Arts, entertainment, and recreation","Nonveteran, Asian",Business loan from a bank or financial institution,260,130080
"Arts, entertainment, and recreation","Nonveteran, Asian",Business loan/investment from family/friends,489,S
"Arts, entertainment, and recreation","Nonveteran, Asian",Investment by venture capitalist(s),22,S
"Arts, entertainment, and recreation","Nonveteran, Asian",Grants,123,S
"Arts, entertainment, and recreation","Nonveteran, Asian",Other source(s) of capital,615,31899
"Arts, entertainment, and recreation","Nonveteran, Asian",Don't know,2277,324317
"Arts, entertainment, and recreation","Nonveteran, Asian",None needed,9506,213409
"Arts, entertainment, and recreation","Nonveteran, Asian",Total reporting,31170(r),1800854(r)
"Arts, entertainment, and recreation","Nonveteran, Asian",Item not reported,565(r),9272(r)
"Arts, entertainment, and recreation","Nonveteran, Native Hawaiian and Other Pacific Islander",All firms,3178,270320
"Arts, entertainment, and recreation","Nonveteran, Native Hawaiian and Other Pacific Islander",Personal/family savings of owner(s),1030,43883
"Arts, entertainment, and recreation","Nonveteran, Native Hawaiian and Other Pacific Islander",Personal/family assets other than savings of owner(s),148,S
"Arts, entertainment, and recreation","Nonveteran, Native Hawaiian and Other Pacific Islander",Personal/family home equity loan,68,S
"Arts, entertainment, and recreation","Nonveteran, Native Hawaiian and Other Pacific Islander",Personal credit card(s) carrying balances,407,S
"Arts, entertainment, and recreation","Nonveteran, Native Hawaiian and Other Pacific Islander",Business credit card(s) carrying balances,6,S
"Arts, entertainment, and recreation","Nonveteran, Native Hawaiian and Other Pacific Islander","Business loan from federal, state, or local government",14,S
"Arts, entertainment, and recreation","Nonveteran, Native Hawaiian and Other Pacific Islander",Government-guaranteed business loan from a bank or financial institution,0,0
"Arts, entertainment, and recreation","Nonveteran, Native Hawaiian and Other Pacific Islander",Business loan from a bank or financial institution,15,S
"Arts, entertainment, and recreation","Nonveteran, Native Hawaiian and Other Pacific Islander",Business loan/investment from family/friends,130,S
"Arts, entertainment, and recreation","Nonveteran, Native Hawaiian and Other Pacific Islander",Investment by venture capitalist(s),0,0
"Arts, entertainment, and recreation","Nonveteran, Native Hawaiian and Other Pacific Islander",Grants,0,0
"Arts, entertainment, and recreation","Nonveteran, Native Hawaiian and Other Pacific Islander",Other source(s) of capital,0,0
"Arts, entertainment, and recreation","Nonveteran, Native Hawaiian and Other Pacific Islander",Don't know,148,5222
"Arts, entertainment, and recreation","Nonveteran, Native Hawaiian and Other Pacific Islander",None needed,663,21605
"Arts, entertainment, and recreation","Nonveteran, Native Hawaiian and Other Pacific Islander",Total reporting,1965,83606
"Arts, entertainment, and recreation","Nonveteran, Native Hawaiian and Other Pacific Islander",Item not reported,14,S
"Arts, entertainment, and recreation","Nonveteran, some other race",All firms,29553,869060
"Arts, entertainment, and recreation","Nonveteran, some other race",Personal/family savings of owner(s),5149,170027
"Arts, entertainment, and recreation","Nonveteran, some other race",Personal/family assets other than savings of owner(s),396,19613
"Arts, entertainment, and recreation","Nonveteran, some other race",Personal/family home equity loan,81,6478
"Arts, entertainment, and recreation","Nonveteran, some other race",Personal credit card(s) carrying balances,1012,16998
"Arts, entertainment, and recreation","Nonveteran, some other race",Business credit card(s) carrying balances,123,S
"Arts, entertainment, and recreation","Nonveteran, some other race","Business loan from federal, state, or local government",0,0
"Arts, entertainment, and recreation","Nonveteran, some other race",Government-guaranteed business loan from a bank or financial institution,2,S
"Arts, entertainment, and recreation","Nonveteran, some other race",Business loan from a bank or financial institution,226,14542
"Arts, entertainment, and recreation","Nonveteran, some other race",Business loan/investment from family/friends,32,S
"Arts, entertainment, and recreation","Nonveteran, some other race",Investment by venture capitalist(s),0,0
"Arts, entertainment, and recreation","Nonveteran, some other race",Grants,85,S
"Arts, entertainment, and recreation","Nonveteran, some other race",Other source(s) of capital,364,11039
"Arts, entertainment, and recreation","Nonveteran, some other race",Don't know,1064,22434
"Arts, entertainment, and recreation","Nonveteran, some other race",None needed,4599,107402
"Arts, entertainment, and recreation","Nonveteran, some other race",Total reporting,11468(r),331167(r)
"Arts, entertainment, and recreation","Nonveteran, some other race",Item not reported,485(r),S
"Arts, entertainment, and recreation","Nonveteran, minority",All firms,265236,10247095
"Arts, entertainment, and recreation","Nonveteran, minority",Personal/family savings of owner(s),65444,3110669
"Arts, entertainment, and recreation","Nonveteran, minority",Personal/family assets other than savings of owner(s),6133,321800
"Arts, entertainment, and recreation","Nonveteran, minority",Personal/family home equity loan,1160,85096
"Arts, entertainment, and recreation","Nonveteran, minority",Personal credit card(s) carrying balances,11298,376456
"Arts, entertainment, and recreation","Nonveteran, minority",Business credit card(s) carrying balances,1768,86004
"Arts, entertainment, and recreation","Nonveteran, minority","Business loan from federal, state, or local government",108,S
"Arts, entertainment, and recreation","Nonveteran, minority",Government-guaranteed business loan from a bank or financial institution,48,S
"Arts, entertainment, and recreation","Nonveteran, minority",Business loan from a bank or financial institution,1540,262708
"Arts, entertainment, and recreation","Nonveteran, minority",Business loan/investment from family/friends,1455,209017
"Arts, entertainment, and recreation","Nonveteran, minority",Investment by venture capitalist(s),106,S
"Arts, entertainment, and recreation","Nonveteran, minority",Grants,1004,14395
"Arts, entertainment, and recreation","Nonveteran, minority",Other source(s) of capital,2811,147071
"Arts, entertainment, and recreation","Nonveteran, minority",Don't know,8175,711208
"Arts, entertainment, and recreation","Nonveteran, minority",None needed,44379,1027905
"Arts, entertainment, and recreation","Nonveteran, minority",Total reporting,124772(r),5322840(r)
"Arts, entertainment, and recreation","Nonveteran, minority",Item not reported,3659(r),81567(r)
"Arts, entertainment, and recreation","Nonveteran, equally minority/nonminority",All firms,8712,896037
"Arts, entertainment, and recreation","Nonveteran, equally minority/nonminority",Personal/family savings of owner(s),4779,438846
"Arts, entertainment, and recreation","Nonveteran, equally minority/nonminority",Personal/family assets other than savings of owner(s),705,91625
"Arts, entertainment, and recreation","Nonveteran, equally minority/nonminority",Personal/family home equity loan,323,72059
"Arts, entertainment, and recreation","Nonveteran, equally minority/nonminority",Personal credit card(s) carrying balances,772,S
"Arts, entertainment, and recreation","Nonveteran, equally minority/nonminority",Business credit card(s) carrying balances,401,S
"Arts, entertainment, and recreation","Nonveteran, equally minority/nonminority","Business loan from federal, state, or local government",2,S
"Arts, entertainment, and recreation","Nonveteran, equally minority/nonminority",Government-guaranteed business loan from a bank or financial institution,18,6886
"Arts, entertainment, and recreation","Nonveteran, equally minority/nonminority",Business loan from a bank or financial institution,327,46522
"Arts, entertainment, and recreation","Nonveteran, equally minority/nonminority",Business loan/investment from family/friends,136,S
"Arts, entertainment, and recreation","Nonveteran, equally minority/nonminority",Investment by venture capitalist(s),11,S
"Arts, entertainment, and recreation","Nonveteran, equally minority/nonminority",Grants,65,S
"Arts, entertainment, and recreation","Nonveteran, equally minority/nonminority",Other source(s) of capital,204,14340
"Arts, entertainment, and recreation","Nonveteran, equally minority/nonminority",Don't know,268,57327
"Arts, entertainment, and recreation","Nonveteran, equally minority/nonminority",None needed,1177,61977
"Arts, entertainment, and recreation","Nonveteran, equally minority/nonminority",Total reporting,6642,623484
"Arts, entertainment, and recreation","Nonveteran, equally minority/nonminority",Item not reported,114,S
"Arts, entertainment, and recreation","Nonveteran, nonminority",All firms,902723,96542939
"Arts, entertainment, and recreation","Nonveteran, nonminority",Personal/family savings of owner(s),344520,33640192
"Arts, entertainment, and recreation","Nonveteran, nonminority",Personal/family assets other than savings of owner(s),28113,4197483
"Arts, entertainment, and recreation","Nonveteran, nonminority",Personal/family home equity loan,9635,2267831
"Arts, entertainment, and recreation","Nonveteran, nonminority",Personal credit card(s) carrying balances,49619,3202197
"Arts, entertainment, and recreation","Nonveteran, nonminority",Business credit card(s) carrying balances,10347,1101038
"Arts, entertainment, and recreation","Nonveteran, nonminority","Business loan from federal, state, or local government",623,103327
"Arts, entertainment, and recreation","Nonveteran, nonminority",Government-guaranteed business loan from a bank or financial institution,1887,979953
"Arts, entertainment, and recreation","Nonveteran, nonminority",Business loan from a bank or financial institution,17819,10388771
"Arts, entertainment, and recreation","Nonveteran, nonminority",Business loan/investment from family/friends,6576,2718016
"Arts, entertainment, and recreation","Nonveteran, nonminority",Investment by venture capitalist(s),1633,S
"Arts, entertainment, and recreation","Nonveteran, nonminority",Grants,3770,100429
"Arts, entertainment, and recreation","Nonveteran, nonminority",Other source(s) of capital,10328,2077820
"Arts, entertainment, and recreation","Nonveteran, nonminority",Don't know,34456,16334084
"Arts, entertainment, and recreation","Nonveteran, nonminority",None needed,249099,7870355
"Arts, entertainment, and recreation","Nonveteran, nonminority",Total reporting,662457(r),66684431(r)
"Arts, entertainment, and recreation","Nonveteran, nonminority",Item not reported,11366(r),513859(r)
"Arts, entertainment, and recreation","All firms classifiable by gender, ethnicity, race, and veteran status",All firms,1296039,118949215
"Arts, entertainment, and recreation","All firms classifiable by gender, ethnicity, race, and veteran status",Personal/family savings of owner(s),457361,42781680
"Arts, entertainment, and recreation","All firms classifiable by gender, ethnicity, race, and veteran status",Personal/family assets other than savings of owner(s),39763,5380473
"Arts, entertainment, and recreation","All firms classifiable by gender, ethnicity, race, and veteran status",Personal/family home equity loan,12787,2837543
"Arts, entertainment, and recreation","All firms classifiable by gender, ethnicity, race, and veteran status",Personal credit card(s) carrying balances,68062,4054633
"Arts, entertainment, and recreation","All firms classifiable by gender, ethnicity, race, and veteran status",Business credit card(s) carrying balances,14016,1387048
"Arts, entertainment, and recreation","All firms classifiable by gender, ethnicity, race, and veteran status","Business loan from federal, state, or local government",774,121709
"Arts, entertainment, and recreation","All firms classifiable by gender, ethnicity, race, and veteran status",Government-guaranteed business loan from a bank or financial institution,2341,1096592
"Arts, entertainment, and recreation","All firms classifiable by gender, ethnicity, race, and veteran status",Business loan from a bank or financial institution,22486,12630837
"Arts, entertainment, and recreation","All firms classifiable by gender, ethnicity, race, and veteran status",Business loan/investment from family/friends,8801,3144136
"Arts, entertainment, and recreation","All firms classifiable by gender, ethnicity, race, and veteran status",Investment by venture capitalist(s),1792,S
"Arts, entertainment, and recreation","All firms classifiable by gender, ethnicity, race, and veteran status",Grants,5043,118188
"Arts, entertainment, and recreation","All firms classifiable by gender, ethnicity, race, and veteran status",Other source(s) of capital,14581,2414335
"Arts, entertainment, and recreation","All firms classifiable by gender, ethnicity, race, and veteran status",Don't know,45129,19125348
"Arts, entertainment, and recreation","All firms classifiable by gender, ethnicity, race, and veteran status",None needed,319100,9580003
"Arts, entertainment, and recreation","All firms classifiable by gender, ethnicity, race, and veteran status",Total reporting,868375(r),81773343(r)
"Arts, entertainment, and recreation","All firms classifiable by gender, ethnicity, race, and veteran status",Item not reported,16916(r),683067(r)
"Arts, entertainment, and recreation","Publicly held and other firms not classifiable by gender, ethnicity, race, and veteran status",All firms,32148,98863785
"Arts, entertainment, and recreation","Publicly held and other firms not classifiable by gender, ethnicity, race, and veteran status",Personal/family savings of owner(s),279,S
"Arts, entertainment, and recreation","Publicly held and other firms not classifiable by gender, ethnicity, race, and veteran status",Personal/family assets other than savings of owner(s),0,0
"Arts, entertainment, and recreation","Publicly held and other firms not classifiable by gender, ethnicity, race, and veteran status",Personal/family home equity loan,0,0
"Arts, entertainment, and recreation","Publicly held and other firms not classifiable by gender, ethnicity, race, and veteran status",Personal credit card(s) carrying balances,0,0
"Arts, entertainment, and recreation","Publicly held and other firms not classifiable by gender, ethnicity, race, and veteran status",Business credit card(s) carrying balances,0,0
"Arts, entertainment, and recreation","Publicly held and other firms not classifiable by gender, ethnicity, race, and veteran status","Business loan from federal, state, or local government",51,S
"Arts, entertainment, and recreation","Publicly held and other firms not classifiable by gender, ethnicity, race, and veteran status",Government-guaranteed business loan from a bank or financial institution,2,S
"Arts, entertainment, and recreation","Publicly held and other firms not classifiable by gender, ethnicity, race, and veteran status",Business loan from a bank or financial institution,71,S
"Arts, entertainment, and recreation","Publicly held and other firms not classifiable by gender, ethnicity, race, and veteran status",Business loan/investment from family/friends,56,S
"Arts, entertainment, and recreation","Publicly held and other firms not classifiable by gender, ethnicity, race, and veteran status",Investment by venture capitalist(s),4,157635
"Arts, entertainment, and recreation","Publicly held and other firms not classifiable by gender, ethnicity, race, and veteran status",Grants,71,S
"Arts, entertainment, and recreation","Publicly held and other firms not classifiable by gender, ethnicity, race, and veteran status",Other source(s) of capital,78,S
"Arts, entertainment, and recreation","Publicly held and other firms not classifiable by gender, ethnicity, race, and veteran status",Don't know,634,6475700
"Arts, entertainment, and recreation","Publicly held and other firms not classifiable by gender, ethnicity, race, and veteran status",None needed,542,S
"Arts, entertainment, and recreation","Publicly held and other firms not classifiable by gender, ethnicity, race, and veteran status",Total reporting,1644(r),7608530(r)
"Arts, entertainment, and recreation","Publicly held and other firms not classifiable by gender, ethnicity, race, and veteran status",Item not reported,11314(r),36850383(r)
Accommodation and food services,All firms,All firms,834182,715841499
Accommodation and food services,All firms,Personal/family savings of owner(s),281721,175385833
Accommodation and food services,All firms,Personal/family assets other than savings of owner(s),45485,38645824
Accommodation and food services,All firms,Personal/family home equity loan,35988,21524301
Accommodation and food services,All firms,Personal credit card(s) carrying balances,40689,16214417
Accommodation and food services,All firms,Business credit card(s) carrying balances,13884,7303702
Accommodation and food services,All firms,"Business loan from federal, state, or local government",3380,2051761
Accommodation and food services,All firms,Government-guaranteed business loan from a bank or financial institution,12918,11918782
Accommodation and food services,All firms,Business loan from a bank or financial institution,83150,95164277
Accommodation and food services,All firms,Business loan/investment from family/friends,27891,20777229
Accommodation and food services,All firms,Investment by venture capitalist(s),2339,3187510
Accommodation and food services,All firms,Grants,531,170431
Accommodation and food services,All firms,Other source(s) of capital,14399,11663653
Accommodation and food services,All firms,Don't know,42265,80071965
Accommodation and food services,All firms,None needed,37412,9520892
Accommodation and food services,All firms,Total reporting,440602(r),329945209(r)
Accommodation and food services,All firms,Item not reported,19373(r),132165153(r)
Accommodation and food services,Female-owned,All firms,265547,69029041
Accommodation and food services,Female-owned,Personal/family savings of owner(s),76378,22560477
Accommodation and food services,Female-owned,Personal/family assets other than savings of owner(s),11566,4467990
Accommodation and food services,Female-owned,Personal/family home equity loan,8346,3400317
Accommodation and food services,Female-owned,Personal credit card(s) carrying balances,12830,3230090
Accommodation and food services,Female-owned,Business credit card(s) carrying balances,4550,1605462
Accommodation and food services,Female-owned,"Business loan from federal, state, or local government",1014,428082
Accommodation and food services,Female-owned,Government-guaranteed business loan from a bank or financial institution,2787,2103299
Accommodation and food services,Female-owned,Business loan from a bank or financial institution,15048,10069016
Accommodation and food services,Female-owned,Business loan/investment from family/friends,6133,2969754
Accommodation and food services,Female-owned,Investment by venture capitalist(s),515,377649
Accommodation and food services,Female-owned,Grants,187,13755
Accommodation and food services,Female-owned,Other source(s) of capital,4218,1324991
Accommodation and food services,Female-owned,Don't know,9493,6690794
Accommodation and food services,Female-owned,None needed,18768,1427001
Accommodation and food services,Female-owned,Total reporting,124537(r),38628177(r)
Accommodation and food services,Female-owned,Item not reported,3993(r),348786(r)
Accommodation and food services,Male-owned,All firms,415186,340778132
Accommodation and food services,Male-owned,Personal/family savings of owner(s),142920,120418632
Accommodation and food services,Male-owned,Personal/family assets other than savings of owner(s),20851,25346035
Accommodation and food services,Male-owned,Personal/family home equity loan,15433,12066307
Accommodation and food services,Male-owned,Personal credit card(s) carrying balances,18380,8682847
Accommodation and food services,Male-owned,Business credit card(s) carrying balances,6449,4106368
Accommodation and food services,Male-owned,"Business loan from federal, state, or local government",1180,859211
Accommodation and food services,Male-owned,Government-guaranteed business loan from a bank or financial institution,5719,5975110
Accommodation and food services,Male-owned,Business loan from a bank or financial institution,44426,66614013
Accommodation and food services,Male-owned,Business loan/investment from family/friends,15058,13576035
Accommodation and food services,Male-owned,Investment by venture capitalist(s),1441,2221285
Accommodation and food services,Male-owned,Grants,159,86194
Accommodation and food services,Male-owned,Other source(s) of capital,7270,8717904
Accommodation and food services,Male-owned,Don't know,26672,51016339
Accommodation and food services,Male-owned,None needed,14788,5158702
Accommodation and food services,Male-owned,Total reporting,223431(r),222091107(r)
Accommodation and food services,Male-owned,Item not reported,4221(r),1712923(r)
Accommodation and food services,Equally male-/female-owned,All firms,138095,77317364
Accommodation and food services,Equally male-/female-owned,Personal/family savings of owner(s),62126,30736654
Accommodation and food services,Equally male-/female-owned,Personal/family assets other than savings of owner(s),12923,8118843
Accommodation and food services,Equally male-/female-owned,Personal/family home equity loan,12148,6030594
Accommodation and food services,Equally male-/female-owned,Personal credit card(s) carrying balances,9439,4278254
Accommodation and food services,Equally male-/female-owned,Business credit card(s) carrying balances,2805,1549734
Accommodation and food services,Equally male-/female-owned,"Business loan from federal, state, or local government",1176,763868
Accommodation and food services,Equally male-/female-owned,Government-guaranteed business loan from a bank or financial institution,4399,3823658
Accommodation and food services,Equally male-/female-owned,Business loan from a bank or financial institution,23513,17688791
Accommodation and food services,Equally male-/female-owned,Business loan/investment from family/friends,6678,4167750
Accommodation and food services,Equally male-/female-owned,Investment by venture capitalist(s),336,192570
Accommodation and food services,Equally male-/female-owned,Grants,175,S
Accommodation and food services,Equally male-/female-owned,Other source(s) of capital,2882,1478728
Accommodation and food services,Equally male-/female-owned,Don't know,5642,5719507
Accommodation and food services,Equally male-/female-owned,None needed,3701,748567
Accommodation and food services,Equally male-/female-owned,Total reporting,91462(r),48149019(r)
Accommodation and food services,Equally male-/female-owned,Item not reported,329(r),149679(r)
Accommodation and food services,Hispanic,All firms,100176,28424294
Accommodation and food services,Hispanic,Personal/family savings of owner(s),22766,8749408
Accommodation and food services,Hispanic,Personal/family assets other than savings of owner(s),3189,1391240
Accommodation and food services,Hispanic,Personal/family home equity loan,1970,858564
Accommodation and food services,Hispanic,Personal credit card(s) carrying balances,4086,1230193
Accommodation and food services,Hispanic,Business credit card(s) carrying balances,930,440169
Accommodation and food services,Hispanic,"Business loan from federal, state, or local government",187,S
Accommodation and food services,Hispanic,Government-guaranteed business loan from a bank or financial institution,595,485970
Accommodation and food services,Hispanic,Business loan from a bank or financial institution,3181,3011064
Accommodation and food services,Hispanic,Business loan/investment from family/friends,1624,1209251
Accommodation and food services,Hispanic,Investment by venture capitalist(s),159,S
Accommodation and food services,Hispanic,Grants,21,S
Accommodation and food services,Hispanic,Other source(s) of capital,857,270536
Accommodation and food services,Hispanic,Don't know,3281,2750948
Accommodation and food services,Hispanic,None needed,4249,813593
Accommodation and food services,Hispanic,Total reporting,34593(r),14525110(r)
Accommodation and food services,Hispanic,Item not reported,1382(r),212708(r)
Accommodation and food services,"Hispanic, female-owned",All firms,43891,4675216
Accommodation and food services,"Hispanic, female-owned",Personal/family savings of owner(s),7286,1505528
Accommodation and food services,"Hispanic, female-owned",Personal/family assets other than savings of owner(s),967,226415
Accommodation and food services,"Hispanic, female-owned",Personal/family home equity loan,532,171999
Accommodation and food services,"Hispanic, female-owned",Personal credit card(s) carrying balances,1176,176794
Accommodation and food services,"Hispanic, female-owned",Business credit card(s) carrying balances,269,S
Accommodation and food services,"Hispanic, female-owned","Business loan from federal, state, or local government",141,S
Accommodation and food services,"Hispanic, female-owned",Government-guaranteed business loan from a bank or financial institution,193,S
Accommodation and food services,"Hispanic, female-owned",Business loan from a bank or financial institution,901,444201
Accommodation and food services,"Hispanic, female-owned",Business loan/investment from family/friends,488,S
Accommodation and food services,"Hispanic, female-owned",Investment by venture capitalist(s),21,S
Accommodation and food services,"Hispanic, female-owned",Grants,21,S
Accommodation and food services,"Hispanic, female-owned",Other source(s) of capital,336,52038
Accommodation and food services,"Hispanic, female-owned",Don't know,680,213416
Accommodation and food services,"Hispanic, female-owned",None needed,1890,43231
Accommodation and food services,"Hispanic, female-owned",Total reporting,11407(r),2332163(r)
Accommodation and food services,"Hispanic, female-owned",Item not reported,652(r),S
Accommodation and food services,"Hispanic, male-owned",All firms,48058,19528425
Accommodation and food services,"Hispanic, male-owned",Personal/family savings of owner(s),12530,5716017
Accommodation and food services,"Hispanic, male-owned",Personal/family assets other than savings of owner(s),1854,871661
Accommodation and food services,"Hispanic, male-owned",Personal/family home equity loan,1052,503321
Accommodation and food services,"Hispanic, male-owned",Personal credit card(s) carrying balances,2292,721412
Accommodation and food services,"Hispanic, male-owned",Business credit card(s) carrying balances,524,221317
Accommodation and food services,"Hispanic, male-owned","Business loan from federal, state, or local government",46,S
Accommodation and food services,"Hispanic, male-owned",Government-guaranteed business loan from a bank or financial institution,371,287008
Accommodation and food services,"Hispanic, male-owned",Business loan from a bank or financial institution,1947,2263625
Accommodation and food services,"Hispanic, male-owned",Business loan/investment from family/friends,989,850190
Accommodation and food services,"Hispanic, male-owned",Investment by venture capitalist(s),116,S
Accommodation and food services,"Hispanic, male-owned",Grants,0,0
Accommodation and food services,"Hispanic, male-owned",Other source(s) of capital,438,138644
Accommodation and food services,"Hispanic, male-owned",Don't know,2184,2241065
Accommodation and food services,"Hispanic, male-owned",None needed,2169,S
Accommodation and food services,"Hispanic, male-owned",Total reporting,19168(r),10110598(r)
Accommodation and food services,"Hispanic, male-owned",Item not reported,708(r),140748(r)
Accommodation and food services,"Hispanic, equally male-/female-owned",All firms,8226,4220653
Accommodation and food services,"Hispanic, equally male-/female-owned",Personal/family savings of owner(s),2949,1527863
Accommodation and food services,"Hispanic, equally male-/female-owned",Personal/family assets other than savings of owner(s),368,293165
Accommodation and food services,"Hispanic, equally male-/female-owned",Personal/family home equity loan,386,183244
Accommodation and food services,"Hispanic, equally male-/female-owned",Personal credit card(s) carrying balances,618,331987
Accommodation and food services,"Hispanic, equally male-/female-owned",Business credit card(s) carrying balances,137,81546
Accommodation and food services,"Hispanic, equally male-/female-owned","Business loan from federal, state, or local government",0,0
Accommodation and food services,"Hispanic, equally male-/female-owned",Government-guaranteed business loan from a bank or financial institution,30,S
Accommodation and food services,"Hispanic, equally male-/female-owned",Business loan from a bank or financial institution,333,303238
Accommodation and food services,"Hispanic, equally male-/female-owned",Business loan/investment from family/friends,147,59567
Accommodation and food services,"Hispanic, equally male-/female-owned",Investment by venture capitalist(s),22,S
Accommodation and food services,"Hispanic, equally male-/female-owned",Grants,0,0
Accommodation and food services,"Hispanic, equally male-/female-owned",Other source(s) of capital,82,S
Accommodation and food services,"Hispanic, equally male-/female-owned",Don't know,417,S
Accommodation and food services,"Hispanic, equally male-/female-owned",None needed,191,S
Accommodation and food services,"Hispanic, equally male-/female-owned",Total reporting,4018,2082349
Accommodation and food services,"Hispanic, equally male-/female-owned",Item not reported,22,S
Accommodation and food services,Equally Hispanic/non-Hispanic,All firms,7131,4508845
Accommodation and food services,Equally Hispanic/non-Hispanic,Personal/family savings of owner(s),3389,2558936
Accommodation and food services,Equally Hispanic/non-Hispanic,Personal/family assets other than savings of owner(s),477,348715
Accommodation and food services,Equally Hispanic/non-Hispanic,Personal/family home equity loan,674,321179
Accommodation and food services,Equally Hispanic/non-Hispanic,Personal credit card(s) carrying balances,735,234077
Accommodation and food services,Equally Hispanic/non-Hispanic,Business credit card(s) carrying balances,367,110443
Accommodation and food services,Equally Hispanic/non-Hispanic,"Business loan from federal, state, or local government",60,111537
Accommodation and food services,Equally Hispanic/non-Hispanic,Government-guaranteed business loan from a bank or financial institution,333,186337
Accommodation and food services,Equally Hispanic/non-Hispanic,Business loan from a bank or financial institution,829,1137474
Accommodation and food services,Equally Hispanic/non-Hispanic,Business loan/investment from family/friends,430,340954
Accommodation and food services,Equally Hispanic/non-Hispanic,Investment by venture capitalist(s),11,S
Accommodation and food services,Equally Hispanic/non-Hispanic,Grants,0,0
Accommodation and food services,Equally Hispanic/non-Hispanic,Other source(s) of capital,143,96351
Accommodation and food services,Equally Hispanic/non-Hispanic,Don't know,240,S
Accommodation and food services,Equally Hispanic/non-Hispanic,None needed,91,S
Accommodation and food services,Equally Hispanic/non-Hispanic,Total reporting,4661,3470150
Accommodation and food services,Equally Hispanic/non-Hispanic,Item not reported,0,0
Accommodation and food services,"Equally Hispanic/non-Hispanic, female-owned",All firms,251,62935
Accommodation and food services,"Equally Hispanic/non-Hispanic, female-owned",Personal/family savings of owner(s),77,30718
Accommodation and food services,"Equally Hispanic/non-Hispanic, female-owned",Personal/family assets other than savings of owner(s),0,0
Accommodation and food services,"Equally Hispanic/non-Hispanic, female-owned",Personal/family home equity loan,0,0
Accommodation and food services,"Equally Hispanic/non-Hispanic, female-owned",Personal credit card(s) carrying balances,21,S
Accommodation and food services,"Equally Hispanic/non-Hispanic, female-owned",Business credit card(s) carrying balances,7,S
Accommodation and food services,"Equally Hispanic/non-Hispanic, female-owned","Business loan from federal, state, or local government",0,0
Accommodation and food services,"Equally Hispanic/non-Hispanic, female-owned",Government-guaranteed business loan from a bank or financial institution,0,0
Accommodation and food services,"Equally Hispanic/non-Hispanic, female-owned",Business loan from a bank or financial institution,13,S
Accommodation and food services,"Equally Hispanic/non-Hispanic, female-owned",Business loan/investment from family/friends,13,S
Accommodation and food services,"Equally Hispanic/non-Hispanic, female-owned",Investment by venture capitalist(s),0,0
Accommodation and food services,"Equally Hispanic/non-Hispanic, female-owned",Grants,0,0
Accommodation and food services,"Equally Hispanic/non-Hispanic, female-owned",Other source(s) of capital,5,S
Accommodation and food services,"Equally Hispanic/non-Hispanic, female-owned",Don't know,2,S
Accommodation and food services,"Equally Hispanic/non-Hispanic, female-owned",None needed,0,0
Accommodation and food services,"Equally Hispanic/non-Hispanic, female-owned",Total reporting,84,34001
Accommodation and food services,"Equally Hispanic/non-Hispanic, female-owned",Item not reported,0,0
Accommodation and food services,"Equally Hispanic/non-Hispanic, male-owned",All firms,1274,1111696
Accommodation and food services,"Equally Hispanic/non-Hispanic, male-owned",Personal/family savings of owner(s),754,704368
Accommodation and food services,"Equally Hispanic/non-Hispanic, male-owned",Personal/family assets other than savings of owner(s),24,29604
Accommodation and food services,"Equally Hispanic/non-Hispanic, male-owned",Personal/family home equity loan,20,S
Accommodation and food services,"Equally Hispanic/non-Hispanic, male-owned",Personal credit card(s) carrying balances,171,S
Accommodation and food services,"Equally Hispanic/non-Hispanic, male-owned",Business credit card(s) carrying balances,62,S
Accommodation and food services,"Equally Hispanic/non-Hispanic, male-owned","Business loan from federal, state, or local government",2,S
Accommodation and food services,"Equally Hispanic/non-Hispanic, male-owned",Government-guaranteed business loan from a bank or financial institution,46,S
Accommodation and food services,"Equally Hispanic/non-Hispanic, male-owned",Business loan from a bank or financial institution,186,283885
Accommodation and food services,"Equally Hispanic/non-Hispanic, male-owned",Business loan/investment from family/friends,133,S
Accommodation and food services,"Equally Hispanic/non-Hispanic, male-owned",Investment by venture capitalist(s),0,0
Accommodation and food services,"Equally Hispanic/non-Hispanic, male-owned",Grants,0,0
Accommodation and food services,"Equally Hispanic/non-Hispanic, male-owned",Other source(s) of capital,42,S
Accommodation and food services,"Equally Hispanic/non-Hispanic, male-owned",Don't know,50,S
Accommodation and food services,"Equally Hispanic/non-Hispanic, male-owned",None needed,0,0
Accommodation and food services,"Equally Hispanic/non-Hispanic, male-owned",Total reporting,867,953472
Accommodation and food services,"Equally Hispanic/non-Hispanic, male-owned",Item not reported,0,0
Accommodation and food services,"Equally Hispanic/non-Hispanic, equally male-/female-owned",All firms,5606,3334214
Accommodation and food services,"Equally Hispanic/non-Hispanic, equally male-/female-owned",Personal/family savings of owner(s),2558,1823849
Accommodation and food services,"Equally Hispanic/non-Hispanic, equally male-/female-owned",Personal/family assets other than savings of owner(s),452,319111
Accommodation and food services,"Equally Hispanic/non-Hispanic, equally male-/female-owned",Personal/family home equity loan,653,307551
Accommodation and food services,"Equally Hispanic/non-Hispanic, equally male-/female-owned",Personal credit card(s) carrying balances,544,157171
Accommodation and food services,"Equally Hispanic/non-Hispanic, equally male-/female-owned",Business credit card(s) carrying balances,298,S
Accommodation and food services,"Equally Hispanic/non-Hispanic, equally male-/female-owned","Business loan from federal, state, or local government",58,S
Accommodation and food services,"Equally Hispanic/non-Hispanic, equally male-/female-owned",Government-guaranteed business loan from a bank or financial institution,286,129872
Accommodation and food services,"Equally Hispanic/non-Hispanic, equally male-/female-owned",Business loan from a bank or financial institution,630,849044
Accommodation and food services,"Equally Hispanic/non-Hispanic, equally male-/female-owned",Business loan/investment from family/friends,284,191117
Accommodation and food services,"Equally Hispanic/non-Hispanic, equally male-/female-owned",Investment by venture capitalist(s),11,S
Accommodation and food services,"Equally Hispanic/non-Hispanic, equally male-/female-owned",Grants,0,0
Accommodation and food services,"Equally Hispanic/non-Hispanic, equally male-/female-owned",Other source(s) of capital,96,40919
Accommodation and food services,"Equally Hispanic/non-Hispanic, equally male-/female-owned",Don't know,188,105909
Accommodation and food services,"Equally Hispanic/non-Hispanic, equally male-/female-owned",None needed,91,S
Accommodation and food services,"Equally Hispanic/non-Hispanic, equally male-/female-owned",Total reporting,3711,2482677
Accommodation and food services,"Equally Hispanic/non-Hispanic, equally male-/female-owned",Item not reported,0,0
Accommodation and food services,Non-Hispanic,All firms,711522,454191398
Accommodation and food services,Non-Hispanic,Personal/family savings of owner(s),255269,162407419
Accommodation and food services,Non-Hispanic,Personal/family assets other than savings of owner(s),41673,36192913
Accommodation and food services,Non-Hispanic,Personal/family home equity loan,33285,20317476
Accommodation and food services,Non-Hispanic,Personal credit card(s) carrying balances,35828,14726920
Accommodation and food services,Non-Hispanic,Business credit card(s) carrying balances,12507,6710952
Accommodation and food services,Non-Hispanic,"Business loan from federal, state, or local government",3123,1841198
Accommodation and food services,Non-Hispanic,Government-guaranteed business loan from a bank or financial institution,11978,11229760
Accommodation and food services,Non-Hispanic,Business loan from a bank or financial institution,78977,90223282
Accommodation and food services,Non-Hispanic,Business loan/investment from family/friends,25815,19163335
Accommodation and food services,Non-Hispanic,Investment by venture capitalist(s),2123,2698568
Accommodation and food services,Non-Hispanic,Grants,500,168937
Accommodation and food services,Non-Hispanic,Other source(s) of capital,13371,11154735
Accommodation and food services,Non-Hispanic,Don't know,38285,60392444
Accommodation and food services,Non-Hispanic,None needed,32917,6499939
Accommodation and food services,Non-Hispanic,Total reporting,400175(r),290873043(r)
Accommodation and food services,Non-Hispanic,Item not reported,7161(r),1998679(r)
Accommodation and food services,"Non-Hispanic, female-owned",All firms,221405,64290891
Accommodation and food services,"Non-Hispanic, female-owned",Personal/family savings of owner(s),69015,21024231
Accommodation and food services,"Non-Hispanic, female-owned",Personal/family assets other than savings of owner(s),10598,4241576
Accommodation and food services,"Non-Hispanic, female-owned",Personal/family home equity loan,7815,3228319
Accommodation and food services,"Non-Hispanic, female-owned",Personal credit card(s) carrying balances,11633,3044475
Accommodation and food services,"Non-Hispanic, female-owned",Business credit card(s) carrying balances,4273,1463879
Accommodation and food services,"Non-Hispanic, female-owned","Business loan from federal, state, or local government",873,357220
Accommodation and food services,"Non-Hispanic, female-owned",Government-guaranteed business loan from a bank or financial institution,2594,2014180
Accommodation and food services,"Non-Hispanic, female-owned",Business loan from a bank or financial institution,14134,9620270
Accommodation and food services,"Non-Hispanic, female-owned",Business loan/investment from family/friends,5632,2665715
Accommodation and food services,"Non-Hispanic, female-owned",Investment by venture capitalist(s),494,361826
Accommodation and food services,"Non-Hispanic, female-owned",Grants,166,13446
Accommodation and food services,"Non-Hispanic, female-owned",Other source(s) of capital,3877,1271149
Accommodation and food services,"Non-Hispanic, female-owned",Don't know,8811,6475899
Accommodation and food services,"Non-Hispanic, female-owned",None needed,16878,1383769
Accommodation and food services,"Non-Hispanic, female-owned",Total reporting,113046(r),36262013(r)
Accommodation and food services,"Non-Hispanic, female-owned",Item not reported,3341(r),280878(r)
Accommodation and food services,"Non-Hispanic, male-owned",All firms,365854,320138011
Accommodation and food services,"Non-Hispanic, male-owned",Personal/family savings of owner(s),129636,113998247
Accommodation and food services,"Non-Hispanic, male-owned",Personal/family assets other than savings of owner(s),18972,24444770
Accommodation and food services,"Non-Hispanic, male-owned",Personal/family home equity loan,14361,11549359
Accommodation and food services,"Non-Hispanic, male-owned",Personal credit card(s) carrying balances,15918,7893350
Accommodation and food services,"Non-Hispanic, male-owned",Business credit card(s) carrying balances,5863,3863180
Accommodation and food services,"Non-Hispanic, male-owned","Business loan from federal, state, or local government",1132,821707
Accommodation and food services,"Non-Hispanic, male-owned",Government-guaranteed business loan from a bank or financial institution,5301,5631637
Accommodation and food services,"Non-Hispanic, male-owned",Business loan from a bank or financial institution,42293,64066503
Accommodation and food services,"Non-Hispanic, male-owned",Business loan/investment from family/friends,13936,12580554
Accommodation and food services,"Non-Hispanic, male-owned",Investment by venture capitalist(s),1326,2177237
Accommodation and food services,"Non-Hispanic, male-owned",Grants,159,86194
Accommodation and food services,"Non-Hispanic, male-owned",Other source(s) of capital,6789,8525633
Accommodation and food services,"Non-Hispanic, male-owned",Don't know,24438,48599415
Accommodation and food services,"Non-Hispanic, male-owned",None needed,12619,4455776
Accommodation and food services,"Non-Hispanic, male-owned",Total reporting,203396(r),211027037(r)
Accommodation and food services,"Non-Hispanic, male-owned",Item not reported,3513(r),1572175(r)
Accommodation and food services,"Non-Hispanic, equally male-/female-owned",All firms,124263,69762497
Accommodation and food services,"Non-Hispanic, equally male-/female-owned",Personal/family savings of owner(s),56618,27384942
Accommodation and food services,"Non-Hispanic, equally male-/female-owned",Personal/family assets other than savings of owner(s),12103,7506567
Accommodation and food services,"Non-Hispanic, equally male-/female-owned",Personal/family home equity loan,11109,5539799
Accommodation and food services,"Non-Hispanic, equally male-/female-owned",Personal credit card(s) carrying balances,8277,3789095
Accommodation and food services,"Non-Hispanic, equally male-/female-owned",Business credit card(s) carrying balances,2371,1383893
Accommodation and food services,"Non-Hispanic, equally male-/female-owned","Business loan from federal, state, or local government",1118,662271
Accommodation and food services,"Non-Hispanic, equally male-/female-owned",Government-guaranteed business loan from a bank or financial institution,4083,3583943
Accommodation and food services,"Non-Hispanic, equally male-/female-owned",Business loan from a bank or financial institution,22550,16536509
Accommodation and food services,"Non-Hispanic, equally male-/female-owned",Business loan/investment from family/friends,6247,3917066
Accommodation and food services,"Non-Hispanic, equally male-/female-owned",Investment by venture capitalist(s),303,159504
Accommodation and food services,"Non-Hispanic, equally male-/female-owned",Grants,175,S
Accommodation and food services,"Non-Hispanic, equally male-/female-owned",Other source(s) of capital,2705,1357954
Accommodation and food services,"Non-Hispanic, equally male-/female-owned",Don't know,5036,5317131
Accommodation and food services,"Non-Hispanic, equally male-/female-owned",None needed,3419,660394
Accommodation and food services,"Non-Hispanic, equally male-/female-owned",Total reporting,83733(r),43583992(r)
Accommodation and food services,"Non-Hispanic, equally male-/female-owned",Item not reported,307(r),145626(r)
Accommodation and food services,White,All firms,560653,389966508
Accommodation and food services,White,Personal/family savings of owner(s),201232,139189517
Accommodation and food services,White,Personal/family assets other than savings of owner(s),33819,31591264
Accommodation and food services,White,Personal/family home equity loan,26424,16793804
Accommodation and food services,White,Personal credit card(s) carrying balances,29680,12666951
Accommodation and food services,White,Business credit card(s) carrying balances,10551,5858340
Accommodation and food services,White,"Business loan from federal, state, or local government",2483,1508973
Accommodation and food services,White,Government-guaranteed business loan from a bank or financial institution,10167,9577531
Accommodation and food services,White,Business loan from a bank or financial institution,66179,77885437
Accommodation and food services,White,Business loan/investment from family/friends,19236,15948196
Accommodation and food services,White,Investment by venture capitalist(s),2006,2684470
Accommodation and food services,White,Grants,300,90942
Accommodation and food services,White,Other source(s) of capital,10593,9882150
Accommodation and food services,White,Don't know,29318,55551407
Accommodation and food services,White,None needed,29677,6442328
Accommodation and food services,White,Total reporting,322875(r),255876712(r)
Accommodation and food services,White,Item not reported,5246(r),1536839(r)
Accommodation and food services,"White, female-owned",All firms,168635,50150033
Accommodation and food services,"White, female-owned",Personal/family savings of owner(s),53214,17353811
Accommodation and food services,"White, female-owned",Personal/family assets other than savings of owner(s),8398,3443535
Accommodation and food services,"White, female-owned",Personal/family home equity loan,5910,2359780
Accommodation and food services,"White, female-owned",Personal credit card(s) carrying balances,9082,2333310
Accommodation and food services,"White, female-owned",Business credit card(s) carrying balances,2926,1014414
Accommodation and food services,"White, female-owned","Business loan from federal, state, or local government",757,308938
Accommodation and food services,"White, female-owned",Government-guaranteed business loan from a bank or financial institution,2204,1738949
Accommodation and food services,"White, female-owned",Business loan from a bank or financial institution,11969,8303334
Accommodation and food services,"White, female-owned",Business loan/investment from family/friends,4338,2139880
Accommodation and food services,"White, female-owned",Investment by venture capitalist(s),382,348933
Accommodation and food services,"White, female-owned",Grants,117,S
Accommodation and food services,"White, female-owned",Other source(s) of capital,2676,930415
Accommodation and food services,"White, female-owned",Don't know,6373,5140906
Accommodation and food services,"White, female-owned",None needed,15052,1256108
Accommodation and food services,"White, female-owned",Total reporting,89737(r),30005860(r)
Accommodation and food services,"White, female-owned",Item not reported,2515(r),188147(r)
Accommodation and food services,"White, male-owned",All firms,291766,282703316
Accommodation and food services,"White, male-owned",Personal/family savings of owner(s),101817,98250225
Accommodation and food services,"White, male-owned",Personal/family assets other than savings of owner(s),15194,22480926
Accommodation and food services,"White, male-owned",Personal/family home equity loan,11308,9714415
Accommodation and food services,"White, male-owned",Personal credit card(s) carrying balances,13327,6843117
Accommodation and food services,"White, male-owned",Business credit card(s) carrying balances,5355,3562327
Accommodation and food services,"White, male-owned","Business loan from federal, state, or local government",780,582070
Accommodation and food services,"White, male-owned",Government-guaranteed business loan from a bank or financial institution,4501,4960014
Accommodation and food services,"White, male-owned",Business loan from a bank or financial institution,35282,54854615
Accommodation and food services,"White, male-owned",Business loan/investment from family/friends,10422,10698712
Accommodation and food services,"White, male-owned",Investment by venture capitalist(s),1345,2172722
Accommodation and food services,"White, male-owned",Grants,83,S
Accommodation and food services,"White, male-owned",Other source(s) of capital,5796,7747202
Accommodation and food services,"White, male-owned",Don't know,19331,46581351
Accommodation and food services,"White, male-owned",None needed,11531,4547092
Accommodation and food services,"White, male-owned",Total reporting,163761(r),188729394(r)
Accommodation and food services,"White, male-owned",Item not reported,2550(r),1233599(r)
Accommodation and food services,"White, equally male-/female-owned",All firms,100252,57113158
Accommodation and food services,"White, equally male-/female-owned",Personal/family savings of owner(s),46201,23585480
Accommodation and food services,"White, equally male-/female-owned",Personal/family assets other than savings of owner(s),10227,5666803
Accommodation and food services,"White, equally male-/female-owned",Personal/family home equity loan,9205,4719608
Accommodation and food services,"White, equally male-/female-owned",Personal credit card(s) carrying balances,7271,3490523
Accommodation and food services,"White, equally male-/female-owned",Business credit card(s) carrying balances,2270,1281599
Accommodation and food services,"White, equally male-/female-owned","Business loan from federal, state, or local government",945,617965
Accommodation and food services,"White, equally male-/female-owned",Government-guaranteed business loan from a bank or financial institution,3461,2878567
Accommodation and food services,"White, equally male-/female-owned",Business loan from a bank or financial institution,18928,14727487
Accommodation and food services,"White, equally male-/female-owned",Business loan/investment from family/friends,4477,3109604
Accommodation and food services,"White, equally male-/female-owned",Investment by venture capitalist(s),279,162815
Accommodation and food services,"White, equally male-/female-owned",Grants,101,S
Accommodation and food services,"White, equally male-/female-owned",Other source(s) of capital,2121,1204534
Accommodation and food services,"White, equally male-/female-owned",Don't know,3614,3829149
Accommodation and food services,"White, equally male-/female-owned",None needed,3093,639128
Accommodation and food services,"White, equally male-/female-owned",Total reporting,69377(r),37141458(r)
Accommodation and food services,"White, equally male-/female-owned",Item not reported,181(r),115092(r)
Accommodation and food services,Black or African American,All firms,60329,8538058
Accommodation and food services,Black or African American,Personal/family savings of owner(s),10459,3637153
Accommodation and food services,Black or African American,Personal/family assets other than savings of owner(s),1265,216664
Accommodation and food services,Black or African American,Personal/family home equity loan,548,S
Accommodation and food services,Black or African American,Personal credit card(s) carrying balances,2056,S
Accommodation and food services,Black or African American,Business credit card(s) carrying balances,365,S
Accommodation and food services,Black or African American,"Business loan from federal, state, or local government",95,4459
Accommodation and food services,Black or African American,Government-guaranteed business loan from a bank or financial institution,154,163955
Accommodation and food services,Black or African American,Business loan from a bank or financial institution,1161,3009679
Accommodation and food services,Black or African American,Business loan/investment from family/friends,402,S
Accommodation and food services,Black or African American,Investment by venture capitalist(s),49,S
Accommodation and food services,Black or African American,Grants,76,S
Accommodation and food services,Black or African American,Other source(s) of capital,488,234745
Accommodation and food services,Black or African American,Don't know,1513,478383
Accommodation and food services,Black or African American,None needed,3470,68268
Accommodation and food services,Black or African American,Total reporting,17549(r),5183543(r)
Accommodation and food services,Black or African American,Item not reported,1387(r),95625(r)
Accommodation and food services,"Black or African American, female-owned",All firms,39095,1501964
Accommodation and food services,"Black or African American, female-owned",Personal/family savings of owner(s),6049,406923
Accommodation and food services,"Black or African American, female-owned",Personal/family assets other than savings of owner(s),484,S
Accommodation and food services,"Black or African American, female-owned",Personal/family home equity loan,252,S
Accommodation and food services,"Black or African American, female-owned",Personal credit card(s) carrying balances,984,73143
Accommodation and food services,"Black or African American, female-owned",Business credit card(s) carrying balances,200,S
Accommodation and food services,"Black or African American, female-owned","Business loan from federal, state, or local government",69,1471
Accommodation and food services,"Black or African American, female-owned",Government-guaranteed business loan from a bank or financial institution,94,S
Accommodation and food services,"Black or African American, female-owned",Business loan from a bank or financial institution,274,173379
Accommodation and food services,"Black or African American, female-owned",Business loan/investment from family/friends,106,S
Accommodation and food services,"Black or African American, female-owned",Investment by venture capitalist(s),40,S
Accommodation and food services,"Black or African American, female-owned",Grants,63,S
Accommodation and food services,"Black or African American, female-owned",Other source(s) of capital,382,25262
Accommodation and food services,"Black or African American, female-owned",Don't know,686,111523
Accommodation and food services,"Black or African American, female-owned",None needed,2387,30938
Accommodation and food services,"Black or African American, female-owned",Total reporting,10285(r),629739(r)
Accommodation and food services,"Black or African American, female-owned",Item not reported,834(r),36647(r)
Accommodation and food services,"Black or African American, male-owned",All firms,19454,5907204
Accommodation and food services,"Black or African American, male-owned",Personal/family savings of owner(s),3721,2904030
Accommodation and food services,"Black or African American, male-owned",Personal/family assets other than savings of owner(s),739,151677
Accommodation and food services,"Black or African American, male-owned",Personal/family home equity loan,263,S
Accommodation and food services,"Black or African American, male-owned",Personal credit card(s) carrying balances,1004,S
Accommodation and food services,"Black or African American, male-owned",Business credit card(s) carrying balances,148,S
Accommodation and food services,"Black or African American, male-owned","Business loan from federal, state, or local government",2,S
Accommodation and food services,"Black or African American, male-owned",Government-guaranteed business loan from a bank or financial institution,52,113292
Accommodation and food services,"Black or African American, male-owned",Business loan from a bank or financial institution,612,2706894
Accommodation and food services,"Black or African American, male-owned",Business loan/investment from family/friends,183,S
Accommodation and food services,"Black or African American, male-owned",Investment by venture capitalist(s),9,S
Accommodation and food services,"Black or African American, male-owned",Grants,13,433
Accommodation and food services,"Black or African American, male-owned",Other source(s) of capital,94,209387
Accommodation and food services,"Black or African American, male-owned",Don't know,763,297427
Accommodation and food services,"Black or African American, male-owned",None needed,943,32311
Accommodation and food services,"Black or African American, male-owned",Total reporting,6255(r),4113597(r)
Accommodation and food services,"Black or African American, male-owned",Item not reported,513(r),S
Accommodation and food services,"Black or African American, equally male-/female-owned",All firms,1779,1128891
Accommodation and food services,"Black or African American, equally male-/female-owned",Personal/family savings of owner(s),688,326200
Accommodation and food services,"Black or African American, equally male-/female-owned",Personal/family assets other than savings of owner(s),42,36426
Accommodation and food services,"Black or African American, equally male-/female-owned",Personal/family home equity loan,32,42566
Accommodation and food services,"Black or African American, equally male-/female-owned",Personal credit card(s) carrying balances,67,12256
Accommodation and food services,"Black or African American, equally male-/female-owned",Business credit card(s) carrying balances,17,S
Accommodation and food services,"Black or African American, equally male-/female-owned","Business loan from federal, state, or local government",24,S
Accommodation and food services,"Black or African American, equally male-/female-owned",Government-guaranteed business loan from a bank or financial institution,8,S
Accommodation and food services,"Black or African American, equally male-/female-owned",Business loan from a bank or financial institution,275,129406
Accommodation and food services,"Black or African American, equally male-/female-owned",Business loan/investment from family/friends,112,S
Accommodation and food services,"Black or African American, equally male-/female-owned",Investment by venture capitalist(s),0,0
Accommodation and food services,"Black or African American, equally male-/female-owned",Grants,0,0
Accommodation and food services,"Black or African American, equally male-/female-owned",Other source(s) of capital,12,S
Accommodation and food services,"Black or African American, equally male-/female-owned",Don't know,64,69432
Accommodation and food services,"Black or African American, equally male-/female-owned",None needed,140,S
Accommodation and food services,"Black or African American, equally male-/female-owned",Total reporting,1009,440206
Accommodation and food services,"Black or African American, equally male-/female-owned",Item not reported,40,S
Accommodation and food services,American Indian and Alaska Native,All firms,5770,1047810
Accommodation and food services,American Indian and Alaska Native,Personal/family savings of owner(s),1367,468350
Accommodation and food services,American Indian and Alaska Native,Personal/family assets other than savings of owner(s),150,57676
Accommodation and food services,American Indian and Alaska Native,Personal/family home equity loan,61,27602
Accommodation and food services,American Indian and Alaska Native,Personal credit card(s) carrying balances,348,62169
Accommodation and food services,American Indian and Alaska Native,Business credit card(s) carrying balances,76,36053
Accommodation and food services,American Indian and Alaska Native,"Business loan from federal, state, or local government",2,S
Accommodation and food services,American Indian and Alaska Native,Government-guaranteed business loan from a bank or financial institution,36,24394
Accommodation and food services,American Indian and Alaska Native,Business loan from a bank or financial institution,500,218113
Accommodation and food services,American Indian and Alaska Native,Business loan/investment from family/friends,98,30933
Accommodation and food services,American Indian and Alaska Native,Investment by venture capitalist(s),2,S
Accommodation and food services,American Indian and Alaska Native,Grants,2,S
Accommodation and food services,American Indian and Alaska Native,Other source(s) of capital,57,18688
Accommodation and food services,American Indian and Alaska Native,Don't know,170,244096
Accommodation and food services,American Indian and Alaska Native,None needed,365,10768
Accommodation and food services,American Indian and Alaska Native,Total reporting,2271(r),833898(r)
Accommodation and food services,American Indian and Alaska Native,Item not reported,62(r),706(r)
Accommodation and food services,"American Indian and Alaska Native, female-owned",All firms,3478,366557
Accommodation and food services,"American Indian and Alaska Native, female-owned",Personal/family savings of owner(s),602,82978
Accommodation and food services,"American Indian and Alaska Native, female-owned",Personal/family assets other than savings of owner(s),42,5624
Accommodation and food services,"American Indian and Alaska Native, female-owned",Personal/family home equity loan,15,2856
Accommodation and food services,"American Indian and Alaska Native, female-owned",Personal credit card(s) carrying balances,201,S
Accommodation and food services,"American Indian and Alaska Native, female-owned",Business credit card(s) carrying balances,6,S
Accommodation and food services,"American Indian and Alaska Native, female-owned","Business loan from federal, state, or local government",0,0
Accommodation and food services,"American Indian and Alaska Native, female-owned",Government-guaranteed business loan from a bank or financial institution,11,7833
Accommodation and food services,"American Indian and Alaska Native, female-owned",Business loan from a bank or financial institution,183,41589
Accommodation and food services,"American Indian and Alaska Native, female-owned",Business loan/investment from family/friends,57,S
Accommodation and food services,"American Indian and Alaska Native, female-owned",Investment by venture capitalist(s),0,0
Accommodation and food services,"American Indian and Alaska Native, female-owned",Grants,2,S
Accommodation and food services,"American Indian and Alaska Native, female-owned",Other source(s) of capital,33,S
Accommodation and food services,"American Indian and Alaska Native, female-owned",Don't know,89,7270
Accommodation and food services,"American Indian and Alaska Native, female-owned",None needed,226,7046
Accommodation and food services,"American Indian and Alaska Native, female-owned",Total reporting,1127(r),114361(r)
Accommodation and food services,"American Indian and Alaska Native, female-owned",Item not reported,53(r),351(r)
Accommodation and food services,"American Indian and Alaska Native, male-owned",All firms,2086,634329
Accommodation and food services,"American Indian and Alaska Native, male-owned",Personal/family savings of owner(s),653,354004
Accommodation and food services,"American Indian and Alaska Native, male-owned",Personal/family assets other than savings of owner(s),92,41518
Accommodation and food services,"American Indian and Alaska Native, male-owned",Personal/family home equity loan,44,S
Accommodation and food services,"American Indian and Alaska Native, male-owned",Personal credit card(s) carrying balances,131,S
Accommodation and food services,"American Indian and Alaska Native, male-owned",Business credit card(s) carrying balances,68,23847
Accommodation and food services,"American Indian and Alaska Native, male-owned","Business loan from federal, state, or local government",0,0
Accommodation and food services,"American Indian and Alaska Native, male-owned",Government-guaranteed business loan from a bank or financial institution,22,S
Accommodation and food services,"American Indian and Alaska Native, male-owned",Business loan from a bank or financial institution,271,164303
Accommodation and food services,"American Indian and Alaska Native, male-owned",Business loan/investment from family/friends,29,20193
Accommodation and food services,"American Indian and Alaska Native, male-owned",Investment by venture capitalist(s),0,0
Accommodation and food services,"American Indian and Alaska Native, male-owned",Grants,0,0
Accommodation and food services,"American Indian and Alaska Native, male-owned",Other source(s) of capital,24,S
Accommodation and food services,"American Indian and Alaska Native, male-owned",Don't know,76,236789
Accommodation and food services,"American Indian and Alaska Native, male-owned",None needed,122,S
Accommodation and food services,"American Indian and Alaska Native, male-owned",Total reporting,1009,687646
Accommodation and food services,"American Indian and Alaska Native, male-owned",Item not reported,9,S
Accommodation and food services,"American Indian and Alaska Native, equally male-/female-owned",All firms,206,46924
Accommodation and food services,"American Indian and Alaska Native, equally male-/female-owned",Personal/family savings of owner(s),111,31368
Accommodation and food services,"American Indian and Alaska Native, equally male-/female-owned",Personal/family assets other than savings of owner(s),16,S
Accommodation and food services,"American Indian and Alaska Native, equally male-/female-owned",Personal/family home equity loan,2,S
Accommodation and food services,"American Indian and Alaska Native, equally male-/female-owned",Personal credit card(s) carrying balances,16,12755
Accommodation and food services,"American Indian and Alaska Native, equally male-/female-owned",Business credit card(s) carrying balances,2,S
Accommodation and food services,"American Indian and Alaska Native, equally male-/female-owned","Business loan from federal, state, or local government",2,S
Accommodation and food services,"American Indian and Alaska Native, equally male-/female-owned",Government-guaranteed business loan from a bank or financial institution,2,S
Accommodation and food services,"American Indian and Alaska Native, equally male-/female-owned",Business loan from a bank or financial institution,47,12221
Accommodation and food services,"American Indian and Alaska Native, equally male-/female-owned",Business loan/investment from family/friends,12,S
Accommodation and food services,"American Indian and Alaska Native, equally male-/female-owned",Investment by venture capitalist(s),2,S
Accommodation and food services,"American Indian and Alaska Native, equally male-/female-owned",Grants,0,0
Accommodation and food services,"American Indian and Alaska Native, equally male-/female-owned",Other source(s) of capital,0,0
Accommodation and food services,"American Indian and Alaska Native, equally male-/female-owned",Don't know,5,S
Accommodation and food services,"American Indian and Alaska Native, equally male-/female-owned",None needed,17,S
Accommodation and food services,"American Indian and Alaska Native, equally male-/female-owned",Total reporting,135,31891
Accommodation and food services,"American Indian and Alaska Native, equally male-/female-owned",Item not reported,0,0
Accommodation and food services,Asian,All firms,156391,76003977
Accommodation and food services,Asian,Personal/family savings of owner(s),59802,26685998
Accommodation and food services,Asian,Personal/family assets other than savings of owner(s),8940,5430461
Accommodation and food services,Asian,Personal/family home equity loan,7752,3821887
Accommodation and food services,Asian,Personal credit card(s) carrying balances,7636,2594591
Accommodation and food services,Asian,Business credit card(s) carrying balances,2501,980341
Accommodation and food services,Asian,"Business loan from federal, state, or local government",541,322461
Accommodation and food services,Asian,Government-guaranteed business loan from a bank or financial institution,2140,1856855
Accommodation and food services,Asian,Business loan from a bank or financial institution,13456,11603243
Accommodation and food services,Asian,Business loan/investment from family/friends,7011,3525425
Accommodation and food services,Asian,Investment by venture capitalist(s),162,60925
Accommodation and food services,Asian,Grants,102,S
Accommodation and food services,Asian,Other source(s) of capital,2936,1200651
Accommodation and food services,Asian,Don't know,9372,6400907
Accommodation and food services,Asian,None needed,3026,703478
Accommodation and food services,Asian,Total reporting,84341(r),41296586(r)
Accommodation and food services,Asian,Item not reported,1246(r),357588(r)
Accommodation and food services,"Asian, female-owned",All firms,42139,15879927
Accommodation and food services,"Asian, female-owned",Personal/family savings of owner(s),14746,4376955
Accommodation and food services,"Asian, female-owned",Personal/family assets other than savings of owner(s),2476,903508
Accommodation and food services,"Asian, female-owned",Personal/family home equity loan,1978,905710
Accommodation and food services,"Asian, female-owned",Personal credit card(s) carrying balances,2615,712343
Accommodation and food services,"Asian, female-owned",Business credit card(s) carrying balances,1390,478529
Accommodation and food services,"Asian, female-owned","Business loan from federal, state, or local government",100,S
Accommodation and food services,"Asian, female-owned",Government-guaranteed business loan from a bank or financial institution,432,312236
Accommodation and food services,"Asian, female-owned",Business loan from a bank or financial institution,2416,1432884
Accommodation and food services,"Asian, female-owned",Business loan/investment from family/friends,1538,611033
Accommodation and food services,"Asian, female-owned",Investment by venture capitalist(s),93,S
Accommodation and food services,"Asian, female-owned",Grants,5,S
Accommodation and food services,"Asian, female-owned",Other source(s) of capital,1073,342833
Accommodation and food services,"Asian, female-owned",Don't know,2076,1418735
Accommodation and food services,"Asian, female-owned",None needed,925,124632
Accommodation and food services,"Asian, female-owned",Total reporting,20992(r),7224253(r)
Accommodation and food services,"Asian, female-owned",Item not reported,509(r),64393(r)
Accommodation and food services,"Asian, male-owned",All firms,87291,45427017
Accommodation and food services,"Asian, male-owned",Personal/family savings of owner(s),33223,16977419
Accommodation and food services,"Asian, male-owned",Personal/family assets other than savings of owner(s),4497,2530807
Accommodation and food services,"Asian, male-owned",Personal/family home equity loan,3607,1929230
Accommodation and food services,"Asian, male-owned",Personal credit card(s) carrying balances,3444,1307818
Accommodation and food services,"Asian, male-owned",Business credit card(s) carrying balances,736,336100
Accommodation and food services,"Asian, male-owned","Business loan from federal, state, or local government",337,255166
Accommodation and food services,"Asian, male-owned",Government-guaranteed business loan from a bank or financial institution,1051,731991
Accommodation and food services,"Asian, male-owned",Business loan from a bank or financial institution,7667,7944917
Accommodation and food services,"Asian, male-owned",Business loan/investment from family/friends,3920,2143953
Accommodation and food services,"Asian, male-owned",Investment by venture capitalist(s),69,32329
Accommodation and food services,"Asian, male-owned",Grants,63,S
Accommodation and food services,"Asian, male-owned",Other source(s) of capital,1299,692863
Accommodation and food services,"Asian, male-owned",Don't know,5625,3365299
Accommodation and food services,"Asian, male-owned",None needed,1823,504601
Accommodation and food services,"Asian, male-owned",Total reporting,47155(r),25547316(r)
Accommodation and food services,"Asian, male-owned",Item not reported,683(r),280219(r)
Accommodation and food services,"Asian, equally male-/female-owned",All firms,26961,14697033
Accommodation and food services,"Asian, equally male-/female-owned",Personal/family savings of owner(s),11833,5331624
Accommodation and food services,"Asian, equally male-/female-owned",Personal/family assets other than savings of owner(s),1968,1996146
Accommodation and food services,"Asian, equally male-/female-owned",Personal/family home equity loan,2167,986947
Accommodation and food services,"Asian, equally male-/female-owned",Personal credit card(s) carrying balances,1577,574430
Accommodation and food services,"Asian, equally male-/female-owned",Business credit card(s) carrying balances,375,165711
Accommodation and food services,"Asian, equally male-/female-owned","Business loan from federal, state, or local government",104,26647
Accommodation and food services,"Asian, equally male-/female-owned",Government-guaranteed business loan from a bank or financial institution,657,812628
Accommodation and food services,"Asian, equally male-/female-owned",Business loan from a bank or financial institution,3373,2225443
Accommodation and food services,"Asian, equally male-/female-owned",Business loan/investment from family/friends,1552,770438
Accommodation and food services,"Asian, equally male-/female-owned",Investment by venture capitalist(s),0,0
Accommodation and food services,"Asian, equally male-/female-owned",Grants,34,S
Accommodation and food services,"Asian, equally male-/female-owned",Other source(s) of capital,565,164954
Accommodation and food services,"Asian, equally male-/female-owned",Don't know,1671,1616874
Accommodation and food services,"Asian, equally male-/female-owned",None needed,278,74245
Accommodation and food services,"Asian, equally male-/female-owned",Total reporting,16193(r),8525016(r)
Accommodation and food services,"Asian, equally male-/female-owned",Item not reported,54(r),S
Accommodation and food services,Native Hawaiian and Other Pacific Islander,All firms,1454,350656
Accommodation and food services,Native Hawaiian and Other Pacific Islander,Personal/family savings of owner(s),356,114181
Accommodation and food services,Native Hawaiian and Other Pacific Islander,Personal/family assets other than savings of owner(s),25,68721
Accommodation and food services,Native Hawaiian and Other Pacific Islander,Personal/family home equity loan,57,S
Accommodation and food services,Native Hawaiian and Other Pacific Islander,Personal credit card(s) carrying balances,32,2139
Accommodation and food services,Native Hawaiian and Other Pacific Islander,Business credit card(s) carrying balances,50,S
Accommodation and food services,Native Hawaiian and Other Pacific Islander,"Business loan from federal, state, or local government",0,0
Accommodation and food services,Native Hawaiian and Other Pacific Islander,Government-guaranteed business loan from a bank or financial institution,13,S
Accommodation and food services,Native Hawaiian and Other Pacific Islander,Business loan from a bank or financial institution,88,60234
Accommodation and food services,Native Hawaiian and Other Pacific Islander,Business loan/investment from family/friends,4,S
Accommodation and food services,Native Hawaiian and Other Pacific Islander,Investment by venture capitalist(s),0,0
Accommodation and food services,Native Hawaiian and Other Pacific Islander,Grants,0,0
Accommodation and food services,Native Hawaiian and Other Pacific Islander,Other source(s) of capital,17,S
Accommodation and food services,Native Hawaiian and Other Pacific Islander,Don't know,53,S
Accommodation and food services,Native Hawaiian and Other Pacific Islander,None needed,75,S
Accommodation and food services,Native Hawaiian and Other Pacific Islander,Total reporting,612,235975
Accommodation and food services,Native Hawaiian and Other Pacific Islander,Item not reported,61,S
Accommodation and food services,"Native Hawaiian and Other Pacific Islander, female-owned",All firms,816,123892
Accommodation and food services,"Native Hawaiian and Other Pacific Islander, female-owned",Personal/family savings of owner(s),203,S
Accommodation and food services,"Native Hawaiian and Other Pacific Islander, female-owned",Personal/family assets other than savings of owner(s),2,S
Accommodation and food services,"Native Hawaiian and Other Pacific Islander, female-owned",Personal/family home equity loan,42,S
Accommodation and food services,"Native Hawaiian and Other Pacific Islander, female-owned",Personal credit card(s) carrying balances,28,S
Accommodation and food services,"Native Hawaiian and Other Pacific Islander, female-owned",Business credit card(s) carrying balances,48,S
Accommodation and food services,"Native Hawaiian and Other Pacific Islander, female-owned","Business loan from federal, state, or local government",0,0
Accommodation and food services,"Native Hawaiian and Other Pacific Islander, female-owned",Government-guaranteed business loan from a bank or financial institution,11,S
Accommodation and food services,"Native Hawaiian and Other Pacific Islander, female-owned",Business loan from a bank or financial institution,63,S
Accommodation and food services,"Native Hawaiian and Other Pacific Islander, female-owned",Business loan/investment from family/friends,0,0
Accommodation and food services,"Native Hawaiian and Other Pacific Islander, female-owned",Investment by venture capitalist(s),0,0
Accommodation and food services,"Native Hawaiian and Other Pacific Islander, female-owned",Grants,0,0
Accommodation and food services,"Native Hawaiian and Other Pacific Islander, female-owned",Other source(s) of capital,2,S
Accommodation and food services,"Native Hawaiian and Other Pacific Islander, female-owned",Don't know,13,S
Accommodation and food services,"Native Hawaiian and Other Pacific Islander, female-owned",None needed,50,S
Accommodation and food services,"Native Hawaiian and Other Pacific Islander, female-owned",Total reporting,372,43099
Accommodation and food services,"Native Hawaiian and Other Pacific Islander, female-owned",Item not reported,0,0
Accommodation and food services,"Native Hawaiian and Other Pacific Islander, male-owned",All firms,590,212719
Accommodation and food services,"Native Hawaiian and Other Pacific Islander, male-owned",Personal/family savings of owner(s),149,89509
Accommodation and food services,"Native Hawaiian and Other Pacific Islander, male-owned",Personal/family assets other than savings of owner(s),21,67127
Accommodation and food services,"Native Hawaiian and Other Pacific Islander, male-owned",Personal/family home equity loan,15,S
Accommodation and food services,"Native Hawaiian and Other Pacific Islander, male-owned",Personal credit card(s) carrying balances,2,S
Accommodation and food services,"Native Hawaiian and Other Pacific Islander, male-owned",Business credit card(s) carrying balances,2,S
Accommodation and food services,"Native Hawaiian and Other Pacific Islander, male-owned","Business loan from federal, state, or local government",0,0
Accommodation and food services,"Native Hawaiian and Other Pacific Islander, male-owned",Government-guaranteed business loan from a bank or financial institution,2,S
Accommodation and food services,"Native Hawaiian and Other Pacific Islander, male-owned",Business loan from a bank or financial institution,25,53607
Accommodation and food services,"Native Hawaiian and Other Pacific Islander, male-owned",Business loan/investment from family/friends,4,S
Accommodation and food services,"Native Hawaiian and Other Pacific Islander, male-owned",Investment by venture capitalist(s),0,0
Accommodation and food services,"Native Hawaiian and Other Pacific Islander, male-owned",Grants,0,0
Accommodation and food services,"Native Hawaiian and Other Pacific Islander, male-owned",Other source(s) of capital,13,S
Accommodation and food services,"Native Hawaiian and Other Pacific Islander, male-owned",Don't know,40,S
Accommodation and food services,"Native Hawaiian and Other Pacific Islander, male-owned",None needed,25,S
Accommodation and food services,"Native Hawaiian and Other Pacific Islander, male-owned",Total reporting,236,190930
Accommodation and food services,"Native Hawaiian and Other Pacific Islander, male-owned",Item not reported,61,S
Accommodation and food services,"Native Hawaiian and Other Pacific Islander, equally male-/female-owned",All firms,48,S
Accommodation and food services,"Native Hawaiian and Other Pacific Islander, equally male-/female-owned",Personal/family savings of owner(s),4,S
Accommodation and food services,"Native Hawaiian and Other Pacific Islander, equally male-/female-owned",Personal/family assets other than savings of owner(s),2,S
Accommodation and food services,"Native Hawaiian and Other Pacific Islander, equally male-/female-owned",Personal/family home equity loan,0,S
Accommodation and food services,"Native Hawaiian and Other Pacific Islander, equally male-/female-owned",Personal credit card(s) carrying balances,2,S
Accommodation and food services,"Native Hawaiian and Other Pacific Islander, equally male-/female-owned",Business credit card(s) carrying balances,0,S
Accommodation and food services,"Native Hawaiian and Other Pacific Islander, equally male-/female-owned","Business loan from federal, state, or local government",0,S
Accommodation and food services,"Native Hawaiian and Other Pacific Islander, equally male-/female-owned",Government-guaranteed business loan from a bank or financial institution,0,S
Accommodation and food services,"Native Hawaiian and Other Pacific Islander, equally male-/female-owned",Business loan from a bank or financial institution,0,S
Accommodation and food services,"Native Hawaiian and Other Pacific Islander, equally male-/female-owned",Business loan/investment from family/friends,0,S
Accommodation and food services,"Native Hawaiian and Other Pacific Islander, equally male-/female-owned",Investment by venture capitalist(s),0,S
Accommodation and food services,"Native Hawaiian and Other Pacific Islander, equally male-/female-owned",Grants,0,S
Accommodation and food services,"Native Hawaiian and Other Pacific Islander, equally male-/female-owned",Other source(s) of capital,2,S
Accommodation and food services,"Native Hawaiian and Other Pacific Islander, equally male-/female-owned",Don't know,0,S
Accommodation and food services,"Native Hawaiian and Other Pacific Islander, equally male-/female-owned",None needed,0,S
Accommodation and food services,"Native Hawaiian and Other Pacific Islander, equally male-/female-owned",Total reporting,4,S
Accommodation and food services,"Native Hawaiian and Other Pacific Islander, equally male-/female-owned",Item not reported,0,S
Accommodation and food services,Some other race,All firms,38319,9467645
Accommodation and food services,Some other race,Personal/family savings of owner(s),7803,2717962
Accommodation and food services,Some other race,Personal/family assets other than savings of owner(s),1233,400960
Accommodation and food services,Some other race,Personal/family home equity loan,635,255181
Accommodation and food services,Some other race,Personal credit card(s) carrying balances,1279,419475
Accommodation and food services,Some other race,Business credit card(s) carrying balances,251,194514
Accommodation and food services,Some other race,"Business loan from federal, state, or local government",109,S
Accommodation and food services,Some other race,Government-guaranteed business loan from a bank or financial institution,222,187205
Accommodation and food services,Some other race,Business loan from a bank or financial institution,1506,1244297
Accommodation and food services,Some other race,Business loan/investment from family/friends,674,830187
Accommodation and food services,Some other race,Investment by venture capitalist(s),18,S
Accommodation and food services,Some other race,Grants,0,0
Accommodation and food services,Some other race,Other source(s) of capital,159,49514
Accommodation and food services,Some other race,Don't know,1473,567406
Accommodation and food services,Some other race,None needed,1371,113754
Accommodation and food services,Some other race,Total reporting,12053(r),4274312(r)
Accommodation and food services,Some other race,Item not reported,557(r),S
Accommodation and food services,"Some other race, female-owned",All firms,17259,1670761
Accommodation and food services,"Some other race, female-owned",Personal/family savings of owner(s),2791,517376
Accommodation and food services,"Some other race, female-owned",Personal/family assets other than savings of owner(s),309,S
Accommodation and food services,"Some other race, female-owned",Personal/family home equity loan,269,S
Accommodation and food services,"Some other race, female-owned",Personal credit card(s) carrying balances,528,S
Accommodation and food services,"Some other race, female-owned",Business credit card(s) carrying balances,80,S
Accommodation and food services,"Some other race, female-owned","Business loan from federal, state, or local government",89,S
Accommodation and food services,"Some other race, female-owned",Government-guaranteed business loan from a bank or financial institution,138,S
Accommodation and food services,"Some other race, female-owned",Business loan from a bank or financial institution,508,260907
Accommodation and food services,"Some other race, female-owned",Business loan/investment from family/friends,208,S
Accommodation and food services,"Some other race, female-owned",Investment by venture capitalist(s),0,0
Accommodation and food services,"Some other race, female-owned",Grants,0,0
Accommodation and food services,"Some other race, female-owned",Other source(s) of capital,80,S
Accommodation and food services,"Some other race, female-owned",Don't know,298,41005
Accommodation and food services,"Some other race, female-owned",None needed,657,14920
Accommodation and food services,"Some other race, female-owned",Total reporting,4345,926863
Accommodation and food services,"Some other race, female-owned",Item not reported,234,S
Accommodation and food services,"Some other race, male-owned",All firms,17796,6194314
Accommodation and food services,"Some other race, male-owned",Personal/family savings of owner(s),4089,1878350
Accommodation and food services,"Some other race, male-owned",Personal/family assets other than savings of owner(s),641,185355
Accommodation and food services,"Some other race, male-owned",Personal/family home equity loan,325,117722
Accommodation and food services,"Some other race, male-owned",Personal credit card(s) carrying balances,606,182375
Accommodation and food services,"Some other race, male-owned",Business credit card(s) carrying balances,92,18407
Accommodation and food services,"Some other race, male-owned","Business loan from federal, state, or local government",20,S
Accommodation and food services,"Some other race, male-owned",Government-guaranteed business loan from a bank or financial institution,77,145776
Accommodation and food services,"Some other race, male-owned",Business loan from a bank or financial institution,808,868297
Accommodation and food services,"Some other race, male-owned",Business loan/investment from family/friends,452,582788
Accommodation and food services,"Some other race, male-owned",Investment by venture capitalist(s),18,S
Accommodation and food services,"Some other race, male-owned",Grants,0,0
Accommodation and food services,"Some other race, male-owned",Other source(s) of capital,58,S
Accommodation and food services,"Some other race, male-owned",Don't know,1088,497277
Accommodation and food services,"Some other race, male-owned",None needed,660,83273
Accommodation and food services,"Some other race, male-owned",Total reporting,6531(r),2949376(r)
Accommodation and food services,"Some other race, male-owned",Item not reported,323(r),42726(r)
Accommodation and food services,"Some other race, equally male-/female-owned",All firms,3264,1602570
Accommodation and food services,"Some other race, equally male-/female-owned",Personal/family savings of owner(s),924,322236
Accommodation and food services,"Some other race, equally male-/female-owned",Personal/family assets other than savings of owner(s),283,122987
Accommodation and food services,"Some other race, equally male-/female-owned",Personal/family home equity loan,42,S
Accommodation and food services,"Some other race, equally male-/female-owned",Personal credit card(s) carrying balances,144,S
Accommodation and food services,"Some other race, equally male-/female-owned",Business credit card(s) carrying balances,79,S
Accommodation and food services,"Some other race, equally male-/female-owned","Business loan from federal, state, or local government",0,0
Accommodation and food services,"Some other race, equally male-/female-owned",Government-guaranteed business loan from a bank or financial institution,7,S
Accommodation and food services,"Some other race, equally male-/female-owned",Business loan from a bank or financial institution,190,S
Accommodation and food services,"Some other race, equally male-/female-owned",Business loan/investment from family/friends,13,S
Accommodation and food services,"Some other race, equally male-/female-owned",Investment by venture capitalist(s),0,0
Accommodation and food services,"Some other race, equally male-/female-owned",Grants,0,0
Accommodation and food services,"Some other race, equally male-/female-owned",Other source(s) of capital,21,S
Accommodation and food services,"Some other race, equally male-/female-owned",Don't know,87,S
Accommodation and food services,"Some other race, equally male-/female-owned",None needed,54,S
Accommodation and food services,"Some other race, equally male-/female-owned",Total reporting,1176,398072
Accommodation and food services,"Some other race, equally male-/female-owned",Item not reported,0,0
Accommodation and food services,Minority,All firms,320808,115474605
Accommodation and food services,Minority,Personal/family savings of owner(s),94807,40135816
Accommodation and food services,Minority,Personal/family assets other than savings of owner(s),13548,7189491
Accommodation and food services,Minority,Personal/family home equity loan,10434,5152451
Accommodation and food services,Minority,Personal credit card(s) carrying balances,13996,4314755
Accommodation and food services,Minority,Business credit card(s) carrying balances,3964,1694960
Accommodation and food services,Minority,"Business loan from federal, state, or local government",885,497007
Accommodation and food services,Minority,Government-guaranteed business loan from a bank or financial institution,2970,2708422
Accommodation and food services,Minority,Business loan from a bank or financial institution,18724,18215387
Accommodation and food services,Minority,Business loan/investment from family/friends,9222,5020288
Accommodation and food services,Minority,Investment by venture capitalist(s),376,165045
Accommodation and food services,Minority,Grants,201,S
Accommodation and food services,Minority,Other source(s) of capital,4261,1715005
Accommodation and food services,Minority,Don't know,14466,10047881
Accommodation and food services,Minority,None needed,10814,1604277
Accommodation and food services,Minority,Total reporting,138940(r),62737508(r)
Accommodation and food services,Minority,Item not reported,3983(r),627316(r)
Accommodation and food services,"Minority, female-owned",All firms,125899,22480536
Accommodation and food services,"Minority, female-owned",Personal/family savings of owner(s),28435,6421628
Accommodation and food services,"Minority, female-owned",Personal/family assets other than savings of owner(s),3818,1147128
Accommodation and food services,"Minority, female-owned",Personal/family home equity loan,2754,1128414
Accommodation and food services,"Minority, female-owned",Personal credit card(s) carrying balances,4733,971065
Accommodation and food services,"Minority, female-owned",Business credit card(s) carrying balances,1866,641236
Accommodation and food services,"Minority, female-owned","Business loan from federal, state, or local government",316,118127
Accommodation and food services,"Minority, female-owned",Government-guaranteed business loan from a bank or financial institution,724,426979
Accommodation and food services,"Minority, female-owned",Business loan from a bank or financial institution,3857,2127762
Accommodation and food services,"Minority, female-owned",Business loan/investment from family/friends,2194,926006
Accommodation and food services,"Minority, female-owned",Investment by venture capitalist(s),154,44539
Accommodation and food services,"Minority, female-owned",Grants,91,8882
Accommodation and food services,"Minority, female-owned",Other source(s) of capital,1784,408618
Accommodation and food services,"Minority, female-owned",Don't know,3473,1753211
Accommodation and food services,"Minority, female-owned",None needed,5166,203823
Accommodation and food services,"Minority, female-owned",Total reporting,43121(r),10327905(r)
Accommodation and food services,"Minority, female-owned",Item not reported,2032(r),169179(r)
Accommodation and food services,"Minority, male-owned",All firms,156442,72019753
Accommodation and food services,"Minority, male-owned",Personal/family savings of owner(s),50253,26245701
Accommodation and food services,"Minority, male-owned",Personal/family assets other than savings of owner(s),7277,3650091
Accommodation and food services,"Minority, male-owned",Personal/family home equity loan,5057,2758393
Accommodation and food services,"Minority, male-owned",Personal credit card(s) carrying balances,6974,2408556
Accommodation and food services,"Minority, male-owned",Business credit card(s) carrying balances,1567,794485
Accommodation and food services,"Minority, male-owned","Business loan from federal, state, or local government",399,292533
Accommodation and food services,"Minority, male-owned",Government-guaranteed business loan from a bank or financial institution,1484,1289482
Accommodation and food services,"Minority, male-owned",Business loan from a bank or financial institution,10592,13284387
Accommodation and food services,"Minority, male-owned",Business loan/investment from family/friends,5173,3217710
Accommodation and food services,"Minority, male-owned",Investment by venture capitalist(s),194,86757
Accommodation and food services,"Minority, male-owned",Grants,76,S
Accommodation and food services,"Minority, male-owned",Other source(s) of capital,1816,1059992
Accommodation and food services,"Minority, male-owned",Don't know,8825,6272987
Accommodation and food services,"Minority, male-owned",None needed,4950,1242379
Accommodation and food services,"Minority, male-owned",Total reporting,73765(r),41001794(r)
Accommodation and food services,"Minority, male-owned",Item not reported,1816(r),434639(r)
Accommodation and food services,"Minority, equally male-/female-owned",All firms,38467,20974316
Accommodation and food services,"Minority, equally male-/female-owned",Personal/family savings of owner(s),16119,7468487
Accommodation and food services,"Minority, equally male-/female-owned",Personal/family assets other than savings of owner(s),2452,2392273
Accommodation and food services,"Minority, equally male-/female-owned",Personal/family home equity loan,2623,1265644
Accommodation and food services,"Minority, equally male-/female-owned",Personal credit card(s) carrying balances,2289,935134
Accommodation and food services,"Minority, equally male-/female-owned",Business credit card(s) carrying balances,531,259239
Accommodation and food services,"Minority, equally male-/female-owned","Business loan from federal, state, or local government",170,S
Accommodation and food services,"Minority, equally male-/female-owned",Government-guaranteed business loan from a bank or financial institution,762,991961
Accommodation and food services,"Minority, equally male-/female-owned",Business loan from a bank or financial institution,4274,2803237
Accommodation and food services,"Minority, equally male-/female-owned",Business loan/investment from family/friends,1855,876571
Accommodation and food services,"Minority, equally male-/female-owned",Investment by venture capitalist(s),28,S
Accommodation and food services,"Minority, equally male-/female-owned",Grants,34,S
Accommodation and food services,"Minority, equally male-/female-owned",Other source(s) of capital,661,246395
Accommodation and food services,"Minority, equally male-/female-owned",Don't know,2168,2021683
Accommodation and food services,"Minority, equally male-/female-owned",None needed,698,158075
Accommodation and food services,"Minority, equally male-/female-owned",Total reporting,22053(r),11407809(r)
Accommodation and food services,"Minority, equally male-/female-owned",Item not reported,135(r),S
Accommodation and food services,Equally minority/nonminority,All firms,12629,6983110
Accommodation and food services,Equally minority/nonminority,Personal/family savings of owner(s),5292,3126766
Accommodation and food services,Equally minority/nonminority,Personal/family assets other than savings of owner(s),864,467713
Accommodation and food services,Equally minority/nonminority,Personal/family home equity loan,1195,415087
Accommodation and food services,Equally minority/nonminority,Personal credit card(s) carrying balances,1134,324124
Accommodation and food services,Equally minority/nonminority,Business credit card(s) carrying balances,529,143032
Accommodation and food services,Equally minority/nonminority,"Business loan from federal, state, or local government",107,111097
Accommodation and food services,Equally minority/nonminority,Government-guaranteed business loan from a bank or financial institution,542,247334
Accommodation and food services,Equally minority/nonminority,Business loan from a bank or financial institution,1482,1517681
Accommodation and food services,Equally minority/nonminority,Business loan/investment from family/friends,762,438171
Accommodation and food services,Equally minority/nonminority,Investment by venture capitalist(s),83,S
Accommodation and food services,Equally minority/nonminority,Grants,40,S
Accommodation and food services,Equally minority/nonminority,Other source(s) of capital,312,144466
Accommodation and food services,Equally minority/nonminority,Don't know,397,373619
Accommodation and food services,Equally minority/nonminority,None needed,293,26015
Accommodation and food services,Equally minority/nonminority,Total reporting,7808,4413581
Accommodation and food services,Equally minority/nonminority,Item not reported,100,S
Accommodation and food services,"Equally minority/nonminority, female-owned",All firms,428,107366
Accommodation and food services,"Equally minority/nonminority, female-owned",Personal/family savings of owner(s),212,38187
Accommodation and food services,"Equally minority/nonminority, female-owned",Personal/family assets other than savings of owner(s),38,S
Accommodation and food services,"Equally minority/nonminority, female-owned",Personal/family home equity loan,2,S
Accommodation and food services,"Equally minority/nonminority, female-owned",Personal credit card(s) carrying balances,21,S
Accommodation and food services,"Equally minority/nonminority, female-owned",Business credit card(s) carrying balances,9,S
Accommodation and food services,"Equally minority/nonminority, female-owned","Business loan from federal, state, or local government",2,S
Accommodation and food services,"Equally minority/nonminority, female-owned",Government-guaranteed business loan from a bank or financial institution,2,S
Accommodation and food services,"Equally minority/nonminority, female-owned",Business loan from a bank or financial institution,42,S
Accommodation and food services,"Equally minority/nonminority, female-owned",Business loan/investment from family/friends,103,S
Accommodation and food services,"Equally minority/nonminority, female-owned",Investment by venture capitalist(s),0,0
Accommodation and food services,"Equally minority/nonminority, female-owned",Grants,0,0
Accommodation and food services,"Equally minority/nonminority, female-owned",Other source(s) of capital,23,S
Accommodation and food services,"Equally minority/nonminority, female-owned",Don't know,14,S
Accommodation and food services,"Equally minority/nonminority, female-owned",None needed,0,0
Accommodation and food services,"Equally minority/nonminority, female-owned",Total reporting,279,50074
Accommodation and food services,"Equally minority/nonminority, female-owned",Item not reported,10,S
Accommodation and food services,"Equally minority/nonminority, male-owned",All firms,2324,1935999
Accommodation and food services,"Equally minority/nonminority, male-owned",Personal/family savings of owner(s),942,836223
Accommodation and food services,"Equally minority/nonminority, male-owned",Personal/family assets other than savings of owner(s),86,S
Accommodation and food services,"Equally minority/nonminority, male-owned",Personal/family home equity loan,78,S
Accommodation and food services,"Equally minority/nonminority, male-owned",Personal credit card(s) carrying balances,225,89821
Accommodation and food services,"Equally minority/nonminority, male-owned",Business credit card(s) carrying balances,108,S
Accommodation and food services,"Equally minority/nonminority, male-owned","Business loan from federal, state, or local government",42,S
Accommodation and food services,"Equally minority/nonminority, male-owned",Government-guaranteed business loan from a bank or financial institution,86,S
Accommodation and food services,"Equally minority/nonminority, male-owned",Business loan from a bank or financial institution,292,404619
Accommodation and food services,"Equally minority/nonminority, male-owned",Business loan/investment from family/friends,111,S
Accommodation and food services,"Equally minority/nonminority, male-owned",Investment by venture capitalist(s),0,0
Accommodation and food services,"Equally minority/nonminority, male-owned",Grants,0,0
Accommodation and food services,"Equally minority/nonminority, male-owned",Other source(s) of capital,2,S
Accommodation and food services,"Equally minority/nonminority, male-owned",Don't know,94,S
Accommodation and food services,"Equally minority/nonminority, male-owned",None needed,2,S
Accommodation and food services,"Equally minority/nonminority, male-owned",Total reporting,1144,1144270
Accommodation and food services,"Equally minority/nonminority, male-owned",Item not reported,56,S
Accommodation and food services,"Equally minority/nonminority, equally male-/female-owned",All firms,9877,4939745
Accommodation and food services,"Equally minority/nonminority, equally male-/female-owned",Personal/family savings of owner(s),4139,2252356
Accommodation and food services,"Equally minority/nonminority, equally male-/female-owned",Personal/family assets other than savings of owner(s),740,390459
Accommodation and food services,"Equally minority/nonminority, equally male-/female-owned",Personal/family home equity loan,1116,364570
Accommodation and food services,"Equally minority/nonminority, equally male-/female-owned",Personal credit card(s) carrying balances,888,225483
Accommodation and food services,"Equally minority/nonminority, equally male-/female-owned",Business credit card(s) carrying balances,412,106877
Accommodation and food services,"Equally minority/nonminority, equally male-/female-owned","Business loan from federal, state, or local government",63,88403
Accommodation and food services,"Equally minority/nonminority, equally male-/female-owned",Government-guaranteed business loan from a bank or financial institution,454,172312
Accommodation and food services,"Equally minority/nonminority, equally male-/female-owned",Business loan from a bank or financial institution,1148,1105722
Accommodation and food services,"Equally minority/nonminority, equally male-/female-owned",Business loan/investment from family/friends,548,282992
Accommodation and food services,"Equally minority/nonminority, equally male-/female-owned",Investment by venture capitalist(s),83,S
Accommodation and food services,"Equally minority/nonminority, equally male-/female-owned",Grants,40,S
Accommodation and food services,"Equally minority/nonminority, equally male-/female-owned",Other source(s) of capital,287,110658
Accommodation and food services,"Equally minority/nonminority, equally male-/female-owned",Don't know,289,179243
Accommodation and food services,"Equally minority/nonminority, equally male-/female-owned",None needed,291,S
Accommodation and food services,"Equally minority/nonminority, equally male-/female-owned",Total reporting,6385,3219237
Accommodation and food services,"Equally minority/nonminority, equally male-/female-owned",Item not reported,34,S
Accommodation and food services,Nonminority,All firms,485392,364666822
Accommodation and food services,Nonminority,Personal/family savings of owner(s),181324,130453180
Accommodation and food services,Nonminority,Personal/family assets other than savings of owner(s),30926,30275664
Accommodation and food services,Nonminority,Personal/family home equity loan,24299,15929681
Accommodation and food services,Nonminority,Personal credit card(s) carrying balances,25519,11552311
Accommodation and food services,Nonminority,Business credit card(s) carrying balances,9312,5423573
Accommodation and food services,Nonminority,"Business loan from federal, state, or local government",2378,1443056
Accommodation and food services,Nonminority,Government-guaranteed business loan from a bank or financial institution,9393,8946312
Accommodation and food services,Nonminority,Business loan from a bank or financial institution,62781,74638752
Accommodation and food services,Nonminority,Business loan/investment from family/friends,17886,15255081
Accommodation and food services,Nonminority,Investment by venture capitalist(s),1833,2603239
Accommodation and food services,Nonminority,Grants,280,90633
Accommodation and food services,Nonminority,Other source(s) of capital,9798,9662151
Accommodation and food services,Nonminority,Don't know,26944,53005141
Accommodation and food services,Nonminority,None needed,26150,5703978
Accommodation and food services,Nonminority,Total reporting,292682(r),241717215(r)
Accommodation and food services,Nonminority,Item not reported,4459(r),1504662(r)
Accommodation and food services,"Nonminority, female-owned",All firms,139221,46441139
Accommodation and food services,"Nonminority, female-owned",Personal/family savings of owner(s),47731,16100661
Accommodation and food services,"Nonminority, female-owned",Personal/family assets other than savings of owner(s),7709,3317698
Accommodation and food services,"Nonminority, female-owned",Personal/family home equity loan,5590,2271456
Accommodation and food services,"Nonminority, female-owned",Personal credit card(s) carrying balances,8076,2250204
Accommodation and food services,"Nonminority, female-owned",Business credit card(s) carrying balances,2675,958872
Accommodation and food services,"Nonminority, female-owned","Business loan from federal, state, or local government",696,308877
Accommodation and food services,"Nonminority, female-owned",Government-guaranteed business loan from a bank or financial institution,2061,1675873
Accommodation and food services,"Nonminority, female-owned",Business loan from a bank or financial institution,11149,7933914
Accommodation and food services,"Nonminority, female-owned",Business loan/investment from family/friends,3837,2030773
Accommodation and food services,"Nonminority, female-owned",Investment by venture capitalist(s),362,333110
Accommodation and food services,"Nonminority, female-owned",Grants,96,S
Accommodation and food services,"Nonminority, female-owned",Other source(s) of capital,2411,914343
Accommodation and food services,"Nonminority, female-owned",Don't know,6006,4932156
Accommodation and food services,"Nonminority, female-owned",None needed,13602,1223178
Accommodation and food services,"Nonminority, female-owned",Total reporting,81137(r),28250199(r)
Accommodation and food services,"Nonminority, female-owned",Item not reported,1951(r),179151(r)
Accommodation and food services,"Nonminority, male-owned",All firms,256420,266822380
Accommodation and food services,"Nonminority, male-owned",Personal/family savings of owner(s),91725,93336708
Accommodation and food services,"Nonminority, male-owned",Personal/family assets other than savings of owner(s),13487,21621855
Accommodation and food services,"Nonminority, male-owned",Personal/family home equity loan,10299,9257845
Accommodation and food services,"Nonminority, male-owned",Personal credit card(s) carrying balances,11181,6184470
Accommodation and food services,"Nonminority, male-owned",Business credit card(s) carrying balances,4775,3281083
Accommodation and food services,"Nonminority, male-owned","Business loan from federal, state, or local government",738,545063
Accommodation and food services,"Nonminority, male-owned",Government-guaranteed business loan from a bank or financial institution,4149,4611054
Accommodation and food services,"Nonminority, male-owned",Business loan from a bank or financial institution,33542,52925007
Accommodation and food services,"Nonminority, male-owned",Business loan/investment from family/friends,9774,10216121
Accommodation and food services,"Nonminority, male-owned",Investment by venture capitalist(s),1247,2134528
Accommodation and food services,"Nonminority, male-owned",Grants,83,S
Accommodation and food services,"Nonminority, male-owned",Other source(s) of capital,5451,7626133
Accommodation and food services,"Nonminority, male-owned",Don't know,17753,44554404
Accommodation and food services,"Nonminority, male-owned",None needed,9836,3914535
Accommodation and food services,"Nonminority, male-owned",Total reporting,148522(r),179945043(r)
Accommodation and food services,"Nonminority, male-owned",Item not reported,2349(r),1214472(r)
Accommodation and food services,"Nonminority, equally male-/female-owned",All firms,89751,51403303
Accommodation and food services,"Nonminority, equally male-/female-owned",Personal/family savings of owner(s),41867,21015810
Accommodation and food services,"Nonminority, equally male-/female-owned",Personal/family assets other than savings of owner(s),9731,5336112
Accommodation and food services,"Nonminority, equally male-/female-owned",Personal/family home equity loan,8409,4400380
Accommodation and food services,"Nonminority, equally male-/female-owned",Personal credit card(s) carrying balances,6262,3117637
Accommodation and food services,"Nonminority, equally male-/female-owned",Business credit card(s) carrying balances,1862,1183618
Accommodation and food services,"Nonminority, equally male-/female-owned","Business loan from federal, state, or local government",943,589117
Accommodation and food services,"Nonminority, equally male-/female-owned",Government-guaranteed business loan from a bank or financial institution,3184,2659385
Accommodation and food services,"Nonminority, equally male-/female-owned",Business loan from a bank or financial institution,18090,13779831
Accommodation and food services,"Nonminority, equally male-/female-owned",Business loan/investment from family/friends,4275,3008187
Accommodation and food services,"Nonminority, equally male-/female-owned",Investment by venture capitalist(s),224,135601
Accommodation and food services,"Nonminority, equally male-/female-owned",Grants,101,S
Accommodation and food services,"Nonminority, equally male-/female-owned",Other source(s) of capital,1935,1121674
Accommodation and food services,"Nonminority, equally male-/female-owned",Don't know,3186,3518581
Accommodation and food services,"Nonminority, equally male-/female-owned",None needed,2712,566265
Accommodation and food services,"Nonminority, equally male-/female-owned",Total reporting,63024(r),33521973(r)
Accommodation and food services,"Nonminority, equally male-/female-owned",Item not reported,159(r),111040(r)
Accommodation and food services,Veteran,All firms,47888,33946779
Accommodation and food services,Veteran,Personal/family savings of owner(s),16215,12434055
Accommodation and food services,Veteran,Personal/family assets other than savings of owner(s),2459,6634991
Accommodation and food services,Veteran,Personal/family home equity loan,1844,1427561
Accommodation and food services,Veteran,Personal credit card(s) carrying balances,2381,818258
Accommodation and food services,Veteran,Business credit card(s) carrying balances,706,S
Accommodation and food services,Veteran,"Business loan from federal, state, or local government",152,S
Accommodation and food services,Veteran,Government-guaranteed business loan from a bank or financial institution,545,362351
Accommodation and food services,Veteran,Business loan from a bank or financial institution,5315,8804842
Accommodation and food services,Veteran,Business loan/investment from family/friends,945,803703
Accommodation and food services,Veteran,Investment by venture capitalist(s),69,50627
Accommodation and food services,Veteran,Grants,0,0
Accommodation and food services,Veteran,Other source(s) of capital,616,590183
Accommodation and food services,Veteran,Don't know,2076,4037557
Accommodation and food services,Veteran,None needed,1409,922768
Accommodation and food services,Veteran,Total reporting,23905(r),26299061(r)
Accommodation and food services,Veteran,Item not reported,382(r),S
Accommodation and food services,"Veteran, female-owned",All firms,10175,415972
Accommodation and food services,"Veteran, female-owned",Personal/family savings of owner(s),994,91279
Accommodation and food services,"Veteran, female-owned",Personal/family assets other than savings of owner(s),343,18073
Accommodation and food services,"Veteran, female-owned",Personal/family home equity loan,182,9396
Accommodation and food services,"Veteran, female-owned",Personal credit card(s) carrying balances,322,10570
Accommodation and food services,"Veteran, female-owned",Business credit card(s) carrying balances,114,S
Accommodation and food services,"Veteran, female-owned","Business loan from federal, state, or local government",0,0
Accommodation and food services,"Veteran, female-owned",Government-guaranteed business loan from a bank or financial institution,45,S
Accommodation and food services,"Veteran, female-owned",Business loan from a bank or financial institution,254,57354
Accommodation and food services,"Veteran, female-owned",Business loan/investment from family/friends,16,S
Accommodation and food services,"Veteran, female-owned",Investment by venture capitalist(s),0,0
Accommodation and food services,"Veteran, female-owned",Grants,0,0
Accommodation and food services,"Veteran, female-owned",Other source(s) of capital,23,S
Accommodation and food services,"Veteran, female-owned",Don't know,26,S
Accommodation and food services,"Veteran, female-owned",None needed,277,4027
Accommodation and food services,"Veteran, female-owned",Total reporting,1455(r),129552(r)
Accommodation and food services,"Veteran, female-owned",Item not reported,133(r),S
Accommodation and food services,"Veteran, male-owned",All firms,37259,33389363
Accommodation and food services,"Veteran, male-owned",Personal/family savings of owner(s),14910,12221008
Accommodation and food services,"Veteran, male-owned",Personal/family assets other than savings of owner(s),2009,6510357
Accommodation and food services,"Veteran, male-owned",Personal/family home equity loan,1543,1311678
Accommodation and food services,"Veteran, male-owned",Personal credit card(s) carrying balances,1906,700165
Accommodation and food services,"Veteran, male-owned",Business credit card(s) carrying balances,549,S
Accommodation and food services,"Veteran, male-owned","Business loan from federal, state, or local government",131,S
Accommodation and food services,"Veteran, male-owned",Government-guaranteed business loan from a bank or financial institution,495,349654
Accommodation and food services,"Veteran, male-owned",Business loan from a bank or financial institution,4964,8644867
Accommodation and food services,"Veteran, male-owned",Business loan/investment from family/friends,912,794830
Accommodation and food services,"Veteran, male-owned",Investment by venture capitalist(s),65,50595
Accommodation and food services,"Veteran, male-owned",Grants,0,0
Accommodation and food services,"Veteran, male-owned",Other source(s) of capital,594,582954
Accommodation and food services,"Veteran, male-owned",Don't know,2021,4017083
Accommodation and food services,"Veteran, male-owned",None needed,1073,918622
Accommodation and food services,"Veteran, male-owned",Total reporting,22047(r),26030024(r)
Accommodation and food services,"Veteran, male-owned",Item not reported,250(r),S
Accommodation and food services,"Veteran, equally male-/female-owned",All firms,454,141443
Accommodation and food services,"Veteran, equally male-/female-owned",Personal/family savings of owner(s),312,S
Accommodation and food services,"Veteran, equally male-/female-owned",Personal/family assets other than savings of owner(s),106,S
Accommodation and food services,"Veteran, equally male-/female-owned",Personal/family home equity loan,119,S
Accommodation and food services,"Veteran, equally male-/female-owned",Personal credit card(s) carrying balances,153,S
Accommodation and food services,"Veteran, equally male-/female-owned",Business credit card(s) carrying balances,42,S
Accommodation and food services,"Veteran, equally male-/female-owned","Business loan from federal, state, or local government",21,S
Accommodation and food services,"Veteran, equally male-/female-owned",Government-guaranteed business loan from a bank or financial institution,5,S
Accommodation and food services,"Veteran, equally male-/female-owned",Business loan from a bank or financial institution,97,S
Accommodation and food services,"Veteran, equally male-/female-owned",Business loan/investment from family/friends,17,S
Accommodation and food services,"Veteran, equally male-/female-owned",Investment by venture capitalist(s),4,S
Accommodation and food services,"Veteran, equally male-/female-owned",Grants,0,0
Accommodation and food services,"Veteran, equally male-/female-owned",Other source(s) of capital,0,0
Accommodation and food services,"Veteran, equally male-/female-owned",Don't know,29,S
Accommodation and food services,"Veteran, equally male-/female-owned",None needed,60,S
Accommodation and food services,"Veteran, equally male-/female-owned",Total reporting,402,S
Accommodation and food services,"Veteran, equally male-/female-owned",Item not reported,0,0
Accommodation and food services,"Veteran, Hispanic",All firms,3784,952630
Accommodation and food services,"Veteran, Hispanic",Personal/family savings of owner(s),544,196529
Accommodation and food services,"Veteran, Hispanic",Personal/family assets other than savings of owner(s),93,12501
Accommodation and food services,"Veteran, Hispanic",Personal/family home equity loan,2,S
Accommodation and food services,"Veteran, Hispanic",Personal credit card(s) carrying balances,91,S
Accommodation and food services,"Veteran, Hispanic",Business credit card(s) carrying balances,61,S
Accommodation and food services,"Veteran, Hispanic","Business loan from federal, state, or local government",6,S
Accommodation and food services,"Veteran, Hispanic",Government-guaranteed business loan from a bank or financial institution,13,S
Accommodation and food services,"Veteran, Hispanic",Business loan from a bank or financial institution,75,36892
Accommodation and food services,"Veteran, Hispanic",Business loan/investment from family/friends,0,0
Accommodation and food services,"Veteran, Hispanic",Investment by venture capitalist(s),0,0
Accommodation and food services,"Veteran, Hispanic",Grants,0,0
Accommodation and food services,"Veteran, Hispanic",Other source(s) of capital,0,0
Accommodation and food services,"Veteran, Hispanic",Don't know,60,72989
Accommodation and food services,"Veteran, Hispanic",None needed,70,S
Accommodation and food services,"Veteran, Hispanic",Total reporting,696(r),S
Accommodation and food services,"Veteran, Hispanic",Item not reported,34(r),S
Accommodation and food services,"Veteran, equally Hispanic/non-Hispanic",All firms,30,S
Accommodation and food services,"Veteran, equally Hispanic/non-Hispanic",Personal/family savings of owner(s),42,S
Accommodation and food services,"Veteran, equally Hispanic/non-Hispanic",Personal/family assets other than savings of owner(s),6,S
Accommodation and food services,"Veteran, equally Hispanic/non-Hispanic",Personal/family home equity loan,4,S
Accommodation and food services,"Veteran, equally Hispanic/non-Hispanic",Personal credit card(s) carrying balances,38,S
Accommodation and food services,"Veteran, equally Hispanic/non-Hispanic",Business credit card(s) carrying balances,0,S
Accommodation and food services,"Veteran, equally Hispanic/non-Hispanic","Business loan from federal, state, or local government",0,S
Accommodation and food services,"Veteran, equally Hispanic/non-Hispanic",Government-guaranteed business loan from a bank or financial institution,0,S
Accommodation and food services,"Veteran, equally Hispanic/non-Hispanic",Business loan from a bank or financial institution,0,S
Accommodation and food services,"Veteran, equally Hispanic/non-Hispanic",Business loan/investment from family/friends,0,S
Accommodation and food services,"Veteran, equally Hispanic/non-Hispanic",Investment by venture capitalist(s),4,S
Accommodation and food services,"Veteran, equally Hispanic/non-Hispanic",Grants,0,S
Accommodation and food services,"Veteran, equally Hispanic/non-Hispanic",Other source(s) of capital,0,S
Accommodation and food services,"Veteran, equally Hispanic/non-Hispanic",Don't know,0,S
Accommodation and food services,"Veteran, equally Hispanic/non-Hispanic",None needed,0,S
Accommodation and food services,"Veteran, equally Hispanic/non-Hispanic",Total reporting,44,S
Accommodation and food services,"Veteran, equally Hispanic/non-Hispanic",Item not reported,0,S
Accommodation and food services,"Veteran, non-Hispanic",All firms,44073,32993114
Accommodation and food services,"Veteran, non-Hispanic",Personal/family savings of owner(s),15630,12236426
Accommodation and food services,"Veteran, non-Hispanic",Personal/family assets other than savings of owner(s),2360,6622355
Accommodation and food services,"Veteran, non-Hispanic",Personal/family home equity loan,1838,1424066
Accommodation and food services,"Veteran, non-Hispanic",Personal credit card(s) carrying balances,2252,814830
Accommodation and food services,"Veteran, non-Hispanic",Business credit card(s) carrying balances,645,S
Accommodation and food services,"Veteran, non-Hispanic","Business loan from federal, state, or local government",146,S
Accommodation and food services,"Veteran, non-Hispanic",Government-guaranteed business loan from a bank or financial institution,532,350887
Accommodation and food services,"Veteran, non-Hispanic",Business loan from a bank or financial institution,5240,8767950
Accommodation and food services,"Veteran, non-Hispanic",Business loan/investment from family/friends,945,803703
Accommodation and food services,"Veteran, non-Hispanic",Investment by venture capitalist(s),65,50595
Accommodation and food services,"Veteran, non-Hispanic",Grants,0,0
Accommodation and food services,"Veteran, non-Hispanic",Other source(s) of capital,616,590183
Accommodation and food services,"Veteran, non-Hispanic",Don't know,2016,3964568
Accommodation and food services,"Veteran, non-Hispanic",None needed,1339,410293
Accommodation and food services,"Veteran, non-Hispanic",Total reporting,23165(r),25504415(r)
Accommodation and food services,"Veteran, non-Hispanic",Item not reported,348(r),S
Accommodation and food services,"Veteran, White",All firms,38607,32375044
Accommodation and food services,"Veteran, White",Personal/family savings of owner(s),14456,11641056
Accommodation and food services,"Veteran, White",Personal/family assets other than savings of owner(s),2137,6580735
Accommodation and food services,"Veteran, White",Personal/family home equity loan,1696,1203483
Accommodation and food services,"Veteran, White",Personal credit card(s) carrying balances,1959,568012
Accommodation and food services,"Veteran, White",Business credit card(s) carrying balances,590,219199
Accommodation and food services,"Veteran, White","Business loan from federal, state, or local government",132,S
Accommodation and food services,"Veteran, White",Government-guaranteed business loan from a bank or financial institution,534,293376
Accommodation and food services,"Veteran, White",Business loan from a bank or financial institution,4892,8068828
Accommodation and food services,"Veteran, White",Business loan/investment from family/friends,889,793429
Accommodation and food services,"Veteran, White",Investment by venture capitalist(s),65,50595
Accommodation and food services,"Veteran, White",Grants,0,0
Accommodation and food services,"Veteran, White",Other source(s) of capital,551,494149
Accommodation and food services,"Veteran, White",Don't know,1862,3990056
Accommodation and food services,"Veteran, White",None needed,1230,861164
Accommodation and food services,"Veteran, White",Total reporting,21278(r),25061537(r)
Accommodation and food services,"Veteran, White",Item not reported,98(r),S
Accommodation and food services,"Veteran, Black or African American",All firms,6450,837430
Accommodation and food services,"Veteran, Black or African American",Personal/family savings of owner(s),1207,678792
Accommodation and food services,"Veteran, Black or African American",Personal/family assets other than savings of owner(s),295,S
Accommodation and food services,"Veteran, Black or African American",Personal/family home equity loan,144,S
Accommodation and food services,"Veteran, Black or African American",Personal credit card(s) carrying balances,395,S
Accommodation and food services,"Veteran, Black or African American",Business credit card(s) carrying balances,116,S
Accommodation and food services,"Veteran, Black or African American","Business loan from federal, state, or local government",15,S
Accommodation and food services,"Veteran, Black or African American",Government-guaranteed business loan from a bank or financial institution,2,S
Accommodation and food services,"Veteran, Black or African American",Business loan from a bank or financial institution,300,426587
Accommodation and food services,"Veteran, Black or African American",Business loan/investment from family/friends,20,S
Accommodation and food services,"Veteran, Black or African American",Investment by venture capitalist(s),0,0
Accommodation and food services,"Veteran, Black or African American",Grants,0,0
Accommodation and food services,"Veteran, Black or African American",Other source(s) of capital,52,93131
Accommodation and food services,"Veteran, Black or African American",Don't know,162,S
Accommodation and food services,"Veteran, Black or African American",None needed,79,S
Accommodation and food services,"Veteran, Black or African American",Total reporting,1827(r),760484(r)
Accommodation and food services,"Veteran, Black or African American",Item not reported,244(r),S
Accommodation and food services,"Veteran, American Indian and Alaska Native",All firms,634,73285
Accommodation and food services,"Veteran, American Indian and Alaska Native",Personal/family savings of owner(s),220,45113
Accommodation and food services,"Veteran, American Indian and Alaska Native",Personal/family assets other than savings of owner(s),57,S
Accommodation and food services,"Veteran, American Indian and Alaska Native",Personal/family home equity loan,18,S
Accommodation and food services,"Veteran, American Indian and Alaska Native",Personal credit card(s) carrying balances,71,S
Accommodation and food services,"Veteran, American Indian and Alaska Native",Business credit card(s) carrying balances,18,S
Accommodation and food services,"Veteran, American Indian and Alaska Native","Business loan from federal, state, or local government",0,0
Accommodation and food services,"Veteran, American Indian and Alaska Native",Government-guaranteed business loan from a bank or financial institution,11,S
Accommodation and food services,"Veteran, American Indian and Alaska Native",Business loan from a bank or financial institution,77,S
Accommodation and food services,"Veteran, American Indian and Alaska Native",Business loan/investment from family/friends,11,S
Accommodation and food services,"Veteran, American Indian and Alaska Native",Investment by venture capitalist(s),0,0
Accommodation and food services,"Veteran, American Indian and Alaska Native",Grants,0,0
Accommodation and food services,"Veteran, American Indian and Alaska Native",Other source(s) of capital,0,0
Accommodation and food services,"Veteran, American Indian and Alaska Native",Don't know,12,S
Accommodation and food services,"Veteran, American Indian and Alaska Native",None needed,78,S
Accommodation and food services,"Veteran, American Indian and Alaska Native",Total reporting,341,74638
Accommodation and food services,"Veteran, American Indian and Alaska Native",Item not reported,15,S
Accommodation and food services,"Veteran, Asian",All firms,1352,457712
Accommodation and food services,"Veteran, Asian",Personal/family savings of owner(s),270,42421
Accommodation and food services,"Veteran, Asian",Personal/family assets other than savings of owner(s),6,S
Accommodation and food services,"Veteran, Asian",Personal/family home equity loan,0,0
Accommodation and food services,"Veteran, Asian",Personal credit card(s) carrying balances,6,S
Accommodation and food services,"Veteran, Asian",Business credit card(s) carrying balances,0,0
Accommodation and food services,"Veteran, Asian","Business loan from federal, state, or local government",0,0
Accommodation and food services,"Veteran, Asian",Government-guaranteed business loan from a bank or financial institution,8,S
Accommodation and food services,"Veteran, Asian",Business loan from a bank or financial institution,52,S
Accommodation and food services,"Veteran, Asian",Business loan/investment from family/friends,25,S
Accommodation and food services,"Veteran, Asian",Investment by venture capitalist(s),0,0
Accommodation and food services,"Veteran, Asian",Grants,0,0
Accommodation and food services,"Veteran, Asian",Other source(s) of capital,13,S
Accommodation and food services,"Veteran, Asian",Don't know,40,S
Accommodation and food services,"Veteran, Asian",None needed,45,S
Accommodation and food services,"Veteran, Asian",Total reporting,409,S
Accommodation and food services,"Veteran, Asian",Item not reported,6,S
Accommodation and food services,"Veteran, Native Hawaiian and Other Pacific Islander",All firms,61,2628
Accommodation and food services,"Veteran, Native Hawaiian and Other Pacific Islander",Personal/family savings of owner(s),0,0
Accommodation and food services,"Veteran, Native Hawaiian and Other Pacific Islander",Personal/family assets other than savings of owner(s),0,0
Accommodation and food services,"Veteran, Native Hawaiian and Other Pacific Islander",Personal/family home equity loan,0,0
Accommodation and food services,"Veteran, Native Hawaiian and Other Pacific Islander",Personal credit card(s) carrying balances,0,0
Accommodation and food services,"Veteran, Native Hawaiian and Other Pacific Islander",Business credit card(s) carrying balances,0,0
Accommodation and food services,"Veteran, Native Hawaiian and Other Pacific Islander","Business loan from federal, state, or local government",0,0
Accommodation and food services,"Veteran, Native Hawaiian and Other Pacific Islander",Government-guaranteed business loan from a bank or financial institution,0,0
Accommodation and food services,"Veteran, Native Hawaiian and Other Pacific Islander",Business loan from a bank or financial institution,0,0
Accommodation and food services,"Veteran, Native Hawaiian and Other Pacific Islander",Business loan/investment from family/friends,0,0
Accommodation and food services,"Veteran, Native Hawaiian and Other Pacific Islander",Investment by venture capitalist(s),0,0
Accommodation and food services,"Veteran, Native Hawaiian and Other Pacific Islander",Grants,0,0
Accommodation and food services,"Veteran, Native Hawaiian and Other Pacific Islander",Other source(s) of capital,0,0
Accommodation and food services,"Veteran, Native Hawaiian and Other Pacific Islander",Don't know,4,S
Accommodation and food services,"Veteran, Native Hawaiian and Other Pacific Islander",None needed,0,0
Accommodation and food services,"Veteran, Native Hawaiian and Other Pacific Islander",Total reporting,4,S
Accommodation and food services,"Veteran, Native Hawaiian and Other Pacific Islander",Item not reported,0,0
Accommodation and food services,"Veteran, some other race",All firms,1421,248409
Accommodation and food services,"Veteran, some other race",Personal/family savings of owner(s),169,S
Accommodation and food services,"Veteran, some other race",Personal/family assets other than savings of owner(s),0,0
Accommodation and food services,"Veteran, some other race",Personal/family home equity loan,0,0
Accommodation and food services,"Veteran, some other race",Personal credit card(s) carrying balances,7,S
Accommodation and food services,"Veteran, some other race",Business credit card(s) carrying balances,0,0
Accommodation and food services,"Veteran, some other race","Business loan from federal, state, or local government",6,S
Accommodation and food services,"Veteran, some other race",Government-guaranteed business loan from a bank or financial institution,0,0
Accommodation and food services,"Veteran, some other race",Business loan from a bank or financial institution,13,S
Accommodation and food services,"Veteran, some other race",Business loan/investment from family/friends,0,0
Accommodation and food services,"Veteran, some other race",Investment by venture capitalist(s),0,0
Accommodation and food services,"Veteran, some other race",Grants,0,0
Accommodation and food services,"Veteran, some other race",Other source(s) of capital,0,0
Accommodation and food services,"Veteran, some other race",Don't know,0,0
Accommodation and food services,"Veteran, some other race",None needed,61,S
Accommodation and food services,"Veteran, some other race",Total reporting,237(r),S
Accommodation and food services,"Veteran, some other race",Item not reported,19(r),S
Accommodation and food services,"Veteran, minority",All firms,11826,2335553
Accommodation and food services,"Veteran, minority",Personal/family savings of owner(s),2153,959950
Accommodation and food services,"Veteran, minority",Personal/family assets other than savings of owner(s),439,73051
Accommodation and food services,"Veteran, minority",Personal/family home equity loan,168,S
Accommodation and food services,"Veteran, minority",Personal credit card(s) carrying balances,536,S
Accommodation and food services,"Veteran, minority",Business credit card(s) carrying balances,195,S
Accommodation and food services,"Veteran, minority","Business loan from federal, state, or local government",21,S
Accommodation and food services,"Veteran, minority",Government-guaranteed business loan from a bank or financial institution,24,S
Accommodation and food services,"Veteran, minority",Business loan from a bank or financial institution,504,784191
Accommodation and food services,"Veteran, minority",Business loan/investment from family/friends,56,S
Accommodation and food services,"Veteran, minority",Investment by venture capitalist(s),4,S
Accommodation and food services,"Veteran, minority",Grants,0,0
Accommodation and food services,"Veteran, minority",Other source(s) of capital,65,96034
Accommodation and food services,"Veteran, minority",Don't know,277,120511
Accommodation and food services,"Veteran, minority",None needed,271,S
Accommodation and food services,"Veteran, minority",Total reporting,3190(r),1999865(r)
Accommodation and food services,"Veteran, minority",Item not reported,285(r),4214(r)
Accommodation and food services,"Veteran, equally minority/nonminority",All firms,37,1935
Accommodation and food services,"Veteran, equally minority/nonminority",Personal/family savings of owner(s),38,S
Accommodation and food services,"Veteran, equally minority/nonminority",Personal/family assets other than savings of owner(s),2,S
Accommodation and food services,"Veteran, equally minority/nonminority",Personal/family home equity loan,0,0
Accommodation and food services,"Veteran, equally minority/nonminority",Personal credit card(s) carrying balances,38,S
Accommodation and food services,"Veteran, equally minority/nonminority",Business credit card(s) carrying balances,0,0
Accommodation and food services,"Veteran, equally minority/nonminority","Business loan from federal, state, or local government",0,0
Accommodation and food services,"Veteran, equally minority/nonminority",Government-guaranteed business loan from a bank or financial institution,0,0
Accommodation and food services,"Veteran, equally minority/nonminority",Business loan from a bank or financial institution,0,0
Accommodation and food services,"Veteran, equally minority/nonminority",Business loan/investment from family/friends,0,0
Accommodation and food services,"Veteran, equally minority/nonminority",Investment by venture capitalist(s),0,0
Accommodation and food services,"Veteran, equally minority/nonminority",Grants,0,0
Accommodation and food services,"Veteran, equally minority/nonminority",Other source(s) of capital,0,0
Accommodation and food services,"Veteran, equally minority/nonminority",Don't know,0,0
Accommodation and food services,"Veteran, equally minority/nonminority",None needed,0,0
Accommodation and food services,"Veteran, equally minority/nonminority",Total reporting,40,S
Accommodation and food services,"Veteran, equally minority/nonminority",Item not reported,0,0
Accommodation and food services,"Veteran, nonminority",All firms,36025,31609292
Accommodation and food services,"Veteran, nonminority",Personal/family savings of owner(s),14024,11473037
Accommodation and food services,"Veteran, nonminority",Personal/family assets other than savings of owner(s),2018,6561836
Accommodation and food services,"Veteran, nonminority",Personal/family home equity loan,1676,1192102
Accommodation and food services,"Veteran, nonminority",Personal credit card(s) carrying balances,1807,558600
Accommodation and food services,"Veteran, nonminority",Business credit card(s) carrying balances,511,211098
Accommodation and food services,"Veteran, nonminority","Business loan from federal, state, or local government",132,S
Accommodation and food services,"Veteran, nonminority",Government-guaranteed business loan from a bank or financial institution,521,281912
Accommodation and food services,"Veteran, nonminority",Business loan from a bank or financial institution,4810,8020651
Accommodation and food services,"Veteran, nonminority",Business loan/investment from family/friends,889,793429
Accommodation and food services,"Veteran, nonminority",Investment by venture capitalist(s),65,50595
Accommodation and food services,"Veteran, nonminority",Grants,0,0
Accommodation and food services,"Veteran, nonminority",Other source(s) of capital,551,494149
Accommodation and food services,"Veteran, nonminority",Don't know,1798,3917047
Accommodation and food services,"Veteran, nonminority",None needed,1138,349754
Accommodation and food services,"Veteran, nonminority",Total reporting,20675(r),24298025(r)
Accommodation and food services,"Veteran, nonminority",Item not reported,98(r),S
Accommodation and food services,Equally veteran/nonveteran,All firms,23134,14430629
Accommodation and food services,Equally veteran/nonveteran,Personal/family savings of owner(s),11459,5384421
Accommodation and food services,Equally veteran/nonveteran,Personal/family assets other than savings of owner(s),2536,2916070
Accommodation and food services,Equally veteran/nonveteran,Personal/family home equity loan,2012,1114633
Accommodation and food services,Equally veteran/nonveteran,Personal credit card(s) carrying balances,1319,671062
Accommodation and food services,Equally veteran/nonveteran,Business credit card(s) carrying balances,413,254312
Accommodation and food services,Equally veteran/nonveteran,"Business loan from federal, state, or local government",191,S
Accommodation and food services,Equally veteran/nonveteran,Government-guaranteed business loan from a bank or financial institution,937,782006
Accommodation and food services,Equally veteran/nonveteran,Business loan from a bank or financial institution,4575,3136776
Accommodation and food services,Equally veteran/nonveteran,Business loan/investment from family/friends,952,586939
Accommodation and food services,Equally veteran/nonveteran,Investment by venture capitalist(s),11,S
Accommodation and food services,Equally veteran/nonveteran,Grants,0,0
Accommodation and food services,Equally veteran/nonveteran,Other source(s) of capital,592,448796
Accommodation and food services,Equally veteran/nonveteran,Don't know,551,769556
Accommodation and food services,Equally veteran/nonveteran,None needed,842,191470
Accommodation and food services,Equally veteran/nonveteran,Total reporting,16348(r),9520358(r)
Accommodation and food services,Equally veteran/nonveteran,Item not reported,216(r),S
Accommodation and food services,"Equally veteran/nonveteran, female-owned",All firms,160,32863
Accommodation and food services,"Equally veteran/nonveteran, female-owned",Personal/family savings of owner(s),47,S
Accommodation and food services,"Equally veteran/nonveteran, female-owned",Personal/family assets other than savings of owner(s),43,S
Accommodation and food services,"Equally veteran/nonveteran, female-owned",Personal/family home equity loan,14,S
Accommodation and food services,"Equally veteran/nonveteran, female-owned",Personal credit card(s) carrying balances,24,S
Accommodation and food services,"Equally veteran/nonveteran, female-owned",Business credit card(s) carrying balances,0,0
Accommodation and food services,"Equally veteran/nonveteran, female-owned","Business loan from federal, state, or local government",0,0
Accommodation and food services,"Equally veteran/nonveteran, female-owned",Government-guaranteed business loan from a bank or financial institution,0,0
Accommodation and food services,"Equally veteran/nonveteran, female-owned",Business loan from a bank or financial institution,57,S
Accommodation and food services,"Equally veteran/nonveteran, female-owned",Business loan/investment from family/friends,0,0
Accommodation and food services,"Equally veteran/nonveteran, female-owned",Investment by venture capitalist(s),0,0
Accommodation and food services,"Equally veteran/nonveteran, female-owned",Grants,0,0
Accommodation and food services,"Equally veteran/nonveteran, female-owned",Other source(s) of capital,0,0
Accommodation and food services,"Equally veteran/nonveteran, female-owned",Don't know,2,S
Accommodation and food services,"Equally veteran/nonveteran, female-owned",None needed,0,0
Accommodation and food services,"Equally veteran/nonveteran, female-owned",Total reporting,83,S
Accommodation and food services,"Equally veteran/nonveteran, female-owned",Item not reported,2,S
Accommodation and food services,"Equally veteran/nonveteran, male-owned",All firms,3402,4939553
Accommodation and food services,"Equally veteran/nonveteran, male-owned",Personal/family savings of owner(s),1385,1428358
Accommodation and food services,"Equally veteran/nonveteran, male-owned",Personal/family assets other than savings of owner(s),411,S
Accommodation and food services,"Equally veteran/nonveteran, male-owned",Personal/family home equity loan,357,281504
Accommodation and food services,"Equally veteran/nonveteran, male-owned",Personal credit card(s) carrying balances,269,143196
Accommodation and food services,"Equally veteran/nonveteran, male-owned",Business credit card(s) carrying balances,108,S
Accommodation and food services,"Equally veteran/nonveteran, male-owned","Business loan from federal, state, or local government",0,0
Accommodation and food services,"Equally veteran/nonveteran, male-owned",Government-guaranteed business loan from a bank or financial institution,156,161223
Accommodation and food services,"Equally veteran/nonveteran, male-owned",Business loan from a bank or financial institution,649,828413
Accommodation and food services,"Equally veteran/nonveteran, male-owned",Business loan/investment from family/friends,95,S
Accommodation and food services,"Equally veteran/nonveteran, male-owned",Investment by venture capitalist(s),4,20872
Accommodation and food services,"Equally veteran/nonveteran, male-owned",Grants,0,0
Accommodation and food services,"Equally veteran/nonveteran, male-owned",Other source(s) of capital,35,40613
Accommodation and food services,"Equally veteran/nonveteran, male-owned",Don't know,218,377762
Accommodation and food services,"Equally veteran/nonveteran, male-owned",None needed,41,S
Accommodation and food services,"Equally veteran/nonveteran, male-owned",Total reporting,1918,3654892
Accommodation and food services,"Equally veteran/nonveteran, male-owned",Item not reported,191,S
Accommodation and food services,"Equally veteran/nonveteran, equally male-/female-owned",All firms,19571,9458212
Accommodation and food services,"Equally veteran/nonveteran, equally male-/female-owned",Personal/family savings of owner(s),10026,3938954
Accommodation and food services,"Equally veteran/nonveteran, equally male-/female-owned",Personal/family assets other than savings of owner(s),2082,1161439
Accommodation and food services,"Equally veteran/nonveteran, equally male-/female-owned",Personal/family home equity loan,1641,821061
Accommodation and food services,"Equally veteran/nonveteran, equally male-/female-owned",Personal credit card(s) carrying balances,1026,524638
Accommodation and food services,"Equally veteran/nonveteran, equally male-/female-owned",Business credit card(s) carrying balances,306,157401
Accommodation and food services,"Equally veteran/nonveteran, equally male-/female-owned","Business loan from federal, state, or local government",191,S
Accommodation and food services,"Equally veteran/nonveteran, equally male-/female-owned",Government-guaranteed business loan from a bank or financial institution,781,620782
Accommodation and food services,"Equally veteran/nonveteran, equally male-/female-owned",Business loan from a bank or financial institution,3869,2292678
Accommodation and food services,"Equally veteran/nonveteran, equally male-/female-owned",Business loan/investment from family/friends,857,352706
Accommodation and food services,"Equally veteran/nonveteran, equally male-/female-owned",Investment by venture capitalist(s),7,S
Accommodation and food services,"Equally veteran/nonveteran, equally male-/female-owned",Grants,0,0
Accommodation and food services,"Equally veteran/nonveteran, equally male-/female-owned",Other source(s) of capital,557,408182
Accommodation and food services,"Equally veteran/nonveteran, equally male-/female-owned",Don't know,331,391475
Accommodation and food services,"Equally veteran/nonveteran, equally male-/female-owned",None needed,800,96944
Accommodation and food services,"Equally veteran/nonveteran, equally male-/female-owned",Total reporting,14347(r),5846234(r)
Accommodation and food services,"Equally veteran/nonveteran, equally male-/female-owned",Item not reported,22(r),S
Accommodation and food services,"Equally veteran/nonveteran, Hispanic",All firms,396,453655
Accommodation and food services,"Equally veteran/nonveteran, Hispanic",Personal/family savings of owner(s),168,260699
Accommodation and food services,"Equally veteran/nonveteran, Hispanic",Personal/family assets other than savings of owner(s),13,S
Accommodation and food services,"Equally veteran/nonveteran, Hispanic",Personal/family home equity loan,9,S
Accommodation and food services,"Equally veteran/nonveteran, Hispanic",Personal credit card(s) carrying balances,13,S
Accommodation and food services,"Equally veteran/nonveteran, Hispanic",Business credit card(s) carrying balances,0,0
Accommodation and food services,"Equally veteran/nonveteran, Hispanic","Business loan from federal, state, or local government",0,0
Accommodation and food services,"Equally veteran/nonveteran, Hispanic",Government-guaranteed business loan from a bank or financial institution,0,0
Accommodation and food services,"Equally veteran/nonveteran, Hispanic",Business loan from a bank or financial institution,20,S
Accommodation and food services,"Equally veteran/nonveteran, Hispanic",Business loan/investment from family/friends,0,0
Accommodation and food services,"Equally veteran/nonveteran, Hispanic",Investment by venture capitalist(s),0,0
Accommodation and food services,"Equally veteran/nonveteran, Hispanic",Grants,0,0
Accommodation and food services,"Equally veteran/nonveteran, Hispanic",Other source(s) of capital,0,0
Accommodation and food services,"Equally veteran/nonveteran, Hispanic",Don't know,0,0
Accommodation and food services,"Equally veteran/nonveteran, Hispanic",None needed,0,0
Accommodation and food services,"Equally veteran/nonveteran, Hispanic",Total reporting,185,261354
Accommodation and food services,"Equally veteran/nonveteran, Hispanic",Item not reported,0,0
Accommodation and food services,"Equally veteran/nonveteran, equally Hispanic/non-Hispanic",All firms,1051,936413
Accommodation and food services,"Equally veteran/nonveteran, equally Hispanic/non-Hispanic",Personal/family savings of owner(s),515,320827
Accommodation and food services,"Equally veteran/nonveteran, equally Hispanic/non-Hispanic",Personal/family assets other than savings of owner(s),77,S
Accommodation and food services,"Equally veteran/nonveteran, equally Hispanic/non-Hispanic",Personal/family home equity loan,149,S
Accommodation and food services,"Equally veteran/nonveteran, equally Hispanic/non-Hispanic",Personal credit card(s) carrying balances,34,S
Accommodation and food services,"Equally veteran/nonveteran, equally Hispanic/non-Hispanic",Business credit card(s) carrying balances,36,S
Accommodation and food services,"Equally veteran/nonveteran, equally Hispanic/non-Hispanic","Business loan from federal, state, or local government",40,S
Accommodation and food services,"Equally veteran/nonveteran, equally Hispanic/non-Hispanic",Government-guaranteed business loan from a bank or financial institution,16,S
Accommodation and food services,"Equally veteran/nonveteran, equally Hispanic/non-Hispanic",Business loan from a bank or financial institution,105,235097
Accommodation and food services,"Equally veteran/nonveteran, equally Hispanic/non-Hispanic",Business loan/investment from family/friends,58,S
Accommodation and food services,"Equally veteran/nonveteran, equally Hispanic/non-Hispanic",Investment by venture capitalist(s),0,0
Accommodation and food services,"Equally veteran/nonveteran, equally Hispanic/non-Hispanic",Grants,0,0
Accommodation and food services,"Equally veteran/nonveteran, equally Hispanic/non-Hispanic",Other source(s) of capital,0,0
Accommodation and food services,"Equally veteran/nonveteran, equally Hispanic/non-Hispanic",Don't know,0,0
Accommodation and food services,"Equally veteran/nonveteran, equally Hispanic/non-Hispanic",None needed,3,S
Accommodation and food services,"Equally veteran/nonveteran, equally Hispanic/non-Hispanic",Total reporting,610,445766
Accommodation and food services,"Equally veteran/nonveteran, equally Hispanic/non-Hispanic",Item not reported,0,0
Accommodation and food services,"Equally veteran/nonveteran, non-Hispanic",All firms,21687,13040561
Accommodation and food services,"Equally veteran/nonveteran, non-Hispanic",Personal/family savings of owner(s),10775,4802895
Accommodation and food services,"Equally veteran/nonveteran, non-Hispanic",Personal/family assets other than savings of owner(s),2445,2751045
Accommodation and food services,"Equally veteran/nonveteran, non-Hispanic",Personal/family home equity loan,1855,1053581
Accommodation and food services,"Equally veteran/nonveteran, non-Hispanic",Personal credit card(s) carrying balances,1272,561753
Accommodation and food services,"Equally veteran/nonveteran, non-Hispanic",Business credit card(s) carrying balances,377,250456
Accommodation and food services,"Equally veteran/nonveteran, non-Hispanic","Business loan from federal, state, or local government",151,60580
Accommodation and food services,"Equally veteran/nonveteran, non-Hispanic",Government-guaranteed business loan from a bank or financial institution,921,735972
Accommodation and food services,"Equally veteran/nonveteran, non-Hispanic",Business loan from a bank or financial institution,4451,2839563
Accommodation and food services,"Equally veteran/nonveteran, non-Hispanic",Business loan/investment from family/friends,894,568497
Accommodation and food services,"Equally veteran/nonveteran, non-Hispanic",Investment by venture capitalist(s),11,S
Accommodation and food services,"Equally veteran/nonveteran, non-Hispanic",Grants,0,0
Accommodation and food services,"Equally veteran/nonveteran, non-Hispanic",Other source(s) of capital,592,448796
Accommodation and food services,"Equally veteran/nonveteran, non-Hispanic",Don't know,551,769556
Accommodation and food services,"Equally veteran/nonveteran, non-Hispanic",None needed,838,191441
Accommodation and food services,"Equally veteran/nonveteran, non-Hispanic",Total reporting,15553(r),8813238(r)
Accommodation and food services,"Equally veteran/nonveteran, non-Hispanic",Item not reported,216(r),S
Accommodation and food services,"Equally veteran/nonveteran, White",All firms,20775,13179072
Accommodation and food services,"Equally veteran/nonveteran, White",Personal/family savings of owner(s),10588,5107372
Accommodation and food services,"Equally veteran/nonveteran, White",Personal/family assets other than savings of owner(s),2373,2839588
Accommodation and food services,"Equally veteran/nonveteran, White",Personal/family home equity loan,1706,1013739
Accommodation and food services,"Equally veteran/nonveteran, White",Personal credit card(s) carrying balances,1222,650620
Accommodation and food services,"Equally veteran/nonveteran, White",Business credit card(s) carrying balances,413,254312
Accommodation and food services,"Equally veteran/nonveteran, White","Business loan from federal, state, or local government",151,60580
Accommodation and food services,"Equally veteran/nonveteran, White",Government-guaranteed business loan from a bank or financial institution,853,774696
Accommodation and food services,"Equally veteran/nonveteran, White",Business loan from a bank or financial institution,4285,3098418
Accommodation and food services,"Equally veteran/nonveteran, White",Business loan/investment from family/friends,744,518258
Accommodation and food services,"Equally veteran/nonveteran, White",Investment by venture capitalist(s),11,S
Accommodation and food services,"Equally veteran/nonveteran, White",Grants,0,0
Accommodation and food services,"Equally veteran/nonveteran, White",Other source(s) of capital,573,405279
Accommodation and food services,"Equally veteran/nonveteran, White",Don't know,507,728825
Accommodation and food services,"Equally veteran/nonveteran, White",None needed,825,191095
Accommodation and food services,"Equally veteran/nonveteran, White",Total reporting,15080,9073736
Accommodation and food services,"Equally veteran/nonveteran, White",Item not reported,117,S
Accommodation and food services,"Equally veteran/nonveteran, Black or African American",All firms,320,142884
Accommodation and food services,"Equally veteran/nonveteran, Black or African American",Personal/family savings of owner(s),150,35246
Accommodation and food services,"Equally veteran/nonveteran, Black or African American",Personal/family assets other than savings of owner(s),0,0
Accommodation and food services,"Equally veteran/nonveteran, Black or African American",Personal/family home equity loan,0,0
Accommodation and food services,"Equally veteran/nonveteran, Black or African American",Personal credit card(s) carrying balances,0,0
Accommodation and food services,"Equally veteran/nonveteran, Black or African American",Business credit card(s) carrying balances,0,0
Accommodation and food services,"Equally veteran/nonveteran, Black or African American","Business loan from federal, state, or local government",0,0
Accommodation and food services,"Equally veteran/nonveteran, Black or African American",Government-guaranteed business loan from a bank or financial institution,0,0
Accommodation and food services,"Equally veteran/nonveteran, Black or African American",Business loan from a bank or financial institution,66,S
Accommodation and food services,"Equally veteran/nonveteran, Black or African American",Business loan/investment from family/friends,0,0
Accommodation and food services,"Equally veteran/nonveteran, Black or African American",Investment by venture capitalist(s),0,0
Accommodation and food services,"Equally veteran/nonveteran, Black or African American",Grants,0,0
Accommodation and food services,"Equally veteran/nonveteran, Black or African American",Other source(s) of capital,0,0
Accommodation and food services,"Equally veteran/nonveteran, Black or African American",Don't know,0,0
Accommodation and food services,"Equally veteran/nonveteran, Black or African American",None needed,13,S
Accommodation and food services,"Equally veteran/nonveteran, Black or African American",Total reporting,230,36277
Accommodation and food services,"Equally veteran/nonveteran, Black or African American",Item not reported,0,0
Accommodation and food services,"Equally veteran/nonveteran, American Indian and Alaska Native",All firms,22,4695
Accommodation and food services,"Equally veteran/nonveteran, American Indian and Alaska Native",Personal/family savings of owner(s),11,S
Accommodation and food services,"Equally veteran/nonveteran, American Indian and Alaska Native",Personal/family assets other than savings of owner(s),0,0
Accommodation and food services,"Equally veteran/nonveteran, American Indian and Alaska Native",Personal/family home equity loan,0,0
Accommodation and food services,"Equally veteran/nonveteran, American Indian and Alaska Native",Personal credit card(s) carrying balances,0,0
Accommodation and food services,"Equally veteran/nonveteran, American Indian and Alaska Native",Business credit card(s) carrying balances,0,0
Accommodation and food services,"Equally veteran/nonveteran, American Indian and Alaska Native","Business loan from federal, state, or local government",0,0
Accommodation and food services,"Equally veteran/nonveteran, American Indian and Alaska Native",Government-guaranteed business loan from a bank or financial institution,0,0
Accommodation and food services,"Equally veteran/nonveteran, American Indian and Alaska Native",Business loan from a bank or financial institution,2,S
Accommodation and food services,"Equally veteran/nonveteran, American Indian and Alaska Native",Business loan/investment from family/friends,0,0
Accommodation and food services,"Equally veteran/nonveteran, American Indian and Alaska Native",Investment by venture capitalist(s),0,0
Accommodation and food services,"Equally veteran/nonveteran, American Indian and Alaska Native",Grants,0,0
Accommodation and food services,"Equally veteran/nonveteran, American Indian and Alaska Native",Other source(s) of capital,0,0
Accommodation and food services,"Equally veteran/nonveteran, American Indian and Alaska Native",Don't know,2,S
Accommodation and food services,"Equally veteran/nonveteran, American Indian and Alaska Native",None needed,0,0
Accommodation and food services,"Equally veteran/nonveteran, American Indian and Alaska Native",Total reporting,13,S
Accommodation and food services,"Equally veteran/nonveteran, American Indian and Alaska Native",Item not reported,0,0
Accommodation and food services,"Equally veteran/nonveteran, Asian",All firms,395,276788
Accommodation and food services,"Equally veteran/nonveteran, Asian",Personal/family savings of owner(s),193,65588
Accommodation and food services,"Equally veteran/nonveteran, Asian",Personal/family assets other than savings of owner(s),46,S
Accommodation and food services,"Equally veteran/nonveteran, Asian",Personal/family home equity loan,97,S
Accommodation and food services,"Equally veteran/nonveteran, Asian",Personal credit card(s) carrying balances,57,S
Accommodation and food services,"Equally veteran/nonveteran, Asian",Business credit card(s) carrying balances,0,0
Accommodation and food services,"Equally veteran/nonveteran, Asian","Business loan from federal, state, or local government",0,0
Accommodation and food services,"Equally veteran/nonveteran, Asian",Government-guaranteed business loan from a bank or financial institution,0,0
Accommodation and food services,"Equally veteran/nonveteran, Asian",Business loan from a bank or financial institution,6,S
Accommodation and food services,"Equally veteran/nonveteran, Asian",Business loan/investment from family/friends,94,S
Accommodation and food services,"Equally veteran/nonveteran, Asian",Investment by venture capitalist(s),0,0
Accommodation and food services,"Equally veteran/nonveteran, Asian",Grants,0,0
Accommodation and food services,"Equally veteran/nonveteran, Asian",Other source(s) of capital,2,S
Accommodation and food services,"Equally veteran/nonveteran, Asian",Don't know,0,0
Accommodation and food services,"Equally veteran/nonveteran, Asian",None needed,0,0
Accommodation and food services,"Equally veteran/nonveteran, Asian",Total reporting,275,105780
Accommodation and food services,"Equally veteran/nonveteran, Asian",Item not reported,40,S
Accommodation and food services,"Equally veteran/nonveteran, Native Hawaiian and Other Pacific Islander",All firms,20,1237
Accommodation and food services,"Equally veteran/nonveteran, Native Hawaiian and Other Pacific Islander",Personal/family savings of owner(s),0,0
Accommodation and food services,"Equally veteran/nonveteran, Native Hawaiian and Other Pacific Islander",Personal/family assets other than savings of owner(s),0,0
Accommodation and food services,"Equally veteran/nonveteran, Native Hawaiian and Other Pacific Islander",Personal/family home equity loan,0,0
Accommodation and food services,"Equally veteran/nonveteran, Native Hawaiian and Other Pacific Islander",Personal credit card(s) carrying balances,0,0
Accommodation and food services,"Equally veteran/nonveteran, Native Hawaiian and Other Pacific Islander",Business credit card(s) carrying balances,0,0
Accommodation and food services,"Equally veteran/nonveteran, Native Hawaiian and Other Pacific Islander","Business loan from federal, state, or local government",0,0
Accommodation and food services,"Equally veteran/nonveteran, Native Hawaiian and Other Pacific Islander",Government-guaranteed business loan from a bank or financial institution,0,0
Accommodation and food services,"Equally veteran/nonveteran, Native Hawaiian and Other Pacific Islander",Business loan from a bank or financial institution,0,0
Accommodation and food services,"Equally veteran/nonveteran, Native Hawaiian and Other Pacific Islander",Business loan/investment from family/friends,0,0
Accommodation and food services,"Equally veteran/nonveteran, Native Hawaiian and Other Pacific Islander",Investment by venture capitalist(s),0,0
Accommodation and food services,"Equally veteran/nonveteran, Native Hawaiian and Other Pacific Islander",Grants,0,0
Accommodation and food services,"Equally veteran/nonveteran, Native Hawaiian and Other Pacific Islander",Other source(s) of capital,0,0
Accommodation and food services,"Equally veteran/nonveteran, Native Hawaiian and Other Pacific Islander",Don't know,0,0
Accommodation and food services,"Equally veteran/nonveteran, Native Hawaiian and Other Pacific Islander",None needed,0,0
Accommodation and food services,"Equally veteran/nonveteran, Native Hawaiian and Other Pacific Islander",Total reporting,0,0
Accommodation and food services,"Equally veteran/nonveteran, Native Hawaiian and Other Pacific Islander",Item not reported,0,0
Accommodation and food services,"Equally veteran/nonveteran, some other race",All firms,125,S
Accommodation and food services,"Equally veteran/nonveteran, some other race",Personal/family savings of owner(s),0,S
Accommodation and food services,"Equally veteran/nonveteran, some other race",Personal/family assets other than savings of owner(s),0,S
Accommodation and food services,"Equally veteran/nonveteran, some other race",Personal/family home equity loan,0,S
Accommodation and food services,"Equally veteran/nonveteran, some other race",Personal credit card(s) carrying balances,0,S
Accommodation and food services,"Equally veteran/nonveteran, some other race",Business credit card(s) carrying balances,0,S
Accommodation and food services,"Equally veteran/nonveteran, some other race","Business loan from federal, state, or local government",0,S
Accommodation and food services,"Equally veteran/nonveteran, some other race",Government-guaranteed business loan from a bank or financial institution,0,S
Accommodation and food services,"Equally veteran/nonveteran, some other race",Business loan from a bank or financial institution,0,S
Accommodation and food services,"Equally veteran/nonveteran, some other race",Business loan/investment from family/friends,0,S
Accommodation and food services,"Equally veteran/nonveteran, some other race",Investment by venture capitalist(s),0,S
Accommodation and food services,"Equally veteran/nonveteran, some other race",Grants,0,S
Accommodation and food services,"Equally veteran/nonveteran, some other race",Other source(s) of capital,0,S
Accommodation and food services,"Equally veteran/nonveteran, some other race",Don't know,0,S
Accommodation and food services,"Equally veteran/nonveteran, some other race",None needed,0,S
Accommodation and food services,"Equally veteran/nonveteran, some other race",Total reporting,0,S
Accommodation and food services,"Equally veteran/nonveteran, some other race",Item not reported,0,S
Accommodation and food services,"Equally veteran/nonveteran, minority",All firms,1307,1073399
Accommodation and food services,"Equally veteran/nonveteran, minority",Personal/family savings of owner(s),620,458576
Accommodation and food services,"Equally veteran/nonveteran, minority",Personal/family assets other than savings of owner(s),99,S
Accommodation and food services,"Equally veteran/nonveteran, minority",Personal/family home equity loan,146,S
Accommodation and food services,"Equally veteran/nonveteran, minority",Personal credit card(s) carrying balances,71,S
Accommodation and food services,"Equally veteran/nonveteran, minority",Business credit card(s) carrying balances,0,0
Accommodation and food services,"Equally veteran/nonveteran, minority","Business loan from federal, state, or local government",40,S
Accommodation and food services,"Equally veteran/nonveteran, minority",Government-guaranteed business loan from a bank or financial institution,64,S
Accommodation and food services,"Equally veteran/nonveteran, minority",Business loan from a bank or financial institution,164,S
Accommodation and food services,"Equally veteran/nonveteran, minority",Business loan/investment from family/friends,96,S
Accommodation and food services,"Equally veteran/nonveteran, minority",Investment by venture capitalist(s),0,0
Accommodation and food services,"Equally veteran/nonveteran, minority",Grants,0,0
Accommodation and food services,"Equally veteran/nonveteran, minority",Other source(s) of capital,2,S
Accommodation and food services,"Equally veteran/nonveteran, minority",Don't know,2,S
Accommodation and food services,"Equally veteran/nonveteran, minority",None needed,13,S
Accommodation and food services,"Equally veteran/nonveteran, minority",Total reporting,807(r),503191(r)
Accommodation and food services,"Equally veteran/nonveteran, minority",Item not reported,58(r),S
Accommodation and food services,"Equally veteran/nonveteran, equally minority/nonminority",All firms,2285,1155570
Accommodation and food services,"Equally veteran/nonveteran, equally minority/nonminority",Personal/family savings of owner(s),841,327705
Accommodation and food services,"Equally veteran/nonveteran, equally minority/nonminority",Personal/family assets other than savings of owner(s),116,13875
Accommodation and food services,"Equally veteran/nonveteran, equally minority/nonminority",Personal/family home equity loan,205,11610
Accommodation and food services,"Equally veteran/nonveteran, equally minority/nonminority",Personal credit card(s) carrying balances,73,S
Accommodation and food services,"Equally veteran/nonveteran, equally minority/nonminority",Business credit card(s) carrying balances,36,S
Accommodation and food services,"Equally veteran/nonveteran, equally minority/nonminority","Business loan from federal, state, or local government",0,0
Accommodation and food services,"Equally veteran/nonveteran, equally minority/nonminority",Government-guaranteed business loan from a bank or financial institution,34,10013
Accommodation and food services,"Equally veteran/nonveteran, equally minority/nonminority",Business loan from a bank or financial institution,252,S
Accommodation and food services,"Equally veteran/nonveteran, equally minority/nonminority",Business loan/investment from family/friends,133,29428
Accommodation and food services,"Equally veteran/nonveteran, equally minority/nonminority",Investment by venture capitalist(s),0,0
Accommodation and food services,"Equally veteran/nonveteran, equally minority/nonminority",Grants,0,0
Accommodation and food services,"Equally veteran/nonveteran, equally minority/nonminority",Other source(s) of capital,17,S
Accommodation and food services,"Equally veteran/nonveteran, equally minority/nonminority",Don't know,44,S
Accommodation and food services,"Equally veteran/nonveteran, equally minority/nonminority",None needed,87,S
Accommodation and food services,"Equally veteran/nonveteran, equally minority/nonminority",Total reporting,1222,566987
Accommodation and food services,"Equally veteran/nonveteran, equally minority/nonminority",Item not reported,40,S
Accommodation and food services,"Equally veteran/nonveteran, nonminority",All firms,19541,12201660
Accommodation and food services,"Equally veteran/nonveteran, nonminority",Personal/family savings of owner(s),9997,4598140
Accommodation and food services,"Equally veteran/nonveteran, nonminority",Personal/family assets other than savings of owner(s),2321,2727098
Accommodation and food services,"Equally veteran/nonveteran, nonminority",Personal/family home equity loan,1662,1009056
Accommodation and food services,"Equally veteran/nonveteran, nonminority",Personal credit card(s) carrying balances,1175,541312
Accommodation and food services,"Equally veteran/nonveteran, nonminority",Business credit card(s) carrying balances,377,250456
Accommodation and food services,"Equally veteran/nonveteran, nonminority","Business loan from federal, state, or local government",151,60580
Accommodation and food services,"Equally veteran/nonveteran, nonminority",Government-guaranteed business loan from a bank or financial institution,840,730693
Accommodation and food services,"Equally veteran/nonveteran, nonminority",Business loan from a bank or financial institution,4159,2803433
Accommodation and food services,"Equally veteran/nonveteran, nonminority",Business loan/investment from family/friends,723,515563
Accommodation and food services,"Equally veteran/nonveteran, nonminority",Investment by venture capitalist(s),11,S
Accommodation and food services,"Equally veteran/nonveteran, nonminority",Grants,0,0
Accommodation and food services,"Equally veteran/nonveteran, nonminority",Other source(s) of capital,573,405279
Accommodation and food services,"Equally veteran/nonveteran, nonminority",Don't know,505,727386
Accommodation and food services,"Equally veteran/nonveteran, nonminority",None needed,741,190848
Accommodation and food services,"Equally veteran/nonveteran, nonminority",Total reporting,14318,8450180
Accommodation and food services,"Equally veteran/nonveteran, nonminority",Item not reported,117,S
Accommodation and food services,Nonveteran,All firms,747807,438747129
Accommodation and food services,Nonveteran,Personal/family savings of owner(s),253750,155897286
Accommodation and food services,Nonveteran,Personal/family assets other than savings of owner(s),40345,28381808
Accommodation and food services,Nonveteran,Personal/family home equity loan,32071,18955025
Accommodation and food services,Nonveteran,Personal credit card(s) carrying balances,36949,14701871
Accommodation and food services,Nonveteran,Business credit card(s) carrying balances,12686,6606519
Accommodation and food services,Nonveteran,"Business loan from federal, state, or local government",3027,1836375
Accommodation and food services,Nonveteran,Government-guaranteed business loan from a bank or financial institution,11424,10757711
Accommodation and food services,Nonveteran,Business loan from a bank or financial institution,73097,82430202
Accommodation and food services,Nonveteran,Business loan/investment from family/friends,25972,19322897
Accommodation and food services,Nonveteran,Investment by venture capitalist(s),2213,2716623
Accommodation and food services,Nonveteran,Grants,521,169246
Accommodation and food services,Nonveteran,Other source(s) of capital,13162,10482644
Accommodation and food services,Nonveteran,Don't know,39180,58619527
Accommodation and food services,Nonveteran,None needed,35006,6220032
Accommodation and food services,Nonveteran,Total reporting,399177(r),273048884(r)
Accommodation and food services,Nonveteran,Item not reported,7945(r),1890700(r)
Accommodation and food services,"Nonveteran, female-owned",All firms,255212,68580206
Accommodation and food services,"Nonveteran, female-owned",Personal/family savings of owner(s),75337,22452088
Accommodation and food services,"Nonveteran, female-owned",Personal/family assets other than savings of owner(s),11180,4446300
Accommodation and food services,"Nonveteran, female-owned",Personal/family home equity loan,8150,3378855
Accommodation and food services,"Nonveteran, female-owned",Personal credit card(s) carrying balances,12484,3216291
Accommodation and food services,"Nonveteran, female-owned",Business credit card(s) carrying balances,4436,1603259
Accommodation and food services,"Nonveteran, female-owned","Business loan from federal, state, or local government",1014,428082
Accommodation and food services,"Nonveteran, female-owned",Government-guaranteed business loan from a bank or financial institution,2742,2092214
Accommodation and food services,"Nonveteran, female-owned",Business loan from a bank or financial institution,14737,9995977
Accommodation and food services,"Nonveteran, female-owned",Business loan/investment from family/friends,6117,2961348
Accommodation and food services,"Nonveteran, female-owned",Investment by venture capitalist(s),515,377649
Accommodation and food services,"Nonveteran, female-owned",Grants,187,13755
Accommodation and food services,"Nonveteran, female-owned",Other source(s) of capital,4196,1317762
Accommodation and food services,"Nonveteran, female-owned",Don't know,9465,6687495
Accommodation and food services,"Nonveteran, female-owned",None needed,18490,1422974
Accommodation and food services,"Nonveteran, female-owned",Total reporting,122998(r),38479394(r)
Accommodation and food services,"Nonveteran, female-owned",Item not reported,3858(r),339803(r)
Accommodation and food services,"Nonveteran, male-owned",All firms,374525,302449215
Accommodation and food services,"Nonveteran, male-owned",Personal/family savings of owner(s),126625,106769266
Accommodation and food services,"Nonveteran, male-owned",Personal/family assets other than savings of owner(s),18430,17084664
Accommodation and food services,"Nonveteran, male-owned",Personal/family home equity loan,13534,10473125
Accommodation and food services,"Nonveteran, male-owned",Personal credit card(s) carrying balances,16205,7839487
Accommodation and food services,"Nonveteran, male-owned",Business credit card(s) carrying balances,5792,3619439
Accommodation and food services,"Nonveteran, male-owned","Business loan from federal, state, or local government",1048,757898
Accommodation and food services,"Nonveteran, male-owned",Government-guaranteed business loan from a bank or financial institution,5068,5464233
Accommodation and food services,"Nonveteran, male-owned",Business loan from a bank or financial institution,38813,57140734
Accommodation and food services,"Nonveteran, male-owned",Business loan/investment from family/friends,14051,12546972
Accommodation and food services,"Nonveteran, male-owned",Investment by venture capitalist(s),1373,2149818
Accommodation and food services,"Nonveteran, male-owned",Grants,159,86194
Accommodation and food services,"Nonveteran, male-owned",Other source(s) of capital,6641,8094336
Accommodation and food services,"Nonveteran, male-owned",Don't know,24433,46621494
Accommodation and food services,"Nonveteran, male-owned",None needed,13675,4145554
Accommodation and food services,"Nonveteran, male-owned",Total reporting,199466(r),192406191(r)
Accommodation and food services,"Nonveteran, male-owned",Item not reported,3780(r),1411955(r)
Accommodation and food services,"Nonveteran, equally male-/female-owned",All firms,118071,67717708
Accommodation and food services,"Nonveteran, equally male-/female-owned",Personal/family savings of owner(s),51788,26675931
Accommodation and food services,"Nonveteran, equally male-/female-owned",Personal/family assets other than savings of owner(s),10735,6850844
Accommodation and food services,"Nonveteran, equally male-/female-owned",Personal/family home equity loan,10388,5103046
Accommodation and food services,"Nonveteran, equally male-/female-owned",Personal credit card(s) carrying balances,8260,3646093
Accommodation and food services,"Nonveteran, equally male-/female-owned",Business credit card(s) carrying balances,2458,1383822
Accommodation and food services,"Nonveteran, equally male-/female-owned","Business loan from federal, state, or local government",964,650394
Accommodation and food services,"Nonveteran, equally male-/female-owned",Government-guaranteed business loan from a bank or financial institution,3614,3201264
Accommodation and food services,"Nonveteran, equally male-/female-owned",Business loan from a bank or financial institution,19547,15293492
Accommodation and food services,"Nonveteran, equally male-/female-owned",Business loan/investment from family/friends,5804,3814577
Accommodation and food services,"Nonveteran, equally male-/female-owned",Investment by venture capitalist(s),325,189156
Accommodation and food services,"Nonveteran, equally male-/female-owned",Grants,175,S
Accommodation and food services,"Nonveteran, equally male-/female-owned",Other source(s) of capital,2325,1070545
Accommodation and food services,"Nonveteran, equally male-/female-owned",Don't know,5282,5310537
Accommodation and food services,"Nonveteran, equally male-/female-owned",None needed,2841,651504
Accommodation and food services,"Nonveteran, equally male-/female-owned",Total reporting,76713(r),42163300(r)
Accommodation and food services,"Nonveteran, equally male-/female-owned",Item not reported,306(r),138943(r)
Accommodation and food services,"Nonveteran, Hispanic",All firms,95996,27018009
Accommodation and food services,"Nonveteran, Hispanic",Personal/family savings of owner(s),22054,8292179
Accommodation and food services,"Nonveteran, Hispanic",Personal/family assets other than savings of owner(s),3083,1272012
Accommodation and food services,"Nonveteran, Hispanic",Personal/family home equity loan,1959,854275
Accommodation and food services,"Nonveteran, Hispanic",Personal credit card(s) carrying balances,3982,1121105
Accommodation and food services,"Nonveteran, Hispanic",Business credit card(s) carrying balances,869,439986
Accommodation and food services,"Nonveteran, Hispanic","Business loan from federal, state, or local government",181,S
Accommodation and food services,"Nonveteran, Hispanic",Government-guaranteed business loan from a bank or financial institution,582,474506
Accommodation and food services,"Nonveteran, Hispanic",Business loan from a bank or financial institution,3087,2912056
Accommodation and food services,"Nonveteran, Hispanic",Business loan/investment from family/friends,1624,1209251
Accommodation and food services,"Nonveteran, Hispanic",Investment by venture capitalist(s),159,S
Accommodation and food services,"Nonveteran, Hispanic",Grants,21,S
Accommodation and food services,"Nonveteran, Hispanic",Other source(s) of capital,857,270536
Accommodation and food services,"Nonveteran, Hispanic",Don't know,3221,2677959
Accommodation and food services,"Nonveteran, Hispanic",None needed,4179,301118
Accommodation and food services,"Nonveteran, Hispanic",Total reporting,33712(r),13470313(r)
Accommodation and food services,"Nonveteran, Hispanic",Item not reported,1347(r),211469(r)
Accommodation and food services,"Nonveteran, equally Hispanic/non-Hispanic",All firms,6050,3571397
Accommodation and food services,"Nonveteran, equally Hispanic/non-Hispanic",Personal/family savings of owner(s),2832,2237009
Accommodation and food services,"Nonveteran, equally Hispanic/non-Hispanic",Personal/family assets other than savings of owner(s),394,290282
Accommodation and food services,"Nonveteran, equally Hispanic/non-Hispanic",Personal/family home equity loan,521,260922
Accommodation and food services,"Nonveteran, equally Hispanic/non-Hispanic",Personal credit card(s) carrying balances,664,230428
Accommodation and food services,"Nonveteran, equally Hispanic/non-Hispanic",Business credit card(s) carrying balances,331,106586
Accommodation and food services,"Nonveteran, equally Hispanic/non-Hispanic","Business loan from federal, state, or local government",20,58722
Accommodation and food services,"Nonveteran, equally Hispanic/non-Hispanic",Government-guaranteed business loan from a bank or financial institution,317,140304
Accommodation and food services,"Nonveteran, equally Hispanic/non-Hispanic",Business loan from a bank or financial institution,725,902377
Accommodation and food services,"Nonveteran, equally Hispanic/non-Hispanic",Business loan/investment from family/friends,372,322511
Accommodation and food services,"Nonveteran, equally Hispanic/non-Hispanic",Investment by venture capitalist(s),7,S
Accommodation and food services,"Nonveteran, equally Hispanic/non-Hispanic",Grants,0,0
Accommodation and food services,"Nonveteran, equally Hispanic/non-Hispanic",Other source(s) of capital,143,96351
Accommodation and food services,"Nonveteran, equally Hispanic/non-Hispanic",Don't know,240,S
Accommodation and food services,"Nonveteran, equally Hispanic/non-Hispanic",None needed,88,S
Accommodation and food services,"Nonveteran, equally Hispanic/non-Hispanic",Total reporting,4007,3023181
Accommodation and food services,"Nonveteran, equally Hispanic/non-Hispanic",Item not reported,0,0
Accommodation and food services,"Nonveteran, non-Hispanic",All firms,645761,408157724
Accommodation and food services,"Nonveteran, non-Hispanic",Personal/family savings of owner(s),228864,145368098
Accommodation and food services,"Nonveteran, non-Hispanic",Personal/family assets other than savings of owner(s),36868,26819514
Accommodation and food services,"Nonveteran, non-Hispanic",Personal/family home equity loan,29592,17839829
Accommodation and food services,"Nonveteran, non-Hispanic",Personal credit card(s) carrying balances,32304,13350337
Accommodation and food services,"Nonveteran, non-Hispanic",Business credit card(s) carrying balances,11485,6059947
Accommodation and food services,"Nonveteran, non-Hispanic","Business loan from federal, state, or local government",2826,1679724
Accommodation and food services,"Nonveteran, non-Hispanic",Government-guaranteed business loan from a bank or financial institution,10525,10142901
Accommodation and food services,"Nonveteran, non-Hispanic",Business loan from a bank or financial institution,69286,78615769
Accommodation and food services,"Nonveteran, non-Hispanic",Business loan/investment from family/friends,23976,17791135
Accommodation and food services,"Nonveteran, non-Hispanic",Investment by venture capitalist(s),2047,2623718
Accommodation and food services,"Nonveteran, non-Hispanic",Grants,500,168937
Accommodation and food services,"Nonveteran, non-Hispanic",Other source(s) of capital,12162,10115757
Accommodation and food services,"Nonveteran, non-Hispanic",Don't know,35718,55658320
Accommodation and food services,"Nonveteran, non-Hispanic",None needed,30739,5898204
Accommodation and food services,"Nonveteran, non-Hispanic",Total reporting,361458(r),256555390(r)
Accommodation and food services,"Nonveteran, non-Hispanic",Item not reported,6597(r),1679232(r)
Accommodation and food services,"Nonveteran, White",All firms,501270,344412392
Accommodation and food services,"Nonveteran, White",Personal/family savings of owner(s),176188,122441088
Accommodation and food services,"Nonveteran, White",Personal/family assets other than savings of owner(s),29308,22170941
Accommodation and food services,"Nonveteran, White",Personal/family home equity loan,23022,14576582
Accommodation and food services,"Nonveteran, White",Personal credit card(s) carrying balances,26498,11448319
Accommodation and food services,"Nonveteran, White",Business credit card(s) carrying balances,9549,5384829
Accommodation and food services,"Nonveteran, White","Business loan from federal, state, or local government",2201,1347528
Accommodation and food services,"Nonveteran, White",Government-guaranteed business loan from a bank or financial institution,8780,8509459
Accommodation and food services,"Nonveteran, White",Business loan from a bank or financial institution,57002,66718190
Accommodation and food services,"Nonveteran, White",Business loan/investment from family/friends,17603,14636509
Accommodation and food services,"Nonveteran, White",Investment by venture capitalist(s),1930,2609620
Accommodation and food services,"Nonveteran, White",Grants,300,90942
Accommodation and food services,"Nonveteran, White",Other source(s) of capital,9469,8982721
Accommodation and food services,"Nonveteran, White",Don't know,26949,50832525
Accommodation and food services,"Nonveteran, White",None needed,27622,5390070
Accommodation and food services,"Nonveteran, White",Total reporting,286517(r),221741438(r)
Accommodation and food services,"Nonveteran, White",Item not reported,5031(r),1306558(r)
Accommodation and food services,"Nonveteran, Black or African American",All firms,53558,7557745
Accommodation and food services,"Nonveteran, Black or African American",Personal/family savings of owner(s),9101,2923115
Accommodation and food services,"Nonveteran, Black or African American",Personal/family assets other than savings of owner(s),970,164246
Accommodation and food services,"Nonveteran, Black or African American",Personal/family home equity loan,404,169012
Accommodation and food services,"Nonveteran, Black or African American",Personal credit card(s) carrying balances,1661,141982
Accommodation and food services,"Nonveteran, Black or African American",Business credit card(s) carrying balances,249,S
Accommodation and food services,"Nonveteran, Black or African American","Business loan from federal, state, or local government",80,4429
Accommodation and food services,"Nonveteran, Black or African American",Government-guaranteed business loan from a bank or financial institution,152,101292
Accommodation and food services,"Nonveteran, Black or African American",Business loan from a bank or financial institution,795,2582408
Accommodation and food services,"Nonveteran, Black or African American",Business loan/investment from family/friends,382,S
Accommodation and food services,"Nonveteran, Black or African American",Investment by venture capitalist(s),49,S
Accommodation and food services,"Nonveteran, Black or African American",Grants,76,S
Accommodation and food services,"Nonveteran, Black or African American",Other source(s) of capital,436,141614
Accommodation and food services,"Nonveteran, Black or African American",Don't know,1351,440835
Accommodation and food services,"Nonveteran, Black or African American",None needed,3378,63209
Accommodation and food services,"Nonveteran, Black or African American",Total reporting,15493(r),4386782(r)
Accommodation and food services,"Nonveteran, Black or African American",Item not reported,1143(r),92694(r)
Accommodation and food services,"Nonveteran, American Indian and Alaska Native",All firms,5114,969830
Accommodation and food services,"Nonveteran, American Indian and Alaska Native",Personal/family savings of owner(s),1137,417289
Accommodation and food services,"Nonveteran, American Indian and Alaska Native",Personal/family assets other than savings of owner(s),93,48273
Accommodation and food services,"Nonveteran, American Indian and Alaska Native",Personal/family home equity loan,43,S
Accommodation and food services,"Nonveteran, American Indian and Alaska Native",Personal credit card(s) carrying balances,277,52557
Accommodation and food services,"Nonveteran, American Indian and Alaska Native",Business credit card(s) carrying balances,59,28135
Accommodation and food services,"Nonveteran, American Indian and Alaska Native","Business loan from federal, state, or local government",2,S
Accommodation and food services,"Nonveteran, American Indian and Alaska Native",Government-guaranteed business loan from a bank or financial institution,25,24229
Accommodation and food services,"Nonveteran, American Indian and Alaska Native",Business loan from a bank or financial institution,421,170403
Accommodation and food services,"Nonveteran, American Indian and Alaska Native",Business loan/investment from family/friends,87,30774
Accommodation and food services,"Nonveteran, American Indian and Alaska Native",Investment by venture capitalist(s),2,S
Accommodation and food services,"Nonveteran, American Indian and Alaska Native",Grants,2,S
Accommodation and food services,"Nonveteran, American Indian and Alaska Native",Other source(s) of capital,57,18688
Accommodation and food services,"Nonveteran, American Indian and Alaska Native",Don't know,156,243294
Accommodation and food services,"Nonveteran, American Indian and Alaska Native",None needed,287,9865
Accommodation and food services,"Nonveteran, American Indian and Alaska Native",Total reporting,1917(r),752993(r)
Accommodation and food services,"Nonveteran, American Indian and Alaska Native",Item not reported,47(r),586(r)
Accommodation and food services,"Nonveteran, Asian",All firms,154644,75269478
Accommodation and food services,"Nonveteran, Asian",Personal/family savings of owner(s),59339,26577988
Accommodation and food services,"Nonveteran, Asian",Personal/family assets other than savings of owner(s),8889,5414707
Accommodation and food services,"Nonveteran, Asian",Personal/family home equity loan,7655,3781562
Accommodation and food services,"Nonveteran, Asian",Personal credit card(s) carrying balances,7573,2578112
Accommodation and food services,"Nonveteran, Asian",Business credit card(s) carrying balances,2501,980341
Accommodation and food services,"Nonveteran, Asian","Business loan from federal, state, or local government",541,322461
Accommodation and food services,"Nonveteran, Asian",Government-guaranteed business loan from a bank or financial institution,2132,1850543
Accommodation and food services,"Nonveteran, Asian",Business loan from a bank or financial institution,13398,11328425
Accommodation and food services,"Nonveteran, Asian",Business loan/investment from family/friends,6892,3473909
Accommodation and food services,"Nonveteran, Asian",Investment by venture capitalist(s),162,60925
Accommodation and food services,"Nonveteran, Asian",Grants,102,S
Accommodation and food services,"Nonveteran, Asian",Other source(s) of capital,2921,1197489
Accommodation and food services,"Nonveteran, Asian",Don't know,9332,6391437
Accommodation and food services,"Nonveteran, Asian",None needed,2981,648554
Accommodation and food services,"Nonveteran, Asian",Total reporting,83656(r),40816620(r)
Accommodation and food services,"Nonveteran, Asian",Item not reported,1200(r),339274(r)
Accommodation and food services,"Nonveteran, Native Hawaiian and Other Pacific Islander",All firms,1374,346790
Accommodation and food services,"Nonveteran, Native Hawaiian and Other Pacific Islander",Personal/family savings of owner(s),356,114181
Accommodation and food services,"Nonveteran, Native Hawaiian and Other Pacific Islander",Personal/family assets other than savings of owner(s),25,68721
Accommodation and food services,"Nonveteran, Native Hawaiian and Other Pacific Islander",Personal/family home equity loan,57,S
Accommodation and food services,"Nonveteran, Native Hawaiian and Other Pacific Islander",Personal credit card(s) carrying balances,32,2139
Accommodation and food services,"Nonveteran, Native Hawaiian and Other Pacific Islander",Business credit card(s) carrying balances,50,S
Accommodation and food services,"Nonveteran, Native Hawaiian and Other Pacific Islander","Business loan from federal, state, or local government",0,0
Accommodation and food services,"Nonveteran, Native Hawaiian and Other Pacific Islander",Government-guaranteed business loan from a bank or financial institution,13,S
Accommodation and food services,"Nonveteran, Native Hawaiian and Other Pacific Islander",Business loan from a bank or financial institution,88,60234
Accommodation and food services,"Nonveteran, Native Hawaiian and Other Pacific Islander",Business loan/investment from family/friends,4,S
Accommodation and food services,"Nonveteran, Native Hawaiian and Other Pacific Islander",Investment by venture capitalist(s),0,0
Accommodation and food services,"Nonveteran, Native Hawaiian and Other Pacific Islander",Grants,0,0
Accommodation and food services,"Nonveteran, Native Hawaiian and Other Pacific Islander",Other source(s) of capital,17,S
Accommodation and food services,"Nonveteran, Native Hawaiian and Other Pacific Islander",Don't know,49,S
Accommodation and food services,"Nonveteran, Native Hawaiian and Other Pacific Islander",None needed,75,S
Accommodation and food services,"Nonveteran, Native Hawaiian and Other Pacific Islander",Total reporting,608,235955
Accommodation and food services,"Nonveteran, Native Hawaiian and Other Pacific Islander",Item not reported,61,S
Accommodation and food services,"Nonveteran, some other race",All firms,36772,9046438
Accommodation and food services,"Nonveteran, some other race",Personal/family savings of owner(s),7634,2666741
Accommodation and food services,"Nonveteran, some other race",Personal/family assets other than savings of owner(s),1233,400960
Accommodation and food services,"Nonveteran, some other race",Personal/family home equity loan,635,255181
Accommodation and food services,"Nonveteran, some other race",Personal credit card(s) carrying balances,1272,419015
Accommodation and food services,"Nonveteran, some other race",Business credit card(s) carrying balances,251,194514
Accommodation and food services,"Nonveteran, some other race","Business loan from federal, state, or local government",103,S
Accommodation and food services,"Nonveteran, some other race",Government-guaranteed business loan from a bank or financial institution,222,187205
Accommodation and food services,"Nonveteran, some other race",Business loan from a bank or financial institution,1494,1243425
Accommodation and food services,"Nonveteran, some other race",Business loan/investment from family/friends,674,830187
Accommodation and food services,"Nonveteran, some other race",Investment by venture capitalist(s),18,S
Accommodation and food services,"Nonveteran, some other race",Grants,0,0
Accommodation and food services,"Nonveteran, some other race",Other source(s) of capital,159,49514
Accommodation and food services,"Nonveteran, some other race",Don't know,1473,567406
Accommodation and food services,"Nonveteran, some other race",None needed,1310,111730
Accommodation and food services,"Nonveteran, some other race",Total reporting,11816,4220691
Accommodation and food services,"Nonveteran, some other race",Item not reported,538,102010
Accommodation and food services,"Nonveteran, minority",All firms,307676,112065654
Accommodation and food services,"Nonveteran, minority",Personal/family savings of owner(s),92035,38717289
Accommodation and food services,"Nonveteran, minority",Personal/family assets other than savings of owner(s),13010,6941343
Accommodation and food services,"Nonveteran, minority",Personal/family home equity loan,10120,4823026
Accommodation and food services,"Nonveteran, minority",Personal credit card(s) carrying balances,13389,3933159
Accommodation and food services,"Nonveteran, minority",Business credit card(s) carrying balances,3769,1505325
Accommodation and food services,"Nonveteran, minority","Business loan from federal, state, or local government",825,443666
Accommodation and food services,"Nonveteran, minority",Government-guaranteed business loan from a bank or financial institution,2883,2586684
Accommodation and food services,"Nonveteran, minority",Business loan from a bank or financial institution,18056,17322863
Accommodation and food services,"Nonveteran, minority",Business loan/investment from family/friends,9070,4968066
Accommodation and food services,"Nonveteran, minority",Investment by venture capitalist(s),372,165013
Accommodation and food services,"Nonveteran, minority",Grants,201,S
Accommodation and food services,"Nonveteran, minority",Other source(s) of capital,4194,1618712
Accommodation and food services,"Nonveteran, minority",Don't know,14186,9927051
Accommodation and food services,"Nonveteran, minority",None needed,10529,1030917
Accommodation and food services,"Nonveteran, minority",Total reporting,134943(r),60234452(r)
Accommodation and food services,"Nonveteran, minority",Item not reported,3640(r),598441(r)
Accommodation and food services,"Nonveteran, equally minority/nonminority",All firms,10306,5825605
Accommodation and food services,"Nonveteran, equally minority/nonminority",Personal/family savings of owner(s),4413,2797994
Accommodation and food services,"Nonveteran, equally minority/nonminority",Personal/family assets other than savings of owner(s),747,453735
Accommodation and food services,"Nonveteran, equally minority/nonminority",Personal/family home equity loan,991,403477
Accommodation and food services,"Nonveteran, equally minority/nonminority",Personal credit card(s) carrying balances,1023,316313
Accommodation and food services,"Nonveteran, equally minority/nonminority",Business credit card(s) carrying balances,493,139175
Accommodation and food services,"Nonveteran, equally minority/nonminority","Business loan from federal, state, or local government",107,111097
Accommodation and food services,"Nonveteran, equally minority/nonminority",Government-guaranteed business loan from a bank or financial institution,509,237321
Accommodation and food services,"Nonveteran, equally minority/nonminority",Business loan from a bank or financial institution,1230,1292672
Accommodation and food services,"Nonveteran, equally minority/nonminority",Business loan/investment from family/friends,629,408742
Accommodation and food services,"Nonveteran, equally minority/nonminority",Investment by venture capitalist(s),83,S
Accommodation and food services,"Nonveteran, equally minority/nonminority",Grants,40,S
Accommodation and food services,"Nonveteran, equally minority/nonminority",Other source(s) of capital,294,101209
Accommodation and food services,"Nonveteran, equally minority/nonminority",Don't know,353,331767
Accommodation and food services,"Nonveteran, equally minority/nonminority",None needed,207,25740
Accommodation and food services,"Nonveteran, equally minority/nonminority",Total reporting,6545,3845423
Accommodation and food services,"Nonveteran, equally minority/nonminority",Item not reported,60,S
Accommodation and food services,"Nonveteran, nonminority",All firms,429826,320855871
Accommodation and food services,"Nonveteran, nonminority",Personal/family savings of owner(s),157302,114382003
Accommodation and food services,"Nonveteran, nonminority",Personal/family assets other than savings of owner(s),26588,20986730
Accommodation and food services,"Nonveteran, nonminority",Personal/family home equity loan,20961,13728523
Accommodation and food services,"Nonveteran, nonminority",Personal credit card(s) carrying balances,22537,10452399
Accommodation and food services,"Nonveteran, nonminority",Business credit card(s) carrying balances,8424,4962020
Accommodation and food services,"Nonveteran, nonminority","Business loan from federal, state, or local government",2095,1281611
Accommodation and food services,"Nonveteran, nonminority",Government-guaranteed business loan from a bank or financial institution,8032,7933707
Accommodation and food services,"Nonveteran, nonminority",Business loan from a bank or financial institution,53812,63814668
Accommodation and food services,"Nonveteran, nonminority",Business loan/investment from family/friends,16273,13946090
Accommodation and food services,"Nonveteran, nonminority",Investment by venture capitalist(s),1758,2528389
Accommodation and food services,"Nonveteran, nonminority",Grants,280,90633
Accommodation and food services,"Nonveteran, nonminority",Other source(s) of capital,8674,8762722
Accommodation and food services,"Nonveteran, nonminority",Don't know,24640,48360708
Accommodation and food services,"Nonveteran, nonminority",None needed,24270,5163375
Accommodation and food services,"Nonveteran, nonminority",Total reporting,257689(r),208969009(r)
Accommodation and food services,"Nonveteran, nonminority",Item not reported,4245(r),1274381(r)
Accommodation and food services,"All firms classifiable by gender, ethnicity, race, and veteran status",All firms,818829,487124537
Accommodation and food services,"All firms classifiable by gender, ethnicity, race, and veteran status",Personal/family savings of owner(s),281423,173715762
Accommodation and food services,"All firms classifiable by gender, ethnicity, race, and veteran status",Personal/family assets other than savings of owner(s),45339,37932868
Accommodation and food services,"All firms classifiable by gender, ethnicity, race, and veteran status",Personal/family home equity loan,35928,21497219
Accommodation and food services,"All firms classifiable by gender, ethnicity, race, and veteran status",Personal credit card(s) carrying balances,40649,16191190
Accommodation and food services,"All firms classifiable by gender, ethnicity, race, and veteran status",Business credit card(s) carrying balances,13805,7261564
Accommodation and food services,"All firms classifiable by gender, ethnicity, race, and veteran status","Business loan from federal, state, or local government",3370,2051161
Accommodation and food services,"All firms classifiable by gender, ethnicity, race, and veteran status",Government-guaranteed business loan from a bank or financial institution,12905,11902067
Accommodation and food services,"All firms classifiable by gender, ethnicity, race, and veteran status",Business loan from a bank or financial institution,82987,94371821
Accommodation and food services,"All firms classifiable by gender, ethnicity, race, and veteran status",Business loan/investment from family/friends,27869,20713540
Accommodation and food services,"All firms classifiable by gender, ethnicity, race, and veteran status",Investment by venture capitalist(s),2293,2791505
Accommodation and food services,"All firms classifiable by gender, ethnicity, race, and veteran status",Grants,521,169246
Accommodation and food services,"All firms classifiable by gender, ethnicity, race, and veteran status",Other source(s) of capital,14370,11521622
Accommodation and food services,"All firms classifiable by gender, ethnicity, race, and veteran status",Don't know,41806,63426640
Accommodation and food services,"All firms classifiable by gender, ethnicity, race, and veteran status",None needed,37257,7334270
Accommodation and food services,"All firms classifiable by gender, ethnicity, race, and veteran status",Total reporting,439430(r),308868303(r)
Accommodation and food services,"All firms classifiable by gender, ethnicity, race, and veteran status",Item not reported,8542(r),2211387(r)
Accommodation and food services,"Publicly held and other firms not classifiable by gender, ethnicity, race, and veteran status",All firms,15354,228716962
Accommodation and food services,"Publicly held and other firms not classifiable by gender, ethnicity, race, and veteran status",Personal/family savings of owner(s),298,1670070
Accommodation and food services,"Publicly held and other firms not classifiable by gender, ethnicity, race, and veteran status",Personal/family assets other than savings of owner(s),146,712955
Accommodation and food services,"Publicly held and other firms not classifiable by gender, ethnicity, race, and veteran status",Personal/family home equity loan,61,S
Accommodation and food services,"Publicly held and other firms not classifiable by gender, ethnicity, race, and veteran status",Personal credit card(s) carrying balances,40,S
Accommodation and food services,"Publicly held and other firms not classifiable by gender, ethnicity, race, and veteran status",Business credit card(s) carrying balances,80,S
Accommodation and food services,"Publicly held and other firms not classifiable by gender, ethnicity, race, and veteran status","Business loan from federal, state, or local government",10,S
Accommodation and food services,"Publicly held and other firms not classifiable by gender, ethnicity, race, and veteran status",Government-guaranteed business loan from a bank or financial institution,13,S
Accommodation and food services,"Publicly held and other firms not classifiable by gender, ethnicity, race, and veteran status",Business loan from a bank or financial institution,163,792456
Accommodation and food services,"Publicly held and other firms not classifiable by gender, ethnicity, race, and veteran status",Business loan/investment from family/friends,22,S
Accommodation and food services,"Publicly held and other firms not classifiable by gender, ethnicity, race, and veteran status",Investment by venture capitalist(s),47,S
Accommodation and food services,"Publicly held and other firms not classifiable by gender, ethnicity, race, and veteran status",Grants,11,S
Accommodation and food services,"Publicly held and other firms not classifiable by gender, ethnicity, race, and veteran status",Other source(s) of capital,29,S
Accommodation and food services,"Publicly held and other firms not classifiable by gender, ethnicity, race, and veteran status",Don't know,459,S
Accommodation and food services,"Publicly held and other firms not classifiable by gender, ethnicity, race, and veteran status",None needed,155,S
Accommodation and food services,"Publicly held and other firms not classifiable by gender, ethnicity, race, and veteran status",Total reporting,1172(r),S
Accommodation and food services,"Publicly held and other firms not classifiable by gender, ethnicity, race, and veteran status",Item not reported,10831(r),129953766(r)
Other services (except public administration)(609),All firms,All firms,3639339,316417771
Other services (except public administration)(609),All firms,Personal/family savings of owner(s),1043740,102847479
Other services (except public administration)(609),All firms,Personal/family assets other than savings of owner(s),98313,16299213
Other services (except public administration)(609),All firms,Personal/family home equity loan,62428,12791420
Other services (except public administration)(609),All firms,Personal credit card(s) carrying balances,149615,13519142
Other services (except public administration)(609),All firms,Business credit card(s) carrying balances,40834,5769602
Other services (except public administration)(609),All firms,"Business loan from federal, state, or local government",3241,799214
Other services (except public administration)(609),All firms,Government-guaranteed business loan from a bank or financial institution,10903,5123139
Other services (except public administration)(609),All firms,Business loan from a bank or financial institution,116896,33680779
Other services (except public administration)(609),All firms,Business loan/investment from family/friends,38580,8861928
Other services (except public administration)(609),All firms,Investment by venture capitalist(s),2221,563452
Other services (except public administration)(609),All firms,Grants,3390,438049
Other services (except public administration)(609),All firms,Other source(s) of capital,33116,6185691
Other services (except public administration)(609),All firms,Don't know,146713,31842054
Other services (except public administration)(609),All firms,None needed,502639,15004480
Other services (except public administration)(609),All firms,Total reporting,1906022(r),182951343(r)
Other services (except public administration)(609),All firms,Item not reported,94739(r),23676593(r)
Other services (except public administration)(609),Female-owned,All firms,1885222,60246240
Other services (except public administration)(609),Female-owned,Personal/family savings of owner(s),458092,20533239
Other services (except public administration)(609),Female-owned,Personal/family assets other than savings of owner(s),34055,2562791
Other services (except public administration)(609),Female-owned,Personal/family home equity loan,20637,2346402
Other services (except public administration)(609),Female-owned,Personal credit card(s) carrying balances,68144,3391409
Other services (except public administration)(609),Female-owned,Business credit card(s) carrying balances,16381,1106119
Other services (except public administration)(609),Female-owned,"Business loan from federal, state, or local government",1307,251650
Other services (except public administration)(609),Female-owned,Government-guaranteed business loan from a bank or financial institution,3012,830161
Other services (except public administration)(609),Female-owned,Business loan from a bank or financial institution,34839,4847385
Other services (except public administration)(609),Female-owned,Business loan/investment from family/friends,13792,1442849
Other services (except public administration)(609),Female-owned,Investment by venture capitalist(s),604,51345
Other services (except public administration)(609),Female-owned,Grants,2289,S
Other services (except public administration)(609),Female-owned,Other source(s) of capital,12186,667287
Other services (except public administration)(609),Female-owned,Don't know,65965,3562680
Other services (except public administration)(609),Female-owned,None needed,286949,5221465
Other services (except public administration)(609),Female-owned,Total reporting,898145(r),35341590(r)
Other services (except public administration)(609),Female-owned,Item not reported,42110(r),870597(r)
Other services (except public administration)(609),Male-owned,All firms,1513227,168403456
Other services (except public administration)(609),Male-owned,Personal/family savings of owner(s),470331,64283682
Other services (except public administration)(609),Male-owned,Personal/family assets other than savings of owner(s),47469,9968448
Other services (except public administration)(609),Male-owned,Personal/family home equity loan,26004,6803036
Other services (except public administration)(609),Male-owned,Personal credit card(s) carrying balances,62202,7556872
Other services (except public administration)(609),Male-owned,Business credit card(s) carrying balances,17787,3324144
Other services (except public administration)(609),Male-owned,"Business loan from federal, state, or local government",1112,344018
Other services (except public administration)(609),Male-owned,Government-guaranteed business loan from a bank or financial institution,4957,2742832
Other services (except public administration)(609),Male-owned,Business loan from a bank or financial institution,55397,21182157
Other services (except public administration)(609),Male-owned,Business loan/investment from family/friends,17378,5623017
Other services (except public administration)(609),Male-owned,Investment by venture capitalist(s),1190,427271
Other services (except public administration)(609),Male-owned,Grants,754,254634
Other services (except public administration)(609),Male-owned,Other source(s) of capital,15910,3895330
Other services (except public administration)(609),Male-owned,Don't know,68868,25189747
Other services (except public administration)(609),Male-owned,None needed,195256,8660248
Other services (except public administration)(609),Male-owned,Total reporting,826443(r),118014703(r)
Other services (except public administration)(609),Male-owned,Item not reported,32659(r),1793592(r)
Other services (except public administration)(609),Equally male-/female-owned,All firms,225011,37267540
Other services (except public administration)(609),Equally male-/female-owned,Personal/family savings of owner(s),113394,17716278
Other services (except public administration)(609),Equally male-/female-owned,Personal/family assets other than savings of owner(s),16504,3524277
Other services (except public administration)(609),Equally male-/female-owned,Personal/family home equity loan,15715,3638362
Other services (except public administration)(609),Equally male-/female-owned,Personal credit card(s) carrying balances,18855,2547440
Other services (except public administration)(609),Equally male-/female-owned,Business credit card(s) carrying balances,6485,1318025
Other services (except public administration)(609),Equally male-/female-owned,"Business loan from federal, state, or local government",696,197095
Other services (except public administration)(609),Equally male-/female-owned,Government-guaranteed business loan from a bank or financial institution,2872,1549288
Other services (except public administration)(609),Equally male-/female-owned,Business loan from a bank or financial institution,26549,7631960
Other services (except public administration)(609),Equally male-/female-owned,Business loan/investment from family/friends,7244,1790437
Other services (except public administration)(609),Equally male-/female-owned,Investment by venture capitalist(s),365,S
Other services (except public administration)(609),Equally male-/female-owned,Grants,287,25360
Other services (except public administration)(609),Equally male-/female-owned,Other source(s) of capital,4710,715728
Other services (except public administration)(609),Equally male-/female-owned,Don't know,9255,2519467
Other services (except public administration)(609),Equally male-/female-owned,None needed,18034,1065737
Other services (except public administration)(609),Equally male-/female-owned,Total reporting,173671(r),27729432(r)
Other services (except public administration)(609),Equally male-/female-owned,Item not reported,2015(r),213163(r)
Other services (except public administration)(609),Hispanic,All firms,553065,20250490
Other services (except public administration)(609),Hispanic,Personal/family savings of owner(s),98091,6572483
Other services (except public administration)(609),Hispanic,Personal/family assets other than savings of owner(s),7965,867223
Other services (except public administration)(609),Hispanic,Personal/family home equity loan,4550,751015
Other services (except public administration)(609),Hispanic,Personal credit card(s) carrying balances,14472,968998
Other services (except public administration)(609),Hispanic,Business credit card(s) carrying balances,3587,495301
Other services (except public administration)(609),Hispanic,"Business loan from federal, state, or local government",141,S
Other services (except public administration)(609),Hispanic,Government-guaranteed business loan from a bank or financial institution,677,264853
Other services (except public administration)(609),Hispanic,Business loan from a bank or financial institution,4481,1143326
Other services (except public administration)(609),Hispanic,Business loan/investment from family/friends,3081,314107
Other services (except public administration)(609),Hispanic,Investment by venture capitalist(s),308,23460
Other services (except public administration)(609),Hispanic,Grants,306,2325
Other services (except public administration)(609),Hispanic,Other source(s) of capital,3006,165670
Other services (except public administration)(609),Hispanic,Don't know,15285,1104777
Other services (except public administration)(609),Hispanic,None needed,52406,964114
Other services (except public administration)(609),Hispanic,Total reporting,181492(r),9962525(r)
Other services (except public administration)(609),Hispanic,Item not reported,12326(r),361555(r)
Other services (except public administration)(609),"Hispanic, female-owned",All firms,299351,6467924
Other services (except public administration)(609),"Hispanic, female-owned",Personal/family savings of owner(s),41103,1339799
Other services (except public administration)(609),"Hispanic, female-owned",Personal/family assets other than savings of owner(s),2630,177025
Other services (except public administration)(609),"Hispanic, female-owned",Personal/family home equity loan,1338,209820
Other services (except public administration)(609),"Hispanic, female-owned",Personal credit card(s) carrying balances,6101,287864
Other services (except public administration)(609),"Hispanic, female-owned",Business credit card(s) carrying balances,1276,82402
Other services (except public administration)(609),"Hispanic, female-owned","Business loan from federal, state, or local government",75,S
Other services (except public administration)(609),"Hispanic, female-owned",Government-guaranteed business loan from a bank or financial institution,225,S
Other services (except public administration)(609),"Hispanic, female-owned",Business loan from a bank or financial institution,927,151008
Other services (except public administration)(609),"Hispanic, female-owned",Business loan/investment from family/friends,1461,98041
Other services (except public administration)(609),"Hispanic, female-owned",Investment by venture capitalist(s),62,S
Other services (except public administration)(609),"Hispanic, female-owned",Grants,245,S
Other services (except public administration)(609),"Hispanic, female-owned",Other source(s) of capital,1209,82798
Other services (except public administration)(609),"Hispanic, female-owned",Don't know,6689,199126
Other services (except public administration)(609),"Hispanic, female-owned",None needed,31246,452656
Other services (except public administration)(609),"Hispanic, female-owned",Total reporting,85092(r),2333353(r)
Other services (except public administration)(609),"Hispanic, female-owned",Item not reported,7185(r),103008(r)
Other services (except public administration)(609),"Hispanic, male-owned",All firms,238188,12267183
Other services (except public administration)(609),"Hispanic, male-owned",Personal/family savings of owner(s),50664,4545639
Other services (except public administration)(609),"Hispanic, male-owned",Personal/family assets other than savings of owner(s),4272,593425
Other services (except public administration)(609),"Hispanic, male-owned",Personal/family home equity loan,2277,459204
Other services (except public administration)(609),"Hispanic, male-owned",Personal credit card(s) carrying balances,7078,554363
Other services (except public administration)(609),"Hispanic, male-owned",Business credit card(s) carrying balances,1892,319342
Other services (except public administration)(609),"Hispanic, male-owned","Business loan from federal, state, or local government",2,S
Other services (except public administration)(609),"Hispanic, male-owned",Government-guaranteed business loan from a bank or financial institution,350,142047
Other services (except public administration)(609),"Hispanic, male-owned",Business loan from a bank or financial institution,2718,775386
Other services (except public administration)(609),"Hispanic, male-owned",Business loan/investment from family/friends,1506,182424
Other services (except public administration)(609),"Hispanic, male-owned",Investment by venture capitalist(s),185,22045
Other services (except public administration)(609),"Hispanic, male-owned",Grants,0,0
Other services (except public administration)(609),"Hispanic, male-owned",Other source(s) of capital,1639,78353
Other services (except public administration)(609),"Hispanic, male-owned",Don't know,7879,782215
Other services (except public administration)(609),"Hispanic, male-owned",None needed,20298,456208
Other services (except public administration)(609),"Hispanic, male-owned",Total reporting,87552(r),6685893(r)
Other services (except public administration)(609),"Hispanic, male-owned",Item not reported,4963(r),252146(r)
Other services (except public administration)(609),"Hispanic, equally male-/female-owned",All firms,15527,1515383
Other services (except public administration)(609),"Hispanic, equally male-/female-owned",Personal/family savings of owner(s),6324,687045
Other services (except public administration)(609),"Hispanic, equally male-/female-owned",Personal/family assets other than savings of owner(s),1063,96773
Other services (except public administration)(609),"Hispanic, equally male-/female-owned",Personal/family home equity loan,935,81992
Other services (except public administration)(609),"Hispanic, equally male-/female-owned",Personal credit card(s) carrying balances,1294,126771
Other services (except public administration)(609),"Hispanic, equally male-/female-owned",Business credit card(s) carrying balances,418,S
Other services (except public administration)(609),"Hispanic, equally male-/female-owned","Business loan from federal, state, or local government",64,S
Other services (except public administration)(609),"Hispanic, equally male-/female-owned",Government-guaranteed business loan from a bank or financial institution,102,S
Other services (except public administration)(609),"Hispanic, equally male-/female-owned",Business loan from a bank or financial institution,836,216932
Other services (except public administration)(609),"Hispanic, equally male-/female-owned",Business loan/investment from family/friends,114,S
Other services (except public administration)(609),"Hispanic, equally male-/female-owned",Investment by venture capitalist(s),62,S
Other services (except public administration)(609),"Hispanic, equally male-/female-owned",Grants,62,S
Other services (except public administration)(609),"Hispanic, equally male-/female-owned",Other source(s) of capital,158,S
Other services (except public administration)(609),"Hispanic, equally male-/female-owned",Don't know,717,123436
Other services (except public administration)(609),"Hispanic, equally male-/female-owned",None needed,862,S
Other services (except public administration)(609),"Hispanic, equally male-/female-owned",Total reporting,8848(r),943280(r)
Other services (except public administration)(609),"Hispanic, equally male-/female-owned",Item not reported,178(r),S
Other services (except public administration)(609),Equally Hispanic/non-Hispanic,All firms,12936,1900374
Other services (except public administration)(609),Equally Hispanic/non-Hispanic,Personal/family savings of owner(s),6031,936349
Other services (except public administration)(609),Equally Hispanic/non-Hispanic,Personal/family assets other than savings of owner(s),648,164987
Other services (except public administration)(609),Equally Hispanic/non-Hispanic,Personal/family home equity loan,651,162291
Other services (except public administration)(609),Equally Hispanic/non-Hispanic,Personal credit card(s) carrying balances,1450,186734
Other services (except public administration)(609),Equally Hispanic/non-Hispanic,Business credit card(s) carrying balances,809,88670
Other services (except public administration)(609),Equally Hispanic/non-Hispanic,"Business loan from federal, state, or local government",61,S
Other services (except public administration)(609),Equally Hispanic/non-Hispanic,Government-guaranteed business loan from a bank or financial institution,137,S
Other services (except public administration)(609),Equally Hispanic/non-Hispanic,Business loan from a bank or financial institution,642,101989
Other services (except public administration)(609),Equally Hispanic/non-Hispanic,Business loan/investment from family/friends,626,107388
Other services (except public administration)(609),Equally Hispanic/non-Hispanic,Investment by venture capitalist(s),69,S
Other services (except public administration)(609),Equally Hispanic/non-Hispanic,Grants,61,S
Other services (except public administration)(609),Equally Hispanic/non-Hispanic,Other source(s) of capital,191,S
Other services (except public administration)(609),Equally Hispanic/non-Hispanic,Don't know,723,54909
Other services (except public administration)(609),Equally Hispanic/non-Hispanic,None needed,825,S
Other services (except public administration)(609),Equally Hispanic/non-Hispanic,Total reporting,9366,1398917
Other services (except public administration)(609),Equally Hispanic/non-Hispanic,Item not reported,126,S
Other services (except public administration)(609),"Equally Hispanic/non-Hispanic, female-owned",All firms,1122,119225
Other services (except public administration)(609),"Equally Hispanic/non-Hispanic, female-owned",Personal/family savings of owner(s),428,S
Other services (except public administration)(609),"Equally Hispanic/non-Hispanic, female-owned",Personal/family assets other than savings of owner(s),67,S
Other services (except public administration)(609),"Equally Hispanic/non-Hispanic, female-owned",Personal/family home equity loan,83,S
Other services (except public administration)(609),"Equally Hispanic/non-Hispanic, female-owned",Personal credit card(s) carrying balances,118,S
Other services (except public administration)(609),"Equally Hispanic/non-Hispanic, female-owned",Business credit card(s) carrying balances,62,S
Other services (except public administration)(609),"Equally Hispanic/non-Hispanic, female-owned","Business loan from federal, state, or local government",0,0
Other services (except public administration)(609),"Equally Hispanic/non-Hispanic, female-owned",Government-guaranteed business loan from a bank or financial institution,0,0
Other services (except public administration)(609),"Equally Hispanic/non-Hispanic, female-owned",Business loan from a bank or financial institution,76,S
Other services (except public administration)(609),"Equally Hispanic/non-Hispanic, female-owned",Business loan/investment from family/friends,95,S
Other services (except public administration)(609),"Equally Hispanic/non-Hispanic, female-owned",Investment by venture capitalist(s),0,0
Other services (except public administration)(609),"Equally Hispanic/non-Hispanic, female-owned",Grants,0,0
Other services (except public administration)(609),"Equally Hispanic/non-Hispanic, female-owned",Other source(s) of capital,0,0
Other services (except public administration)(609),"Equally Hispanic/non-Hispanic, female-owned",Don't know,184,S
Other services (except public administration)(609),"Equally Hispanic/non-Hispanic, female-owned",None needed,123,S
Other services (except public administration)(609),"Equally Hispanic/non-Hispanic, female-owned",Total reporting,1046,91127
Other services (except public administration)(609),"Equally Hispanic/non-Hispanic, female-owned",Item not reported,34,S
Other services (except public administration)(609),"Equally Hispanic/non-Hispanic, male-owned",All firms,1973,537817
Other services (except public administration)(609),"Equally Hispanic/non-Hispanic, male-owned",Personal/family savings of owner(s),914,304494
Other services (except public administration)(609),"Equally Hispanic/non-Hispanic, male-owned",Personal/family assets other than savings of owner(s),271,85906
Other services (except public administration)(609),"Equally Hispanic/non-Hispanic, male-owned",Personal/family home equity loan,104,S
Other services (except public administration)(609),"Equally Hispanic/non-Hispanic, male-owned",Personal credit card(s) carrying balances,239,S
Other services (except public administration)(609),"Equally Hispanic/non-Hispanic, male-owned",Business credit card(s) carrying balances,192,10537
Other services (except public administration)(609),"Equally Hispanic/non-Hispanic, male-owned","Business loan from federal, state, or local government",61,S
Other services (except public administration)(609),"Equally Hispanic/non-Hispanic, male-owned",Government-guaranteed business loan from a bank or financial institution,70,S
Other services (except public administration)(609),"Equally Hispanic/non-Hispanic, male-owned",Business loan from a bank or financial institution,65,S
Other services (except public administration)(609),"Equally Hispanic/non-Hispanic, male-owned",Business loan/investment from family/friends,136,16095
Other services (except public administration)(609),"Equally Hispanic/non-Hispanic, male-owned",Investment by venture capitalist(s),69,S
Other services (except public administration)(609),"Equally Hispanic/non-Hispanic, male-owned",Grants,61,S
Other services (except public administration)(609),"Equally Hispanic/non-Hispanic, male-owned",Other source(s) of capital,67,S
Other services (except public administration)(609),"Equally Hispanic/non-Hispanic, male-owned",Don't know,66,S
Other services (except public administration)(609),"Equally Hispanic/non-Hispanic, male-owned",None needed,67,S
Other services (except public administration)(609),"Equally Hispanic/non-Hispanic, male-owned",Total reporting,1273,462039
Other services (except public administration)(609),"Equally Hispanic/non-Hispanic, male-owned",Item not reported,59,S
Other services (except public administration)(609),"Equally Hispanic/non-Hispanic, equally male-/female-owned",All firms,9841,1243332
Other services (except public administration)(609),"Equally Hispanic/non-Hispanic, equally male-/female-owned",Personal/family savings of owner(s),4690,588808
Other services (except public administration)(609),"Equally Hispanic/non-Hispanic, equally male-/female-owned",Personal/family assets other than savings of owner(s),310,S
Other services (except public administration)(609),"Equally Hispanic/non-Hispanic, equally male-/female-owned",Personal/family home equity loan,465,101884
Other services (except public administration)(609),"Equally Hispanic/non-Hispanic, equally male-/female-owned",Personal credit card(s) carrying balances,1092,124920
Other services (except public administration)(609),"Equally Hispanic/non-Hispanic, equally male-/female-owned",Business credit card(s) carrying balances,556,77210
Other services (except public administration)(609),"Equally Hispanic/non-Hispanic, equally male-/female-owned","Business loan from federal, state, or local government",0,0
Other services (except public administration)(609),"Equally Hispanic/non-Hispanic, equally male-/female-owned",Government-guaranteed business loan from a bank or financial institution,68,S
Other services (except public administration)(609),"Equally Hispanic/non-Hispanic, equally male-/female-owned",Business loan from a bank or financial institution,501,82226
Other services (except public administration)(609),"Equally Hispanic/non-Hispanic, equally male-/female-owned",Business loan/investment from family/friends,395,S
Other services (except public administration)(609),"Equally Hispanic/non-Hispanic, equally male-/female-owned",Investment by venture capitalist(s),0,0
Other services (except public administration)(609),"Equally Hispanic/non-Hispanic, equally male-/female-owned",Grants,0,0
Other services (except public administration)(609),"Equally Hispanic/non-Hispanic, equally male-/female-owned",Other source(s) of capital,124,S
Other services (except public administration)(609),"Equally Hispanic/non-Hispanic, equally male-/female-owned",Don't know,473,51500
Other services (except public administration)(609),"Equally Hispanic/non-Hispanic, equally male-/female-owned",None needed,635,33316
Other services (except public administration)(609),"Equally Hispanic/non-Hispanic, equally male-/female-owned",Total reporting,7047,845751
Other services (except public administration)(609),"Equally Hispanic/non-Hispanic, equally male-/female-owned",Item not reported,32,S
Other services (except public administration)(609),Non-Hispanic,All firms,3057459,243766373
Other services (except public administration)(609),Non-Hispanic,Personal/family savings of owner(s),937695,95024367
Other services (except public administration)(609),Non-Hispanic,Personal/family assets other than savings of owner(s),89416,15023304
Other services (except public administration)(609),Non-Hispanic,Personal/family home equity loan,57154,11874494
Other services (except public administration)(609),Non-Hispanic,Personal credit card(s) carrying balances,133280,12339990
Other services (except public administration)(609),Non-Hispanic,Business credit card(s) carrying balances,36259,5164316
Other services (except public administration)(609),Non-Hispanic,"Business loan from federal, state, or local government",2913,785621
Other services (except public administration)(609),Non-Hispanic,Government-guaranteed business loan from a bank or financial institution,10027,4772351
Other services (except public administration)(609),Non-Hispanic,Business loan from a bank or financial institution,111661,32416187
Other services (except public administration)(609),Non-Hispanic,Business loan/investment from family/friends,34707,8434808
Other services (except public administration)(609),Non-Hispanic,Investment by venture capitalist(s),1783,531288
Other services (except public administration)(609),Non-Hispanic,Grants,2961,433453
Other services (except public administration)(609),Non-Hispanic,Other source(s) of capital,29608,5100891
Other services (except public administration)(609),Non-Hispanic,Don't know,128080,30112208
Other services (except public administration)(609),Non-Hispanic,None needed,447008,13836320
Other services (except public administration)(609),Non-Hispanic,Total reporting,1707401(r),169724283(r)
Other services (except public administration)(609),Non-Hispanic,Item not reported,64333(r),2495141(r)
Other services (except public administration)(609),"Non-Hispanic, female-owned",All firms,1584749,53659092
Other services (except public administration)(609),"Non-Hispanic, female-owned",Personal/family savings of owner(s),416561,19150394
Other services (except public administration)(609),"Non-Hispanic, female-owned",Personal/family assets other than savings of owner(s),31358,2382385
Other services (except public administration)(609),"Non-Hispanic, female-owned",Personal/family home equity loan,19216,2125743
Other services (except public administration)(609),"Non-Hispanic, female-owned",Personal credit card(s) carrying balances,61926,3086396
Other services (except public administration)(609),"Non-Hispanic, female-owned",Business credit card(s) carrying balances,15044,1022794
Other services (except public administration)(609),"Non-Hispanic, female-owned","Business loan from federal, state, or local government",1232,248148
Other services (except public administration)(609),"Non-Hispanic, female-owned",Government-guaranteed business loan from a bank or financial institution,2788,720838
Other services (except public administration)(609),"Non-Hispanic, female-owned",Business loan from a bank or financial institution,33836,4688328
Other services (except public administration)(609),"Non-Hispanic, female-owned",Business loan/investment from family/friends,12235,1317606
Other services (except public administration)(609),"Non-Hispanic, female-owned",Investment by venture capitalist(s),543,50729
Other services (except public administration)(609),"Non-Hispanic, female-owned",Grants,2044,S
Other services (except public administration)(609),"Non-Hispanic, female-owned",Other source(s) of capital,10977,584489
Other services (except public administration)(609),"Non-Hispanic, female-owned",Don't know,59092,3360726
Other services (except public administration)(609),"Non-Hispanic, female-owned",None needed,255580,4768439
Other services (except public administration)(609),"Non-Hispanic, female-owned",Total reporting,812008(r),32917110(r)
Other services (except public administration)(609),"Non-Hispanic, female-owned",Item not reported,34891(r),765127(r)
Other services (except public administration)(609),"Non-Hispanic, male-owned",All firms,1273066,155598456
Other services (except public administration)(609),"Non-Hispanic, male-owned",Personal/family savings of owner(s),418754,59433549
Other services (except public administration)(609),"Non-Hispanic, male-owned",Personal/family assets other than savings of owner(s),42926,9289118
Other services (except public administration)(609),"Non-Hispanic, male-owned",Personal/family home equity loan,23623,6294265
Other services (except public administration)(609),"Non-Hispanic, male-owned",Personal credit card(s) carrying balances,54886,6957844
Other services (except public administration)(609),"Non-Hispanic, male-owned",Business credit card(s) carrying balances,15703,2994264
Other services (except public administration)(609),"Non-Hispanic, male-owned","Business loan from federal, state, or local government",1048,342054
Other services (except public administration)(609),"Non-Hispanic, male-owned",Government-guaranteed business loan from a bank or financial institution,4537,2593030
Other services (except public administration)(609),"Non-Hispanic, male-owned",Business loan from a bank or financial institution,52613,20395057
Other services (except public administration)(609),"Non-Hispanic, male-owned",Business loan/investment from family/friends,15736,5424498
Other services (except public administration)(609),"Non-Hispanic, male-owned",Investment by venture capitalist(s),937,397382
Other services (except public administration)(609),"Non-Hispanic, male-owned",Grants,692,253222
Other services (except public administration)(609),"Non-Hispanic, male-owned",Other source(s) of capital,14204,3814060
Other services (except public administration)(609),"Non-Hispanic, male-owned",Don't know,60924,24406951
Other services (except public administration)(609),"Non-Hispanic, male-owned",None needed,174892,8090710
Other services (except public administration)(609),"Non-Hispanic, male-owned",Total reporting,737617(r),110866771(r)
Other services (except public administration)(609),"Non-Hispanic, male-owned",Item not reported,27637(r),1541268(r)
Other services (except public administration)(609),"Non-Hispanic, equally male-/female-owned",All firms,199644,34508825
Other services (except public administration)(609),"Non-Hispanic, equally male-/female-owned",Personal/family savings of owner(s),102380,16440425
Other services (except public administration)(609),"Non-Hispanic, equally male-/female-owned",Personal/family assets other than savings of owner(s),15132,3351802
Other services (except public administration)(609),"Non-Hispanic, equally male-/female-owned",Personal/family home equity loan,14315,3454486
Other services (except public administration)(609),"Non-Hispanic, equally male-/female-owned",Personal credit card(s) carrying balances,16468,2295750
Other services (except public administration)(609),"Non-Hispanic, equally male-/female-owned",Business credit card(s) carrying balances,5511,1147258
Other services (except public administration)(609),"Non-Hispanic, equally male-/female-owned","Business loan from federal, state, or local government",633,195419
Other services (except public administration)(609),"Non-Hispanic, equally male-/female-owned",Government-guaranteed business loan from a bank or financial institution,2702,1458483
Other services (except public administration)(609),"Non-Hispanic, equally male-/female-owned",Business loan from a bank or financial institution,25212,7332802
Other services (except public administration)(609),"Non-Hispanic, equally male-/female-owned",Business loan/investment from family/friends,6735,1692703
Other services (except public administration)(609),"Non-Hispanic, equally male-/female-owned",Investment by venture capitalist(s),304,S
Other services (except public administration)(609),"Non-Hispanic, equally male-/female-owned",Grants,225,24560
Other services (except public administration)(609),"Non-Hispanic, equally male-/female-owned",Other source(s) of capital,4428,702342
Other services (except public administration)(609),"Non-Hispanic, equally male-/female-owned",Don't know,8065,2344531
Other services (except public administration)(609),"Non-Hispanic, equally male-/female-owned",None needed,16537,977171
Other services (except public administration)(609),"Non-Hispanic, equally male-/female-owned",Total reporting,157776(r),25940401(r)
Other services (except public administration)(609),"Non-Hispanic, equally male-/female-owned",Item not reported,1805(r),188746(r)
Other services (except public administration)(609),White,All firms,2394564,224742140
Other services (except public administration)(609),White,Personal/family savings of owner(s),830372,89855993
Other services (except public administration)(609),White,Personal/family assets other than savings of owner(s),79183,14496363
Other services (except public administration)(609),White,Personal/family home equity loan,50163,11255296
Other services (except public administration)(609),White,Personal credit card(s) carrying balances,122500,11638676
Other services (except public administration)(609),White,Business credit card(s) carrying balances,33993,5101170
Other services (except public administration)(609),White,"Business loan from federal, state, or local government",2170,690578
Other services (except public administration)(609),White,Government-guaranteed business loan from a bank or financial institution,9025,4509314
Other services (except public administration)(609),White,Business loan from a bank or financial institution,103093,30926400
Other services (except public administration)(609),White,Business loan/investment from family/friends,30005,7891196
Other services (except public administration)(609),White,Investment by venture capitalist(s),1542,511769
Other services (except public administration)(609),White,Grants,2195,393384
Other services (except public administration)(609),White,Other source(s) of capital,24105,4920834
Other services (except public administration)(609),White,Don't know,94194,28305190
Other services (except public administration)(609),White,None needed,406461,13123368
Other services (except public administration)(609),White,Total reporting,1508360(r),160440447(r)
Other services (except public administration)(609),White,Item not reported,53288(r),2227918(r)
Other services (except public administration)(609),"White, female-owned",All firms,1119663,43805912
Other services (except public administration)(609),"White, female-owned",Personal/family savings of owner(s),353578,16703702
Other services (except public administration)(609),"White, female-owned",Personal/family assets other than savings of owner(s),25595,2122598
Other services (except public administration)(609),"White, female-owned",Personal/family home equity loan,17123,2064799
Other services (except public administration)(609),"White, female-owned",Personal credit card(s) carrying balances,54875,2822892
Other services (except public administration)(609),"White, female-owned",Business credit card(s) carrying balances,13823,965227
Other services (except public administration)(609),"White, female-owned","Business loan from federal, state, or local government",850,S
Other services (except public administration)(609),"White, female-owned",Government-guaranteed business loan from a bank or financial institution,2408,773642
Other services (except public administration)(609),"White, female-owned",Business loan from a bank or financial institution,30952,4285529
Other services (except public administration)(609),"White, female-owned",Business loan/investment from family/friends,10091,1169885
Other services (except public administration)(609),"White, female-owned",Investment by venture capitalist(s),419,26540
Other services (except public administration)(609),"White, female-owned",Grants,1476,S
Other services (except public administration)(609),"White, female-owned",Other source(s) of capital,7616,561382
Other services (except public administration)(609),"White, female-owned",Don't know,39831,2740791
Other services (except public administration)(609),"White, female-owned",None needed,226961,4331125
Other services (except public administration)(609),"White, female-owned",Total reporting,691337(r),28931508(r)
Other services (except public administration)(609),"White, female-owned",Item not reported,27233(r),630234(r)
Other services (except public administration)(609),"White, male-owned",All firms,1094423,149059938
Other services (except public administration)(609),"White, male-owned",Personal/family savings of owner(s),385260,58030530
Other services (except public administration)(609),"White, male-owned",Personal/family assets other than savings of owner(s),40356,9261303
Other services (except public administration)(609),"White, male-owned",Personal/family home equity loan,20782,6093690
Other services (except public administration)(609),"White, male-owned",Personal credit card(s) carrying balances,52227,6744135
Other services (except public administration)(609),"White, male-owned",Business credit card(s) carrying balances,14774,2971138
Other services (except public administration)(609),"White, male-owned","Business loan from federal, state, or local government",696,294647
Other services (except public administration)(609),"White, male-owned",Government-guaranteed business loan from a bank or financial institution,4180,2386328
Other services (except public administration)(609),"White, male-owned",Business loan from a bank or financial institution,49642,19754574
Other services (except public administration)(609),"White, male-owned",Business loan/investment from family/friends,14492,5228174
Other services (except public administration)(609),"White, male-owned",Investment by venture capitalist(s),892,412121
Other services (except public administration)(609),"White, male-owned",Grants,564,241500
Other services (except public administration)(609),"White, male-owned",Other source(s) of capital,12902,3734578
Other services (except public administration)(609),"White, male-owned",Don't know,47528,23387766
Other services (except public administration)(609),"White, male-owned",None needed,164126,7825677
Other services (except public administration)(609),"White, male-owned",Total reporting,675236(r),107445207(r)
Other services (except public administration)(609),"White, male-owned",Item not reported,24412(r),1446509(r)
Other services (except public administration)(609),"White, equally male-/female-owned",All firms,180478,31876290
Other services (except public administration)(609),"White, equally male-/female-owned",Personal/family savings of owner(s),91534,15121761
Other services (except public administration)(609),"White, equally male-/female-owned",Personal/family assets other than savings of owner(s),13232,3112461
Other services (except public administration)(609),"White, equally male-/female-owned",Personal/family home equity loan,12258,3096807
Other services (except public administration)(609),"White, equally male-/female-owned",Personal credit card(s) carrying balances,15399,2071650
Other services (except public administration)(609),"White, equally male-/female-owned",Business credit card(s) carrying balances,5396,1164805
Other services (except public administration)(609),"White, equally male-/female-owned","Business loan from federal, state, or local government",624,183554
Other services (except public administration)(609),"White, equally male-/female-owned",Government-guaranteed business loan from a bank or financial institution,2437,1349344
Other services (except public administration)(609),"White, equally male-/female-owned",Business loan from a bank or financial institution,22499,6886298
Other services (except public administration)(609),"White, equally male-/female-owned",Business loan/investment from family/friends,5421,1493137
Other services (except public administration)(609),"White, equally male-/female-owned",Investment by venture capitalist(s),231,S
Other services (except public administration)(609),"White, equally male-/female-owned",Grants,156,S
Other services (except public administration)(609),"White, equally male-/female-owned",Other source(s) of capital,3587,624875
Other services (except public administration)(609),"White, equally male-/female-owned",Don't know,6836,2176633
Other services (except public administration)(609),"White, equally male-/female-owned",None needed,15374,966566
Other services (except public administration)(609),"White, equally male-/female-owned",Total reporting,141787(r),24063731(r)
Other services (except public administration)(609),"White, equally male-/female-owned",Item not reported,1643(r),151175(r)
Other services (except public administration)(609),Black or African American,All firms,649896,10905608
Other services (except public administration)(609),Black or African American,Personal/family savings of owner(s),76566,1977960
Other services (except public administration)(609),Black or African American,Personal/family assets other than savings of owner(s),6496,205063
Other services (except public administration)(609),Black or African American,Personal/family home equity loan,1872,193480
Other services (except public administration)(609),Black or African American,Personal credit card(s) carrying balances,9885,274715
Other services (except public administration)(609),Black or African American,Business credit card(s) carrying balances,1608,68417
Other services (except public administration)(609),Black or African American,"Business loan from federal, state, or local government",355,25828
Other services (except public administration)(609),Black or African American,Government-guaranteed business loan from a bank or financial institution,627,92288
Other services (except public administration)(609),Black or African American,Business loan from a bank or financial institution,3452,355545
Other services (except public administration)(609),Black or African American,Business loan/investment from family/friends,1978,158528
Other services (except public administration)(609),Black or African American,Investment by venture capitalist(s),183,S
Other services (except public administration)(609),Black or African American,Grants,498,16576
Other services (except public administration)(609),Black or African American,Other source(s) of capital,4526,74958
Other services (except public administration)(609),Black or African American,Don't know,10832,364132
Other services (except public administration)(609),Black or African American,None needed,42491,612458
Other services (except public administration)(609),Black or African American,Total reporting,141783(r),3473653(r)
Other services (except public administration)(609),Black or African American,Item not reported,13106(r),225305(r)
Other services (except public administration)(609),"Black or African American, female-owned",All firms,457850,6229978
Other services (except public administration)(609),"Black or African American, female-owned",Personal/family savings of owner(s),44750,767614
Other services (except public administration)(609),"Black or African American, female-owned",Personal/family assets other than savings of owner(s),3743,61750
Other services (except public administration)(609),"Black or African American, female-owned",Personal/family home equity loan,679,42466
Other services (except public administration)(609),"Black or African American, female-owned",Personal credit card(s) carrying balances,6350,147580
Other services (except public administration)(609),"Black or African American, female-owned",Business credit card(s) carrying balances,820,35914
Other services (except public administration)(609),"Black or African American, female-owned","Business loan from federal, state, or local government",151,S
Other services (except public administration)(609),"Black or African American, female-owned",Government-guaranteed business loan from a bank or financial institution,295,10757
Other services (except public administration)(609),"Black or African American, female-owned",Business loan from a bank or financial institution,1086,75093
Other services (except public administration)(609),"Black or African American, female-owned",Business loan/investment from family/friends,1075,S
Other services (except public administration)(609),"Black or African American, female-owned",Investment by venture capitalist(s),183,S
Other services (except public administration)(609),"Black or African American, female-owned",Grants,429,7241
Other services (except public administration)(609),"Black or African American, female-owned",Other source(s) of capital,2773,37920
Other services (except public administration)(609),"Black or African American, female-owned",Don't know,6646,176961
Other services (except public administration)(609),"Black or African American, female-owned",None needed,31570,390593
Other services (except public administration)(609),"Black or African American, female-owned",Total reporting,89444(r),1515654(r)
Other services (except public administration)(609),"Black or African American, female-owned",Item not reported,9169(r),103835(r)
Other services (except public administration)(609),"Black or African American, male-owned",All firms,187362,4252235
Other services (except public administration)(609),"Black or African American, male-owned",Personal/family savings of owner(s),28903,925082
Other services (except public administration)(609),"Black or African American, male-owned",Personal/family assets other than savings of owner(s),2409,129525
Other services (except public administration)(609),"Black or African American, male-owned",Personal/family home equity loan,949,83420
Other services (except public administration)(609),"Black or African American, male-owned",Personal credit card(s) carrying balances,3261,112294
Other services (except public administration)(609),"Black or African American, male-owned",Business credit card(s) carrying balances,786,30922
Other services (except public administration)(609),"Black or African American, male-owned","Business loan from federal, state, or local government",200,S
Other services (except public administration)(609),"Black or African American, male-owned",Government-guaranteed business loan from a bank or financial institution,323,76970
Other services (except public administration)(609),"Black or African American, male-owned",Business loan from a bank or financial institution,1659,207563
Other services (except public administration)(609),"Black or African American, male-owned",Business loan/investment from family/friends,753,66405
Other services (except public administration)(609),"Black or African American, male-owned",Investment by venture capitalist(s),0,0
Other services (except public administration)(609),"Black or African American, male-owned",Grants,67,S
Other services (except public administration)(609),"Black or African American, male-owned",Other source(s) of capital,1585,30807
Other services (except public administration)(609),"Black or African American, male-owned",Don't know,4033,154362
Other services (except public administration)(609),"Black or African American, male-owned",None needed,10349,207276
Other services (except public administration)(609),"Black or African American, male-owned",Total reporting,48170(r),1600575(r)
Other services (except public administration)(609),"Black or African American, male-owned",Item not reported,3871(r),114900(r)
Other services (except public administration)(609),"Black or African American, equally male-/female-owned",All firms,4683,423395
Other services (except public administration)(609),"Black or African American, equally male-/female-owned",Personal/family savings of owner(s),2914,285265
Other services (except public administration)(609),"Black or African American, equally male-/female-owned",Personal/family assets other than savings of owner(s),345,13788
Other services (except public administration)(609),"Black or African American, equally male-/female-owned",Personal/family home equity loan,243,S
Other services (except public administration)(609),"Black or African American, equally male-/female-owned",Personal credit card(s) carrying balances,274,14840
Other services (except public administration)(609),"Black or African American, equally male-/female-owned",Business credit card(s) carrying balances,2,S
Other services (except public administration)(609),"Black or African American, equally male-/female-owned","Business loan from federal, state, or local government",4,S
Other services (except public administration)(609),"Black or African American, equally male-/female-owned",Government-guaranteed business loan from a bank or financial institution,9,S
Other services (except public administration)(609),"Black or African American, equally male-/female-owned",Business loan from a bank or financial institution,707,72889
Other services (except public administration)(609),"Black or African American, equally male-/female-owned",Business loan/investment from family/friends,150,S
Other services (except public administration)(609),"Black or African American, equally male-/female-owned",Investment by venture capitalist(s),0,0
Other services (except public administration)(609),"Black or African American, equally male-/female-owned",Grants,2,S
Other services (except public administration)(609),"Black or African American, equally male-/female-owned",Other source(s) of capital,169,S
Other services (except public administration)(609),"Black or African American, equally male-/female-owned",Don't know,154,S
Other services (except public administration)(609),"Black or African American, equally male-/female-owned",None needed,573,14589
Other services (except public administration)(609),"Black or African American, equally male-/female-owned",Total reporting,4168,357424
Other services (except public administration)(609),"Black or African American, equally male-/female-owned",Item not reported,66,S
Other services (except public administration)(609),American Indian and Alaska Native,All firms,43573,1704260
Other services (except public administration)(609),American Indian and Alaska Native,Personal/family savings of owner(s),9900,730674
Other services (except public administration)(609),American Indian and Alaska Native,Personal/family assets other than savings of owner(s),1032,116101
Other services (except public administration)(609),American Indian and Alaska Native,Personal/family home equity loan,518,44649
Other services (except public administration)(609),American Indian and Alaska Native,Personal credit card(s) carrying balances,1411,69987
Other services (except public administration)(609),American Indian and Alaska Native,Business credit card(s) carrying balances,582,31569
Other services (except public administration)(609),American Indian and Alaska Native,"Business loan from federal, state, or local government",123,S
Other services (except public administration)(609),American Indian and Alaska Native,Government-guaranteed business loan from a bank or financial institution,195,S
Other services (except public administration)(609),American Indian and Alaska Native,Business loan from a bank or financial institution,879,95735
Other services (except public administration)(609),American Indian and Alaska Native,Business loan/investment from family/friends,477,S
Other services (except public administration)(609),American Indian and Alaska Native,Investment by venture capitalist(s),68,S
Other services (except public administration)(609),American Indian and Alaska Native,Grants,199,S
Other services (except public administration)(609),American Indian and Alaska Native,Other source(s) of capital,759,27085
Other services (except public administration)(609),American Indian and Alaska Native,Don't know,1416,167069
Other services (except public administration)(609),American Indian and Alaska Native,None needed,5356,140769
Other services (except public administration)(609),American Indian and Alaska Native,Total reporting,18986(r),1205429(r)
Other services (except public administration)(609),American Indian and Alaska Native,Item not reported,1247(r),S
Other services (except public administration)(609),"American Indian and Alaska Native, female-owned",All firms,25768,587138
Other services (except public administration)(609),"American Indian and Alaska Native, female-owned",Personal/family savings of owner(s),4300,164259
Other services (except public administration)(609),"American Indian and Alaska Native, female-owned",Personal/family assets other than savings of owner(s),433,S
Other services (except public administration)(609),"American Indian and Alaska Native, female-owned",Personal/family home equity loan,266,10429
Other services (except public administration)(609),"American Indian and Alaska Native, female-owned",Personal credit card(s) carrying balances,724,20694
Other services (except public administration)(609),"American Indian and Alaska Native, female-owned",Business credit card(s) carrying balances,351,9924
Other services (except public administration)(609),"American Indian and Alaska Native, female-owned","Business loan from federal, state, or local government",123,S
Other services (except public administration)(609),"American Indian and Alaska Native, female-owned",Government-guaranteed business loan from a bank or financial institution,142,S
Other services (except public administration)(609),"American Indian and Alaska Native, female-owned",Business loan from a bank or financial institution,196,12506
Other services (except public administration)(609),"American Indian and Alaska Native, female-owned",Business loan/investment from family/friends,296,8513
Other services (except public administration)(609),"American Indian and Alaska Native, female-owned",Investment by venture capitalist(s),61,S
Other services (except public administration)(609),"American Indian and Alaska Native, female-owned",Grants,199,S
Other services (except public administration)(609),"American Indian and Alaska Native, female-owned",Other source(s) of capital,331,S
Other services (except public administration)(609),"American Indian and Alaska Native, female-owned",Don't know,731,13062
Other services (except public administration)(609),"American Indian and Alaska Native, female-owned",None needed,3137,39587
Other services (except public administration)(609),"American Indian and Alaska Native, female-owned",Total reporting,9259(r),265447(r)
Other services (except public administration)(609),"American Indian and Alaska Native, female-owned",Item not reported,835(r),S
Other services (except public administration)(609),"American Indian and Alaska Native, male-owned",All firms,17365,1080118
Other services (except public administration)(609),"American Indian and Alaska Native, male-owned",Personal/family savings of owner(s),5370,553254
Other services (except public administration)(609),"American Indian and Alaska Native, male-owned",Personal/family assets other than savings of owner(s),586,81678
Other services (except public administration)(609),"American Indian and Alaska Native, male-owned",Personal/family home equity loan,242,30057
Other services (except public administration)(609),"American Indian and Alaska Native, male-owned",Personal credit card(s) carrying balances,623,42124
Other services (except public administration)(609),"American Indian and Alaska Native, male-owned",Business credit card(s) carrying balances,229,S
Other services (except public administration)(609),"American Indian and Alaska Native, male-owned","Business loan from federal, state, or local government",0,0
Other services (except public administration)(609),"American Indian and Alaska Native, male-owned",Government-guaranteed business loan from a bank or financial institution,53,S
Other services (except public administration)(609),"American Indian and Alaska Native, male-owned",Business loan from a bank or financial institution,682,83230
Other services (except public administration)(609),"American Indian and Alaska Native, male-owned",Business loan/investment from family/friends,179,S
Other services (except public administration)(609),"American Indian and Alaska Native, male-owned",Investment by venture capitalist(s),6,S
Other services (except public administration)(609),"American Indian and Alaska Native, male-owned",Grants,0,0
Other services (except public administration)(609),"American Indian and Alaska Native, male-owned",Other source(s) of capital,388,14917
Other services (except public administration)(609),"American Indian and Alaska Native, male-owned",Don't know,685,S
Other services (except public administration)(609),"American Indian and Alaska Native, male-owned",None needed,2157,100936
Other services (except public administration)(609),"American Indian and Alaska Native, male-owned",Total reporting,9418(r),921567(r)
Other services (except public administration)(609),"American Indian and Alaska Native, male-owned",Item not reported,412(r),S
Other services (except public administration)(609),"American Indian and Alaska Native, equally male-/female-owned",All firms,440,37005
Other services (except public administration)(609),"American Indian and Alaska Native, equally male-/female-owned",Personal/family savings of owner(s),230,13162
Other services (except public administration)(609),"American Indian and Alaska Native, equally male-/female-owned",Personal/family assets other than savings of owner(s),14,1142
Other services (except public administration)(609),"American Indian and Alaska Native, equally male-/female-owned",Personal/family home equity loan,10,S
Other services (except public administration)(609),"American Indian and Alaska Native, equally male-/female-owned",Personal credit card(s) carrying balances,64,S
Other services (except public administration)(609),"American Indian and Alaska Native, equally male-/female-owned",Business credit card(s) carrying balances,2,S
Other services (except public administration)(609),"American Indian and Alaska Native, equally male-/female-owned","Business loan from federal, state, or local government",0,0
Other services (except public administration)(609),"American Indian and Alaska Native, equally male-/female-owned",Government-guaranteed business loan from a bank or financial institution,0,0
Other services (except public administration)(609),"American Indian and Alaska Native, equally male-/female-owned",Business loan from a bank or financial institution,0,0
Other services (except public administration)(609),"American Indian and Alaska Native, equally male-/female-owned",Business loan/investment from family/friends,2,S
Other services (except public administration)(609),"American Indian and Alaska Native, equally male-/female-owned",Investment by venture capitalist(s),0,0
Other services (except public administration)(609),"American Indian and Alaska Native, equally male-/female-owned",Grants,0,0
Other services (except public administration)(609),"American Indian and Alaska Native, equally male-/female-owned",Other source(s) of capital,40,S
Other services (except public administration)(609),"American Indian and Alaska Native, equally male-/female-owned",Don't know,0,0
Other services (except public administration)(609),"American Indian and Alaska Native, equally male-/female-owned",None needed,61,S
Other services (except public administration)(609),"American Indian and Alaska Native, equally male-/female-owned",Total reporting,309,18415
Other services (except public administration)(609),"American Indian and Alaska Native, equally male-/female-owned",Item not reported,0,0
Other services (except public administration)(609),Asian,All firms,385583,22903077
Other services (except public administration)(609),Asian,Personal/family savings of owner(s),103655,8209890
Other services (except public administration)(609),Asian,Personal/family assets other than savings of owner(s),9319,1019707
Other services (except public administration)(609),Asian,Personal/family home equity loan,7877,937425
Other services (except public administration)(609),Asian,Personal credit card(s) carrying balances,12658,1157645
Other services (except public administration)(609),Asian,Business credit card(s) carrying balances,3880,437279
Other services (except public administration)(609),Asian,"Business loan from federal, state, or local government",587,70828
Other services (except public administration)(609),Asian,Government-guaranteed business loan from a bank or financial institution,1013,314159
Other services (except public administration)(609),Asian,Business loan from a bank or financial institution,7908,1768519
Other services (except public administration)(609),Asian,Business loan/investment from family/friends,5611,686390
Other services (except public administration)(609),Asian,Investment by venture capitalist(s),321,S
Other services (except public administration)(609),Asian,Grants,436,24926
Other services (except public administration)(609),Asian,Other source(s) of capital,2908,203538
Other services (except public administration)(609),Asian,Don't know,31499,2010191
Other services (except public administration)(609),Asian,None needed,36027,864640
Other services (except public administration)(609),Asian,Total reporting,187423(r),12981288(r)
Other services (except public administration)(609),Asian,Item not reported,6947(r),301454(r)
Other services (except public administration)(609),"Asian, female-owned",All firms,211517,8455898
Other services (except public administration)(609),"Asian, female-owned",Personal/family savings of owner(s),50123,2683075
Other services (except public administration)(609),"Asian, female-owned",Personal/family assets other than savings of owner(s),4418,331266
Other services (except public administration)(609),"Asian, female-owned",Personal/family home equity loan,2676,213913
Other services (except public administration)(609),"Asian, female-owned",Personal credit card(s) carrying balances,6060,395600
Other services (except public administration)(609),"Asian, female-owned",Business credit card(s) carrying balances,1586,109238
Other services (except public administration)(609),"Asian, female-owned","Business loan from federal, state, or local government",368,S
Other services (except public administration)(609),"Asian, female-owned",Government-guaranteed business loan from a bank or financial institution,426,53957
Other services (except public administration)(609),"Asian, female-owned",Business loan from a bank or financial institution,2547,341360
Other services (except public administration)(609),"Asian, female-owned",Business loan/investment from family/friends,2681,209610
Other services (except public administration)(609),"Asian, female-owned",Investment by venture capitalist(s),123,S
Other services (except public administration)(609),"Asian, female-owned",Grants,246,S
Other services (except public administration)(609),"Asian, female-owned",Other source(s) of capital,1382,63193
Other services (except public administration)(609),"Asian, female-owned",Don't know,16638,581451
Other services (except public administration)(609),"Asian, female-owned",None needed,21118,401409
Other services (except public administration)(609),"Asian, female-owned",Total reporting,95901(r),4174412(r)
Other services (except public administration)(609),"Asian, female-owned",Item not reported,3806(r),113887(r)
Other services (except public administration)(609),"Asian, male-owned",All firms,148475,11035679
Other services (except public administration)(609),"Asian, male-owned",Personal/family savings of owner(s),41274,3921411
Other services (except public administration)(609),"Asian, male-owned",Personal/family assets other than savings of owner(s),3010,411018
Other services (except public administration)(609),"Asian, male-owned",Personal/family home equity loan,3186,407693
Other services (except public administration)(609),"Asian, male-owned",Personal credit card(s) carrying balances,5169,533827
Other services (except public administration)(609),"Asian, male-owned",Business credit card(s) carrying balances,1671,234320
Other services (except public administration)(609),"Asian, male-owned","Business loan from federal, state, or local government",212,40761
Other services (except public administration)(609),"Asian, male-owned",Government-guaranteed business loan from a bank or financial institution,322,131924
Other services (except public administration)(609),"Asian, male-owned",Business loan from a bank or financial institution,3181,977611
Other services (except public administration)(609),"Asian, male-owned",Business loan/investment from family/friends,1698,243871
Other services (except public administration)(609),"Asian, male-owned",Investment by venture capitalist(s),129,S
Other services (except public administration)(609),"Asian, male-owned",Grants,123,S
Other services (except public administration)(609),"Asian, male-owned",Other source(s) of capital,867,91096
Other services (except public administration)(609),"Asian, male-owned",Don't know,13435,1248707
Other services (except public administration)(609),"Asian, male-owned",None needed,14085,410225
Other services (except public administration)(609),"Asian, male-owned",Total reporting,74306(r),6609223(r)
Other services (except public administration)(609),"Asian, male-owned",Item not reported,3029(r),161272(r)
Other services (except public administration)(609),"Asian, equally male-/female-owned",All firms,25591,3411499
Other services (except public administration)(609),"Asian, equally male-/female-owned",Personal/family savings of owner(s),12258,1605404
Other services (except public administration)(609),"Asian, equally male-/female-owned",Personal/family assets other than savings of owner(s),1891,277424
Other services (except public administration)(609),"Asian, equally male-/female-owned",Personal/family home equity loan,2015,315819
Other services (except public administration)(609),"Asian, equally male-/female-owned",Personal credit card(s) carrying balances,1429,228218
Other services (except public administration)(609),"Asian, equally male-/female-owned",Business credit card(s) carrying balances,623,93721
Other services (except public administration)(609),"Asian, equally male-/female-owned","Business loan from federal, state, or local government",6,S
Other services (except public administration)(609),"Asian, equally male-/female-owned",Government-guaranteed business loan from a bank or financial institution,265,S
Other services (except public administration)(609),"Asian, equally male-/female-owned",Business loan from a bank or financial institution,2180,449549
Other services (except public administration)(609),"Asian, equally male-/female-owned",Business loan/investment from family/friends,1231,232909
Other services (except public administration)(609),"Asian, equally male-/female-owned",Investment by venture capitalist(s),69,S
Other services (except public administration)(609),"Asian, equally male-/female-owned",Grants,68,S
Other services (except public administration)(609),"Asian, equally male-/female-owned",Other source(s) of capital,659,49249
Other services (except public administration)(609),"Asian, equally male-/female-owned",Don't know,1426,180032
Other services (except public administration)(609),"Asian, equally male-/female-owned",None needed,823,53007
Other services (except public administration)(609),"Asian, equally male-/female-owned",Total reporting,17216(r),2197653(r)
Other services (except public administration)(609),"Asian, equally male-/female-owned",Item not reported,113(r),S
Other services (except public administration)(609),Native Hawaiian and Other Pacific Islander,All firms,8674,457800
Other services (except public administration)(609),Native Hawaiian and Other Pacific Islander,Personal/family savings of owner(s),1693,69769
Other services (except public administration)(609),Native Hawaiian and Other Pacific Islander,Personal/family assets other than savings of owner(s),113,9934
Other services (except public administration)(609),Native Hawaiian and Other Pacific Islander,Personal/family home equity loan,44,S
Other services (except public administration)(609),Native Hawaiian and Other Pacific Islander,Personal credit card(s) carrying balances,264,6251
Other services (except public administration)(609),Native Hawaiian and Other Pacific Islander,Business credit card(s) carrying balances,19,S
Other services (except public administration)(609),Native Hawaiian and Other Pacific Islander,"Business loan from federal, state, or local government",0,0
Other services (except public administration)(609),Native Hawaiian and Other Pacific Islander,Government-guaranteed business loan from a bank or financial institution,0,0
Other services (except public administration)(609),Native Hawaiian and Other Pacific Islander,Business loan from a bank or financial institution,35,S
Other services (except public administration)(609),Native Hawaiian and Other Pacific Islander,Business loan/investment from family/friends,8,S
Other services (except public administration)(609),Native Hawaiian and Other Pacific Islander,Investment by venture capitalist(s),2,S
Other services (except public administration)(609),Native Hawaiian and Other Pacific Islander,Grants,0,0
Other services (except public administration)(609),Native Hawaiian and Other Pacific Islander,Other source(s) of capital,93,S
Other services (except public administration)(609),Native Hawaiian and Other Pacific Islander,Don't know,581,19987
Other services (except public administration)(609),Native Hawaiian and Other Pacific Islander,None needed,940,17752
Other services (except public administration)(609),Native Hawaiian and Other Pacific Islander,Total reporting,3463,117074
Other services (except public administration)(609),Native Hawaiian and Other Pacific Islander,Item not reported,194,S
Other services (except public administration)(609),"Native Hawaiian and Other Pacific Islander, female-owned",All firms,4670,93456
Other services (except public administration)(609),"Native Hawaiian and Other Pacific Islander, female-owned",Personal/family savings of owner(s),1174,22763
Other services (except public administration)(609),"Native Hawaiian and Other Pacific Islander, female-owned",Personal/family assets other than savings of owner(s),2,S
Other services (except public administration)(609),"Native Hawaiian and Other Pacific Islander, female-owned",Personal/family home equity loan,27,S
Other services (except public administration)(609),"Native Hawaiian and Other Pacific Islander, female-owned",Personal credit card(s) carrying balances,182,1551
Other services (except public administration)(609),"Native Hawaiian and Other Pacific Islander, female-owned",Business credit card(s) carrying balances,17,S
Other services (except public administration)(609),"Native Hawaiian and Other Pacific Islander, female-owned","Business loan from federal, state, or local government",0,0
Other services (except public administration)(609),"Native Hawaiian and Other Pacific Islander, female-owned",Government-guaranteed business loan from a bank or financial institution,0,0
Other services (except public administration)(609),"Native Hawaiian and Other Pacific Islander, female-owned",Business loan from a bank or financial institution,2,S
Other services (except public administration)(609),"Native Hawaiian and Other Pacific Islander, female-owned",Business loan/investment from family/friends,4,S
Other services (except public administration)(609),"Native Hawaiian and Other Pacific Islander, female-owned",Investment by venture capitalist(s),0,0
Other services (except public administration)(609),"Native Hawaiian and Other Pacific Islander, female-owned",Grants,0,0
Other services (except public administration)(609),"Native Hawaiian and Other Pacific Islander, female-owned",Other source(s) of capital,66,S
Other services (except public administration)(609),"Native Hawaiian and Other Pacific Islander, female-owned",Don't know,113,S
Other services (except public administration)(609),"Native Hawaiian and Other Pacific Islander, female-owned",None needed,468,7028
Other services (except public administration)(609),"Native Hawaiian and Other Pacific Islander, female-owned",Total reporting,1882,34177
Other services (except public administration)(609),"Native Hawaiian and Other Pacific Islander, female-owned",Item not reported,121,S
Other services (except public administration)(609),"Native Hawaiian and Other Pacific Islander, male-owned",All firms,3884,S
Other services (except public administration)(609),"Native Hawaiian and Other Pacific Islander, male-owned",Personal/family savings of owner(s),484,S
Other services (except public administration)(609),"Native Hawaiian and Other Pacific Islander, male-owned",Personal/family assets other than savings of owner(s),96,S
Other services (except public administration)(609),"Native Hawaiian and Other Pacific Islander, male-owned",Personal/family home equity loan,18,S
Other services (except public administration)(609),"Native Hawaiian and Other Pacific Islander, male-owned",Personal credit card(s) carrying balances,47,S
Other services (except public administration)(609),"Native Hawaiian and Other Pacific Islander, male-owned",Business credit card(s) carrying balances,2,S
Other services (except public administration)(609),"Native Hawaiian and Other Pacific Islander, male-owned","Business loan from federal, state, or local government",0,S
Other services (except public administration)(609),"Native Hawaiian and Other Pacific Islander, male-owned",Government-guaranteed business loan from a bank or financial institution,0,S
Other services (except public administration)(609),"Native Hawaiian and Other Pacific Islander, male-owned",Business loan from a bank or financial institution,33,S
Other services (except public administration)(609),"Native Hawaiian and Other Pacific Islander, male-owned",Business loan/investment from family/friends,2,S
Other services (except public administration)(609),"Native Hawaiian and Other Pacific Islander, male-owned",Investment by venture capitalist(s),0,S
Other services (except public administration)(609),"Native Hawaiian and Other Pacific Islander, male-owned",Grants,0,S
Other services (except public administration)(609),"Native Hawaiian and Other Pacific Islander, male-owned",Other source(s) of capital,27,S
Other services (except public administration)(609),"Native Hawaiian and Other Pacific Islander, male-owned",Don't know,468,S
Other services (except public administration)(609),"Native Hawaiian and Other Pacific Islander, male-owned",None needed,472,S
Other services (except public administration)(609),"Native Hawaiian and Other Pacific Islander, male-owned",Total reporting,1529,S
Other services (except public administration)(609),"Native Hawaiian and Other Pacific Islander, male-owned",Item not reported,73,S
Other services (except public administration)(609),"Native Hawaiian and Other Pacific Islander, equally male-/female-owned",All firms,120,S
Other services (except public administration)(609),"Native Hawaiian and Other Pacific Islander, equally male-/female-owned",Personal/family savings of owner(s),35,S
Other services (except public administration)(609),"Native Hawaiian and Other Pacific Islander, equally male-/female-owned",Personal/family assets other than savings of owner(s),15,S
Other services (except public administration)(609),"Native Hawaiian and Other Pacific Islander, equally male-/female-owned",Personal/family home equity loan,0,S
Other services (except public administration)(609),"Native Hawaiian and Other Pacific Islander, equally male-/female-owned",Personal credit card(s) carrying balances,35,S
Other services (except public administration)(609),"Native Hawaiian and Other Pacific Islander, equally male-/female-owned",Business credit card(s) carrying balances,0,S
Other services (except public administration)(609),"Native Hawaiian and Other Pacific Islander, equally male-/female-owned","Business loan from federal, state, or local government",0,S
Other services (except public administration)(609),"Native Hawaiian and Other Pacific Islander, equally male-/female-owned",Government-guaranteed business loan from a bank or financial institution,0,S
Other services (except public administration)(609),"Native Hawaiian and Other Pacific Islander, equally male-/female-owned",Business loan from a bank or financial institution,0,S
Other services (except public administration)(609),"Native Hawaiian and Other Pacific Islander, equally male-/female-owned",Business loan/investment from family/friends,2,S
Other services (except public administration)(609),"Native Hawaiian and Other Pacific Islander, equally male-/female-owned",Investment by venture capitalist(s),2,S
Other services (except public administration)(609),"Native Hawaiian and Other Pacific Islander, equally male-/female-owned",Grants,0,S
Other services (except public administration)(609),"Native Hawaiian and Other Pacific Islander, equally male-/female-owned",Other source(s) of capital,0,S
Other services (except public administration)(609),"Native Hawaiian and Other Pacific Islander, equally male-/female-owned",Don't know,0,S
Other services (except public administration)(609),"Native Hawaiian and Other Pacific Islander, equally male-/female-owned",None needed,0,S
Other services (except public administration)(609),"Native Hawaiian and Other Pacific Islander, equally male-/female-owned",Total reporting,52,S
Other services (except public administration)(609),"Native Hawaiian and Other Pacific Islander, equally male-/female-owned",Item not reported,0,S
Other services (except public administration)(609),Some other race,All firms,213467,6494676
Other services (except public administration)(609),Some other race,Personal/family savings of owner(s),31562,1907605
Other services (except public administration)(609),Some other race,Personal/family assets other than savings of owner(s),2674,245459
Other services (except public administration)(609),Some other race,Personal/family home equity loan,1767,205572
Other services (except public administration)(609),Some other race,Personal credit card(s) carrying balances,4734,232292
Other services (except public administration)(609),Some other race,Business credit card(s) carrying balances,1317,116732
Other services (except public administration)(609),Some other race,"Business loan from federal, state, or local government",64,S
Other services (except public administration)(609),Some other race,Government-guaranteed business loan from a bank or financial institution,107,S
Other services (except public administration)(609),Some other race,Business loan from a bank or financial institution,1688,254532
Other services (except public administration)(609),Some other race,Business loan/investment from family/friends,937,S
Other services (except public administration)(609),Some other race,Investment by venture capitalist(s),225,S
Other services (except public administration)(609),Some other race,Grants,184,S
Other services (except public administration)(609),Some other race,Other source(s) of capital,1159,31561
Other services (except public administration)(609),Some other race,Don't know,7023,351475
Other services (except public administration)(609),Some other race,None needed,16798,317750
Other services (except public administration)(609),Some other race,Total reporting,60822(r),2868487(r)
Other services (except public administration)(609),Some other race,Item not reported,3908(r),77154(r)
Other services (except public administration)(609),"Some other race, female-owned",All firms,117625,2162791
Other services (except public administration)(609),"Some other race, female-owned",Personal/family savings of owner(s),12769,387450
Other services (except public administration)(609),"Some other race, female-owned",Personal/family assets other than savings of owner(s),833,64290
Other services (except public administration)(609),"Some other race, female-owned",Personal/family home equity loan,422,46398
Other services (except public administration)(609),"Some other race, female-owned",Personal credit card(s) carrying balances,2011,55487
Other services (except public administration)(609),"Some other race, female-owned",Business credit card(s) carrying balances,548,28696
Other services (except public administration)(609),"Some other race, female-owned","Business loan from federal, state, or local government",0,0
Other services (except public administration)(609),"Some other race, female-owned",Government-guaranteed business loan from a bank or financial institution,0,0
Other services (except public administration)(609),"Some other race, female-owned",Business loan from a bank or financial institution,375,38979
Other services (except public administration)(609),"Some other race, female-owned",Business loan/investment from family/friends,368,12080
Other services (except public administration)(609),"Some other race, female-owned",Investment by venture capitalist(s),0,0
Other services (except public administration)(609),"Some other race, female-owned",Grants,123,S
Other services (except public administration)(609),"Some other race, female-owned",Other source(s) of capital,633,12763
Other services (except public administration)(609),"Some other race, female-owned",Don't know,3044,76999
Other services (except public administration)(609),"Some other race, female-owned",None needed,9479,144985
Other services (except public administration)(609),"Some other race, female-owned",Total reporting,27525(r),683960(r)
Other services (except public administration)(609),"Some other race, female-owned",Item not reported,2028(r),25470(r)
Other services (except public administration)(609),"Some other race, male-owned",All firms,91667,3987316
Other services (except public administration)(609),"Some other race, male-owned",Personal/family savings of owner(s),16803,1338377
Other services (except public administration)(609),"Some other race, male-owned",Personal/family assets other than savings of owner(s),1482,160702
Other services (except public administration)(609),"Some other race, male-owned",Personal/family home equity loan,930,138349
Other services (except public administration)(609),"Some other race, male-owned",Personal credit card(s) carrying balances,2236,135655
Other services (except public administration)(609),"Some other race, male-owned",Business credit card(s) carrying balances,584,82192
Other services (except public administration)(609),"Some other race, male-owned","Business loan from federal, state, or local government",2,S
Other services (except public administration)(609),"Some other race, male-owned",Government-guaranteed business loan from a bank or financial institution,39,S
Other services (except public administration)(609),"Some other race, male-owned",Business loan from a bank or financial institution,923,141280
Other services (except public administration)(609),"Some other race, male-owned",Business loan/investment from family/friends,492,S
Other services (except public administration)(609),"Some other race, male-owned",Investment by venture capitalist(s),163,S
Other services (except public administration)(609),"Some other race, male-owned",Grants,0,0
Other services (except public administration)(609),"Some other race, male-owned",Other source(s) of capital,368,14279
Other services (except public administration)(609),"Some other race, male-owned",Don't know,3685,238463
Other services (except public administration)(609),"Some other race, male-owned",None needed,6987,159967
Other services (except public administration)(609),"Some other race, male-owned",Total reporting,30434(r),1927505(r)
Other services (except public administration)(609),"Some other race, male-owned",Item not reported,1857(r),47828(r)
Other services (except public administration)(609),"Some other race, equally male-/female-owned",All firms,4175,344569
Other services (except public administration)(609),"Some other race, equally male-/female-owned",Personal/family savings of owner(s),1990,181777
Other services (except public administration)(609),"Some other race, equally male-/female-owned",Personal/family assets other than savings of owner(s),360,20468
Other services (except public administration)(609),"Some other race, equally male-/female-owned",Personal/family home equity loan,415,20824
Other services (except public administration)(609),"Some other race, equally male-/female-owned",Personal credit card(s) carrying balances,487,41150
Other services (except public administration)(609),"Some other race, equally male-/female-owned",Business credit card(s) carrying balances,185,S
Other services (except public administration)(609),"Some other race, equally male-/female-owned","Business loan from federal, state, or local government",62,S
Other services (except public administration)(609),"Some other race, equally male-/female-owned",Government-guaranteed business loan from a bank or financial institution,67,S
Other services (except public administration)(609),"Some other race, equally male-/female-owned",Business loan from a bank or financial institution,390,74272
Other services (except public administration)(609),"Some other race, equally male-/female-owned",Business loan/investment from family/friends,76,S
Other services (except public administration)(609),"Some other race, equally male-/female-owned",Investment by venture capitalist(s),62,S
Other services (except public administration)(609),"Some other race, equally male-/female-owned",Grants,62,S
Other services (except public administration)(609),"Some other race, equally male-/female-owned",Other source(s) of capital,158,S
Other services (except public administration)(609),"Some other race, equally male-/female-owned",Don't know,295,36013
Other services (except public administration)(609),"Some other race, equally male-/female-owned",None needed,332,12798
Other services (except public administration)(609),"Some other race, equally male-/female-owned",Total reporting,2863,257022
Other services (except public administration)(609),"Some other race, equally male-/female-owned",Item not reported,23,S
Other services (except public administration)(609),Minority,All firms,1595222,55541678
Other services (except public administration)(609),Minority,Personal/family savings of owner(s),283666,17486705
Other services (except public administration)(609),Minority,Personal/family assets other than savings of owner(s),24714,2271144
Other services (except public administration)(609),Minority,Personal/family home equity loan,14577,1952679
Other services (except public administration)(609),Minority,Personal credit card(s) carrying balances,37499,2472900
Other services (except public administration)(609),Minority,Business credit card(s) carrying balances,9550,1044996
Other services (except public administration)(609),Minority,"Business loan from federal, state, or local government",1084,106809
Other services (except public administration)(609),Minority,Government-guaranteed business loan from a bank or financial institution,2401,810702
Other services (except public administration)(609),Minority,Business loan from a bank or financial institution,16547,3498797
Other services (except public administration)(609),Minority,Business loan/investment from family/friends,10843,1300022
Other services (except public administration)(609),Minority,Investment by venture capitalist(s),752,48497
Other services (except public administration)(609),Minority,Grants,1317,44900
Other services (except public administration)(609),Minority,Other source(s) of capital,10824,464652
Other services (except public administration)(609),Minority,Don't know,58400,3663668
Other services (except public administration)(609),Minority,None needed,134234,2562220
Other services (except public administration)(609),Minority,Total reporting,522200(r),27739010(r)
Other services (except public administration)(609),Minority,Item not reported,32746(r),922058(r)
Other services (except public administration)(609),"Minority, female-owned",All firms,968791,21400714
Other services (except public administration)(609),"Minority, female-owned",Personal/family savings of owner(s),137852,4941901
Other services (except public administration)(609),"Minority, female-owned",Personal/family assets other than savings of owner(s),10968,600812
Other services (except public administration)(609),"Minority, female-owned",Personal/family home equity loan,4821,476828
Other services (except public administration)(609),"Minority, female-owned",Personal credit card(s) carrying balances,18714,851557
Other services (except public administration)(609),"Minority, female-owned",Business credit card(s) carrying balances,3886,240663
Other services (except public administration)(609),"Minority, female-owned","Business loan from federal, state, or local government",594,S
Other services (except public administration)(609),"Minority, female-owned",Government-guaranteed business loan from a bank or financial institution,965,S
Other services (except public administration)(609),"Minority, female-owned",Business loan from a bank or financial institution,4710,702255
Other services (except public administration)(609),"Minority, female-owned",Business loan/investment from family/friends,5171,372378
Other services (except public administration)(609),"Minority, female-owned",Investment by venture capitalist(s),306,S
Other services (except public administration)(609),"Minority, female-owned",Grants,997,11192
Other services (except public administration)(609),"Minority, female-owned",Other source(s) of capital,5571,192340
Other services (except public administration)(609),"Minority, female-owned",Don't know,30299,967248
Other services (except public administration)(609),"Minority, female-owned",None needed,85304,1270167
Other services (except public administration)(609),"Minority, female-owned",Total reporting,275121(r),8366406(r)
Other services (except public administration)(609),"Minority, female-owned",Item not reported,20584(r),329237(r)
Other services (except public administration)(609),"Minority, male-owned",All firms,578769,28466040
Other services (except public administration)(609),"Minority, male-owned",Personal/family savings of owner(s),123501,9854346
Other services (except public administration)(609),"Minority, male-owned",Personal/family assets other than savings of owner(s),10302,1239869
Other services (except public administration)(609),"Minority, male-owned",Personal/family home equity loan,6550,1005845
Other services (except public administration)(609),"Minority, male-owned",Personal credit card(s) carrying balances,15528,1219557
Other services (except public administration)(609),"Minority, male-owned",Business credit card(s) carrying balances,4546,597465
Other services (except public administration)(609),"Minority, male-owned","Business loan from federal, state, or local government",416,49371
Other services (except public administration)(609),"Minority, male-owned",Government-guaranteed business loan from a bank or financial institution,1048,469838
Other services (except public administration)(609),"Minority, male-owned",Business loan from a bank or financial institution,8096,2053374
Other services (except public administration)(609),"Minority, male-owned",Business loan/investment from family/friends,4136,621111
Other services (except public administration)(609),"Minority, male-owned",Investment by venture capitalist(s),314,26497
Other services (except public administration)(609),"Minority, male-owned",Grants,190,S
Other services (except public administration)(609),"Minority, male-owned",Other source(s) of capital,4328,212867
Other services (except public administration)(609),"Minority, male-owned",Don't know,25588,2350876
Other services (except public administration)(609),"Minority, male-owned",None needed,46389,1160776
Other services (except public administration)(609),"Minority, male-owned",Total reporting,215332(r),15725041(r)
Other services (except public administration)(609),"Minority, male-owned",Item not reported,11806(r),553555(r)
Other services (except public administration)(609),"Minority, equally male-/female-owned",All firms,47662,5674924
Other services (except public administration)(609),"Minority, equally male-/female-owned",Personal/family savings of owner(s),22314,2690458
Other services (except public administration)(609),"Minority, equally male-/female-owned",Personal/family assets other than savings of owner(s),3444,430463
Other services (except public administration)(609),"Minority, equally male-/female-owned",Personal/family home equity loan,3206,470006
Other services (except public administration)(609),"Minority, equally male-/female-owned",Personal credit card(s) carrying balances,3258,401787
Other services (except public administration)(609),"Minority, equally male-/female-owned",Business credit card(s) carrying balances,1118,206868
Other services (except public administration)(609),"Minority, equally male-/female-owned","Business loan from federal, state, or local government",74,14417
Other services (except public administration)(609),"Minority, equally male-/female-owned",Government-guaranteed business loan from a bank or financial institution,388,S
Other services (except public administration)(609),"Minority, equally male-/female-owned",Business loan from a bank or financial institution,3741,743168
Other services (except public administration)(609),"Minority, equally male-/female-owned",Business loan/investment from family/friends,1535,306533
Other services (except public administration)(609),"Minority, equally male-/female-owned",Investment by venture capitalist(s),132,10370
Other services (except public administration)(609),"Minority, equally male-/female-owned",Grants,131,S
Other services (except public administration)(609),"Minority, equally male-/female-owned",Other source(s) of capital,924,59446
Other services (except public administration)(609),"Minority, equally male-/female-owned",Don't know,2514,345543
Other services (except public administration)(609),"Minority, equally male-/female-owned",None needed,2541,131277
Other services (except public administration)(609),"Minority, equally male-/female-owned",Total reporting,31747(r),3647564(r)
Other services (except public administration)(609),"Minority, equally male-/female-owned",Item not reported,357(r),39266(r)
Other services (except public administration)(609),Equally minority/nonminority,All firms,21815,3101391
Other services (except public administration)(609),Equally minority/nonminority,Personal/family savings of owner(s),10592,1523488
Other services (except public administration)(609),Equally minority/nonminority,Personal/family assets other than savings of owner(s),1319,217653
Other services (except public administration)(609),Equally minority/nonminority,Personal/family home equity loan,1246,349356
Other services (except public administration)(609),Equally minority/nonminority,Personal credit card(s) carrying balances,2555,319491
Other services (except public administration)(609),Equally minority/nonminority,Business credit card(s) carrying balances,830,109824
Other services (except public administration)(609),Equally minority/nonminority,"Business loan from federal, state, or local government",0,0
Other services (except public administration)(609),Equally minority/nonminority,Government-guaranteed business loan from a bank or financial institution,205,140228
Other services (except public administration)(609),Equally minority/nonminority,Business loan from a bank or financial institution,1772,488097
Other services (except public administration)(609),Equally minority/nonminority,Business loan/investment from family/friends,951,160219
Other services (except public administration)(609),Equally minority/nonminority,Investment by venture capitalist(s),11,S
Other services (except public administration)(609),Equally minority/nonminority,Grants,0,0
Other services (except public administration)(609),Equally minority/nonminority,Other source(s) of capital,365,55437
Other services (except public administration)(609),Equally minority/nonminority,Don't know,909,121686
Other services (except public administration)(609),Equally minority/nonminority,None needed,1969,S
Other services (except public administration)(609),Equally minority/nonminority,Total reporting,16640,2405652
Other services (except public administration)(609),Equally minority/nonminority,Item not reported,269,44129
Other services (except public administration)(609),"Equally minority/nonminority, female-owned",All firms,1480,183580
Other services (except public administration)(609),"Equally minority/nonminority, female-owned",Personal/family savings of owner(s),681,68537
Other services (except public administration)(609),"Equally minority/nonminority, female-owned",Personal/family assets other than savings of owner(s),129,S
Other services (except public administration)(609),"Equally minority/nonminority, female-owned",Personal/family home equity loan,23,S
Other services (except public administration)(609),"Equally minority/nonminority, female-owned",Personal credit card(s) carrying balances,265,22310
Other services (except public administration)(609),"Equally minority/nonminority, female-owned",Business credit card(s) carrying balances,0,0
Other services (except public administration)(609),"Equally minority/nonminority, female-owned","Business loan from federal, state, or local government",0,0
Other services (except public administration)(609),"Equally minority/nonminority, female-owned",Government-guaranteed business loan from a bank or financial institution,0,0
Other services (except public administration)(609),"Equally minority/nonminority, female-owned",Business loan from a bank or financial institution,136,25721
Other services (except public administration)(609),"Equally minority/nonminority, female-owned",Business loan/investment from family/friends,34,S
Other services (except public administration)(609),"Equally minority/nonminority, female-owned",Investment by venture capitalist(s),2,S
Other services (except public administration)(609),"Equally minority/nonminority, female-owned",Grants,0,0
Other services (except public administration)(609),"Equally minority/nonminority, female-owned",Other source(s) of capital,64,S
Other services (except public administration)(609),"Equally minority/nonminority, female-owned",Don't know,184,S
Other services (except public administration)(609),"Equally minority/nonminority, female-owned",None needed,69,S
Other services (except public administration)(609),"Equally minority/nonminority, female-owned",Total reporting,1315,133018
Other services (except public administration)(609),"Equally minority/nonminority, female-owned",Item not reported,0,0
Other services (except public administration)(609),"Equally minority/nonminority, male-owned",All firms,2723,859973
Other services (except public administration)(609),"Equally minority/nonminority, male-owned",Personal/family savings of owner(s),1424,433584
Other services (except public administration)(609),"Equally minority/nonminority, male-owned",Personal/family assets other than savings of owner(s),172,S
Other services (except public administration)(609),"Equally minority/nonminority, male-owned",Personal/family home equity loan,187,S
Other services (except public administration)(609),"Equally minority/nonminority, male-owned",Personal credit card(s) carrying balances,198,61618
Other services (except public administration)(609),"Equally minority/nonminority, male-owned",Business credit card(s) carrying balances,79,15851
Other services (except public administration)(609),"Equally minority/nonminority, male-owned","Business loan from federal, state, or local government",0,0
Other services (except public administration)(609),"Equally minority/nonminority, male-owned",Government-guaranteed business loan from a bank or financial institution,54,S
Other services (except public administration)(609),"Equally minority/nonminority, male-owned",Business loan from a bank or financial institution,262,203061
Other services (except public administration)(609),"Equally minority/nonminority, male-owned",Business loan/investment from family/friends,115,S
Other services (except public administration)(609),"Equally minority/nonminority, male-owned",Investment by venture capitalist(s),7,S
Other services (except public administration)(609),"Equally minority/nonminority, male-owned",Grants,0,0
Other services (except public administration)(609),"Equally minority/nonminority, male-owned",Other source(s) of capital,10,S
Other services (except public administration)(609),"Equally minority/nonminority, male-owned",Don't know,244,S
Other services (except public administration)(609),"Equally minority/nonminority, male-owned",None needed,275,S
Other services (except public administration)(609),"Equally minority/nonminority, male-owned",Total reporting,2339,767570
Other services (except public administration)(609),"Equally minority/nonminority, male-owned",Item not reported,61,S
Other services (except public administration)(609),"Equally minority/nonminority, equally male-/female-owned",All firms,17612,2057839
Other services (except public administration)(609),"Equally minority/nonminority, equally male-/female-owned",Personal/family savings of owner(s),8487,1021366
Other services (except public administration)(609),"Equally minority/nonminority, equally male-/female-owned",Personal/family assets other than savings of owner(s),1019,152914
Other services (except public administration)(609),"Equally minority/nonminority, equally male-/female-owned",Personal/family home equity loan,1036,234659
Other services (except public administration)(609),"Equally minority/nonminority, equally male-/female-owned",Personal credit card(s) carrying balances,2092,235564
Other services (except public administration)(609),"Equally minority/nonminority, equally male-/female-owned",Business credit card(s) carrying balances,751,93973
Other services (except public administration)(609),"Equally minority/nonminority, equally male-/female-owned","Business loan from federal, state, or local government",0,0
Other services (except public administration)(609),"Equally minority/nonminority, equally male-/female-owned",Government-guaranteed business loan from a bank or financial institution,151,S
Other services (except public administration)(609),"Equally minority/nonminority, equally male-/female-owned",Business loan from a bank or financial institution,1374,259315
Other services (except public administration)(609),"Equally minority/nonminority, equally male-/female-owned",Business loan/investment from family/friends,803,97618
Other services (except public administration)(609),"Equally minority/nonminority, equally male-/female-owned",Investment by venture capitalist(s),2,S
Other services (except public administration)(609),"Equally minority/nonminority, equally male-/female-owned",Grants,0,0
Other services (except public administration)(609),"Equally minority/nonminority, equally male-/female-owned",Other source(s) of capital,291,40015
Other services (except public administration)(609),"Equally minority/nonminority, equally male-/female-owned",Don't know,481,88642
Other services (except public administration)(609),"Equally minority/nonminority, equally male-/female-owned",None needed,1626,58155
Other services (except public administration)(609),"Equally minority/nonminority, equally male-/female-owned",Total reporting,12986,1505064
Other services (except public administration)(609),"Equally minority/nonminority, equally male-/female-owned",Item not reported,208,S
Other services (except public administration)(609),Nonminority,All firms,2006422,207274167
Other services (except public administration)(609),Nonminority,Personal/family savings of owner(s),747558,83523006
Other services (except public administration)(609),Nonminority,Personal/family assets other than savings of owner(s),71996,13566718
Other services (except public administration)(609),Nonminority,Personal/family home equity loan,46532,10485766
Other services (except public administration)(609),Nonminority,Personal credit card(s) carrying balances,109148,10703330
Other services (except public administration)(609),Nonminority,Business credit card(s) carrying balances,30273,4593467
Other services (except public administration)(609),Nonminority,"Business loan from federal, state, or local government",2031,685954
Other services (except public administration)(609),Nonminority,Government-guaranteed business loan from a bank or financial institution,8236,4171350
Other services (except public administration)(609),Nonminority,Business loan from a bank or financial institution,98465,29674607
Other services (except public administration)(609),Nonminority,Business loan/investment from family/friends,26620,7396062
Other services (except public administration)(609),Nonminority,Investment by venture capitalist(s),1396,493128
Other services (except public administration)(609),Nonminority,Grants,2012,392290
Other services (except public administration)(609),Nonminority,Other source(s) of capital,21617,4758256
Other services (except public administration)(609),Nonminority,Don't know,84779,27486540
Other services (except public administration)(609),Nonminority,None needed,364036,12205528
Other services (except public administration)(609),Nonminority,Total reporting,1359419(r),150941063(r)
Other services (except public administration)(609),Nonminority,Item not reported,43769(r),1911166(r)
Other services (except public administration)(609),"Nonminority, female-owned",All firms,914951,38661947
Other services (except public administration)(609),"Nonminority, female-owned",Personal/family savings of owner(s),319558,15522801
Other services (except public administration)(609),"Nonminority, female-owned",Personal/family assets other than savings of owner(s),22958,1958536
Other services (except public administration)(609),"Nonminority, female-owned",Personal/family home equity loan,15793,1858779
Other services (except public administration)(609),"Nonminority, female-owned",Personal credit card(s) carrying balances,49166,2517543
Other services (except public administration)(609),"Nonminority, female-owned",Business credit card(s) carrying balances,12495,865456
Other services (except public administration)(609),"Nonminority, female-owned","Business loan from federal, state, or local government",713,S
Other services (except public administration)(609),"Nonminority, female-owned",Government-guaranteed business loan from a bank or financial institution,2048,651812
Other services (except public administration)(609),"Nonminority, female-owned",Business loan from a bank or financial institution,29993,4119409
Other services (except public administration)(609),"Nonminority, female-owned",Business loan/investment from family/friends,8587,1044192
Other services (except public administration)(609),"Nonminority, female-owned",Investment by venture capitalist(s),296,25679
Other services (except public administration)(609),"Nonminority, female-owned",Grants,1292,S
Other services (except public administration)(609),"Nonminority, female-owned",Other source(s) of capital,6551,474007
Other services (except public administration)(609),"Nonminority, female-owned",Don't know,35482,2592603
Other services (except public administration)(609),"Nonminority, female-owned",None needed,201576,3950379
Other services (except public administration)(609),"Nonminority, female-owned",Total reporting,621709(r),26842166(r)
Other services (except public administration)(609),"Nonminority, female-owned",Item not reported,21526(r),541360(r)
Other services (except public administration)(609),"Nonminority, male-owned",All firms,931734,139077443
Other services (except public administration)(609),"Nonminority, male-owned",Personal/family savings of owner(s),345406,53995751
Other services (except public administration)(609),"Nonminority, male-owned",Personal/family assets other than savings of owner(s),36996,8667281
Other services (except public administration)(609),"Nonminority, male-owned",Personal/family home equity loan,19267,5693289
Other services (except public administration)(609),"Nonminority, male-owned",Personal credit card(s) carrying balances,46477,6275697
Other services (except public administration)(609),"Nonminority, male-owned",Business credit card(s) carrying balances,13162,2710827
Other services (except public administration)(609),"Nonminority, male-owned","Business loan from federal, state, or local government",696,294647
Other services (except public administration)(609),"Nonminority, male-owned",Government-guaranteed business loan from a bank or financial institution,3855,2246118
Other services (except public administration)(609),"Nonminority, male-owned",Business loan from a bank or financial institution,47038,18925722
Other services (except public administration)(609),"Nonminority, male-owned",Business loan/investment from family/friends,13127,4965583
Other services (except public administration)(609),"Nonminority, male-owned",Investment by venture capitalist(s),869,394341
Other services (except public administration)(609),"Nonminority, male-owned",Grants,564,241500
Other services (except public administration)(609),"Nonminority, male-owned",Other source(s) of capital,11571,3667982
Other services (except public administration)(609),"Nonminority, male-owned",Don't know,43037,22808655
Other services (except public administration)(609),"Nonminority, male-owned",None needed,148592,7378844
Other services (except public administration)(609),"Nonminority, male-owned",Total reporting,608771(r),101522093(r)
Other services (except public administration)(609),"Nonminority, male-owned",Item not reported,20792(r),1238356(r)
Other services (except public administration)(609),"Nonminority, equally male-/female-owned",All firms,159736,29534777
Other services (except public administration)(609),"Nonminority, equally male-/female-owned",Personal/family savings of owner(s),82593,14004453
Other services (except public administration)(609),"Nonminority, equally male-/female-owned",Personal/family assets other than savings of owner(s),12042,2940900
Other services (except public administration)(609),"Nonminority, equally male-/female-owned",Personal/family home equity loan,11473,2933698
Other services (except public administration)(609),"Nonminority, equally male-/female-owned",Personal credit card(s) carrying balances,13505,1910090
Other services (except public administration)(609),"Nonminority, equally male-/female-owned",Business credit card(s) carrying balances,4616,1017183
Other services (except public administration)(609),"Nonminority, equally male-/female-owned","Business loan from federal, state, or local government",622,182678
Other services (except public administration)(609),"Nonminority, equally male-/female-owned",Government-guaranteed business loan from a bank or financial institution,2333,1273419
Other services (except public administration)(609),"Nonminority, equally male-/female-owned",Business loan from a bank or financial institution,21433,6629476
Other services (except public administration)(609),"Nonminority, equally male-/female-owned",Business loan/investment from family/friends,4906,1386286
Other services (except public administration)(609),"Nonminority, equally male-/female-owned",Investment by venture capitalist(s),231,S
Other services (except public administration)(609),"Nonminority, equally male-/female-owned",Grants,156,S
Other services (except public administration)(609),"Nonminority, equally male-/female-owned",Other source(s) of capital,3494,616268
Other services (except public administration)(609),"Nonminority, equally male-/female-owned",Don't know,6260,2085282
Other services (except public administration)(609),"Nonminority, equally male-/female-owned",None needed,13868,876304
Other services (except public administration)(609),"Nonminority, equally male-/female-owned",Total reporting,128938(r),22576804(r)
Other services (except public administration)(609),"Nonminority, equally male-/female-owned",Item not reported,1451(r),131449(r)
Other services (except public administration)(609),Veteran,All firms,297026,21703976
Other services (except public administration)(609),Veteran,Personal/family savings of owner(s),79235,8107040
Other services (except public administration)(609),Veteran,Personal/family assets other than savings of owner(s),8479,961769
Other services (except public administration)(609),Veteran,Personal/family home equity loan,2962,652963
Other services (except public administration)(609),Veteran,Personal credit card(s) carrying balances,10636,908948
Other services (except public administration)(609),Veteran,Business credit card(s) carrying balances,2857,451116
Other services (except public administration)(609),Veteran,"Business loan from federal, state, or local government",144,S
Other services (except public administration)(609),Veteran,Government-guaranteed business loan from a bank or financial institution,982,551897
Other services (except public administration)(609),Veteran,Business loan from a bank or financial institution,8602,2327040
Other services (except public administration)(609),Veteran,Business loan/investment from family/friends,1989,674409
Other services (except public administration)(609),Veteran,Investment by venture capitalist(s),7,S
Other services (except public administration)(609),Veteran,Grants,10,S
Other services (except public administration)(609),Veteran,Other source(s) of capital,2884,510251
Other services (except public administration)(609),Veteran,Don't know,7204,2619945
Other services (except public administration)(609),Veteran,None needed,35095,1212621
Other services (except public administration)(609),Veteran,Total reporting,138262(r),14569789(r)
Other services (except public administration)(609),Veteran,Item not reported,8430(r),279494(r)
Other services (except public administration)(609),"Veteran, female-owned",All firms,84596,1438924
Other services (except public administration)(609),"Veteran, female-owned",Personal/family savings of owner(s),5512,256827
Other services (except public administration)(609),"Veteran, female-owned",Personal/family assets other than savings of owner(s),164,S
Other services (except public administration)(609),"Veteran, female-owned",Personal/family home equity loan,21,S
Other services (except public administration)(609),"Veteran, female-owned",Personal credit card(s) carrying balances,928,18272
Other services (except public administration)(609),"Veteran, female-owned",Business credit card(s) carrying balances,256,S
Other services (except public administration)(609),"Veteran, female-owned","Business loan from federal, state, or local government",0,0
Other services (except public administration)(609),"Veteran, female-owned",Government-guaranteed business loan from a bank or financial institution,30,S
Other services (except public administration)(609),"Veteran, female-owned",Business loan from a bank or financial institution,276,S
Other services (except public administration)(609),"Veteran, female-owned",Business loan/investment from family/friends,61,S
Other services (except public administration)(609),"Veteran, female-owned",Investment by venture capitalist(s),0,0
Other services (except public administration)(609),"Veteran, female-owned",Grants,2,S
Other services (except public administration)(609),"Veteran, female-owned",Other source(s) of capital,181,S
Other services (except public administration)(609),"Veteran, female-owned",Don't know,610,21032
Other services (except public administration)(609),"Veteran, female-owned",None needed,3010,74628
Other services (except public administration)(609),"Veteran, female-owned",Total reporting,10020(r),382642(r)
Other services (except public administration)(609),"Veteran, female-owned",Item not reported,1235(r),S
Other services (except public administration)(609),"Veteran, male-owned",All firms,211408,20141812
Other services (except public administration)(609),"Veteran, male-owned",Personal/family savings of owner(s),73408,7816797
Other services (except public administration)(609),"Veteran, male-owned",Personal/family assets other than savings of owner(s),8196,927227
Other services (except public administration)(609),"Veteran, male-owned",Personal/family home equity loan,2880,640498
Other services (except public administration)(609),"Veteran, male-owned",Personal credit card(s) carrying balances,9561,862394
Other services (except public administration)(609),"Veteran, male-owned",Business credit card(s) carrying balances,2540,427920
Other services (except public administration)(609),"Veteran, male-owned","Business loan from federal, state, or local government",144,S
Other services (except public administration)(609),"Veteran, male-owned",Government-guaranteed business loan from a bank or financial institution,943,533657
Other services (except public administration)(609),"Veteran, male-owned",Business loan from a bank or financial institution,8262,2288726
Other services (except public administration)(609),"Veteran, male-owned",Business loan/investment from family/friends,1927,674102
Other services (except public administration)(609),"Veteran, male-owned",Investment by venture capitalist(s),7,S
Other services (except public administration)(609),"Veteran, male-owned",Grants,8,S
Other services (except public administration)(609),"Veteran, male-owned",Other source(s) of capital,2664,506491
Other services (except public administration)(609),"Veteran, male-owned",Don't know,6594,2598913
Other services (except public administration)(609),"Veteran, male-owned",None needed,32063,1137678
Other services (except public administration)(609),"Veteran, male-owned",Total reporting,127820(r),14131250(r)
Other services (except public administration)(609),"Veteran, male-owned",Item not reported,7185(r),237645(r)
Other services (except public administration)(609),"Veteran, equally male-/female-owned",All firms,1022,123239
Other services (except public administration)(609),"Veteran, equally male-/female-owned",Personal/family savings of owner(s),315,33415
Other services (except public administration)(609),"Veteran, equally male-/female-owned",Personal/family assets other than savings of owner(s),119,S
Other services (except public administration)(609),"Veteran, equally male-/female-owned",Personal/family home equity loan,61,S
Other services (except public administration)(609),"Veteran, equally male-/female-owned",Personal credit card(s) carrying balances,147,S
Other services (except public administration)(609),"Veteran, equally male-/female-owned",Business credit card(s) carrying balances,61,S
Other services (except public administration)(609),"Veteran, equally male-/female-owned","Business loan from federal, state, or local government",0,0
Other services (except public administration)(609),"Veteran, equally male-/female-owned",Government-guaranteed business loan from a bank or financial institution,9,S
Other services (except public administration)(609),"Veteran, equally male-/female-owned",Business loan from a bank or financial institution,63,S
Other services (except public administration)(609),"Veteran, equally male-/female-owned",Business loan/investment from family/friends,0,0
Other services (except public administration)(609),"Veteran, equally male-/female-owned",Investment by venture capitalist(s),0,0
Other services (except public administration)(609),"Veteran, equally male-/female-owned",Grants,0,0
Other services (except public administration)(609),"Veteran, equally male-/female-owned",Other source(s) of capital,39,S
Other services (except public administration)(609),"Veteran, equally male-/female-owned",Don't know,0,0
Other services (except public administration)(609),"Veteran, equally male-/female-owned",None needed,23,S
Other services (except public administration)(609),"Veteran, equally male-/female-owned",Total reporting,421,55896
Other services (except public administration)(609),"Veteran, equally male-/female-owned",Item not reported,11,S
Other services (except public administration)(609),"Veteran, Hispanic",All firms,26654,901628
Other services (except public administration)(609),"Veteran, Hispanic",Personal/family savings of owner(s),3955,273424
Other services (except public administration)(609),"Veteran, Hispanic",Personal/family assets other than savings of owner(s),131,10701
Other services (except public administration)(609),"Veteran, Hispanic",Personal/family home equity loan,99,S
Other services (except public administration)(609),"Veteran, Hispanic",Personal credit card(s) carrying balances,979,32594
Other services (except public administration)(609),"Veteran, Hispanic",Business credit card(s) carrying balances,103,S
Other services (except public administration)(609),"Veteran, Hispanic","Business loan from federal, state, or local government",0,0
Other services (except public administration)(609),"Veteran, Hispanic",Government-guaranteed business loan from a bank or financial institution,0,0
Other services (except public administration)(609),"Veteran, Hispanic",Business loan from a bank or financial institution,146,42260
Other services (except public administration)(609),"Veteran, Hispanic",Business loan/investment from family/friends,132,S
Other services (except public administration)(609),"Veteran, Hispanic",Investment by venture capitalist(s),0,0
Other services (except public administration)(609),"Veteran, Hispanic",Grants,0,0
Other services (except public administration)(609),"Veteran, Hispanic",Other source(s) of capital,292,S
Other services (except public administration)(609),"Veteran, Hispanic",Don't know,515,S
Other services (except public administration)(609),"Veteran, Hispanic",None needed,1435,26837
Other services (except public administration)(609),"Veteran, Hispanic",Total reporting,6534(r),579998(r)
Other services (except public administration)(609),"Veteran, Hispanic",Item not reported,583(r),10320(r)
Other services (except public administration)(609),"Veteran, equally Hispanic/non-Hispanic",All firms,91,12043
Other services (except public administration)(609),"Veteran, equally Hispanic/non-Hispanic",Personal/family savings of owner(s),14,S
Other services (except public administration)(609),"Veteran, equally Hispanic/non-Hispanic",Personal/family assets other than savings of owner(s),0,0
Other services (except public administration)(609),"Veteran, equally Hispanic/non-Hispanic",Personal/family home equity loan,0,0
Other services (except public administration)(609),"Veteran, equally Hispanic/non-Hispanic",Personal credit card(s) carrying balances,0,0
Other services (except public administration)(609),"Veteran, equally Hispanic/non-Hispanic",Business credit card(s) carrying balances,0,0
Other services (except public administration)(609),"Veteran, equally Hispanic/non-Hispanic","Business loan from federal, state, or local government",0,0
Other services (except public administration)(609),"Veteran, equally Hispanic/non-Hispanic",Government-guaranteed business loan from a bank or financial institution,0,0
Other services (except public administration)(609),"Veteran, equally Hispanic/non-Hispanic",Business loan from a bank or financial institution,0,0
Other services (except public administration)(609),"Veteran, equally Hispanic/non-Hispanic",Business loan/investment from family/friends,0,0
Other services (except public administration)(609),"Veteran, equally Hispanic/non-Hispanic",Investment by venture capitalist(s),0,0
Other services (except public administration)(609),"Veteran, equally Hispanic/non-Hispanic",Grants,0,0
Other services (except public administration)(609),"Veteran, equally Hispanic/non-Hispanic",Other source(s) of capital,0,0
Other services (except public administration)(609),"Veteran, equally Hispanic/non-Hispanic",Don't know,0,0
Other services (except public administration)(609),"Veteran, equally Hispanic/non-Hispanic",None needed,14,S
Other services (except public administration)(609),"Veteran, equally Hispanic/non-Hispanic",Total reporting,29,S
Other services (except public administration)(609),"Veteran, equally Hispanic/non-Hispanic",Item not reported,0,0
Other services (except public administration)(609),"Veteran, non-Hispanic",All firms,270282,20790304
Other services (except public administration)(609),"Veteran, non-Hispanic",Personal/family savings of owner(s),75266,7827720
Other services (except public administration)(609),"Veteran, non-Hispanic",Personal/family assets other than savings of owner(s),8347,951067
Other services (except public administration)(609),"Veteran, non-Hispanic",Personal/family home equity loan,2863,617206
Other services (except public administration)(609),"Veteran, non-Hispanic",Personal credit card(s) carrying balances,9658,876354
Other services (except public administration)(609),"Veteran, non-Hispanic",Business credit card(s) carrying balances,2754,431756
Other services (except public administration)(609),"Veteran, non-Hispanic","Business loan from federal, state, or local government",144,S
Other services (except public administration)(609),"Veteran, non-Hispanic",Government-guaranteed business loan from a bank or financial institution,982,551897
Other services (except public administration)(609),"Veteran, non-Hispanic",Business loan from a bank or financial institution,8455,2284780
Other services (except public administration)(609),"Veteran, non-Hispanic",Business loan/investment from family/friends,1857,662955
Other services (except public administration)(609),"Veteran, non-Hispanic",Investment by venture capitalist(s),7,S
Other services (except public administration)(609),"Veteran, non-Hispanic",Grants,10,S
Other services (except public administration)(609),"Veteran, non-Hispanic",Other source(s) of capital,2592,503611
Other services (except public administration)(609),"Veteran, non-Hispanic",Don't know,6689,2392581
Other services (except public administration)(609),"Veteran, non-Hispanic",None needed,33646,1185698
Other services (except public administration)(609),"Veteran, non-Hispanic",Total reporting,131699(r),13983811(r)
Other services (except public administration)(609),"Veteran, non-Hispanic",Item not reported,7847(r),269174(r)
Other services (except public administration)(609),"Veteran, White",All firms,213610,19782195
Other services (except public administration)(609),"Veteran, White",Personal/family savings of owner(s),71484,7635332
Other services (except public administration)(609),"Veteran, White",Personal/family assets other than savings of owner(s),7573,890568
Other services (except public administration)(609),"Veteran, White",Personal/family home equity loan,2723,594207
Other services (except public administration)(609),"Veteran, White",Personal credit card(s) carrying balances,9580,864785
Other services (except public administration)(609),"Veteran, White",Business credit card(s) carrying balances,2558,439790
Other services (except public administration)(609),"Veteran, White","Business loan from federal, state, or local government",70,S
Other services (except public administration)(609),"Veteran, White",Government-guaranteed business loan from a bank or financial institution,726,387634
Other services (except public administration)(609),"Veteran, White",Business loan from a bank or financial institution,8013,2249239
Other services (except public administration)(609),"Veteran, White",Business loan/investment from family/friends,1778,662819
Other services (except public administration)(609),"Veteran, White",Investment by venture capitalist(s),7,S
Other services (except public administration)(609),"Veteran, White",Grants,10,S
Other services (except public administration)(609),"Veteran, White",Other source(s) of capital,2637,504886
Other services (except public administration)(609),"Veteran, White",Don't know,5957,2524391
Other services (except public administration)(609),"Veteran, White",None needed,31798,1151183
Other services (except public administration)(609),"Veteran, White",Total reporting,124430(r),13807296(r)
Other services (except public administration)(609),"Veteran, White",Item not reported,6262(r),201854(r)
Other services (except public administration)(609),"Veteran, Black or African American",All firms,65407,1129509
Other services (except public administration)(609),"Veteran, Black or African American",Personal/family savings of owner(s),5946,207035
Other services (except public administration)(609),"Veteran, Black or African American",Personal/family assets other than savings of owner(s),706,46174
Other services (except public administration)(609),"Veteran, Black or African American",Personal/family home equity loan,108,S
Other services (except public administration)(609),"Veteran, Black or African American",Personal credit card(s) carrying balances,962,27431
Other services (except public administration)(609),"Veteran, Black or African American",Business credit card(s) carrying balances,280,6979
Other services (except public administration)(609),"Veteran, Black or African American","Business loan from federal, state, or local government",73,S
Other services (except public administration)(609),"Veteran, Black or African American",Government-guaranteed business loan from a bank or financial institution,202,S
Other services (except public administration)(609),"Veteran, Black or African American",Business loan from a bank or financial institution,459,64871
Other services (except public administration)(609),"Veteran, Black or African American",Business loan/investment from family/friends,187,S
Other services (except public administration)(609),"Veteran, Black or African American",Investment by venture capitalist(s),0,0
Other services (except public administration)(609),"Veteran, Black or African American",Grants,0,0
Other services (except public administration)(609),"Veteran, Black or African American",Other source(s) of capital,209,4689
Other services (except public administration)(609),"Veteran, Black or African American",Don't know,531,24749
Other services (except public administration)(609),"Veteran, Black or African American",None needed,2111,35937
Other services (except public administration)(609),"Veteran, Black or African American",Total reporting,9778(r),382021(r)
Other services (except public administration)(609),"Veteran, Black or African American",Item not reported,1564(r),22570(r)
Other services (except public administration)(609),"Veteran, American Indian and Alaska Native",All firms,4686,309660
Other services (except public administration)(609),"Veteran, American Indian and Alaska Native",Personal/family savings of owner(s),1183,S
Other services (except public administration)(609),"Veteran, American Indian and Alaska Native",Personal/family assets other than savings of owner(s),176,S
Other services (except public administration)(609),"Veteran, American Indian and Alaska Native",Personal/family home equity loan,81,S
Other services (except public administration)(609),"Veteran, American Indian and Alaska Native",Personal credit card(s) carrying balances,231,16960
Other services (except public administration)(609),"Veteran, American Indian and Alaska Native",Business credit card(s) carrying balances,8,S
Other services (except public administration)(609),"Veteran, American Indian and Alaska Native","Business loan from federal, state, or local government",0,0
Other services (except public administration)(609),"Veteran, American Indian and Alaska Native",Government-guaranteed business loan from a bank or financial institution,49,S
Other services (except public administration)(609),"Veteran, American Indian and Alaska Native",Business loan from a bank or financial institution,28,10723
Other services (except public administration)(609),"Veteran, American Indian and Alaska Native",Business loan/investment from family/friends,4,S
Other services (except public administration)(609),"Veteran, American Indian and Alaska Native",Investment by venture capitalist(s),0,0
Other services (except public administration)(609),"Veteran, American Indian and Alaska Native",Grants,0,0
Other services (except public administration)(609),"Veteran, American Indian and Alaska Native",Other source(s) of capital,29,S
Other services (except public administration)(609),"Veteran, American Indian and Alaska Native",Don't know,95,S
Other services (except public administration)(609),"Veteran, American Indian and Alaska Native",None needed,501,7539
Other services (except public administration)(609),"Veteran, American Indian and Alaska Native",Total reporting,1975(r),225668(r)
Other services (except public administration)(609),"Veteran, American Indian and Alaska Native",Item not reported,283(r),S
Other services (except public administration)(609),"Veteran, Asian",All firms,9370,406173
Other services (except public administration)(609),"Veteran, Asian",Personal/family savings of owner(s),1261,90619
Other services (except public administration)(609),"Veteran, Asian",Personal/family assets other than savings of owner(s),99,20191
Other services (except public administration)(609),"Veteran, Asian",Personal/family home equity loan,23,S
Other services (except public administration)(609),"Veteran, Asian",Personal credit card(s) carrying balances,272,12391
Other services (except public administration)(609),"Veteran, Asian",Business credit card(s) carrying balances,13,2628
Other services (except public administration)(609),"Veteran, Asian","Business loan from federal, state, or local government",0,0
Other services (except public administration)(609),"Veteran, Asian",Government-guaranteed business loan from a bank or financial institution,6,S
Other services (except public administration)(609),"Veteran, Asian",Business loan from a bank or financial institution,152,S
Other services (except public administration)(609),"Veteran, Asian",Business loan/investment from family/friends,17,S
Other services (except public administration)(609),"Veteran, Asian",Investment by venture capitalist(s),0,0
Other services (except public administration)(609),"Veteran, Asian",Grants,0,0
Other services (except public administration)(609),"Veteran, Asian",Other source(s) of capital,0,0
Other services (except public administration)(609),"Veteran, Asian",Don't know,437,S
Other services (except public administration)(609),"Veteran, Asian",None needed,1065,22195
Other services (except public administration)(609),"Veteran, Asian",Total reporting,3019(r),173163(r)
Other services (except public administration)(609),"Veteran, Asian",Item not reported,319(r),S
Other services (except public administration)(609),"Veteran, Native Hawaiian and Other Pacific Islander",All firms,1175,27396
Other services (except public administration)(609),"Veteran, Native Hawaiian and Other Pacific Islander",Personal/family savings of owner(s),164,8956
Other services (except public administration)(609),"Veteran, Native Hawaiian and Other Pacific Islander",Personal/family assets other than savings of owner(s),14,S
Other services (except public administration)(609),"Veteran, Native Hawaiian and Other Pacific Islander",Personal/family home equity loan,0,0
Other services (except public administration)(609),"Veteran, Native Hawaiian and Other Pacific Islander",Personal credit card(s) carrying balances,73,S
Other services (except public administration)(609),"Veteran, Native Hawaiian and Other Pacific Islander",Business credit card(s) carrying balances,2,S
Other services (except public administration)(609),"Veteran, Native Hawaiian and Other Pacific Islander","Business loan from federal, state, or local government",0,0
Other services (except public administration)(609),"Veteran, Native Hawaiian and Other Pacific Islander",Government-guaranteed business loan from a bank or financial institution,0,0
Other services (except public administration)(609),"Veteran, Native Hawaiian and Other Pacific Islander",Business loan from a bank or financial institution,33,S
Other services (except public administration)(609),"Veteran, Native Hawaiian and Other Pacific Islander",Business loan/investment from family/friends,2,S
Other services (except public administration)(609),"Veteran, Native Hawaiian and Other Pacific Islander",Investment by venture capitalist(s),0,0
Other services (except public administration)(609),"Veteran, Native Hawaiian and Other Pacific Islander",Grants,0,0
Other services (except public administration)(609),"Veteran, Native Hawaiian and Other Pacific Islander",Other source(s) of capital,62,S
Other services (except public administration)(609),"Veteran, Native Hawaiian and Other Pacific Islander",Don't know,0,0
Other services (except public administration)(609),"Veteran, Native Hawaiian and Other Pacific Islander",None needed,135,S
Other services (except public administration)(609),"Veteran, Native Hawaiian and Other Pacific Islander",Total reporting,468,11966
Other services (except public administration)(609),"Veteran, Native Hawaiian and Other Pacific Islander",Item not reported,0,0
Other services (except public administration)(609),"Veteran, some other race",All firms,9917,250733
Other services (except public administration)(609),"Veteran, some other race",Personal/family savings of owner(s),738,46864
Other services (except public administration)(609),"Veteran, some other race",Personal/family assets other than savings of owner(s),79,S
Other services (except public administration)(609),"Veteran, some other race",Personal/family home equity loan,46,S
Other services (except public administration)(609),"Veteran, some other race",Personal credit card(s) carrying balances,162,S
Other services (except public administration)(609),"Veteran, some other race",Business credit card(s) carrying balances,0,0
Other services (except public administration)(609),"Veteran, some other race","Business loan from federal, state, or local government",0,0
Other services (except public administration)(609),"Veteran, some other race",Government-guaranteed business loan from a bank or financial institution,0,0
Other services (except public administration)(609),"Veteran, some other race",Business loan from a bank or financial institution,2,S
Other services (except public administration)(609),"Veteran, some other race",Business loan/investment from family/friends,7,S
Other services (except public administration)(609),"Veteran, some other race",Investment by venture capitalist(s),0,0
Other services (except public administration)(609),"Veteran, some other race",Grants,0,0
Other services (except public administration)(609),"Veteran, some other race",Other source(s) of capital,9,S
Other services (except public administration)(609),"Veteran, some other race",Don't know,184,S
Other services (except public administration)(609),"Veteran, some other race",None needed,314,8187
Other services (except public administration)(609),"Veteran, some other race",Total reporting,1353,66197
Other services (except public administration)(609),"Veteran, some other race",Item not reported,172,S
Other services (except public administration)(609),"Veteran, minority",All firms,103410,2692033
Other services (except public administration)(609),"Veteran, minority",Personal/family savings of owner(s),11845,729047
Other services (except public administration)(609),"Veteran, minority",Personal/family assets other than savings of owner(s),1126,94864
Other services (except public administration)(609),"Veteran, minority",Personal/family home equity loan,298,S
Other services (except public administration)(609),"Veteran, minority",Personal credit card(s) carrying balances,2057,72476
Other services (except public administration)(609),"Veteran, minority",Business credit card(s) carrying balances,402,30235
Other services (except public administration)(609),"Veteran, minority","Business loan from federal, state, or local government",73,S
Other services (except public administration)(609),"Veteran, minority",Government-guaranteed business loan from a bank or financial institution,258,S
Other services (except public administration)(609),"Veteran, minority",Business loan from a bank or financial institution,817,129633
Other services (except public administration)(609),"Veteran, minority",Business loan/investment from family/friends,340,22047
Other services (except public administration)(609),"Veteran, minority",Investment by venture capitalist(s),0,0
Other services (except public administration)(609),"Veteran, minority",Grants,0,0
Other services (except public administration)(609),"Veteran, minority",Other source(s) of capital,525,11906
Other services (except public administration)(609),"Veteran, minority",Don't know,1579,318101
Other services (except public administration)(609),"Veteran, minority",None needed,5122,92198
Other services (except public administration)(609),"Veteran, minority",Total reporting,20794(r),1330941(r)
Other services (except public administration)(609),"Veteran, minority",Item not reported,2626(r),84512(r)
Other services (except public administration)(609),"Veteran, equally minority/nonminority",All firms,133,22572
Other services (except public administration)(609),"Veteran, equally minority/nonminority",Personal/family savings of owner(s),83,S
Other services (except public administration)(609),"Veteran, equally minority/nonminority",Personal/family assets other than savings of owner(s),0,0
Other services (except public administration)(609),"Veteran, equally minority/nonminority",Personal/family home equity loan,0,0
Other services (except public administration)(609),"Veteran, equally minority/nonminority",Personal credit card(s) carrying balances,0,0
Other services (except public administration)(609),"Veteran, equally minority/nonminority",Business credit card(s) carrying balances,2,S
Other services (except public administration)(609),"Veteran, equally minority/nonminority","Business loan from federal, state, or local government",0,0
Other services (except public administration)(609),"Veteran, equally minority/nonminority",Government-guaranteed business loan from a bank or financial institution,0,0
Other services (except public administration)(609),"Veteran, equally minority/nonminority",Business loan from a bank or financial institution,0,0
Other services (except public administration)(609),"Veteran, equally minority/nonminority",Business loan/investment from family/friends,0,0
Other services (except public administration)(609),"Veteran, equally minority/nonminority",Investment by venture capitalist(s),0,0
Other services (except public administration)(609),"Veteran, equally minority/nonminority",Grants,0,0
Other services (except public administration)(609),"Veteran, equally minority/nonminority",Other source(s) of capital,0,0
Other services (except public administration)(609),"Veteran, equally minority/nonminority",Don't know,0,0
Other services (except public administration)(609),"Veteran, equally minority/nonminority",None needed,0,0
Other services (except public administration)(609),"Veteran, equally minority/nonminority",Total reporting,85,S
Other services (except public administration)(609),"Veteran, equally minority/nonminority",Item not reported,0,0
Other services (except public administration)(609),"Veteran, nonminority",All firms,193483,18989371
Other services (except public administration)(609),"Veteran, nonminority",Personal/family savings of owner(s),67306,7365426
Other services (except public administration)(609),"Veteran, nonminority",Personal/family assets other than savings of owner(s),7353,866904
Other services (except public administration)(609),"Veteran, nonminority",Personal/family home equity loan,2664,561087
Other services (except public administration)(609),"Veteran, nonminority",Personal credit card(s) carrying balances,8580,836472
Other services (except public administration)(609),"Veteran, nonminority",Business credit card(s) carrying balances,2453,419362
Other services (except public administration)(609),"Veteran, nonminority","Business loan from federal, state, or local government",70,S
Other services (except public administration)(609),"Veteran, nonminority",Government-guaranteed business loan from a bank or financial institution,724,386566
Other services (except public administration)(609),"Veteran, nonminority",Business loan from a bank or financial institution,7785,2197408
Other services (except public administration)(609),"Veteran, nonminority",Business loan/investment from family/friends,1649,652363
Other services (except public administration)(609),"Veteran, nonminority",Investment by venture capitalist(s),7,S
Other services (except public administration)(609),"Veteran, nonminority",Grants,10,S
Other services (except public administration)(609),"Veteran, nonminority",Other source(s) of capital,2359,498346
Other services (except public administration)(609),"Veteran, nonminority",Don't know,5625,2301845
Other services (except public administration)(609),"Veteran, nonminority",None needed,29973,1120423
Other services (except public administration)(609),"Veteran, nonminority",Total reporting,117383(r),13224762(r)
Other services (except public administration)(609),"Veteran, nonminority",Item not reported,5803(r),194982(r)
Other services (except public administration)(609),Equally veteran/nonveteran,All firms,47750,8283629
Other services (except public administration)(609),Equally veteran/nonveteran,Personal/family savings of owner(s),25331,3928487
Other services (except public administration)(609),Equally veteran/nonveteran,Personal/family assets other than savings of owner(s),4012,675386
Other services (except public administration)(609),Equally veteran/nonveteran,Personal/family home equity loan,2933,614957
Other services (except public administration)(609),Equally veteran/nonveteran,Personal credit card(s) carrying balances,4309,534791
Other services (except public administration)(609),Equally veteran/nonveteran,Business credit card(s) carrying balances,1161,216781
Other services (except public administration)(609),Equally veteran/nonveteran,"Business loan from federal, state, or local government",221,37503
Other services (except public administration)(609),Equally veteran/nonveteran,Government-guaranteed business loan from a bank or financial institution,521,176041
Other services (except public administration)(609),Equally veteran/nonveteran,Business loan from a bank or financial institution,6716,1775258
Other services (except public administration)(609),Equally veteran/nonveteran,Business loan/investment from family/friends,1656,489510
Other services (except public administration)(609),Equally veteran/nonveteran,Investment by venture capitalist(s),116,16396
Other services (except public administration)(609),Equally veteran/nonveteran,Grants,96,S
Other services (except public administration)(609),Equally veteran/nonveteran,Other source(s) of capital,1255,145084
Other services (except public administration)(609),Equally veteran/nonveteran,Don't know,1690,469105
Other services (except public administration)(609),Equally veteran/nonveteran,None needed,4834,282486
Other services (except public administration)(609),Equally veteran/nonveteran,Total reporting,39981(r),6272411(r)
Other services (except public administration)(609),Equally veteran/nonveteran,Item not reported,693(r),S
Other services (except public administration)(609),"Equally veteran/nonveteran, female-owned",All firms,419,35792
Other services (except public administration)(609),"Equally veteran/nonveteran, female-owned",Personal/family savings of owner(s),83,S
Other services (except public administration)(609),"Equally veteran/nonveteran, female-owned",Personal/family assets other than savings of owner(s),2,S
Other services (except public administration)(609),"Equally veteran/nonveteran, female-owned",Personal/family home equity loan,0,0
Other services (except public administration)(609),"Equally veteran/nonveteran, female-owned",Personal credit card(s) carrying balances,61,S
Other services (except public administration)(609),"Equally veteran/nonveteran, female-owned",Business credit card(s) carrying balances,0,0
Other services (except public administration)(609),"Equally veteran/nonveteran, female-owned","Business loan from federal, state, or local government",14,S
Other services (except public administration)(609),"Equally veteran/nonveteran, female-owned",Government-guaranteed business loan from a bank or financial institution,0,0
Other services (except public administration)(609),"Equally veteran/nonveteran, female-owned",Business loan from a bank or financial institution,61,S
Other services (except public administration)(609),"Equally veteran/nonveteran, female-owned",Business loan/investment from family/friends,0,0
Other services (except public administration)(609),"Equally veteran/nonveteran, female-owned",Investment by venture capitalist(s),0,0
Other services (except public administration)(609),"Equally veteran/nonveteran, female-owned",Grants,0,0
Other services (except public administration)(609),"Equally veteran/nonveteran, female-owned",Other source(s) of capital,0,0
Other services (except public administration)(609),"Equally veteran/nonveteran, female-owned",Don't know,0,0
Other services (except public administration)(609),"Equally veteran/nonveteran, female-owned",None needed,0,0
Other services (except public administration)(609),"Equally veteran/nonveteran, female-owned",Total reporting,221,5142
Other services (except public administration)(609),"Equally veteran/nonveteran, female-owned",Item not reported,2,S
Other services (except public administration)(609),"Equally veteran/nonveteran, male-owned",All firms,6653,2481862
Other services (except public administration)(609),"Equally veteran/nonveteran, male-owned",Personal/family savings of owner(s),3378,1127916
Other services (except public administration)(609),"Equally veteran/nonveteran, male-owned",Personal/family assets other than savings of owner(s),825,165978
Other services (except public administration)(609),"Equally veteran/nonveteran, male-owned",Personal/family home equity loan,476,130861
Other services (except public administration)(609),"Equally veteran/nonveteran, male-owned",Personal credit card(s) carrying balances,431,177888
Other services (except public administration)(609),"Equally veteran/nonveteran, male-owned",Business credit card(s) carrying balances,198,50302
Other services (except public administration)(609),"Equally veteran/nonveteran, male-owned","Business loan from federal, state, or local government",10,S
Other services (except public administration)(609),"Equally veteran/nonveteran, male-owned",Government-guaranteed business loan from a bank or financial institution,12,12663
Other services (except public administration)(609),"Equally veteran/nonveteran, male-owned",Business loan from a bank or financial institution,1259,398986
Other services (except public administration)(609),"Equally veteran/nonveteran, male-owned",Business loan/investment from family/friends,227,114011
Other services (except public administration)(609),"Equally veteran/nonveteran, male-owned",Investment by venture capitalist(s),0,0
Other services (except public administration)(609),"Equally veteran/nonveteran, male-owned",Grants,0,0
Other services (except public administration)(609),"Equally veteran/nonveteran, male-owned",Other source(s) of capital,213,26598
Other services (except public administration)(609),"Equally veteran/nonveteran, male-owned",Don't know,256,120417
Other services (except public administration)(609),"Equally veteran/nonveteran, male-owned",None needed,398,114887
Other services (except public administration)(609),"Equally veteran/nonveteran, male-owned",Total reporting,5662(r),1810914(r)
Other services (except public administration)(609),"Equally veteran/nonveteran, male-owned",Item not reported,158(r),S
Other services (except public administration)(609),"Equally veteran/nonveteran, equally male-/female-owned",All firms,40678,5765975
Other services (except public administration)(609),"Equally veteran/nonveteran, equally male-/female-owned",Personal/family savings of owner(s),21870,2799372
Other services (except public administration)(609),"Equally veteran/nonveteran, equally male-/female-owned",Personal/family assets other than savings of owner(s),3184,508858
Other services (except public administration)(609),"Equally veteran/nonveteran, equally male-/female-owned",Personal/family home equity loan,2458,484097
Other services (except public administration)(609),"Equally veteran/nonveteran, equally male-/female-owned",Personal credit card(s) carrying balances,3817,355559
Other services (except public administration)(609),"Equally veteran/nonveteran, equally male-/female-owned",Business credit card(s) carrying balances,963,166479
Other services (except public administration)(609),"Equally veteran/nonveteran, equally male-/female-owned","Business loan from federal, state, or local government",197,S
Other services (except public administration)(609),"Equally veteran/nonveteran, equally male-/female-owned",Government-guaranteed business loan from a bank or financial institution,510,163378
Other services (except public administration)(609),"Equally veteran/nonveteran, equally male-/female-owned",Business loan from a bank or financial institution,5396,1375538
Other services (except public administration)(609),"Equally veteran/nonveteran, equally male-/female-owned",Business loan/investment from family/friends,1429,375499
Other services (except public administration)(609),"Equally veteran/nonveteran, equally male-/female-owned",Investment by venture capitalist(s),116,16396
Other services (except public administration)(609),"Equally veteran/nonveteran, equally male-/female-owned",Grants,96,S
Other services (except public administration)(609),"Equally veteran/nonveteran, equally male-/female-owned",Other source(s) of capital,1042,118486
Other services (except public administration)(609),"Equally veteran/nonveteran, equally male-/female-owned",Don't know,1434,348688
Other services (except public administration)(609),"Equally veteran/nonveteran, equally male-/female-owned",None needed,4435,167600
Other services (except public administration)(609),"Equally veteran/nonveteran, equally male-/female-owned",Total reporting,34099(r),4456355(r)
Other services (except public administration)(609),"Equally veteran/nonveteran, equally male-/female-owned",Item not reported,533(r),S
Other services (except public administration)(609),"Equally veteran/nonveteran, Hispanic",All firms,1327,145296
Other services (except public administration)(609),"Equally veteran/nonveteran, Hispanic",Personal/family savings of owner(s),591,39000
Other services (except public administration)(609),"Equally veteran/nonveteran, Hispanic",Personal/family assets other than savings of owner(s),2,S
Other services (except public administration)(609),"Equally veteran/nonveteran, Hispanic",Personal/family home equity loan,46,S
Other services (except public administration)(609),"Equally veteran/nonveteran, Hispanic",Personal credit card(s) carrying balances,28,S
Other services (except public administration)(609),"Equally veteran/nonveteran, Hispanic",Business credit card(s) carrying balances,7,S
Other services (except public administration)(609),"Equally veteran/nonveteran, Hispanic","Business loan from federal, state, or local government",0,0
Other services (except public administration)(609),"Equally veteran/nonveteran, Hispanic",Government-guaranteed business loan from a bank or financial institution,6,S
Other services (except public administration)(609),"Equally veteran/nonveteran, Hispanic",Business loan from a bank or financial institution,223,13552
Other services (except public administration)(609),"Equally veteran/nonveteran, Hispanic",Business loan/investment from family/friends,9,S
Other services (except public administration)(609),"Equally veteran/nonveteran, Hispanic",Investment by venture capitalist(s),0,0
Other services (except public administration)(609),"Equally veteran/nonveteran, Hispanic",Grants,0,0
Other services (except public administration)(609),"Equally veteran/nonveteran, Hispanic",Other source(s) of capital,0,0
Other services (except public administration)(609),"Equally veteran/nonveteran, Hispanic",Don't know,0,0
Other services (except public administration)(609),"Equally veteran/nonveteran, Hispanic",None needed,123,S
Other services (except public administration)(609),"Equally veteran/nonveteran, Hispanic",Total reporting,866,46751
Other services (except public administration)(609),"Equally veteran/nonveteran, Hispanic",Item not reported,0,0
Other services (except public administration)(609),"Equally veteran/nonveteran, equally Hispanic/non-Hispanic",All firms,1651,252523
Other services (except public administration)(609),"Equally veteran/nonveteran, equally Hispanic/non-Hispanic",Personal/family savings of owner(s),1061,219681
Other services (except public administration)(609),"Equally veteran/nonveteran, equally Hispanic/non-Hispanic",Personal/family assets other than savings of owner(s),286,S
Other services (except public administration)(609),"Equally veteran/nonveteran, equally Hispanic/non-Hispanic",Personal/family home equity loan,56,S
Other services (except public administration)(609),"Equally veteran/nonveteran, equally Hispanic/non-Hispanic",Personal credit card(s) carrying balances,204,S
Other services (except public administration)(609),"Equally veteran/nonveteran, equally Hispanic/non-Hispanic",Business credit card(s) carrying balances,154,10060
Other services (except public administration)(609),"Equally veteran/nonveteran, equally Hispanic/non-Hispanic","Business loan from federal, state, or local government",0,0
Other services (except public administration)(609),"Equally veteran/nonveteran, equally Hispanic/non-Hispanic",Government-guaranteed business loan from a bank or financial institution,2,S
Other services (except public administration)(609),"Equally veteran/nonveteran, equally Hispanic/non-Hispanic",Business loan from a bank or financial institution,42,9302
Other services (except public administration)(609),"Equally veteran/nonveteran, equally Hispanic/non-Hispanic",Business loan/investment from family/friends,79,S
Other services (except public administration)(609),"Equally veteran/nonveteran, equally Hispanic/non-Hispanic",Investment by venture capitalist(s),0,0
Other services (except public administration)(609),"Equally veteran/nonveteran, equally Hispanic/non-Hispanic",Grants,0,0
Other services (except public administration)(609),"Equally veteran/nonveteran, equally Hispanic/non-Hispanic",Other source(s) of capital,10,S
Other services (except public administration)(609),"Equally veteran/nonveteran, equally Hispanic/non-Hispanic",Don't know,11,S
Other services (except public administration)(609),"Equally veteran/nonveteran, equally Hispanic/non-Hispanic",None needed,52,S
Other services (except public administration)(609),"Equally veteran/nonveteran, equally Hispanic/non-Hispanic",Total reporting,1375,238188
Other services (except public administration)(609),"Equally veteran/nonveteran, equally Hispanic/non-Hispanic",Item not reported,0,0
Other services (except public administration)(609),"Equally veteran/nonveteran, non-Hispanic",All firms,44772,7885811
Other services (except public administration)(609),"Equally veteran/nonveteran, non-Hispanic",Personal/family savings of owner(s),23678,3669806
Other services (except public administration)(609),"Equally veteran/nonveteran, non-Hispanic",Personal/family assets other than savings of owner(s),3724,608271
Other services (except public administration)(609),"Equally veteran/nonveteran, non-Hispanic",Personal/family home equity loan,2832,561054
Other services (except public administration)(609),"Equally veteran/nonveteran, non-Hispanic",Personal credit card(s) carrying balances,4077,481766
Other services (except public administration)(609),"Equally veteran/nonveteran, non-Hispanic",Business credit card(s) carrying balances,1000,203720
Other services (except public administration)(609),"Equally veteran/nonveteran, non-Hispanic","Business loan from federal, state, or local government",221,37503
Other services (except public administration)(609),"Equally veteran/nonveteran, non-Hispanic",Government-guaranteed business loan from a bank or financial institution,514,173936
Other services (except public administration)(609),"Equally veteran/nonveteran, non-Hispanic",Business loan from a bank or financial institution,6452,1752404
Other services (except public administration)(609),"Equally veteran/nonveteran, non-Hispanic",Business loan/investment from family/friends,1568,480484
Other services (except public administration)(609),"Equally veteran/nonveteran, non-Hispanic",Investment by venture capitalist(s),116,16396
Other services (except public administration)(609),"Equally veteran/nonveteran, non-Hispanic",Grants,96,S
Other services (except public administration)(609),"Equally veteran/nonveteran, non-Hispanic",Other source(s) of capital,1245,142580
Other services (except public administration)(609),"Equally veteran/nonveteran, non-Hispanic",Don't know,1679,469056
Other services (except public administration)(609),"Equally veteran/nonveteran, non-Hispanic",None needed,4659,278495
Other services (except public administration)(609),"Equally veteran/nonveteran, non-Hispanic",Total reporting,37741(r),5987472(r)
Other services (except public administration)(609),"Equally veteran/nonveteran, non-Hispanic",Item not reported,693(r),S
Other services (except public administration)(609),"Equally veteran/nonveteran, White",All firms,43373,7729407
Other services (except public administration)(609),"Equally veteran/nonveteran, White",Personal/family savings of owner(s),22842,3587835
Other services (except public administration)(609),"Equally veteran/nonveteran, White",Personal/family assets other than savings of owner(s),3647,636503
Other services (except public administration)(609),"Equally veteran/nonveteran, White",Personal/family home equity loan,2693,588080
Other services (except public administration)(609),"Equally veteran/nonveteran, White",Personal credit card(s) carrying balances,3715,478242
Other services (except public administration)(609),"Equally veteran/nonveteran, White",Business credit card(s) carrying balances,1017,206988
Other services (except public administration)(609),"Equally veteran/nonveteran, White","Business loan from federal, state, or local government",219,35097
Other services (except public administration)(609),"Equally veteran/nonveteran, White",Government-guaranteed business loan from a bank or financial institution,439,155351
Other services (except public administration)(609),"Equally veteran/nonveteran, White",Business loan from a bank or financial institution,6120,1671210
Other services (except public administration)(609),"Equally veteran/nonveteran, White",Business loan/investment from family/friends,1446,459246
Other services (except public administration)(609),"Equally veteran/nonveteran, White",Investment by venture capitalist(s),116,16396
Other services (except public administration)(609),"Equally veteran/nonveteran, White",Grants,94,S
Other services (except public administration)(609),"Equally veteran/nonveteran, White",Other source(s) of capital,935,120901
Other services (except public administration)(609),"Equally veteran/nonveteran, White",Don't know,1390,407777
Other services (except public administration)(609),"Equally veteran/nonveteran, White",None needed,4275,275217
Other services (except public administration)(609),"Equally veteran/nonveteran, White",Total reporting,35849(r),5777755(r)
Other services (except public administration)(609),"Equally veteran/nonveteran, White",Item not reported,686(r),S
Other services (except public administration)(609),"Equally veteran/nonveteran, Black or African American",All firms,1081,145301
Other services (except public administration)(609),"Equally veteran/nonveteran, Black or African American",Personal/family savings of owner(s),620,95194
Other services (except public administration)(609),"Equally veteran/nonveteran, Black or African American",Personal/family assets other than savings of owner(s),74,S
Other services (except public administration)(609),"Equally veteran/nonveteran, Black or African American",Personal/family home equity loan,0,0
Other services (except public administration)(609),"Equally veteran/nonveteran, Black or African American",Personal credit card(s) carrying balances,130,S
Other services (except public administration)(609),"Equally veteran/nonveteran, Black or African American",Business credit card(s) carrying balances,10,S
Other services (except public administration)(609),"Equally veteran/nonveteran, Black or African American","Business loan from federal, state, or local government",2,S
Other services (except public administration)(609),"Equally veteran/nonveteran, Black or African American",Government-guaranteed business loan from a bank or financial institution,12,S
Other services (except public administration)(609),"Equally veteran/nonveteran, Black or African American",Business loan from a bank or financial institution,281,S
Other services (except public administration)(609),"Equally veteran/nonveteran, Black or African American",Business loan/investment from family/friends,157,S
Other services (except public administration)(609),"Equally veteran/nonveteran, Black or African American",Investment by venture capitalist(s),0,0
Other services (except public administration)(609),"Equally veteran/nonveteran, Black or African American",Grants,2,S
Other services (except public administration)(609),"Equally veteran/nonveteran, Black or African American",Other source(s) of capital,67,S
Other services (except public administration)(609),"Equally veteran/nonveteran, Black or African American",Don't know,146,S
Other services (except public administration)(609),"Equally veteran/nonveteran, Black or African American",None needed,250,S
Other services (except public administration)(609),"Equally veteran/nonveteran, Black or African American",Total reporting,1157,136706
Other services (except public administration)(609),"Equally veteran/nonveteran, Black or African American",Item not reported,7,S
Other services (except public administration)(609),"Equally veteran/nonveteran, American Indian and Alaska Native",All firms,139,S
Other services (except public administration)(609),"Equally veteran/nonveteran, American Indian and Alaska Native",Personal/family savings of owner(s),24,S
Other services (except public administration)(609),"Equally veteran/nonveteran, American Indian and Alaska Native",Personal/family assets other than savings of owner(s),7,S
Other services (except public administration)(609),"Equally veteran/nonveteran, American Indian and Alaska Native",Personal/family home equity loan,0,S
Other services (except public administration)(609),"Equally veteran/nonveteran, American Indian and Alaska Native",Personal credit card(s) carrying balances,0,S
Other services (except public administration)(609),"Equally veteran/nonveteran, American Indian and Alaska Native",Business credit card(s) carrying balances,0,S
Other services (except public administration)(609),"Equally veteran/nonveteran, American Indian and Alaska Native","Business loan from federal, state, or local government",0,S
Other services (except public administration)(609),"Equally veteran/nonveteran, American Indian and Alaska Native",Government-guaranteed business loan from a bank or financial institution,0,S
Other services (except public administration)(609),"Equally veteran/nonveteran, American Indian and Alaska Native",Business loan from a bank or financial institution,0,S
Other services (except public administration)(609),"Equally veteran/nonveteran, American Indian and Alaska Native",Business loan/investment from family/friends,0,S
Other services (except public administration)(609),"Equally veteran/nonveteran, American Indian and Alaska Native",Investment by venture capitalist(s),0,S
Other services (except public administration)(609),"Equally veteran/nonveteran, American Indian and Alaska Native",Grants,0,S
Other services (except public administration)(609),"Equally veteran/nonveteran, American Indian and Alaska Native",Other source(s) of capital,0,S
Other services (except public administration)(609),"Equally veteran/nonveteran, American Indian and Alaska Native",Don't know,0,S
Other services (except public administration)(609),"Equally veteran/nonveteran, American Indian and Alaska Native",None needed,0,S
Other services (except public administration)(609),"Equally veteran/nonveteran, American Indian and Alaska Native",Total reporting,24,S
Other services (except public administration)(609),"Equally veteran/nonveteran, American Indian and Alaska Native",Item not reported,0,S
Other services (except public administration)(609),"Equally veteran/nonveteran, Asian",All firms,750,103508
Other services (except public administration)(609),"Equally veteran/nonveteran, Asian",Personal/family savings of owner(s),561,64822
Other services (except public administration)(609),"Equally veteran/nonveteran, Asian",Personal/family assets other than savings of owner(s),106,S
Other services (except public administration)(609),"Equally veteran/nonveteran, Asian",Personal/family home equity loan,62,S
Other services (except public administration)(609),"Equally veteran/nonveteran, Asian",Personal credit card(s) carrying balances,62,S
Other services (except public administration)(609),"Equally veteran/nonveteran, Asian",Business credit card(s) carrying balances,0,0
Other services (except public administration)(609),"Equally veteran/nonveteran, Asian","Business loan from federal, state, or local government",0,0
Other services (except public administration)(609),"Equally veteran/nonveteran, Asian",Government-guaranteed business loan from a bank or financial institution,27,S
Other services (except public administration)(609),"Equally veteran/nonveteran, Asian",Business loan from a bank or financial institution,108,S
Other services (except public administration)(609),"Equally veteran/nonveteran, Asian",Business loan/investment from family/friends,54,S
Other services (except public administration)(609),"Equally veteran/nonveteran, Asian",Investment by venture capitalist(s),0,0
Other services (except public administration)(609),"Equally veteran/nonveteran, Asian",Grants,0,0
Other services (except public administration)(609),"Equally veteran/nonveteran, Asian",Other source(s) of capital,123,S
Other services (except public administration)(609),"Equally veteran/nonveteran, Asian",Don't know,74,S
Other services (except public administration)(609),"Equally veteran/nonveteran, Asian",None needed,126,S
Other services (except public administration)(609),"Equally veteran/nonveteran, Asian",Total reporting,1008,90810
Other services (except public administration)(609),"Equally veteran/nonveteran, Asian",Item not reported,0,0
Other services (except public administration)(609),"Equally veteran/nonveteran, Native Hawaiian and Other Pacific Islander",All firms,4,S
Other services (except public administration)(609),"Equally veteran/nonveteran, Native Hawaiian and Other Pacific Islander",Personal/family savings of owner(s),5,S
Other services (except public administration)(609),"Equally veteran/nonveteran, Native Hawaiian and Other Pacific Islander",Personal/family assets other than savings of owner(s),0,S
Other services (except public administration)(609),"Equally veteran/nonveteran, Native Hawaiian and Other Pacific Islander",Personal/family home equity loan,0,S
Other services (except public administration)(609),"Equally veteran/nonveteran, Native Hawaiian and Other Pacific Islander",Personal credit card(s) carrying balances,0,S
Other services (except public administration)(609),"Equally veteran/nonveteran, Native Hawaiian and Other Pacific Islander",Business credit card(s) carrying balances,0,S
Other services (except public administration)(609),"Equally veteran/nonveteran, Native Hawaiian and Other Pacific Islander","Business loan from federal, state, or local government",0,S
Other services (except public administration)(609),"Equally veteran/nonveteran, Native Hawaiian and Other Pacific Islander",Government-guaranteed business loan from a bank or financial institution,0,S
Other services (except public administration)(609),"Equally veteran/nonveteran, Native Hawaiian and Other Pacific Islander",Business loan from a bank or financial institution,0,S
Other services (except public administration)(609),"Equally veteran/nonveteran, Native Hawaiian and Other Pacific Islander",Business loan/investment from family/friends,0,S
Other services (except public administration)(609),"Equally veteran/nonveteran, Native Hawaiian and Other Pacific Islander",Investment by venture capitalist(s),0,S
Other services (except public administration)(609),"Equally veteran/nonveteran, Native Hawaiian and Other Pacific Islander",Grants,0,S
Other services (except public administration)(609),"Equally veteran/nonveteran, Native Hawaiian and Other Pacific Islander",Other source(s) of capital,0,S
Other services (except public administration)(609),"Equally veteran/nonveteran, Native Hawaiian and Other Pacific Islander",Don't know,0,S
Other services (except public administration)(609),"Equally veteran/nonveteran, Native Hawaiian and Other Pacific Islander",None needed,0,S
Other services (except public administration)(609),"Equally veteran/nonveteran, Native Hawaiian and Other Pacific Islander",Total reporting,5,S
Other services (except public administration)(609),"Equally veteran/nonveteran, Native Hawaiian and Other Pacific Islander",Item not reported,0,S
Other services (except public administration)(609),"Equally veteran/nonveteran, some other race",All firms,117,6307
Other services (except public administration)(609),"Equally veteran/nonveteran, some other race",Personal/family savings of owner(s),21,S
Other services (except public administration)(609),"Equally veteran/nonveteran, some other race",Personal/family assets other than savings of owner(s),0,0
Other services (except public administration)(609),"Equally veteran/nonveteran, some other race",Personal/family home equity loan,15,S
Other services (except public administration)(609),"Equally veteran/nonveteran, some other race",Personal credit card(s) carrying balances,15,S
Other services (except public administration)(609),"Equally veteran/nonveteran, some other race",Business credit card(s) carrying balances,0,0
Other services (except public administration)(609),"Equally veteran/nonveteran, some other race","Business loan from federal, state, or local government",0,0
Other services (except public administration)(609),"Equally veteran/nonveteran, some other race",Government-guaranteed business loan from a bank or financial institution,6,S
Other services (except public administration)(609),"Equally veteran/nonveteran, some other race",Business loan from a bank or financial institution,86,S
Other services (except public administration)(609),"Equally veteran/nonveteran, some other race",Business loan/investment from family/friends,0,0
Other services (except public administration)(609),"Equally veteran/nonveteran, some other race",Investment by venture capitalist(s),0,0
Other services (except public administration)(609),"Equally veteran/nonveteran, some other race",Grants,0,0
Other services (except public administration)(609),"Equally veteran/nonveteran, some other race",Other source(s) of capital,0,0
Other services (except public administration)(609),"Equally veteran/nonveteran, some other race",Don't know,0,0
Other services (except public administration)(609),"Equally veteran/nonveteran, some other race",None needed,0,0
Other services (except public administration)(609),"Equally veteran/nonveteran, some other race",Total reporting,91,S
Other services (except public administration)(609),"Equally veteran/nonveteran, some other race",Item not reported,0,0
Other services (except public administration)(609),"Equally veteran/nonveteran, minority",All firms,3625,454418
Other services (except public administration)(609),"Equally veteran/nonveteran, minority",Personal/family savings of owner(s),1977,261365
Other services (except public administration)(609),"Equally veteran/nonveteran, minority",Personal/family assets other than savings of owner(s),277,S
Other services (except public administration)(609),"Equally veteran/nonveteran, minority",Personal/family home equity loan,108,12770
Other services (except public administration)(609),"Equally veteran/nonveteran, minority",Personal credit card(s) carrying balances,220,13464
Other services (except public administration)(609),"Equally veteran/nonveteran, minority",Business credit card(s) carrying balances,17,7499
Other services (except public administration)(609),"Equally veteran/nonveteran, minority","Business loan from federal, state, or local government",2,S
Other services (except public administration)(609),"Equally veteran/nonveteran, minority",Government-guaranteed business loan from a bank or financial institution,44,13270
Other services (except public administration)(609),"Equally veteran/nonveteran, minority",Business loan from a bank or financial institution,627,62845
Other services (except public administration)(609),"Equally veteran/nonveteran, minority",Business loan/investment from family/friends,220,S
Other services (except public administration)(609),"Equally veteran/nonveteran, minority",Investment by venture capitalist(s),0,0
Other services (except public administration)(609),"Equally veteran/nonveteran, minority",Grants,2,S
Other services (except public administration)(609),"Equally veteran/nonveteran, minority",Other source(s) of capital,190,10646
Other services (except public administration)(609),"Equally veteran/nonveteran, minority",Don't know,247,S
Other services (except public administration)(609),"Equally veteran/nonveteran, minority",None needed,525,9209
Other services (except public administration)(609),"Equally veteran/nonveteran, minority",Total reporting,3309,339713
Other services (except public administration)(609),"Equally veteran/nonveteran, minority",Item not reported,7,S
Other services (except public administration)(609),"Equally veteran/nonveteran, equally minority/nonminority",All firms,3957,516235
Other services (except public administration)(609),"Equally veteran/nonveteran, equally minority/nonminority",Personal/family savings of owner(s),1997,277235
Other services (except public administration)(609),"Equally veteran/nonveteran, equally minority/nonminority",Personal/family assets other than savings of owner(s),332,15208
Other services (except public administration)(609),"Equally veteran/nonveteran, equally minority/nonminority",Personal/family home equity loan,224,S
Other services (except public administration)(609),"Equally veteran/nonveteran, equally minority/nonminority",Personal credit card(s) carrying balances,554,62165
Other services (except public administration)(609),"Equally veteran/nonveteran, equally minority/nonminority",Business credit card(s) carrying balances,168,10481
Other services (except public administration)(609),"Equally veteran/nonveteran, equally minority/nonminority","Business loan from federal, state, or local government",0,0
Other services (except public administration)(609),"Equally veteran/nonveteran, equally minority/nonminority",Government-guaranteed business loan from a bank or financial institution,46,S
Other services (except public administration)(609),"Equally veteran/nonveteran, equally minority/nonminority",Business loan from a bank or financial institution,259,81063
Other services (except public administration)(609),"Equally veteran/nonveteran, equally minority/nonminority",Business loan/investment from family/friends,79,S
Other services (except public administration)(609),"Equally veteran/nonveteran, equally minority/nonminority",Investment by venture capitalist(s),0,0
Other services (except public administration)(609),"Equally veteran/nonveteran, equally minority/nonminority",Grants,0,0
Other services (except public administration)(609),"Equally veteran/nonveteran, equally minority/nonminority",Other source(s) of capital,141,S
Other services (except public administration)(609),"Equally veteran/nonveteran, equally minority/nonminority",Don't know,75,S
Other services (except public administration)(609),"Equally veteran/nonveteran, equally minority/nonminority",None needed,394,S
Other services (except public administration)(609),"Equally veteran/nonveteran, equally minority/nonminority",Total reporting,3088,388568
Other services (except public administration)(609),"Equally veteran/nonveteran, equally minority/nonminority",Item not reported,0,0
Other services (except public administration)(609),"Equally veteran/nonveteran, nonminority",All firms,40167,7312976
Other services (except public administration)(609),"Equally veteran/nonveteran, nonminority",Personal/family savings of owner(s),21357,3389887
Other services (except public administration)(609),"Equally veteran/nonveteran, nonminority",Personal/family assets other than savings of owner(s),3403,589804
Other services (except public administration)(609),"Equally veteran/nonveteran, nonminority",Personal/family home equity loan,2602,535863
Other services (except public administration)(609),"Equally veteran/nonveteran, nonminority",Personal credit card(s) carrying balances,3535,459162
Other services (except public administration)(609),"Equally veteran/nonveteran, nonminority",Business credit card(s) carrying balances,976,198801
Other services (except public administration)(609),"Equally veteran/nonveteran, nonminority","Business loan from federal, state, or local government",219,35097
Other services (except public administration)(609),"Equally veteran/nonveteran, nonminority",Government-guaranteed business loan from a bank or financial institution,431,153246
Other services (except public administration)(609),"Equally veteran/nonveteran, nonminority",Business loan from a bank or financial institution,5831,1631350
Other services (except public administration)(609),"Equally veteran/nonveteran, nonminority",Business loan/investment from family/friends,1358,450220
Other services (except public administration)(609),"Equally veteran/nonveteran, nonminority",Investment by venture capitalist(s),116,16396
Other services (except public administration)(609),"Equally veteran/nonveteran, nonminority",Grants,94,S
Other services (except public administration)(609),"Equally veteran/nonveteran, nonminority",Other source(s) of capital,924,118397
Other services (except public administration)(609),"Equally veteran/nonveteran, nonminority",Don't know,1368,403020
Other services (except public administration)(609),"Equally veteran/nonveteran, nonminority",None needed,3915,266747
Other services (except public administration)(609),"Equally veteran/nonveteran, nonminority",Total reporting,33585(r),5544129(r)
Other services (except public administration)(609),"Equally veteran/nonveteran, nonminority",Item not reported,686(r),S
Other services (except public administration)(609),Nonveteran,All firms,3278683,235929631
Other services (except public administration)(609),Nonveteran,Personal/family savings of owner(s),937251,90497672
Other services (except public administration)(609),Nonveteran,Personal/family assets other than savings of owner(s),85538,14418361
Other services (except public administration)(609),Nonveteran,Personal/family home equity loan,56459,11519880
Other services (except public administration)(609),Nonveteran,Personal credit card(s) carrying balances,134256,12051982
Other services (except public administration)(609),Nonveteran,Business credit card(s) carrying balances,36636,5080391
Other services (except public administration)(609),Nonveteran,"Business loan from federal, state, or local government",2750,723643
Other services (except public administration)(609),Nonveteran,Government-guaranteed business loan from a bank or financial institution,9338,4394342
Other services (except public administration)(609),Nonveteran,Business loan from a bank or financial institution,101466,29559203
Other services (except public administration)(609),Nonveteran,Business loan/investment from family/friends,34769,7692384
Other services (except public administration)(609),Nonveteran,Investment by venture capitalist(s),2037,480930
Other services (except public administration)(609),Nonveteran,Grants,3223,433024
Other services (except public administration)(609),Nonveteran,Other source(s) of capital,28666,4623009
Other services (except public administration)(609),Nonveteran,Don't know,135195,28182843
Other services (except public administration)(609),Nonveteran,None needed,460311,13452343
Other services (except public administration)(609),Nonveteran,Total reporting,1720015(r),160243525(r)
Other services (except public administration)(609),Nonveteran,Item not reported,67661(r),2544696(r)
Other services (except public administration)(609),"Nonveteran, female-owned",All firms,1800207,58771524
Other services (except public administration)(609),"Nonveteran, female-owned",Personal/family savings of owner(s),452498,20275213
Other services (except public administration)(609),"Nonveteran, female-owned",Personal/family assets other than savings of owner(s),33889,2547269
Other services (except public administration)(609),"Nonveteran, female-owned",Personal/family home equity loan,20616,2344169
Other services (except public administration)(609),"Nonveteran, female-owned",Personal credit card(s) carrying balances,67155,3371793
Other services (except public administration)(609),"Nonveteran, female-owned",Business credit card(s) carrying balances,16125,1093155
Other services (except public administration)(609),"Nonveteran, female-owned","Business loan from federal, state, or local government",1293,250335
Other services (except public administration)(609),"Nonveteran, female-owned",Government-guaranteed business loan from a bank or financial institution,2982,816834
Other services (except public administration)(609),"Nonveteran, female-owned",Business loan from a bank or financial institution,34501,4819621
Other services (except public administration)(609),"Nonveteran, female-owned",Business loan/investment from family/friends,13730,1442542
Other services (except public administration)(609),"Nonveteran, female-owned",Investment by venture capitalist(s),604,51345
Other services (except public administration)(609),"Nonveteran, female-owned",Grants,2287,S
Other services (except public administration)(609),"Nonveteran, female-owned",Other source(s) of capital,12005,665104
Other services (except public administration)(609),"Nonveteran, female-owned",Don't know,65355,3541648
Other services (except public administration)(609),"Nonveteran, female-owned",None needed,283939,5146837
Other services (except public administration)(609),"Nonveteran, female-owned",Total reporting,887904(r),34953806(r)
Other services (except public administration)(609),"Nonveteran, female-owned",Item not reported,40873(r),821951(r)
Other services (except public administration)(609),"Nonveteran, male-owned",All firms,1295166,145779782
Other services (except public administration)(609),"Nonveteran, male-owned",Personal/family savings of owner(s),393544,55338968
Other services (except public administration)(609),"Nonveteran, male-owned",Personal/family assets other than savings of owner(s),38448,8875242
Other services (except public administration)(609),"Nonveteran, male-owned",Personal/family home equity loan,22648,6031677
Other services (except public administration)(609),"Nonveteran, male-owned",Personal credit card(s) carrying balances,52210,6516590
Other services (except public administration)(609),"Nonveteran, male-owned",Business credit card(s) carrying balances,15050,2845921
Other services (except public administration)(609),"Nonveteran, male-owned","Business loan from federal, state, or local government",958,306165
Other services (except public administration)(609),"Nonveteran, male-owned",Government-guaranteed business loan from a bank or financial institution,4002,2196511
Other services (except public administration)(609),"Nonveteran, male-owned",Business loan from a bank or financial institution,45875,18494445
Other services (except public administration)(609),"Nonveteran, male-owned",Business loan/investment from family/friends,15224,4834903
Other services (except public administration)(609),"Nonveteran, male-owned",Investment by venture capitalist(s),1184,362005
Other services (except public administration)(609),"Nonveteran, male-owned",Grants,746,254089
Other services (except public administration)(609),"Nonveteran, male-owned",Other source(s) of capital,13033,3362241
Other services (except public administration)(609),"Nonveteran, male-owned",Don't know,62019,22470416
Other services (except public administration)(609),"Nonveteran, male-owned",None needed,162796,7407684
Other services (except public administration)(609),"Nonveteran, male-owned",Total reporting,692961(r),102072538(r)
Other services (except public administration)(609),"Nonveteran, male-owned",Item not reported,25316(r),1525899(r)
Other services (except public administration)(609),"Nonveteran, equally male-/female-owned",All firms,183310,31378325
Other services (except public administration)(609),"Nonveteran, equally male-/female-owned",Personal/family savings of owner(s),91209,14883490
Other services (except public administration)(609),"Nonveteran, equally male-/female-owned",Personal/family assets other than savings of owner(s),13201,2995849
Other services (except public administration)(609),"Nonveteran, equally male-/female-owned",Personal/family home equity loan,13196,3144034
Other services (except public administration)(609),"Nonveteran, equally male-/female-owned",Personal credit card(s) carrying balances,14891,2163599
Other services (except public administration)(609),"Nonveteran, equally male-/female-owned",Business credit card(s) carrying balances,5461,1141314
Other services (except public administration)(609),"Nonveteran, equally male-/female-owned","Business loan from federal, state, or local government",499,167143
Other services (except public administration)(609),"Nonveteran, equally male-/female-owned",Government-guaranteed business loan from a bank or financial institution,2354,1380997
Other services (except public administration)(609),"Nonveteran, equally male-/female-owned",Business loan from a bank or financial institution,21089,6245138
Other services (except public administration)(609),"Nonveteran, equally male-/female-owned",Business loan/investment from family/friends,5815,1414938
Other services (except public administration)(609),"Nonveteran, equally male-/female-owned",Investment by venture capitalist(s),249,S
Other services (except public administration)(609),"Nonveteran, equally male-/female-owned",Grants,191,S
Other services (except public administration)(609),"Nonveteran, equally male-/female-owned",Other source(s) of capital,3628,595665
Other services (except public administration)(609),"Nonveteran, equally male-/female-owned",Don't know,7821,2170779
Other services (except public administration)(609),"Nonveteran, equally male-/female-owned",None needed,13576,897822
Other services (except public administration)(609),"Nonveteran, equally male-/female-owned",Total reporting,139150(r),23217181(r)
Other services (except public administration)(609),"Nonveteran, equally male-/female-owned",Item not reported,1472(r),196845(r)
Other services (except public administration)(609),"Nonveteran, Hispanic",All firms,525085,19203566
Other services (except public administration)(609),"Nonveteran, Hispanic",Personal/family savings of owner(s),93545,6260058
Other services (except public administration)(609),"Nonveteran, Hispanic",Personal/family assets other than savings of owner(s),7831,855348
Other services (except public administration)(609),"Nonveteran, Hispanic",Personal/family home equity loan,4405,705345
Other services (except public administration)(609),"Nonveteran, Hispanic",Personal credit card(s) carrying balances,13466,930090
Other services (except public administration)(609),"Nonveteran, Hispanic",Business credit card(s) carrying balances,3476,472939
Other services (except public administration)(609),"Nonveteran, Hispanic","Business loan from federal, state, or local government",141,S
Other services (except public administration)(609),"Nonveteran, Hispanic",Government-guaranteed business loan from a bank or financial institution,671,264276
Other services (except public administration)(609),"Nonveteran, Hispanic",Business loan from a bank or financial institution,4112,1087514
Other services (except public administration)(609),"Nonveteran, Hispanic",Business loan/investment from family/friends,2940,298477
Other services (except public administration)(609),"Nonveteran, Hispanic",Investment by venture capitalist(s),308,23460
Other services (except public administration)(609),"Nonveteran, Hispanic",Grants,306,2325
Other services (except public administration)(609),"Nonveteran, Hispanic",Other source(s) of capital,2713,159030
Other services (except public administration)(609),"Nonveteran, Hispanic",Don't know,14769,877412
Other services (except public administration)(609),"Nonveteran, Hispanic",None needed,50848,935678
Other services (except public administration)(609),"Nonveteran, Hispanic",Total reporting,174092(r),9335776(r)
Other services (except public administration)(609),"Nonveteran, Hispanic",Item not reported,11743(r),351236(r)
Other services (except public administration)(609),"Nonveteran, equally Hispanic/non-Hispanic",All firms,11194,1635808
Other services (except public administration)(609),"Nonveteran, equally Hispanic/non-Hispanic",Personal/family savings of owner(s),4956,710773
Other services (except public administration)(609),"Nonveteran, equally Hispanic/non-Hispanic",Personal/family assets other than savings of owner(s),362,99047
Other services (except public administration)(609),"Nonveteran, equally Hispanic/non-Hispanic",Personal/family home equity loan,596,118301
Other services (except public administration)(609),"Nonveteran, equally Hispanic/non-Hispanic",Personal credit card(s) carrying balances,1246,140023
Other services (except public administration)(609),"Nonveteran, equally Hispanic/non-Hispanic",Business credit card(s) carrying balances,655,78611
Other services (except public administration)(609),"Nonveteran, equally Hispanic/non-Hispanic","Business loan from federal, state, or local government",61,S
Other services (except public administration)(609),"Nonveteran, equally Hispanic/non-Hispanic",Government-guaranteed business loan from a bank or financial institution,135,S
Other services (except public administration)(609),"Nonveteran, equally Hispanic/non-Hispanic",Business loan from a bank or financial institution,601,92687
Other services (except public administration)(609),"Nonveteran, equally Hispanic/non-Hispanic",Business loan/investment from family/friends,548,102538
Other services (except public administration)(609),"Nonveteran, equally Hispanic/non-Hispanic",Investment by venture capitalist(s),69,S
Other services (except public administration)(609),"Nonveteran, equally Hispanic/non-Hispanic",Grants,61,S
Other services (except public administration)(609),"Nonveteran, equally Hispanic/non-Hispanic",Other source(s) of capital,181,S
Other services (except public administration)(609),"Nonveteran, equally Hispanic/non-Hispanic",Don't know,713,54859
Other services (except public administration)(609),"Nonveteran, equally Hispanic/non-Hispanic",None needed,759,S
Other services (except public administration)(609),"Nonveteran, equally Hispanic/non-Hispanic",Total reporting,7962,1154749
Other services (except public administration)(609),"Nonveteran, equally Hispanic/non-Hispanic",Item not reported,126,S
Other services (except public administration)(609),"Nonveteran, non-Hispanic",All firms,2742404,215090258
Other services (except public administration)(609),"Nonveteran, non-Hispanic",Personal/family savings of owner(s),838751,83526841
Other services (except public administration)(609),"Nonveteran, non-Hispanic",Personal/family assets other than savings of owner(s),77345,13463966
Other services (except public administration)(609),"Nonveteran, non-Hispanic",Personal/family home equity loan,51459,10696234
Other services (except public administration)(609),"Nonveteran, non-Hispanic",Personal credit card(s) carrying balances,119544,10981869
Other services (except public administration)(609),"Nonveteran, non-Hispanic",Business credit card(s) carrying balances,32505,4528841
Other services (except public administration)(609),"Nonveteran, non-Hispanic","Business loan from federal, state, or local government",2548,716501
Other services (except public administration)(609),"Nonveteran, non-Hispanic",Government-guaranteed business loan from a bank or financial institution,8531,4046518
Other services (except public administration)(609),"Nonveteran, non-Hispanic",Business loan from a bank or financial institution,96754,28379002
Other services (except public administration)(609),"Nonveteran, non-Hispanic",Business loan/investment from family/friends,31281,7291369
Other services (except public administration)(609),"Nonveteran, non-Hispanic",Investment by venture capitalist(s),1660,449626
Other services (except public administration)(609),"Nonveteran, non-Hispanic",Grants,2855,429287
Other services (except public administration)(609),"Nonveteran, non-Hispanic",Other source(s) of capital,25771,4454699
Other services (except public administration)(609),"Nonveteran, non-Hispanic",Don't know,119712,27250572
Other services (except public administration)(609),"Nonveteran, non-Hispanic",None needed,408704,12372127
Other services (except public administration)(609),"Nonveteran, non-Hispanic",Total reporting,1537961(r),149753000(r)
Other services (except public administration)(609),"Nonveteran, non-Hispanic",Item not reported,55793(r),2172804(r)
Other services (except public administration)(609),"Nonveteran, White",All firms,2137582,197230538
Other services (except public administration)(609),"Nonveteran, White",Personal/family savings of owner(s),736046,78632825
Other services (except public administration)(609),"Nonveteran, White",Personal/family assets other than savings of owner(s),67963,12969292
Other services (except public administration)(609),"Nonveteran, White",Personal/family home equity loan,44747,10073010
Other services (except public administration)(609),"Nonveteran, White",Personal credit card(s) carrying balances,109205,10295650
Other services (except public administration)(609),"Nonveteran, White",Business credit card(s) carrying balances,30418,4454392
Other services (except public administration)(609),"Nonveteran, White","Business loan from federal, state, or local government",1880,627502
Other services (except public administration)(609),"Nonveteran, White",Government-guaranteed business loan from a bank or financial institution,7859,3966330
Other services (except public administration)(609),"Nonveteran, White",Business loan from a bank or financial institution,88960,27005951
Other services (except public administration)(609),"Nonveteran, White",Business loan/investment from family/friends,26781,6769130
Other services (except public administration)(609),"Nonveteran, White",Investment by venture capitalist(s),1420,430107
Other services (except public administration)(609),"Nonveteran, White",Grants,2091,391625
Other services (except public administration)(609),"Nonveteran, White",Other source(s) of capital,20532,4295047
Other services (except public administration)(609),"Nonveteran, White",Don't know,86848,25373021
Other services (except public administration)(609),"Nonveteran, White",None needed,370388,11696967
Other services (except public administration)(609),"Nonveteran, White",Total reporting,1348082(r),140855397(r)
Other services (except public administration)(609),"Nonveteran, White",Item not reported,46340(r),1973947(r)
Other services (except public administration)(609),"Nonveteran, Black or African American",All firms,583408,9630797
Other services (except public administration)(609),"Nonveteran, Black or African American",Personal/family savings of owner(s),70001,1675731
Other services (except public administration)(609),"Nonveteran, Black or African American",Personal/family assets other than savings of owner(s),5716,148850
Other services (except public administration)(609),"Nonveteran, Black or African American",Personal/family home equity loan,1764,147931
Other services (except public administration)(609),"Nonveteran, Black or African American",Personal credit card(s) carrying balances,8793,241118
Other services (except public administration)(609),"Nonveteran, Black or African American",Business credit card(s) carrying balances,1318,56941
Other services (except public administration)(609),"Nonveteran, Black or African American","Business loan from federal, state, or local government",279,19783
Other services (except public administration)(609),"Nonveteran, Black or African American",Government-guaranteed business loan from a bank or financial institution,413,42357
Other services (except public administration)(609),"Nonveteran, Black or African American",Business loan from a bank or financial institution,2713,256523
Other services (except public administration)(609),"Nonveteran, Black or African American",Business loan/investment from family/friends,1634,124037
Other services (except public administration)(609),"Nonveteran, Black or African American",Investment by venture capitalist(s),183,S
Other services (except public administration)(609),"Nonveteran, Black or African American",Grants,496,14170
Other services (except public administration)(609),"Nonveteran, Black or African American",Other source(s) of capital,4250,66443
Other services (except public administration)(609),"Nonveteran, Black or African American",Don't know,10155,311924
Other services (except public administration)(609),"Nonveteran, Black or African American",None needed,40131,571813
Other services (except public administration)(609),"Nonveteran, Black or African American",Total reporting,130847(r),2954926(r)
Other services (except public administration)(609),"Nonveteran, Black or African American",Item not reported,11535(r),201689(r)
Other services (except public administration)(609),"Nonveteran, American Indian and Alaska Native",All firms,38748,1389093
Other services (except public administration)(609),"Nonveteran, American Indian and Alaska Native",Personal/family savings of owner(s),8693,545067
Other services (except public administration)(609),"Nonveteran, American Indian and Alaska Native",Personal/family assets other than savings of owner(s),850,98180
Other services (except public administration)(609),"Nonveteran, American Indian and Alaska Native",Personal/family home equity loan,436,34875
Other services (except public administration)(609),"Nonveteran, American Indian and Alaska Native",Personal credit card(s) carrying balances,1180,53027
Other services (except public administration)(609),"Nonveteran, American Indian and Alaska Native",Business credit card(s) carrying balances,574,S
Other services (except public administration)(609),"Nonveteran, American Indian and Alaska Native","Business loan from federal, state, or local government",123,S
Other services (except public administration)(609),"Nonveteran, American Indian and Alaska Native",Government-guaranteed business loan from a bank or financial institution,146,13807
Other services (except public administration)(609),"Nonveteran, American Indian and Alaska Native",Business loan from a bank or financial institution,851,85012
Other services (except public administration)(609),"Nonveteran, American Indian and Alaska Native",Business loan/investment from family/friends,473,S
Other services (except public administration)(609),"Nonveteran, American Indian and Alaska Native",Investment by venture capitalist(s),68,S
Other services (except public administration)(609),"Nonveteran, American Indian and Alaska Native",Grants,199,S
Other services (except public administration)(609),"Nonveteran, American Indian and Alaska Native",Other source(s) of capital,730,26912
Other services (except public administration)(609),"Nonveteran, American Indian and Alaska Native",Don't know,1320,S
Other services (except public administration)(609),"Nonveteran, American Indian and Alaska Native",None needed,4854,133231
Other services (except public administration)(609),"Nonveteran, American Indian and Alaska Native",Total reporting,16987(r),979371(r)
Other services (except public administration)(609),"Nonveteran, American Indian and Alaska Native",Item not reported,965(r),24519(r)
Other services (except public administration)(609),"Nonveteran, Asian",All firms,375464,22393396
Other services (except public administration)(609),"Nonveteran, Asian",Personal/family savings of owner(s),101833,8054449
Other services (except public administration)(609),"Nonveteran, Asian",Personal/family assets other than savings of owner(s),9113,998165
Other services (except public administration)(609),"Nonveteran, Asian",Personal/family home equity loan,7791,931832
Other services (except public administration)(609),"Nonveteran, Asian",Personal credit card(s) carrying balances,12324,1144270
Other services (except public administration)(609),"Nonveteran, Asian",Business credit card(s) carrying balances,3868,434651
Other services (except public administration)(609),"Nonveteran, Asian","Business loan from federal, state, or local government",587,70828
Other services (except public administration)(609),"Nonveteran, Asian",Government-guaranteed business loan from a bank or financial institution,981,299730
Other services (except public administration)(609),"Nonveteran, Asian",Business loan from a bank or financial institution,7647,1744264
Other services (except public administration)(609),"Nonveteran, Asian",Business loan/investment from family/friends,5540,680839
Other services (except public administration)(609),"Nonveteran, Asian",Investment by venture capitalist(s),321,S
Other services (except public administration)(609),"Nonveteran, Asian",Grants,436,24926
Other services (except public administration)(609),"Nonveteran, Asian",Other source(s) of capital,2786,196718
Other services (except public administration)(609),"Nonveteran, Asian",Don't know,30988,1951585
Other services (except public administration)(609),"Nonveteran, Asian",None needed,34836,839670
Other services (except public administration)(609),"Nonveteran, Asian",Total reporting,183396(r),12717315(r)
Other services (except public administration)(609),"Nonveteran, Asian",Item not reported,6628(r),289622(r)
Other services (except public administration)(609),"Nonveteran, Native Hawaiian and Other Pacific Islander",All firms,7494,429966
Other services (except public administration)(609),"Nonveteran, Native Hawaiian and Other Pacific Islander",Personal/family savings of owner(s),1524,60309
Other services (except public administration)(609),"Nonveteran, Native Hawaiian and Other Pacific Islander",Personal/family assets other than savings of owner(s),99,9735
Other services (except public administration)(609),"Nonveteran, Native Hawaiian and Other Pacific Islander",Personal/family home equity loan,44,S
Other services (except public administration)(609),"Nonveteran, Native Hawaiian and Other Pacific Islander",Personal credit card(s) carrying balances,191,5553
Other services (except public administration)(609),"Nonveteran, Native Hawaiian and Other Pacific Islander",Business credit card(s) carrying balances,17,S
Other services (except public administration)(609),"Nonveteran, Native Hawaiian and Other Pacific Islander","Business loan from federal, state, or local government",0,0
Other services (except public administration)(609),"Nonveteran, Native Hawaiian and Other Pacific Islander",Government-guaranteed business loan from a bank or financial institution,0,0
Other services (except public administration)(609),"Nonveteran, Native Hawaiian and Other Pacific Islander",Business loan from a bank or financial institution,2,S
Other services (except public administration)(609),"Nonveteran, Native Hawaiian and Other Pacific Islander",Business loan/investment from family/friends,6,S
Other services (except public administration)(609),"Nonveteran, Native Hawaiian and Other Pacific Islander",Investment by venture capitalist(s),2,S
Other services (except public administration)(609),"Nonveteran, Native Hawaiian and Other Pacific Islander",Grants,0,0
Other services (except public administration)(609),"Nonveteran, Native Hawaiian and Other Pacific Islander",Other source(s) of capital,31,758
Other services (except public administration)(609),"Nonveteran, Native Hawaiian and Other Pacific Islander",Don't know,581,19987
Other services (except public administration)(609),"Nonveteran, Native Hawaiian and Other Pacific Islander",None needed,805,16025
Other services (except public administration)(609),"Nonveteran, Native Hawaiian and Other Pacific Islander",Total reporting,2991,104604
Other services (except public administration)(609),"Nonveteran, Native Hawaiian and Other Pacific Islander",Item not reported,194,S
Other services (except public administration)(609),"Nonveteran, some other race",All firms,203433,6237636
Other services (except public administration)(609),"Nonveteran, some other race",Personal/family savings of owner(s),30803,1858336
Other services (except public administration)(609),"Nonveteran, some other race",Personal/family assets other than savings of owner(s),2595,242467
Other services (except public administration)(609),"Nonveteran, some other race",Personal/family home equity loan,1706,200013
Other services (except public administration)(609),"Nonveteran, some other race",Personal credit card(s) carrying balances,4556,227280
Other services (except public administration)(609),"Nonveteran, some other race",Business credit card(s) carrying balances,1317,116732
Other services (except public administration)(609),"Nonveteran, some other race","Business loan from federal, state, or local government",64,S
Other services (except public administration)(609),"Nonveteran, some other race",Government-guaranteed business loan from a bank or financial institution,101,S
Other services (except public administration)(609),"Nonveteran, some other race",Business loan from a bank or financial institution,1600,250137
Other services (except public administration)(609),"Nonveteran, some other race",Business loan/investment from family/friends,930,S
Other services (except public administration)(609),"Nonveteran, some other race",Investment by venture capitalist(s),225,S
Other services (except public administration)(609),"Nonveteran, some other race",Grants,184,S
Other services (except public administration)(609),"Nonveteran, some other race",Other source(s) of capital,1150,31057
Other services (except public administration)(609),"Nonveteran, some other race",Don't know,6839,346657
Other services (except public administration)(609),"Nonveteran, some other race",None needed,16484,309563
Other services (except public administration)(609),"Nonveteran, some other race",Total reporting,59378(r),2798657(r)
Other services (except public administration)(609),"Nonveteran, some other race",Item not reported,3736(r),75216(r)
Other services (except public administration)(609),"Nonveteran, minority",All firms,1488187,52395227
Other services (except public administration)(609),"Nonveteran, minority",Personal/family savings of owner(s),269844,16496293
Other services (except public administration)(609),"Nonveteran, minority",Personal/family assets other than savings of owner(s),23311,2105906
Other services (except public administration)(609),"Nonveteran, minority",Personal/family home equity loan,14170,1848033
Other services (except public administration)(609),"Nonveteran, minority",Personal credit card(s) carrying balances,35222,2386960
Other services (except public administration)(609),"Nonveteran, minority",Business credit card(s) carrying balances,9131,1007263
Other services (except public administration)(609),"Nonveteran, minority","Business loan from federal, state, or local government",1009,100764
Other services (except public administration)(609),"Nonveteran, minority",Government-guaranteed business loan from a bank or financial institution,2099,632102
Other services (except public administration)(609),"Nonveteran, minority",Business loan from a bank or financial institution,15104,3306319
Other services (except public administration)(609),"Nonveteran, minority",Business loan/investment from family/friends,10283,1243536
Other services (except public administration)(609),"Nonveteran, minority",Investment by venture capitalist(s),752,48497
Other services (except public administration)(609),"Nonveteran, minority",Grants,1315,42494
Other services (except public administration)(609),"Nonveteran, minority",Other source(s) of capital,10109,442100
Other services (except public administration)(609),"Nonveteran, minority",Don't know,56575,3309240
Other services (except public administration)(609),"Nonveteran, minority",None needed,128587,2460814
Other services (except public administration)(609),"Nonveteran, minority",Total reporting,498097(r),26068355(r)
Other services (except public administration)(609),"Nonveteran, minority",Item not reported,30113(r),836500(r)
Other services (except public administration)(609),"Nonveteran, equally minority/nonminority",All firms,17724,2562584
Other services (except public administration)(609),"Nonveteran, equally minority/nonminority",Personal/family savings of owner(s),8512,1233686
Other services (except public administration)(609),"Nonveteran, equally minority/nonminority",Personal/family assets other than savings of owner(s),987,202445
Other services (except public administration)(609),"Nonveteran, equally minority/nonminority",Personal/family home equity loan,1023,283031
Other services (except public administration)(609),"Nonveteran, equally minority/nonminority",Personal credit card(s) carrying balances,2000,257326
Other services (except public administration)(609),"Nonveteran, equally minority/nonminority",Business credit card(s) carrying balances,660,97824
Other services (except public administration)(609),"Nonveteran, equally minority/nonminority","Business loan from federal, state, or local government",0,0
Other services (except public administration)(609),"Nonveteran, equally minority/nonminority",Government-guaranteed business loan from a bank or financial institution,159,S
Other services (except public administration)(609),"Nonveteran, equally minority/nonminority",Business loan from a bank or financial institution,1513,407034
Other services (except public administration)(609),"Nonveteran, equally minority/nonminority",Business loan/investment from family/friends,873,155369
Other services (except public administration)(609),"Nonveteran, equally minority/nonminority",Investment by venture capitalist(s),11,S
Other services (except public administration)(609),"Nonveteran, equally minority/nonminority",Grants,0,0
Other services (except public administration)(609),"Nonveteran, equally minority/nonminority",Other source(s) of capital,224,39396
Other services (except public administration)(609),"Nonveteran, equally minority/nonminority",Don't know,835,91929
Other services (except public administration)(609),"Nonveteran, equally minority/nonminority",None needed,1576,S
Other services (except public administration)(609),"Nonveteran, equally minority/nonminority",Total reporting,13467,2002998
Other services (except public administration)(609),"Nonveteran, equally minority/nonminority",Item not reported,269,44129
Other services (except public administration)(609),"Nonveteran, nonminority",All firms,1772772,180971821
Other services (except public administration)(609),"Nonveteran, nonminority",Personal/family savings of owner(s),658895,72767693
Other services (except public administration)(609),"Nonveteran, nonminority",Personal/family assets other than savings of owner(s),61240,12110009
Other services (except public administration)(609),"Nonveteran, nonminority",Personal/family home equity loan,41267,9388816
Other services (except public administration)(609),"Nonveteran, nonminority",Personal credit card(s) carrying balances,97033,9407695
Other services (except public administration)(609),"Nonveteran, nonminority",Business credit card(s) carrying balances,26845,3975304
Other services (except public administration)(609),"Nonveteran, nonminority","Business loan from federal, state, or local government",1742,622878
Other services (except public administration)(609),"Nonveteran, nonminority",Government-guaranteed business loan from a bank or financial institution,7081,3631538
Other services (except public administration)(609),"Nonveteran, nonminority",Business loan from a bank or financial institution,84849,25845850
Other services (except public administration)(609),"Nonveteran, nonminority",Business loan/investment from family/friends,23613,6293479
Other services (except public administration)(609),"Nonveteran, nonminority",Investment by venture capitalist(s),1274,411466
Other services (except public administration)(609),"Nonveteran, nonminority",Grants,1908,390531
Other services (except public administration)(609),"Nonveteran, nonminority",Other source(s) of capital,18333,4141513
Other services (except public administration)(609),"Nonveteran, nonminority",Don't know,77785,24781675
Other services (except public administration)(609),"Nonveteran, nonminority",None needed,330148,10818358
Other services (except public administration)(609),"Nonveteran, nonminority",Total reporting,1208451(r),132172172(r)
Other services (except public administration)(609),"Nonveteran, nonminority",Item not reported,37279(r),1664067(r)
Other services (except public administration)(609),"All firms classifiable by gender, ethnicity, race, and veteran status",All firms,3623459,265917236
Other services (except public administration)(609),"All firms classifiable by gender, ethnicity, race, and veteran status",Personal/family savings of owner(s),1041817,102533199
Other services (except public administration)(609),"All firms classifiable by gender, ethnicity, race, and veteran status",Personal/family assets other than savings of owner(s),98029,16055515
Other services (except public administration)(609),"All firms classifiable by gender, ethnicity, race, and veteran status",Personal/family home equity loan,62355,12787800
Other services (except public administration)(609),"All firms classifiable by gender, ethnicity, race, and veteran status",Personal credit card(s) carrying balances,149202,13495721
Other services (except public administration)(609),"All firms classifiable by gender, ethnicity, race, and veteran status",Business credit card(s) carrying balances,40654,5748287
Other services (except public administration)(609),"All firms classifiable by gender, ethnicity, race, and veteran status","Business loan from federal, state, or local government",3116,792763
Other services (except public administration)(609),"All firms classifiable by gender, ethnicity, race, and veteran status",Government-guaranteed business loan from a bank or financial institution,10841,5122280
Other services (except public administration)(609),"All firms classifiable by gender, ethnicity, race, and veteran status",Business loan from a bank or financial institution,116784,33661502
Other services (except public administration)(609),"All firms classifiable by gender, ethnicity, race, and veteran status",Business loan/investment from family/friends,38414,8856303
Other services (except public administration)(609),"All firms classifiable by gender, ethnicity, race, and veteran status",Investment by venture capitalist(s),2160,562592
Other services (except public administration)(609),"All firms classifiable by gender, ethnicity, race, and veteran status",Grants,3329,437190
Other services (except public administration)(609),"All firms classifiable by gender, ethnicity, race, and veteran status",Other source(s) of capital,32805,5278345
Other services (except public administration)(609),"All firms classifiable by gender, ethnicity, race, and veteran status",Don't know,144088,31271894
Other services (except public administration)(609),"All firms classifiable by gender, ethnicity, race, and veteran status",None needed,500240,14947450
Other services (except public administration)(609),"All firms classifiable by gender, ethnicity, race, and veteran status",Total reporting,1898258(r),181085724(r)
Other services (except public administration)(609),"All firms classifiable by gender, ethnicity, race, and veteran status",Item not reported,76784(r),2877353(r)
Other services (except public administration)(609),"Publicly held and other firms not classifiable by gender, ethnicity, race, and veteran status",All firms,15880,50500535
Other services (except public administration)(609),"Publicly held and other firms not classifiable by gender, ethnicity, race, and veteran status",Personal/family savings of owner(s),1923,314280
Other services (except public administration)(609),"Publicly held and other firms not classifiable by gender, ethnicity, race, and veteran status",Personal/family assets other than savings of owner(s),284,S
Other services (except public administration)(609),"Publicly held and other firms not classifiable by gender, ethnicity, race, and veteran status",Personal/family home equity loan,73,S
Other services (except public administration)(609),"Publicly held and other firms not classifiable by gender, ethnicity, race, and veteran status",Personal credit card(s) carrying balances,413,S
Other services (except public administration)(609),"Publicly held and other firms not classifiable by gender, ethnicity, race, and veteran status",Business credit card(s) carrying balances,180,S
Other services (except public administration)(609),"Publicly held and other firms not classifiable by gender, ethnicity, race, and veteran status","Business loan from federal, state, or local government",125,S
Other services (except public administration)(609),"Publicly held and other firms not classifiable by gender, ethnicity, race, and veteran status",Government-guaranteed business loan from a bank or financial institution,61,S
Other services (except public administration)(609),"Publicly held and other firms not classifiable by gender, ethnicity, race, and veteran status",Business loan from a bank or financial institution,112,19278
Other services (except public administration)(609),"Publicly held and other firms not classifiable by gender, ethnicity, race, and veteran status",Business loan/investment from family/friends,166,S
Other services (except public administration)(609),"Publicly held and other firms not classifiable by gender, ethnicity, race, and veteran status",Investment by venture capitalist(s),61,S
Other services (except public administration)(609),"Publicly held and other firms not classifiable by gender, ethnicity, race, and veteran status",Grants,61,S
Other services (except public administration)(609),"Publicly held and other firms not classifiable by gender, ethnicity, race, and veteran status",Other source(s) of capital,311,S
Other services (except public administration)(609),"Publicly held and other firms not classifiable by gender, ethnicity, race, and veteran status",Don't know,2625,570161
Other services (except public administration)(609),"Publicly held and other firms not classifiable by gender, ethnicity, race, and veteran status",None needed,2400,57030
Other services (except public administration)(609),"Publicly held and other firms not classifiable by gender, ethnicity, race, and veteran status",Total reporting,7763(r),1865619(r)
Other services (except public administration)(609),"Publicly held and other firms not classifiable by gender, ethnicity, race, and veteran status",Item not reported,17954(r),20799241(r)
Industries not classified,All firms,All firms,7283,1113994
Industries not classified,All firms,Personal/family savings of owner(s),919,102800
Industries not classified,All firms,Personal/family assets other than savings of owner(s),110,18531
Industries not classified,All firms,Personal/family home equity loan,39,2839
Industries not classified,All firms,Personal credit card(s) carrying balances,120,10011
Industries not classified,All firms,Business credit card(s) carrying balances,36,3300
Industries not classified,All firms,"Business loan from federal, state, or local government",19,S
Industries not classified,All firms,Government-guaranteed business loan from a bank or financial institution,6,S
Industries not classified,All firms,Business loan from a bank or financial institution,116,24413
Industries not classified,All firms,Business loan/investment from family/friends,25,2326
Industries not classified,All firms,Investment by venture capitalist(s),0,0
Industries not classified,All firms,Grants,2,S
Industries not classified,All firms,Other source(s) of capital,36,2788
Industries not classified,All firms,Don't know,176,8348
Industries not classified,All firms,None needed,510,45736
Industries not classified,All firms,Total reporting,1767(r),191667(r)
Industries not classified,All firms,Item not reported,148(r),21121(r)
Industries not classified,Female-owned,All firms,2759,267737
Industries not classified,Female-owned,Personal/family savings of owner(s),284,23074
Industries not classified,Female-owned,Personal/family assets other than savings of owner(s),29,1932
Industries not classified,Female-owned,Personal/family home equity loan,12,S
Industries not classified,Female-owned,Personal credit card(s) carrying balances,77,S
Industries not classified,Female-owned,Business credit card(s) carrying balances,34,S
Industries not classified,Female-owned,"Business loan from federal, state, or local government",0,0
Industries not classified,Female-owned,Government-guaranteed business loan from a bank or financial institution,0,0
Industries not classified,Female-owned,Business loan from a bank or financial institution,13,S
Industries not classified,Female-owned,Business loan/investment from family/friends,6,S
Industries not classified,Female-owned,Investment by venture capitalist(s),0,0
Industries not classified,Female-owned,Grants,2,S
Industries not classified,Female-owned,Other source(s) of capital,6,220
Industries not classified,Female-owned,Don't know,89,S
Industries not classified,Female-owned,None needed,241,18699
Industries not classified,Female-owned,Total reporting,651,49775
Industries not classified,Female-owned,Item not reported,20,S
Industries not classified,Male-owned,All firms,3654,689637
Industries not classified,Male-owned,Personal/family savings of owner(s),514,65559
Industries not classified,Male-owned,Personal/family assets other than savings of owner(s),68,14607
Industries not classified,Male-owned,Personal/family home equity loan,19,1328
Industries not classified,Male-owned,Personal credit card(s) carrying balances,32,4973
Industries not classified,Male-owned,Business credit card(s) carrying balances,2,S
Industries not classified,Male-owned,"Business loan from federal, state, or local government",0,0
Industries not classified,Male-owned,Government-guaranteed business loan from a bank or financial institution,6,S
Industries not classified,Male-owned,Business loan from a bank or financial institution,67,15416
Industries not classified,Male-owned,Business loan/investment from family/friends,12,1152
Industries not classified,Male-owned,Investment by venture capitalist(s),0,0
Industries not classified,Male-owned,Grants,0,0
Industries not classified,Male-owned,Other source(s) of capital,25,S
Industries not classified,Male-owned,Don't know,87,3361
Industries not classified,Male-owned,None needed,233,24445
Industries not classified,Male-owned,Total reporting,904,116279
Industries not classified,Male-owned,Item not reported,39,2011
Industries not classified,Equally male-/female-owned,All firms,797,144960
Industries not classified,Equally male-/female-owned,Personal/family savings of owner(s),121,14167
Industries not classified,Equally male-/female-owned,Personal/family assets other than savings of owner(s),13,1992
Industries not classified,Equally male-/female-owned,Personal/family home equity loan,8,S
Industries not classified,Equally male-/female-owned,Personal credit card(s) carrying balances,11,S
Industries not classified,Equally male-/female-owned,Business credit card(s) carrying balances,0,0
Industries not classified,Equally male-/female-owned,"Business loan from federal, state, or local government",19,S
Industries not classified,Equally male-/female-owned,Government-guaranteed business loan from a bank or financial institution,0,0
Industries not classified,Equally male-/female-owned,Business loan from a bank or financial institution,36,S
Industries not classified,Equally male-/female-owned,Business loan/investment from family/friends,6,S
Industries not classified,Equally male-/female-owned,Investment by venture capitalist(s),0,0
Industries not classified,Equally male-/female-owned,Grants,0,0
Industries not classified,Equally male-/female-owned,Other source(s) of capital,6,S
Industries not classified,Equally male-/female-owned,Don't know,0,0
Industries not classified,Equally male-/female-owned,None needed,36,2592
Industries not classified,Equally male-/female-owned,Total reporting,212(r),25614(r)
Industries not classified,Equally male-/female-owned,Item not reported,9(r),S
Industries not classified,Hispanic,All firms,366,43514
Industries not classified,Hispanic,Personal/family savings of owner(s),35,2047
Industries not classified,Hispanic,Personal/family assets other than savings of owner(s),11,S
Industries not classified,Hispanic,Personal/family home equity loan,0,0
Industries not classified,Hispanic,Personal credit card(s) carrying balances,0,0
Industries not classified,Hispanic,Business credit card(s) carrying balances,0,0
Industries not classified,Hispanic,"Business loan from federal, state, or local government",0,0
Industries not classified,Hispanic,Government-guaranteed business loan from a bank or financial institution,0,0
Industries not classified,Hispanic,Business loan from a bank or financial institution,0,0
Industries not classified,Hispanic,Business loan/investment from family/friends,0,0
Industries not classified,Hispanic,Investment by venture capitalist(s),0,0
Industries not classified,Hispanic,Grants,0,0
Industries not classified,Hispanic,Other source(s) of capital,2,S
Industries not classified,Hispanic,Don't know,2,S
Industries not classified,Hispanic,None needed,4,S
Industries not classified,Hispanic,Total reporting,46,4683
Industries not classified,Hispanic,Item not reported,2,S
Industries not classified,"Hispanic, female-owned",All firms,132,12118
Industries not classified,"Hispanic, female-owned",Personal/family savings of owner(s),19,676
Industries not classified,"Hispanic, female-owned",Personal/family assets other than savings of owner(s),5,S
Industries not classified,"Hispanic, female-owned",Personal/family home equity loan,0,0
Industries not classified,"Hispanic, female-owned",Personal credit card(s) carrying balances,0,0
Industries not classified,"Hispanic, female-owned",Business credit card(s) carrying balances,0,0
Industries not classified,"Hispanic, female-owned","Business loan from federal, state, or local government",0,0
Industries not classified,"Hispanic, female-owned",Government-guaranteed business loan from a bank or financial institution,0,0
Industries not classified,"Hispanic, female-owned",Business loan from a bank or financial institution,0,0
Industries not classified,"Hispanic, female-owned",Business loan/investment from family/friends,0,0
Industries not classified,"Hispanic, female-owned",Investment by venture capitalist(s),0,0
Industries not classified,"Hispanic, female-owned",Grants,0,0
Industries not classified,"Hispanic, female-owned",Other source(s) of capital,2,S
Industries not classified,"Hispanic, female-owned",Don't know,0,0
Industries not classified,"Hispanic, female-owned",None needed,2,S
Industries not classified,"Hispanic, female-owned",Total reporting,26,S
Industries not classified,"Hispanic, female-owned",Item not reported,0,0
Industries not classified,"Hispanic, male-owned",All firms,198,26345
Industries not classified,"Hispanic, male-owned",Personal/family savings of owner(s),16,S
Industries not classified,"Hispanic, male-owned",Personal/family assets other than savings of owner(s),6,S
Industries not classified,"Hispanic, male-owned",Personal/family home equity loan,0,0
Industries not classified,"Hispanic, male-owned",Personal credit card(s) carrying balances,0,0
Industries not classified,"Hispanic, male-owned",Business credit card(s) carrying balances,0,0
Industries not classified,"Hispanic, male-owned","Business loan from federal, state, or local government",0,0
Industries not classified,"Hispanic, male-owned",Government-guaranteed business loan from a bank or financial institution,0,0
Industries not classified,"Hispanic, male-owned",Business loan from a bank or financial institution,0,0
Industries not classified,"Hispanic, male-owned",Business loan/investment from family/friends,0,0
Industries not classified,"Hispanic, male-owned",Investment by venture capitalist(s),0,0
Industries not classified,"Hispanic, male-owned",Grants,0,0
Industries not classified,"Hispanic, male-owned",Other source(s) of capital,0,0
Industries not classified,"Hispanic, male-owned",Don't know,2,S
Industries not classified,"Hispanic, male-owned",None needed,2,S
Industries not classified,"Hispanic, male-owned",Total reporting,20,S
Industries not classified,"Hispanic, male-owned",Item not reported,2,S
Industries not classified,"Hispanic, equally male-/female-owned",All firms,36,S
Industries not classified,"Hispanic, equally male-/female-owned",Personal/family savings of owner(s),0,S
Industries not classified,"Hispanic, equally male-/female-owned",Personal/family assets other than savings of owner(s),0,S
Industries not classified,"Hispanic, equally male-/female-owned",Personal/family home equity loan,0,S
Industries not classified,"Hispanic, equally male-/female-owned",Personal credit card(s) carrying balances,0,S
Industries not classified,"Hispanic, equally male-/female-owned",Business credit card(s) carrying balances,0,S
Industries not classified,"Hispanic, equally male-/female-owned","Business loan from federal, state, or local government",0,S
Industries not classified,"Hispanic, equally male-/female-owned",Government-guaranteed business loan from a bank or financial institution,0,S
Industries not classified,"Hispanic, equally male-/female-owned",Business loan from a bank or financial institution,0,S
Industries not classified,"Hispanic, equally male-/female-owned",Business loan/investment from family/friends,0,S
Industries not classified,"Hispanic, equally male-/female-owned",Investment by venture capitalist(s),0,S
Industries not classified,"Hispanic, equally male-/female-owned",Grants,0,S
Industries not classified,"Hispanic, equally male-/female-owned",Other source(s) of capital,0,S
Industries not classified,"Hispanic, equally male-/female-owned",Don't know,0,S
Industries not classified,"Hispanic, equally male-/female-owned",None needed,0,S
Industries not classified,"Hispanic, equally male-/female-owned",Total reporting,0,S
Industries not classified,"Hispanic, equally male-/female-owned",Item not reported,0,S
Industries not classified,Equally Hispanic/non-Hispanic,All firms,33,2344
Industries not classified,Equally Hispanic/non-Hispanic,Personal/family savings of owner(s),3,S
Industries not classified,Equally Hispanic/non-Hispanic,Personal/family assets other than savings of owner(s),0,0
Industries not classified,Equally Hispanic/non-Hispanic,Personal/family home equity loan,0,0
Industries not classified,Equally Hispanic/non-Hispanic,Personal credit card(s) carrying balances,0,0
Industries not classified,Equally Hispanic/non-Hispanic,Business credit card(s) carrying balances,0,0
Industries not classified,Equally Hispanic/non-Hispanic,"Business loan from federal, state, or local government",0,0
Industries not classified,Equally Hispanic/non-Hispanic,Government-guaranteed business loan from a bank or financial institution,0,0
Industries not classified,Equally Hispanic/non-Hispanic,Business loan from a bank or financial institution,0,0
Industries not classified,Equally Hispanic/non-Hispanic,Business loan/investment from family/friends,0,0
Industries not classified,Equally Hispanic/non-Hispanic,Investment by venture capitalist(s),0,0
Industries not classified,Equally Hispanic/non-Hispanic,Grants,0,0
Industries not classified,Equally Hispanic/non-Hispanic,Other source(s) of capital,0,0
Industries not classified,Equally Hispanic/non-Hispanic,Don't know,0,0
Industries not classified,Equally Hispanic/non-Hispanic,None needed,2,S
Industries not classified,Equally Hispanic/non-Hispanic,Total reporting,5,S
Industries not classified,Equally Hispanic/non-Hispanic,Item not reported,0,0
Industries not classified,"Equally Hispanic/non-Hispanic, female-owned",All firms,0,0
Industries not classified,"Equally Hispanic/non-Hispanic, female-owned",Personal/family savings of owner(s),0,0
Industries not classified,"Equally Hispanic/non-Hispanic, female-owned",Personal/family assets other than savings of owner(s),0,0
Industries not classified,"Equally Hispanic/non-Hispanic, female-owned",Personal/family home equity loan,0,0
Industries not classified,"Equally Hispanic/non-Hispanic, female-owned",Personal credit card(s) carrying balances,0,0
Industries not classified,"Equally Hispanic/non-Hispanic, female-owned",Business credit card(s) carrying balances,0,0
Industries not classified,"Equally Hispanic/non-Hispanic, female-owned","Business loan from federal, state, or local government",0,0
Industries not classified,"Equally Hispanic/non-Hispanic, female-owned",Government-guaranteed business loan from a bank or financial institution,0,0
Industries not classified,"Equally Hispanic/non-Hispanic, female-owned",Business loan from a bank or financial institution,0,0
Industries not classified,"Equally Hispanic/non-Hispanic, female-owned",Business loan/investment from family/friends,0,0
Industries not classified,"Equally Hispanic/non-Hispanic, female-owned",Investment by venture capitalist(s),0,0
Industries not classified,"Equally Hispanic/non-Hispanic, female-owned",Grants,0,0
Industries not classified,"Equally Hispanic/non-Hispanic, female-owned",Other source(s) of capital,0,0
Industries not classified,"Equally Hispanic/non-Hispanic, female-owned",Don't know,0,0
Industries not classified,"Equally Hispanic/non-Hispanic, female-owned",None needed,0,0
Industries not classified,"Equally Hispanic/non-Hispanic, female-owned",Total reporting,0,0
Industries not classified,"Equally Hispanic/non-Hispanic, female-owned",Item not reported,0,0
Industries not classified,"Equally Hispanic/non-Hispanic, male-owned",All firms,0,0
Industries not classified,"Equally Hispanic/non-Hispanic, male-owned",Personal/family savings of owner(s),0,0
Industries not classified,"Equally Hispanic/non-Hispanic, male-owned",Personal/family assets other than savings of owner(s),0,0
Industries not classified,"Equally Hispanic/non-Hispanic, male-owned",Personal/family home equity loan,0,0
Industries not classified,"Equally Hispanic/non-Hispanic, male-owned",Personal credit card(s) carrying balances,0,0
Industries not classified,"Equally Hispanic/non-Hispanic, male-owned",Business credit card(s) carrying balances,0,0
Industries not classified,"Equally Hispanic/non-Hispanic, male-owned","Business loan from federal, state, or local government",0,0
Industries not classified,"Equally Hispanic/non-Hispanic, male-owned",Government-guaranteed business loan from a bank or financial institution,0,0
Industries not classified,"Equally Hispanic/non-Hispanic, male-owned",Business loan from a bank or financial institution,0,0
Industries not classified,"Equally Hispanic/non-Hispanic, male-owned",Business loan/investment from family/friends,0,0
Industries not classified,"Equally Hispanic/non-Hispanic, male-owned",Investment by venture capitalist(s),0,0
Industries not classified,"Equally Hispanic/non-Hispanic, male-owned",Grants,0,0
Industries not classified,"Equally Hispanic/non-Hispanic, male-owned",Other source(s) of capital,0,0
Industries not classified,"Equally Hispanic/non-Hispanic, male-owned",Don't know,0,0
Industries not classified,"Equally Hispanic/non-Hispanic, male-owned",None needed,0,0
Industries not classified,"Equally Hispanic/non-Hispanic, male-owned",Total reporting,0,0
Industries not classified,"Equally Hispanic/non-Hispanic, male-owned",Item not reported,0,0
Industries not classified,"Equally Hispanic/non-Hispanic, equally male-/female-owned",All firms,33,2344
Industries not classified,"Equally Hispanic/non-Hispanic, equally male-/female-owned",Personal/family savings of owner(s),3,S
Industries not classified,"Equally Hispanic/non-Hispanic, equally male-/female-owned",Personal/family assets other than savings of owner(s),0,0
Industries not classified,"Equally Hispanic/non-Hispanic, equally male-/female-owned",Personal/family home equity loan,0,0
Industries not classified,"Equally Hispanic/non-Hispanic, equally male-/female-owned",Personal credit card(s) carrying balances,0,0
Industries not classified,"Equally Hispanic/non-Hispanic, equally male-/female-owned",Business credit card(s) carrying balances,0,0
Industries not classified,"Equally Hispanic/non-Hispanic, equally male-/female-owned","Business loan from federal, state, or local government",0,0
Industries not classified,"Equally Hispanic/non-Hispanic, equally male-/female-owned",Government-guaranteed business loan from a bank or financial institution,0,0
Industries not classified,"Equally Hispanic/non-Hispanic, equally male-/female-owned",Business loan from a bank or financial institution,0,0
Industries not classified,"Equally Hispanic/non-Hispanic, equally male-/female-owned",Business loan/investment from family/friends,0,0
Industries not classified,"Equally Hispanic/non-Hispanic, equally male-/female-owned",Investment by venture capitalist(s),0,0
Industries not classified,"Equally Hispanic/non-Hispanic, equally male-/female-owned",Grants,0,0
Industries not classified,"Equally Hispanic/non-Hispanic, equally male-/female-owned",Other source(s) of capital,0,0
Industries not classified,"Equally Hispanic/non-Hispanic, equally male-/female-owned",Don't know,0,0
Industries not classified,"Equally Hispanic/non-Hispanic, equally male-/female-owned",None needed,2,S
Industries not classified,"Equally Hispanic/non-Hispanic, equally male-/female-owned",Total reporting,5,S
Industries not classified,"Equally Hispanic/non-Hispanic, equally male-/female-owned",Item not reported,0,0
Industries not classified,Non-Hispanic,All firms,6811,1056476
Industries not classified,Non-Hispanic,Personal/family savings of owner(s),881,100654
Industries not classified,Non-Hispanic,Personal/family assets other than savings of owner(s),99,16966
Industries not classified,Non-Hispanic,Personal/family home equity loan,39,2839
Industries not classified,Non-Hispanic,Personal credit card(s) carrying balances,120,10011
Industries not classified,Non-Hispanic,Business credit card(s) carrying balances,36,3300
Industries not classified,Non-Hispanic,"Business loan from federal, state, or local government",19,S
Industries not classified,Non-Hispanic,Government-guaranteed business loan from a bank or financial institution,6,S
Industries not classified,Non-Hispanic,Business loan from a bank or financial institution,116,24413
Industries not classified,Non-Hispanic,Business loan/investment from family/friends,25,2326
Industries not classified,Non-Hispanic,Investment by venture capitalist(s),0,0
Industries not classified,Non-Hispanic,Grants,2,S
Industries not classified,Non-Hispanic,Other source(s) of capital,34,S
Industries not classified,Non-Hispanic,Don't know,174,8128
Industries not classified,Non-Hispanic,None needed,504,43611
Industries not classified,Non-Hispanic,Total reporting,1716(r),186567(r)
Industries not classified,Non-Hispanic,Item not reported,67(r),4765(r)
Industries not classified,"Non-Hispanic, female-owned",All firms,2626,255619
Industries not classified,"Non-Hispanic, female-owned",Personal/family savings of owner(s),265,22399
Industries not classified,"Non-Hispanic, female-owned",Personal/family assets other than savings of owner(s),25,S
Industries not classified,"Non-Hispanic, female-owned",Personal/family home equity loan,12,S
Industries not classified,"Non-Hispanic, female-owned",Personal credit card(s) carrying balances,77,S
Industries not classified,"Non-Hispanic, female-owned",Business credit card(s) carrying balances,34,S
Industries not classified,"Non-Hispanic, female-owned","Business loan from federal, state, or local government",0,0
Industries not classified,"Non-Hispanic, female-owned",Government-guaranteed business loan from a bank or financial institution,0,0
Industries not classified,"Non-Hispanic, female-owned",Business loan from a bank or financial institution,13,S
Industries not classified,"Non-Hispanic, female-owned",Business loan/investment from family/friends,6,S
Industries not classified,"Non-Hispanic, female-owned",Investment by venture capitalist(s),0,0
Industries not classified,"Non-Hispanic, female-owned",Grants,2,S
Industries not classified,"Non-Hispanic, female-owned",Other source(s) of capital,3,S
Industries not classified,"Non-Hispanic, female-owned",Don't know,89,S
Industries not classified,"Non-Hispanic, female-owned",None needed,239,18612
Industries not classified,"Non-Hispanic, female-owned",Total reporting,624,48402
Industries not classified,"Non-Hispanic, female-owned",Item not reported,20,S
Industries not classified,"Non-Hispanic, male-owned",All firms,3457,663292
Industries not classified,"Non-Hispanic, male-owned",Personal/family savings of owner(s),498,64188
Industries not classified,"Non-Hispanic, male-owned",Personal/family assets other than savings of owner(s),61,13652
Industries not classified,"Non-Hispanic, male-owned",Personal/family home equity loan,19,1328
Industries not classified,"Non-Hispanic, male-owned",Personal credit card(s) carrying balances,32,4973
Industries not classified,"Non-Hispanic, male-owned",Business credit card(s) carrying balances,2,S
Industries not classified,"Non-Hispanic, male-owned","Business loan from federal, state, or local government",0,0
Industries not classified,"Non-Hispanic, male-owned",Government-guaranteed business loan from a bank or financial institution,6,S
Industries not classified,"Non-Hispanic, male-owned",Business loan from a bank or financial institution,67,15416
Industries not classified,"Non-Hispanic, male-owned",Business loan/investment from family/friends,12,1152
Industries not classified,"Non-Hispanic, male-owned",Investment by venture capitalist(s),0,0
Industries not classified,"Non-Hispanic, male-owned",Grants,0,0
Industries not classified,"Non-Hispanic, male-owned",Other source(s) of capital,25,S
Industries not classified,"Non-Hispanic, male-owned",Don't know,85,3142
Industries not classified,"Non-Hispanic, male-owned",None needed,231,22725
Industries not classified,"Non-Hispanic, male-owned",Total reporting,884,112968
Industries not classified,"Non-Hispanic, male-owned",Item not reported,37,S
Industries not classified,"Non-Hispanic, equally male-/female-owned",All firms,728,137565
Industries not classified,"Non-Hispanic, equally male-/female-owned",Personal/family savings of owner(s),118,14068
Industries not classified,"Non-Hispanic, equally male-/female-owned",Personal/family assets other than savings of owner(s),13,1992
Industries not classified,"Non-Hispanic, equally male-/female-owned",Personal/family home equity loan,8,S
Industries not classified,"Non-Hispanic, equally male-/female-owned",Personal credit card(s) carrying balances,11,S
Industries not classified,"Non-Hispanic, equally male-/female-owned",Business credit card(s) carrying balances,0,0
Industries not classified,"Non-Hispanic, equally male-/female-owned","Business loan from federal, state, or local government",19,S
Industries not classified,"Non-Hispanic, equally male-/female-owned",Government-guaranteed business loan from a bank or financial institution,0,0
Industries not classified,"Non-Hispanic, equally male-/female-owned",Business loan from a bank or financial institution,36,S
Industries not classified,"Non-Hispanic, equally male-/female-owned",Business loan/investment from family/friends,6,S
Industries not classified,"Non-Hispanic, equally male-/female-owned",Investment by venture capitalist(s),0,0
Industries not classified,"Non-Hispanic, equally male-/female-owned",Grants,0,0
Industries not classified,"Non-Hispanic, equally male-/female-owned",Other source(s) of capital,6,S
Industries not classified,"Non-Hispanic, equally male-/female-owned",Don't know,0,0
Industries not classified,"Non-Hispanic, equally male-/female-owned",None needed,34,2274
Industries not classified,"Non-Hispanic, equally male-/female-owned",Total reporting,207(r),25197(r)
Industries not classified,"Non-Hispanic, equally male-/female-owned",Item not reported,9(r),S
Industries not classified,White,All firms,5880,974991
Industries not classified,White,Personal/family savings of owner(s),765,87446
Industries not classified,White,Personal/family assets other than savings of owner(s),102,16950
Industries not classified,White,Personal/family home equity loan,39,2839
Industries not classified,White,Personal credit card(s) carrying balances,80,6744
Industries not classified,White,Business credit card(s) carrying balances,18,2802
Industries not classified,White,"Business loan from federal, state, or local government",19,S
Industries not classified,White,Government-guaranteed business loan from a bank or financial institution,6,S
Industries not classified,White,Business loan from a bank or financial institution,111,23605
Industries not classified,White,Business loan/investment from family/friends,25,2326
Industries not classified,White,Investment by venture capitalist(s),0,0
Industries not classified,White,Grants,0,0
Industries not classified,White,Other source(s) of capital,34,2741
Industries not classified,White,Don't know,120,7626
Industries not classified,White,None needed,492,43515
Industries not classified,White,Total reporting,1530(r),172489(r)
Industries not classified,White,Item not reported,62(r),3538(r)
Industries not classified,"White, female-owned",All firms,2041,217964
Industries not classified,"White, female-owned",Personal/family savings of owner(s),204,17862
Industries not classified,"White, female-owned",Personal/family assets other than savings of owner(s),23,S
Industries not classified,"White, female-owned",Personal/family home equity loan,12,S
Industries not classified,"White, female-owned",Personal credit card(s) carrying balances,52,S
Industries not classified,"White, female-owned",Business credit card(s) carrying balances,16,S
Industries not classified,"White, female-owned","Business loan from federal, state, or local government",0,0
Industries not classified,"White, female-owned",Government-guaranteed business loan from a bank or financial institution,0,0
Industries not classified,"White, female-owned",Business loan from a bank or financial institution,13,S
Industries not classified,"White, female-owned",Business loan/investment from family/friends,6,S
Industries not classified,"White, female-owned",Investment by venture capitalist(s),0,0
Industries not classified,"White, female-owned",Grants,0,0
Industries not classified,"White, female-owned",Other source(s) of capital,6,220
Industries not classified,"White, female-owned",Don't know,78,S
Industries not classified,"White, female-owned",None needed,235,18558
Industries not classified,"White, female-owned",Total reporting,546,43357
Industries not classified,"White, female-owned",Item not reported,20,S
Industries not classified,"White, male-owned",All firms,3195,625288
Industries not classified,"White, male-owned",Personal/family savings of owner(s),454,56958
Industries not classified,"White, male-owned",Personal/family assets other than savings of owner(s),65,13846
Industries not classified,"White, male-owned",Personal/family home equity loan,19,1328
Industries not classified,"White, male-owned",Personal credit card(s) carrying balances,17,S
Industries not classified,"White, male-owned",Business credit card(s) carrying balances,2,S
Industries not classified,"White, male-owned","Business loan from federal, state, or local government",0,0
Industries not classified,"White, male-owned",Government-guaranteed business loan from a bank or financial institution,6,S
Industries not classified,"White, male-owned",Business loan from a bank or financial institution,62,14608
Industries not classified,"White, male-owned",Business loan/investment from family/friends,12,1152
Industries not classified,"White, male-owned",Investment by venture capitalist(s),0,0
Industries not classified,"White, male-owned",Grants,0,0
Industries not classified,"White, male-owned",Other source(s) of capital,23,S
Industries not classified,"White, male-owned",Don't know,42,S
Industries not classified,"White, male-owned",None needed,229,23581
Industries not classified,"White, male-owned",Total reporting,794,106276
Industries not classified,"White, male-owned",Item not reported,39,2011
Industries not classified,"White, equally male-/female-owned",All firms,645,131739
Industries not classified,"White, equally male-/female-owned",Personal/family savings of owner(s),106,12625
Industries not classified,"White, equally male-/female-owned",Personal/family assets other than savings of owner(s),13,1992
Industries not classified,"White, equally male-/female-owned",Personal/family home equity loan,8,S
Industries not classified,"White, equally male-/female-owned",Personal credit card(s) carrying balances,11,S
Industries not classified,"White, equally male-/female-owned",Business credit card(s) carrying balances,0,0
Industries not classified,"White, equally male-/female-owned","Business loan from federal, state, or local government",19,S
Industries not classified,"White, equally male-/female-owned",Government-guaranteed business loan from a bank or financial institution,0,0
Industries not classified,"White, equally male-/female-owned",Business loan from a bank or financial institution,36,S
Industries not classified,"White, equally male-/female-owned",Business loan/investment from family/friends,6,S
Industries not classified,"White, equally male-/female-owned",Investment by venture capitalist(s),0,0
Industries not classified,"White, equally male-/female-owned",Grants,0,0
Industries not classified,"White, equally male-/female-owned",Other source(s) of capital,6,S
Industries not classified,"White, equally male-/female-owned",Don't know,0,0
Industries not classified,"White, equally male-/female-owned",None needed,29,1376
Industries not classified,"White, equally male-/female-owned",Total reporting,190(r),22856(r)
Industries not classified,"White, equally male-/female-owned",Item not reported,3(r),S
Industries not classified,Black or African American,All firms,606,45728
Industries not classified,Black or African American,Personal/family savings of owner(s),15,S
Industries not classified,Black or African American,Personal/family assets other than savings of owner(s),0,0
Industries not classified,Black or African American,Personal/family home equity loan,0,0
Industries not classified,Black or African American,Personal credit card(s) carrying balances,13,S
Industries not classified,Black or African American,Business credit card(s) carrying balances,0,0
Industries not classified,Black or African American,"Business loan from federal, state, or local government",0,0
Industries not classified,Black or African American,Government-guaranteed business loan from a bank or financial institution,0,0
Industries not classified,Black or African American,Business loan from a bank or financial institution,0,0
Industries not classified,Black or African American,Business loan/investment from family/friends,0,0
Industries not classified,Black or African American,Investment by venture capitalist(s),0,0
Industries not classified,Black or African American,Grants,2,S
Industries not classified,Black or African American,Other source(s) of capital,0,0
Industries not classified,Black or African American,Don't know,43,S
Industries not classified,Black or African American,None needed,7,1722
Industries not classified,Black or African American,Total reporting,68,2354
Industries not classified,Black or African American,Item not reported,0,0
Industries not classified,"Black or African American, female-owned",All firms,368,S
Industries not classified,"Black or African American, female-owned",Personal/family savings of owner(s),2,S
Industries not classified,"Black or African American, female-owned",Personal/family assets other than savings of owner(s),0,S
Industries not classified,"Black or African American, female-owned",Personal/family home equity loan,0,S
Industries not classified,"Black or African American, female-owned",Personal credit card(s) carrying balances,0,S
Industries not classified,"Black or African American, female-owned",Business credit card(s) carrying balances,0,S
Industries not classified,"Black or African American, female-owned","Business loan from federal, state, or local government",0,S
Industries not classified,"Black or African American, female-owned",Government-guaranteed business loan from a bank or financial institution,0,S
Industries not classified,"Black or African American, female-owned",Business loan from a bank or financial institution,0,S
Industries not classified,"Black or African American, female-owned",Business loan/investment from family/friends,0,S
Industries not classified,"Black or African American, female-owned",Investment by venture capitalist(s),0,S
Industries not classified,"Black or African American, female-owned",Grants,2,S
Industries not classified,"Black or African American, female-owned",Other source(s) of capital,0,S
Industries not classified,"Black or African American, female-owned",Don't know,4,S
Industries not classified,"Black or African American, female-owned",None needed,0,S
Industries not classified,"Black or African American, female-owned",Total reporting,8,S
Industries not classified,"Black or African American, female-owned",Item not reported,0,S
Industries not classified,"Black or African American, male-owned",All firms,199,20564
Industries not classified,"Black or African American, male-owned",Personal/family savings of owner(s),13,S
Industries not classified,"Black or African American, male-owned",Personal/family assets other than savings of owner(s),0,0
Industries not classified,"Black or African American, male-owned",Personal/family home equity loan,0,0
Industries not classified,"Black or African American, male-owned",Personal credit card(s) carrying balances,13,S
Industries not classified,"Black or African American, male-owned",Business credit card(s) carrying balances,0,0
Industries not classified,"Black or African American, male-owned","Business loan from federal, state, or local government",0,0
Industries not classified,"Black or African American, male-owned",Government-guaranteed business loan from a bank or financial institution,0,0
Industries not classified,"Black or African American, male-owned",Business loan from a bank or financial institution,0,0
Industries not classified,"Black or African American, male-owned",Business loan/investment from family/friends,0,0
Industries not classified,"Black or African American, male-owned",Investment by venture capitalist(s),0,0
Industries not classified,"Black or African American, male-owned",Grants,0,0
Industries not classified,"Black or African American, male-owned",Other source(s) of capital,0,0
Industries not classified,"Black or African American, male-owned",Don't know,39,S
Industries not classified,"Black or African American, male-owned",None needed,2,S
Industries not classified,"Black or African American, male-owned",Total reporting,54,1217
Industries not classified,"Black or African American, male-owned",Item not reported,0,0
Industries not classified,"Black or African American, equally male-/female-owned",All firms,39,3620
Industries not classified,"Black or African American, equally male-/female-owned",Personal/family savings of owner(s),0,0
Industries not classified,"Black or African American, equally male-/female-owned",Personal/family assets other than savings of owner(s),0,0
Industries not classified,"Black or African American, equally male-/female-owned",Personal/family home equity loan,0,0
Industries not classified,"Black or African American, equally male-/female-owned",Personal credit card(s) carrying balances,0,0
Industries not classified,"Black or African American, equally male-/female-owned",Business credit card(s) carrying balances,0,0
Industries not classified,"Black or African American, equally male-/female-owned","Business loan from federal, state, or local government",0,0
Industries not classified,"Black or African American, equally male-/female-owned",Government-guaranteed business loan from a bank or financial institution,0,0
Industries not classified,"Black or African American, equally male-/female-owned",Business loan from a bank or financial institution,0,0
Industries not classified,"Black or African American, equally male-/female-owned",Business loan/investment from family/friends,0,0
Industries not classified,"Black or African American, equally male-/female-owned",Investment by venture capitalist(s),0,0
Industries not classified,"Black or African American, equally male-/female-owned",Grants,0,0
Industries not classified,"Black or African American, equally male-/female-owned",Other source(s) of capital,0,0
Industries not classified,"Black or African American, equally male-/female-owned",Don't know,0,0
Industries not classified,"Black or African American, equally male-/female-owned",None needed,5,S
Industries not classified,"Black or African American, equally male-/female-owned",Total reporting,5,S
Industries not classified,"Black or African American, equally male-/female-owned",Item not reported,0,0
Industries not classified,American Indian and Alaska Native,All firms,37,1925
Industries not classified,American Indian and Alaska Native,Personal/family savings of owner(s),4,126
Industries not classified,American Indian and Alaska Native,Personal/family assets other than savings of owner(s),0,0
Industries not classified,American Indian and Alaska Native,Personal/family home equity loan,0,0
Industries not classified,American Indian and Alaska Native,Personal credit card(s) carrying balances,0,0
Industries not classified,American Indian and Alaska Native,Business credit card(s) carrying balances,0,0
Industries not classified,American Indian and Alaska Native,"Business loan from federal, state, or local government",0,0
Industries not classified,American Indian and Alaska Native,Government-guaranteed business loan from a bank or financial institution,0,0
Industries not classified,American Indian and Alaska Native,Business loan from a bank or financial institution,4,S
Industries not classified,American Indian and Alaska Native,Business loan/investment from family/friends,0,0
Industries not classified,American Indian and Alaska Native,Investment by venture capitalist(s),0,0
Industries not classified,American Indian and Alaska Native,Grants,0,0
Industries not classified,American Indian and Alaska Native,Other source(s) of capital,2,S
Industries not classified,American Indian and Alaska Native,Don't know,0,0
Industries not classified,American Indian and Alaska Native,None needed,6,149
Industries not classified,American Indian and Alaska Native,Total reporting,14,634
Industries not classified,American Indian and Alaska Native,Item not reported,0,0
Industries not classified,"American Indian and Alaska Native, female-owned",All firms,23,1322
Industries not classified,"American Indian and Alaska Native, female-owned",Personal/family savings of owner(s),4,126
Industries not classified,"American Indian and Alaska Native, female-owned",Personal/family assets other than savings of owner(s),0,0
Industries not classified,"American Indian and Alaska Native, female-owned",Personal/family home equity loan,0,0
Industries not classified,"American Indian and Alaska Native, female-owned",Personal credit card(s) carrying balances,0,0
Industries not classified,"American Indian and Alaska Native, female-owned",Business credit card(s) carrying balances,0,0
Industries not classified,"American Indian and Alaska Native, female-owned","Business loan from federal, state, or local government",0,0
Industries not classified,"American Indian and Alaska Native, female-owned",Government-guaranteed business loan from a bank or financial institution,0,0
Industries not classified,"American Indian and Alaska Native, female-owned",Business loan from a bank or financial institution,0,0
Industries not classified,"American Indian and Alaska Native, female-owned",Business loan/investment from family/friends,0,0
Industries not classified,"American Indian and Alaska Native, female-owned",Investment by venture capitalist(s),0,0
Industries not classified,"American Indian and Alaska Native, female-owned",Grants,0,0
Industries not classified,"American Indian and Alaska Native, female-owned",Other source(s) of capital,0,0
Industries not classified,"American Indian and Alaska Native, female-owned",Don't know,0,0
Industries not classified,"American Indian and Alaska Native, female-owned",None needed,4,S
Industries not classified,"American Indian and Alaska Native, female-owned",Total reporting,8,235
Industries not classified,"American Indian and Alaska Native, female-owned",Item not reported,0,0
Industries not classified,"American Indian and Alaska Native, male-owned",All firms,12,S
Industries not classified,"American Indian and Alaska Native, male-owned",Personal/family savings of owner(s),0,S
Industries not classified,"American Indian and Alaska Native, male-owned",Personal/family assets other than savings of owner(s),0,S
Industries not classified,"American Indian and Alaska Native, male-owned",Personal/family home equity loan,0,S
Industries not classified,"American Indian and Alaska Native, male-owned",Personal credit card(s) carrying balances,0,S
Industries not classified,"American Indian and Alaska Native, male-owned",Business credit card(s) carrying balances,0,S
Industries not classified,"American Indian and Alaska Native, male-owned","Business loan from federal, state, or local government",0,S
Industries not classified,"American Indian and Alaska Native, male-owned",Government-guaranteed business loan from a bank or financial institution,0,S
Industries not classified,"American Indian and Alaska Native, male-owned",Business loan from a bank or financial institution,4,S
Industries not classified,"American Indian and Alaska Native, male-owned",Business loan/investment from family/friends,0,S
Industries not classified,"American Indian and Alaska Native, male-owned",Investment by venture capitalist(s),0,S
Industries not classified,"American Indian and Alaska Native, male-owned",Grants,0,S
Industries not classified,"American Indian and Alaska Native, male-owned",Other source(s) of capital,2,S
Industries not classified,"American Indian and Alaska Native, male-owned",Don't know,0,S
Industries not classified,"American Indian and Alaska Native, male-owned",None needed,2,S
Industries not classified,"American Indian and Alaska Native, male-owned",Total reporting,6,S
Industries not classified,"American Indian and Alaska Native, male-owned",Item not reported,0,S
Industries not classified,"American Indian and Alaska Native, equally male-/female-owned",All firms,2,S
Industries not classified,"American Indian and Alaska Native, equally male-/female-owned",Personal/family savings of owner(s),0,S
Industries not classified,"American Indian and Alaska Native, equally male-/female-owned",Personal/family assets other than savings of owner(s),0,S
Industries not classified,"American Indian and Alaska Native, equally male-/female-owned",Personal/family home equity loan,0,S
Industries not classified,"American Indian and Alaska Native, equally male-/female-owned",Personal credit card(s) carrying balances,0,S
Industries not classified,"American Indian and Alaska Native, equally male-/female-owned",Business credit card(s) carrying balances,0,S
Industries not classified,"American Indian and Alaska Native, equally male-/female-owned","Business loan from federal, state, or local government",0,S
Industries not classified,"American Indian and Alaska Native, equally male-/female-owned",Government-guaranteed business loan from a bank or financial institution,0,S
Industries not classified,"American Indian and Alaska Native, equally male-/female-owned",Business loan from a bank or financial institution,0,S
Industries not classified,"American Indian and Alaska Native, equally male-/female-owned",Business loan/investment from family/friends,0,S
Industries not classified,"American Indian and Alaska Native, equally male-/female-owned",Investment by venture capitalist(s),0,S
Industries not classified,"American Indian and Alaska Native, equally male-/female-owned",Grants,0,S
Industries not classified,"American Indian and Alaska Native, equally male-/female-owned",Other source(s) of capital,0,S
Industries not classified,"American Indian and Alaska Native, equally male-/female-owned",Don't know,0,S
Industries not classified,"American Indian and Alaska Native, equally male-/female-owned",None needed,0,S
Industries not classified,"American Indian and Alaska Native, equally male-/female-owned",Total reporting,0,S
Industries not classified,"American Indian and Alaska Native, equally male-/female-owned",Item not reported,0,S
Industries not classified,Asian,All firms,549,66436
Industries not classified,Asian,Personal/family savings of owner(s),117,13836
Industries not classified,Asian,Personal/family assets other than savings of owner(s),9,S
Industries not classified,Asian,Personal/family home equity loan,0,0
Industries not classified,Asian,Personal credit card(s) carrying balances,27,3069
Industries not classified,Asian,Business credit card(s) carrying balances,18,S
Industries not classified,Asian,"Business loan from federal, state, or local government",0,0
Industries not classified,Asian,Government-guaranteed business loan from a bank or financial institution,0,0
Industries not classified,Asian,Business loan from a bank or financial institution,2,S
Industries not classified,Asian,Business loan/investment from family/friends,0,0
Industries not classified,Asian,Investment by venture capitalist(s),0,0
Industries not classified,Asian,Grants,0,0
Industries not classified,Asian,Other source(s) of capital,0,0
Industries not classified,Asian,Don't know,10,S
Industries not classified,Asian,None needed,0,0
Industries not classified,Asian,Total reporting,133,14921
Industries not classified,Asian,Item not reported,6,S
Industries not classified,"Asian, female-owned",All firms,290,26109
Industries not classified,"Asian, female-owned",Personal/family savings of owner(s),65,S
Industries not classified,"Asian, female-owned",Personal/family assets other than savings of owner(s),6,S
Industries not classified,"Asian, female-owned",Personal/family home equity loan,0,0
Industries not classified,"Asian, female-owned",Personal credit card(s) carrying balances,25,S
Industries not classified,"Asian, female-owned",Business credit card(s) carrying balances,18,S
Industries not classified,"Asian, female-owned","Business loan from federal, state, or local government",0,0
Industries not classified,"Asian, female-owned",Government-guaranteed business loan from a bank or financial institution,0,0
Industries not classified,"Asian, female-owned",Business loan from a bank or financial institution,0,0
Industries not classified,"Asian, female-owned",Business loan/investment from family/friends,0,0
Industries not classified,"Asian, female-owned",Investment by venture capitalist(s),0,0
Industries not classified,"Asian, female-owned",Grants,0,0
Industries not classified,"Asian, female-owned",Other source(s) of capital,0,0
Industries not classified,"Asian, female-owned",Don't know,6,S
Industries not classified,"Asian, female-owned",None needed,0,0
Industries not classified,"Asian, female-owned",Total reporting,78,S
Industries not classified,"Asian, female-owned",Item not reported,0,0
Industries not classified,"Asian, male-owned",All firms,201,34493
Industries not classified,"Asian, male-owned",Personal/family savings of owner(s),42,S
Industries not classified,"Asian, male-owned",Personal/family assets other than savings of owner(s),2,S
Industries not classified,"Asian, male-owned",Personal/family home equity loan,0,0
Industries not classified,"Asian, male-owned",Personal credit card(s) carrying balances,2,S
Industries not classified,"Asian, male-owned",Business credit card(s) carrying balances,0,0
Industries not classified,"Asian, male-owned","Business loan from federal, state, or local government",0,0
Industries not classified,"Asian, male-owned",Government-guaranteed business loan from a bank or financial institution,0,0
Industries not classified,"Asian, male-owned",Business loan from a bank or financial institution,2,S
Industries not classified,"Asian, male-owned",Business loan/investment from family/friends,0,0
Industries not classified,"Asian, male-owned",Investment by venture capitalist(s),0,0
Industries not classified,"Asian, male-owned",Grants,0,0
Industries not classified,"Asian, male-owned",Other source(s) of capital,0,0
Industries not classified,"Asian, male-owned",Don't know,4,S
Industries not classified,"Asian, male-owned",None needed,0,0
Industries not classified,"Asian, male-owned",Total reporting,45,S
Industries not classified,"Asian, male-owned",Item not reported,0,0
Industries not classified,"Asian, equally male-/female-owned",All firms,58,5833
Industries not classified,"Asian, equally male-/female-owned",Personal/family savings of owner(s),10,1494
Industries not classified,"Asian, equally male-/female-owned",Personal/family assets other than savings of owner(s),0,0
Industries not classified,"Asian, equally male-/female-owned",Personal/family home equity loan,0,0
Industries not classified,"Asian, equally male-/female-owned",Personal credit card(s) carrying balances,0,0
Industries not classified,"Asian, equally male-/female-owned",Business credit card(s) carrying balances,0,0
Industries not classified,"Asian, equally male-/female-owned","Business loan from federal, state, or local government",0,0
Industries not classified,"Asian, equally male-/female-owned",Government-guaranteed business loan from a bank or financial institution,0,0
Industries not classified,"Asian, equally male-/female-owned",Business loan from a bank or financial institution,0,0
Industries not classified,"Asian, equally male-/female-owned",Business loan/investment from family/friends,0,0
Industries not classified,"Asian, equally male-/female-owned",Investment by venture capitalist(s),0,0
Industries not classified,"Asian, equally male-/female-owned",Grants,0,0
Industries not classified,"Asian, equally male-/female-owned",Other source(s) of capital,0,0
Industries not classified,"Asian, equally male-/female-owned",Don't know,0,0
Industries not classified,"Asian, equally male-/female-owned",None needed,0,0
Industries not classified,"Asian, equally male-/female-owned",Total reporting,10,1494
Industries not classified,"Asian, equally male-/female-owned",Item not reported,6,S
Industries not classified,Native Hawaiian and Other Pacific Islander,All firms,11,660
Industries not classified,Native Hawaiian and Other Pacific Islander,Personal/family savings of owner(s),0,0
Industries not classified,Native Hawaiian and Other Pacific Islander,Personal/family assets other than savings of owner(s),0,0
Industries not classified,Native Hawaiian and Other Pacific Islander,Personal/family home equity loan,0,0
Industries not classified,Native Hawaiian and Other Pacific Islander,Personal credit card(s) carrying balances,0,0
Industries not classified,Native Hawaiian and Other Pacific Islander,Business credit card(s) carrying balances,0,0
Industries not classified,Native Hawaiian and Other Pacific Islander,"Business loan from federal, state, or local government",0,0
Industries not classified,Native Hawaiian and Other Pacific Islander,Government-guaranteed business loan from a bank or financial institution,0,0
Industries not classified,Native Hawaiian and Other Pacific Islander,Business loan from a bank or financial institution,0,0
Industries not classified,Native Hawaiian and Other Pacific Islander,Business loan/investment from family/friends,0,0
Industries not classified,Native Hawaiian and Other Pacific Islander,Investment by venture capitalist(s),0,0
Industries not classified,Native Hawaiian and Other Pacific Islander,Grants,0,0
Industries not classified,Native Hawaiian and Other Pacific Islander,Other source(s) of capital,0,0
Industries not classified,Native Hawaiian and Other Pacific Islander,Don't know,0,0
Industries not classified,Native Hawaiian and Other Pacific Islander,None needed,2,S
Industries not classified,Native Hawaiian and Other Pacific Islander,Total reporting,2,S
Industries not classified,Native Hawaiian and Other Pacific Islander,Item not reported,0,0
Industries not classified,"Native Hawaiian and Other Pacific Islander, female-owned",All firms,1,S
Industries not classified,"Native Hawaiian and Other Pacific Islander, female-owned",Personal/family savings of owner(s),0,S
Industries not classified,"Native Hawaiian and Other Pacific Islander, female-owned",Personal/family assets other than savings of owner(s),0,S
Industries not classified,"Native Hawaiian and Other Pacific Islander, female-owned",Personal/family home equity loan,0,S
Industries not classified,"Native Hawaiian and Other Pacific Islander, female-owned",Personal credit card(s) carrying balances,0,S
Industries not classified,"Native Hawaiian and Other Pacific Islander, female-owned",Business credit card(s) carrying balances,0,S
Industries not classified,"Native Hawaiian and Other Pacific Islander, female-owned","Business loan from federal, state, or local government",0,S
Industries not classified,"Native Hawaiian and Other Pacific Islander, female-owned",Government-guaranteed business loan from a bank or financial institution,0,S
Industries not classified,"Native Hawaiian and Other Pacific Islander, female-owned",Business loan from a bank or financial institution,0,S
Industries not classified,"Native Hawaiian and Other Pacific Islander, female-owned",Business loan/investment from family/friends,0,S
Industries not classified,"Native Hawaiian and Other Pacific Islander, female-owned",Investment by venture capitalist(s),0,S
Industries not classified,"Native Hawaiian and Other Pacific Islander, female-owned",Grants,0,S
Industries not classified,"Native Hawaiian and Other Pacific Islander, female-owned",Other source(s) of capital,0,S
Industries not classified,"Native Hawaiian and Other Pacific Islander, female-owned",Don't know,0,S
Industries not classified,"Native Hawaiian and Other Pacific Islander, female-owned",None needed,2,S
Industries not classified,"Native Hawaiian and Other Pacific Islander, female-owned",Total reporting,2,S
Industries not classified,"Native Hawaiian and Other Pacific Islander, female-owned",Item not reported,0,S
Industries not classified,"Native Hawaiian and Other Pacific Islander, male-owned",All firms,10,644
Industries not classified,"Native Hawaiian and Other Pacific Islander, male-owned",Personal/family savings of owner(s),0,0
Industries not classified,"Native Hawaiian and Other Pacific Islander, male-owned",Personal/family assets other than savings of owner(s),0,0
Industries not classified,"Native Hawaiian and Other Pacific Islander, male-owned",Personal/family home equity loan,0,0
Industries not classified,"Native Hawaiian and Other Pacific Islander, male-owned",Personal credit card(s) carrying balances,0,0
Industries not classified,"Native Hawaiian and Other Pacific Islander, male-owned",Business credit card(s) carrying balances,0,0
Industries not classified,"Native Hawaiian and Other Pacific Islander, male-owned","Business loan from federal, state, or local government",0,0
Industries not classified,"Native Hawaiian and Other Pacific Islander, male-owned",Government-guaranteed business loan from a bank or financial institution,0,0
Industries not classified,"Native Hawaiian and Other Pacific Islander, male-owned",Business loan from a bank or financial institution,0,0
Industries not classified,"Native Hawaiian and Other Pacific Islander, male-owned",Business loan/investment from family/friends,0,0
Industries not classified,"Native Hawaiian and Other Pacific Islander, male-owned",Investment by venture capitalist(s),0,0
Industries not classified,"Native Hawaiian and Other Pacific Islander, male-owned",Grants,0,0
Industries not classified,"Native Hawaiian and Other Pacific Islander, male-owned",Other source(s) of capital,0,0
Industries not classified,"Native Hawaiian and Other Pacific Islander, male-owned",Don't know,0,0
Industries not classified,"Native Hawaiian and Other Pacific Islander, male-owned",None needed,0,0
Industries not classified,"Native Hawaiian and Other Pacific Islander, male-owned",Total reporting,0,0
Industries not classified,"Native Hawaiian and Other Pacific Islander, male-owned",Item not reported,0,0
Industries not classified,"Native Hawaiian and Other Pacific Islander, equally male-/female-owned",All firms,0,0
Industries not classified,"Native Hawaiian and Other Pacific Islander, equally male-/female-owned",Personal/family savings of owner(s),0,0
Industries not classified,"Native Hawaiian and Other Pacific Islander, equally male-/female-owned",Personal/family assets other than savings of owner(s),0,0
Industries not classified,"Native Hawaiian and Other Pacific Islander, equally male-/female-owned",Personal/family home equity loan,0,0
Industries not classified,"Native Hawaiian and Other Pacific Islander, equally male-/female-owned",Personal credit card(s) carrying balances,0,0
Industries not classified,"Native Hawaiian and Other Pacific Islander, equally male-/female-owned",Business credit card(s) carrying balances,0,0
Industries not classified,"Native Hawaiian and Other Pacific Islander, equally male-/female-owned","Business loan from federal, state, or local government",0,0
Industries not classified,"Native Hawaiian and Other Pacific Islander, equally male-/female-owned",Government-guaranteed business loan from a bank or financial institution,0,0
Industries not classified,"Native Hawaiian and Other Pacific Islander, equally male-/female-owned",Business loan from a bank or financial institution,0,0
Industries not classified,"Native Hawaiian and Other Pacific Islander, equally male-/female-owned",Business loan/investment from family/friends,0,0
Industries not classified,"Native Hawaiian and Other Pacific Islander, equally male-/female-owned",Investment by venture capitalist(s),0,0
Industries not classified,"Native Hawaiian and Other Pacific Islander, equally male-/female-owned",Grants,0,0
Industries not classified,"Native Hawaiian and Other Pacific Islander, equally male-/female-owned",Other source(s) of capital,0,0
Industries not classified,"Native Hawaiian and Other Pacific Islander, equally male-/female-owned",Don't know,0,0
Industries not classified,"Native Hawaiian and Other Pacific Islander, equally male-/female-owned",None needed,0,0
Industries not classified,"Native Hawaiian and Other Pacific Islander, equally male-/female-owned",Total reporting,0,0
Industries not classified,"Native Hawaiian and Other Pacific Islander, equally male-/female-owned",Item not reported,0,0
Industries not classified,Some other race,All firms,139,12889
Industries not classified,Some other race,Personal/family savings of owner(s),22,S
Industries not classified,Some other race,Personal/family assets other than savings of owner(s),0,0
Industries not classified,Some other race,Personal/family home equity loan,0,0
Industries not classified,Some other race,Personal credit card(s) carrying balances,0,0
Industries not classified,Some other race,Business credit card(s) carrying balances,0,0
Industries not classified,Some other race,"Business loan from federal, state, or local government",0,0
Industries not classified,Some other race,Government-guaranteed business loan from a bank or financial institution,0,0
Industries not classified,Some other race,Business loan from a bank or financial institution,0,0
Industries not classified,Some other race,Business loan/investment from family/friends,0,0
Industries not classified,Some other race,Investment by venture capitalist(s),0,0
Industries not classified,Some other race,Grants,0,0
Industries not classified,Some other race,Other source(s) of capital,0,0
Industries not classified,Some other race,Don't know,6,S
Industries not classified,Some other race,None needed,0,0
Industries not classified,Some other race,Total reporting,28,S
Industries not classified,Some other race,Item not reported,0,0
Industries not classified,"Some other race, female-owned",All firms,72,4421
Industries not classified,"Some other race, female-owned",Personal/family savings of owner(s),17,S
Industries not classified,"Some other race, female-owned",Personal/family assets other than savings of owner(s),0,0
Industries not classified,"Some other race, female-owned",Personal/family home equity loan,0,0
Industries not classified,"Some other race, female-owned",Personal credit card(s) carrying balances,0,0
Industries not classified,"Some other race, female-owned",Business credit card(s) carrying balances,0,0
Industries not classified,"Some other race, female-owned","Business loan from federal, state, or local government",0,0
Industries not classified,"Some other race, female-owned",Government-guaranteed business loan from a bank or financial institution,0,0
Industries not classified,"Some other race, female-owned",Business loan from a bank or financial institution,0,0
Industries not classified,"Some other race, female-owned",Business loan/investment from family/friends,0,0
Industries not classified,"Some other race, female-owned",Investment by venture capitalist(s),0,0
Industries not classified,"Some other race, female-owned",Grants,0,0
Industries not classified,"Some other race, female-owned",Other source(s) of capital,0,0
Industries not classified,"Some other race, female-owned",Don't know,4,S
Industries not classified,"Some other race, female-owned",None needed,0,0
Industries not classified,"Some other race, female-owned",Total reporting,21,S
Industries not classified,"Some other race, female-owned",Item not reported,0,0
Industries not classified,"Some other race, male-owned",All firms,65,8322
Industries not classified,"Some other race, male-owned",Personal/family savings of owner(s),5,S
Industries not classified,"Some other race, male-owned",Personal/family assets other than savings of owner(s),0,0
Industries not classified,"Some other race, male-owned",Personal/family home equity loan,0,0
Industries not classified,"Some other race, male-owned",Personal credit card(s) carrying balances,0,0
Industries not classified,"Some other race, male-owned",Business credit card(s) carrying balances,0,0
Industries not classified,"Some other race, male-owned","Business loan from federal, state, or local government",0,0
Industries not classified,"Some other race, male-owned",Government-guaranteed business loan from a bank or financial institution,0,0
Industries not classified,"Some other race, male-owned",Business loan from a bank or financial institution,0,0
Industries not classified,"Some other race, male-owned",Business loan/investment from family/friends,0,0
Industries not classified,"Some other race, male-owned",Investment by venture capitalist(s),0,0
Industries not classified,"Some other race, male-owned",Grants,0,0
Industries not classified,"Some other race, male-owned",Other source(s) of capital,0,0
Industries not classified,"Some other race, male-owned",Don't know,2,S
Industries not classified,"Some other race, male-owned",None needed,0,0
Industries not classified,"Some other race, male-owned",Total reporting,7,S
Industries not classified,"Some other race, male-owned",Item not reported,0,0
Industries not classified,"Some other race, equally male-/female-owned",All firms,2,S
Industries not classified,"Some other race, equally male-/female-owned",Personal/family savings of owner(s),0,S
Industries not classified,"Some other race, equally male-/female-owned",Personal/family assets other than savings of owner(s),0,S
Industries not classified,"Some other race, equally male-/female-owned",Personal/family home equity loan,0,S
Industries not classified,"Some other race, equally male-/female-owned",Personal credit card(s) carrying balances,0,S
Industries not classified,"Some other race, equally male-/female-owned",Business credit card(s) carrying balances,0,S
Industries not classified,"Some other race, equally male-/female-owned","Business loan from federal, state, or local government",0,S
Industries not classified,"Some other race, equally male-/female-owned",Government-guaranteed business loan from a bank or financial institution,0,S
Industries not classified,"Some other race, equally male-/female-owned",Business loan from a bank or financial institution,0,S
Industries not classified,"Some other race, equally male-/female-owned",Business loan/investment from family/friends,0,S
Industries not classified,"Some other race, equally male-/female-owned",Investment by venture capitalist(s),0,S
Industries not classified,"Some other race, equally male-/female-owned",Grants,0,S
Industries not classified,"Some other race, equally male-/female-owned",Other source(s) of capital,0,S
Industries not classified,"Some other race, equally male-/female-owned",Don't know,0,S
Industries not classified,"Some other race, equally male-/female-owned",None needed,0,S
Industries not classified,"Some other race, equally male-/female-owned",Total reporting,0,S
Industries not classified,"Some other race, equally male-/female-owned",Item not reported,0,S
Industries not classified,Minority,All firms,1567,158626
Industries not classified,Minority,Personal/family savings of owner(s),174,16884
Industries not classified,Minority,Personal/family assets other than savings of owner(s),20,3147
Industries not classified,Minority,Personal/family home equity loan,0,0
Industries not classified,Minority,Personal credit card(s) carrying balances,40,3267
Industries not classified,Minority,Business credit card(s) carrying balances,18,S
Industries not classified,Minority,"Business loan from federal, state, or local government",0,0
Industries not classified,Minority,Government-guaranteed business loan from a bank or financial institution,0,0
Industries not classified,Minority,Business loan from a bank or financial institution,6,1119
Industries not classified,Minority,Business loan/investment from family/friends,0,0
Industries not classified,Minority,Investment by venture capitalist(s),0,0
Industries not classified,Minority,Grants,2,S
Industries not classified,Minority,Other source(s) of capital,4,S
Industries not classified,Minority,Don't know,55,722
Industries not classified,Minority,None needed,17,3623
Industries not classified,Minority,Total reporting,263,23031
Industries not classified,Minority,Item not reported,8,S
Industries not classified,"Minority, female-owned",All firms,812,61232
Industries not classified,"Minority, female-owned",Personal/family savings of owner(s),93,5710
Industries not classified,"Minority, female-owned",Personal/family assets other than savings of owner(s),11,S
Industries not classified,"Minority, female-owned",Personal/family home equity loan,0,0
Industries not classified,"Minority, female-owned",Personal credit card(s) carrying balances,25,S
Industries not classified,"Minority, female-owned",Business credit card(s) carrying balances,18,S
Industries not classified,"Minority, female-owned","Business loan from federal, state, or local government",0,0
Industries not classified,"Minority, female-owned",Government-guaranteed business loan from a bank or financial institution,0,0
Industries not classified,"Minority, female-owned",Business loan from a bank or financial institution,0,0
Industries not classified,"Minority, female-owned",Business loan/investment from family/friends,0,0
Industries not classified,"Minority, female-owned",Investment by venture capitalist(s),0,0
Industries not classified,"Minority, female-owned",Grants,2,S
Industries not classified,"Minority, female-owned",Other source(s) of capital,2,S
Industries not classified,"Minority, female-owned",Don't know,10,S
Industries not classified,"Minority, female-owned",None needed,6,141
Industries not classified,"Minority, female-owned",Total reporting,123,7527
Industries not classified,"Minority, female-owned",Item not reported,0,0
Industries not classified,"Minority, male-owned",All firms,613,82605
Industries not classified,"Minority, male-owned",Personal/family savings of owner(s),71,S
Industries not classified,"Minority, male-owned",Personal/family assets other than savings of owner(s),9,S
Industries not classified,"Minority, male-owned",Personal/family home equity loan,0,0
Industries not classified,"Minority, male-owned",Personal credit card(s) carrying balances,15,S
Industries not classified,"Minority, male-owned",Business credit card(s) carrying balances,0,0
Industries not classified,"Minority, male-owned","Business loan from federal, state, or local government",0,0
Industries not classified,"Minority, male-owned",Government-guaranteed business loan from a bank or financial institution,0,0
Industries not classified,"Minority, male-owned",Business loan from a bank or financial institution,6,1119
Industries not classified,"Minority, male-owned",Business loan/investment from family/friends,0,0
Industries not classified,"Minority, male-owned",Investment by venture capitalist(s),0,0
Industries not classified,"Minority, male-owned",Grants,0,0
Industries not classified,"Minority, male-owned",Other source(s) of capital,2,S
Industries not classified,"Minority, male-owned",Don't know,45,S
Industries not classified,"Minority, male-owned",None needed,6,S
Industries not classified,"Minority, male-owned",Total reporting,125,13112
Industries not classified,"Minority, male-owned",Item not reported,2,S
Industries not classified,"Minority, equally male-/female-owned",All firms,142,14790
Industries not classified,"Minority, equally male-/female-owned",Personal/family savings of owner(s),10,1494
Industries not classified,"Minority, equally male-/female-owned",Personal/family assets other than savings of owner(s),0,0
Industries not classified,"Minority, equally male-/female-owned",Personal/family home equity loan,0,0
Industries not classified,"Minority, equally male-/female-owned",Personal credit card(s) carrying balances,0,0
Industries not classified,"Minority, equally male-/female-owned",Business credit card(s) carrying balances,0,0
Industries not classified,"Minority, equally male-/female-owned","Business loan from federal, state, or local government",0,0
Industries not classified,"Minority, equally male-/female-owned",Government-guaranteed business loan from a bank or financial institution,0,0
Industries not classified,"Minority, equally male-/female-owned",Business loan from a bank or financial institution,0,0
Industries not classified,"Minority, equally male-/female-owned",Business loan/investment from family/friends,0,0
Industries not classified,"Minority, equally male-/female-owned",Investment by venture capitalist(s),0,0
Industries not classified,"Minority, equally male-/female-owned",Grants,0,0
Industries not classified,"Minority, equally male-/female-owned",Other source(s) of capital,0,0
Industries not classified,"Minority, equally male-/female-owned",Don't know,0,0
Industries not classified,"Minority, equally male-/female-owned",None needed,5,S
Industries not classified,"Minority, equally male-/female-owned",Total reporting,15,2392
Industries not classified,"Minority, equally male-/female-owned",Item not reported,6,S
Industries not classified,Equally minority/nonminority,All firms,83,7912
Industries not classified,Equally minority/nonminority,Personal/family savings of owner(s),8,S
Industries not classified,Equally minority/nonminority,Personal/family assets other than savings of owner(s),0,0
Industries not classified,Equally minority/nonminority,Personal/family home equity loan,0,0
Industries not classified,Equally minority/nonminority,Personal credit card(s) carrying balances,0,0
Industries not classified,Equally minority/nonminority,Business credit card(s) carrying balances,0,0
Industries not classified,Equally minority/nonminority,"Business loan from federal, state, or local government",0,0
Industries not classified,Equally minority/nonminority,Government-guaranteed business loan from a bank or financial institution,0,0
Industries not classified,Equally minority/nonminority,Business loan from a bank or financial institution,0,0
Industries not classified,Equally minority/nonminority,Business loan/investment from family/friends,0,0
Industries not classified,Equally minority/nonminority,Investment by venture capitalist(s),0,0
Industries not classified,Equally minority/nonminority,Grants,0,0
Industries not classified,Equally minority/nonminority,Other source(s) of capital,0,0
Industries not classified,Equally minority/nonminority,Don't know,0,0
Industries not classified,Equally minority/nonminority,None needed,2,S
Industries not classified,Equally minority/nonminority,Total reporting,10,S
Industries not classified,Equally minority/nonminority,Item not reported,0,0
Industries not classified,"Equally minority/nonminority, female-owned",All firms,0,0
Industries not classified,"Equally minority/nonminority, female-owned",Personal/family savings of owner(s),0,0
Industries not classified,"Equally minority/nonminority, female-owned",Personal/family assets other than savings of owner(s),0,0
Industries not classified,"Equally minority/nonminority, female-owned",Personal/family home equity loan,0,0
Industries not classified,"Equally minority/nonminority, female-owned",Personal credit card(s) carrying balances,0,0
Industries not classified,"Equally minority/nonminority, female-owned",Business credit card(s) carrying balances,0,0
Industries not classified,"Equally minority/nonminority, female-owned","Business loan from federal, state, or local government",0,0
Industries not classified,"Equally minority/nonminority, female-owned",Government-guaranteed business loan from a bank or financial institution,0,0
Industries not classified,"Equally minority/nonminority, female-owned",Business loan from a bank or financial institution,0,0
Industries not classified,"Equally minority/nonminority, female-owned",Business loan/investment from family/friends,0,0
Industries not classified,"Equally minority/nonminority, female-owned",Investment by venture capitalist(s),0,0
Industries not classified,"Equally minority/nonminority, female-owned",Grants,0,0
Industries not classified,"Equally minority/nonminority, female-owned",Other source(s) of capital,0,0
Industries not classified,"Equally minority/nonminority, female-owned",Don't know,0,0
Industries not classified,"Equally minority/nonminority, female-owned",None needed,0,0
Industries not classified,"Equally minority/nonminority, female-owned",Total reporting,0,0
Industries not classified,"Equally minority/nonminority, female-owned",Item not reported,0,0
Industries not classified,"Equally minority/nonminority, male-owned",All firms,7,2474
Industries not classified,"Equally minority/nonminority, male-owned",Personal/family savings of owner(s),0,0
Industries not classified,"Equally minority/nonminority, male-owned",Personal/family assets other than savings of owner(s),0,0
Industries not classified,"Equally minority/nonminority, male-owned",Personal/family home equity loan,0,0
Industries not classified,"Equally minority/nonminority, male-owned",Personal credit card(s) carrying balances,0,0
Industries not classified,"Equally minority/nonminority, male-owned",Business credit card(s) carrying balances,0,0
Industries not classified,"Equally minority/nonminority, male-owned","Business loan from federal, state, or local government",0,0
Industries not classified,"Equally minority/nonminority, male-owned",Government-guaranteed business loan from a bank or financial institution,0,0
Industries not classified,"Equally minority/nonminority, male-owned",Business loan from a bank or financial institution,0,0
Industries not classified,"Equally minority/nonminority, male-owned",Business loan/investment from family/friends,0,0
Industries not classified,"Equally minority/nonminority, male-owned",Investment by venture capitalist(s),0,0
Industries not classified,"Equally minority/nonminority, male-owned",Grants,0,0
Industries not classified,"Equally minority/nonminority, male-owned",Other source(s) of capital,0,0
Industries not classified,"Equally minority/nonminority, male-owned",Don't know,0,0
Industries not classified,"Equally minority/nonminority, male-owned",None needed,0,0
Industries not classified,"Equally minority/nonminority, male-owned",Total reporting,0,0
Industries not classified,"Equally minority/nonminority, male-owned",Item not reported,0,0
Industries not classified,"Equally minority/nonminority, equally male-/female-owned",All firms,76,5438
Industries not classified,"Equally minority/nonminority, equally male-/female-owned",Personal/family savings of owner(s),8,S
Industries not classified,"Equally minority/nonminority, equally male-/female-owned",Personal/family assets other than savings of owner(s),0,0
Industries not classified,"Equally minority/nonminority, equally male-/female-owned",Personal/family home equity loan,0,0
Industries not classified,"Equally minority/nonminority, equally male-/female-owned",Personal credit card(s) carrying balances,0,0
Industries not classified,"Equally minority/nonminority, equally male-/female-owned",Business credit card(s) carrying balances,0,0
Industries not classified,"Equally minority/nonminority, equally male-/female-owned","Business loan from federal, state, or local government",0,0
Industries not classified,"Equally minority/nonminority, equally male-/female-owned",Government-guaranteed business loan from a bank or financial institution,0,0
Industries not classified,"Equally minority/nonminority, equally male-/female-owned",Business loan from a bank or financial institution,0,0
Industries not classified,"Equally minority/nonminority, equally male-/female-owned",Business loan/investment from family/friends,0,0
Industries not classified,"Equally minority/nonminority, equally male-/female-owned",Investment by venture capitalist(s),0,0
Industries not classified,"Equally minority/nonminority, equally male-/female-owned",Grants,0,0
Industries not classified,"Equally minority/nonminority, equally male-/female-owned",Other source(s) of capital,0,0
Industries not classified,"Equally minority/nonminority, equally male-/female-owned",Don't know,0,0
Industries not classified,"Equally minority/nonminority, equally male-/female-owned",None needed,2,S
Industries not classified,"Equally minority/nonminority, equally male-/female-owned",Total reporting,10,S
Industries not classified,"Equally minority/nonminority, equally male-/female-owned",Item not reported,0,0
Industries not classified,Nonminority,All firms,5560,935795
Industries not classified,Nonminority,Personal/family savings of owner(s),738,85770
Industries not classified,Nonminority,Personal/family assets other than savings of owner(s),90,15385
Industries not classified,Nonminority,Personal/family home equity loan,39,2839
Industries not classified,Nonminority,Personal credit card(s) carrying balances,80,6744
Industries not classified,Nonminority,Business credit card(s) carrying balances,18,2802
Industries not classified,Nonminority,"Business loan from federal, state, or local government",19,S
Industries not classified,Nonminority,Government-guaranteed business loan from a bank or financial institution,6,S
Industries not classified,Nonminority,Business loan from a bank or financial institution,109,23294
Industries not classified,Nonminority,Business loan/investment from family/friends,25,2326
Industries not classified,Nonminority,Investment by venture capitalist(s),0,0
Industries not classified,Nonminority,Grants,0,0
Industries not classified,Nonminority,Other source(s) of capital,32,S
Industries not classified,Nonminority,Don't know,120,7626
Industries not classified,Nonminority,None needed,490,41795
Industries not classified,Nonminority,Total reporting,1494(r),168172(r)
Industries not classified,Nonminority,Item not reported,60(r),3422(r)
Industries not classified,"Nonminority, female-owned",All firms,1947,206505
Industries not classified,"Nonminority, female-owned",Personal/family savings of owner(s),191,17364
Industries not classified,"Nonminority, female-owned",Personal/family assets other than savings of owner(s),18,501
Industries not classified,"Nonminority, female-owned",Personal/family home equity loan,12,S
Industries not classified,"Nonminority, female-owned",Personal credit card(s) carrying balances,52,S
Industries not classified,"Nonminority, female-owned",Business credit card(s) carrying balances,16,S
Industries not classified,"Nonminority, female-owned","Business loan from federal, state, or local government",0,0
Industries not classified,"Nonminority, female-owned",Government-guaranteed business loan from a bank or financial institution,0,0
Industries not classified,"Nonminority, female-owned",Business loan from a bank or financial institution,13,S
Industries not classified,"Nonminority, female-owned",Business loan/investment from family/friends,6,S
Industries not classified,"Nonminority, female-owned",Investment by venture capitalist(s),0,0
Industries not classified,"Nonminority, female-owned",Grants,0,0
Industries not classified,"Nonminority, female-owned",Other source(s) of capital,3,S
Industries not classified,"Nonminority, female-owned",Don't know,78,S
Industries not classified,"Nonminority, female-owned",None needed,235,18558
Industries not classified,"Nonminority, female-owned",Total reporting,528,42248
Industries not classified,"Nonminority, female-owned",Item not reported,20,S
Industries not classified,"Nonminority, male-owned",All firms,3034,604559
Industries not classified,"Nonminority, male-owned",Personal/family savings of owner(s),443,55880
Industries not classified,"Nonminority, male-owned",Personal/family assets other than savings of owner(s),59,12892
Industries not classified,"Nonminority, male-owned",Personal/family home equity loan,19,1328
Industries not classified,"Nonminority, male-owned",Personal credit card(s) carrying balances,17,S
Industries not classified,"Nonminority, male-owned",Business credit card(s) carrying balances,2,S
Industries not classified,"Nonminority, male-owned","Business loan from federal, state, or local government",0,0
Industries not classified,"Nonminority, male-owned",Government-guaranteed business loan from a bank or financial institution,6,S
Industries not classified,"Nonminority, male-owned",Business loan from a bank or financial institution,60,14296
Industries not classified,"Nonminority, male-owned",Business loan/investment from family/friends,12,1152
Industries not classified,"Nonminority, male-owned",Investment by venture capitalist(s),0,0
Industries not classified,"Nonminority, male-owned",Grants,0,0
Industries not classified,"Nonminority, male-owned",Other source(s) of capital,23,S
Industries not classified,"Nonminority, male-owned",Don't know,42,S
Industries not classified,"Nonminority, male-owned",None needed,227,21861
Industries not classified,"Nonminority, male-owned",Total reporting,779,103166
Industries not classified,"Nonminority, male-owned",Item not reported,37,S
Industries not classified,"Nonminority, equally male-/female-owned",All firms,580,124732
Industries not classified,"Nonminority, equally male-/female-owned",Personal/family savings of owner(s),103,12526
Industries not classified,"Nonminority, equally male-/female-owned",Personal/family assets other than savings of owner(s),13,1992
Industries not classified,"Nonminority, equally male-/female-owned",Personal/family home equity loan,8,S
Industries not classified,"Nonminority, equally male-/female-owned",Personal credit card(s) carrying balances,11,S
Industries not classified,"Nonminority, equally male-/female-owned",Business credit card(s) carrying balances,0,0
Industries not classified,"Nonminority, equally male-/female-owned","Business loan from federal, state, or local government",19,S
Industries not classified,"Nonminority, equally male-/female-owned",Government-guaranteed business loan from a bank or financial institution,0,0
Industries not classified,"Nonminority, equally male-/female-owned",Business loan from a bank or financial institution,36,S
Industries not classified,"Nonminority, equally male-/female-owned",Business loan/investment from family/friends,6,S
Industries not classified,"Nonminority, equally male-/female-owned",Investment by venture capitalist(s),0,0
Industries not classified,"Nonminority, equally male-/female-owned",Grants,0,0
Industries not classified,"Nonminority, equally male-/female-owned",Other source(s) of capital,6,S
Industries not classified,"Nonminority, equally male-/female-owned",Don't know,0,0
Industries not classified,"Nonminority, equally male-/female-owned",None needed,29,1376
Industries not classified,"Nonminority, equally male-/female-owned",Total reporting,187(r),22757(r)
Industries not classified,"Nonminority, equally male-/female-owned",Item not reported,3(r),S
Industries not classified,Veteran,All firms,735,113976
Industries not classified,Veteran,Personal/family savings of owner(s),113,18897
Industries not classified,Veteran,Personal/family assets other than savings of owner(s),11,S
Industries not classified,Veteran,Personal/family home equity loan,0,0
Industries not classified,Veteran,Personal credit card(s) carrying balances,9,S
Industries not classified,Veteran,Business credit card(s) carrying balances,2,S
Industries not classified,Veteran,"Business loan from federal, state, or local government",0,0
Industries not classified,Veteran,Government-guaranteed business loan from a bank or financial institution,6,S
Industries not classified,Veteran,Business loan from a bank or financial institution,11,7730
Industries not classified,Veteran,Business loan/investment from family/friends,2,S
Industries not classified,Veteran,Investment by venture capitalist(s),0,0
Industries not classified,Veteran,Grants,0,0
Industries not classified,Veteran,Other source(s) of capital,5,S
Industries not classified,Veteran,Don't know,5,S
Industries not classified,Veteran,None needed,36,S
Industries not classified,Veteran,Total reporting,172,29480
Industries not classified,Veteran,Item not reported,13,S
Industries not classified,"Veteran, female-owned",All firms,14,1427
Industries not classified,"Veteran, female-owned",Personal/family savings of owner(s),2,S
Industries not classified,"Veteran, female-owned",Personal/family assets other than savings of owner(s),0,0
Industries not classified,"Veteran, female-owned",Personal/family home equity loan,0,0
Industries not classified,"Veteran, female-owned",Personal credit card(s) carrying balances,0,0
Industries not classified,"Veteran, female-owned",Business credit card(s) carrying balances,0,0
Industries not classified,"Veteran, female-owned","Business loan from federal, state, or local government",0,0
Industries not classified,"Veteran, female-owned",Government-guaranteed business loan from a bank or financial institution,0,0
Industries not classified,"Veteran, female-owned",Business loan from a bank or financial institution,0,0
Industries not classified,"Veteran, female-owned",Business loan/investment from family/friends,0,0
Industries not classified,"Veteran, female-owned",Investment by venture capitalist(s),0,0
Industries not classified,"Veteran, female-owned",Grants,0,0
Industries not classified,"Veteran, female-owned",Other source(s) of capital,0,0
Industries not classified,"Veteran, female-owned",Don't know,5,S
Industries not classified,"Veteran, female-owned",None needed,0,0
Industries not classified,"Veteran, female-owned",Total reporting,7,S
Industries not classified,"Veteran, female-owned",Item not reported,0,0
Industries not classified,"Veteran, male-owned",All firms,721,112549
Industries not classified,"Veteran, male-owned",Personal/family savings of owner(s),111,18839
Industries not classified,"Veteran, male-owned",Personal/family assets other than savings of owner(s),11,S
Industries not classified,"Veteran, male-owned",Personal/family home equity loan,0,0
Industries not classified,"Veteran, male-owned",Personal credit card(s) carrying balances,9,S
Industries not classified,"Veteran, male-owned",Business credit card(s) carrying balances,2,S
Industries not classified,"Veteran, male-owned","Business loan from federal, state, or local government",0,0
Industries not classified,"Veteran, male-owned",Government-guaranteed business loan from a bank or financial institution,6,S
Industries not classified,"Veteran, male-owned",Business loan from a bank or financial institution,11,7730
Industries not classified,"Veteran, male-owned",Business loan/investment from family/friends,2,S
Industries not classified,"Veteran, male-owned",Investment by venture capitalist(s),0,0
Industries not classified,"Veteran, male-owned",Grants,0,0
Industries not classified,"Veteran, male-owned",Other source(s) of capital,5,S
Industries not classified,"Veteran, male-owned",Don't know,0,0
Industries not classified,"Veteran, male-owned",None needed,36,S
Industries not classified,"Veteran, male-owned",Total reporting,165,28934
Industries not classified,"Veteran, male-owned",Item not reported,13,S
Industries not classified,"Veteran, equally male-/female-owned",All firms,0,0
Industries not classified,"Veteran, equally male-/female-owned",Personal/family savings of owner(s),0,0
Industries not classified,"Veteran, equally male-/female-owned",Personal/family assets other than savings of owner(s),0,0
Industries not classified,"Veteran, equally male-/female-owned",Personal/family home equity loan,0,0
Industries not classified,"Veteran, equally male-/female-owned",Personal credit card(s) carrying balances,0,0
Industries not classified,"Veteran, equally male-/female-owned",Business credit card(s) carrying balances,0,0
Industries not classified,"Veteran, equally male-/female-owned","Business loan from federal, state, or local government",0,0
Industries not classified,"Veteran, equally male-/female-owned",Government-guaranteed business loan from a bank or financial institution,0,0
Industries not classified,"Veteran, equally male-/female-owned",Business loan from a bank or financial institution,0,0
Industries not classified,"Veteran, equally male-/female-owned",Business loan/investment from family/friends,0,0
Industries not classified,"Veteran, equally male-/female-owned",Investment by venture capitalist(s),0,0
Industries not classified,"Veteran, equally male-/female-owned",Grants,0,0
Industries not classified,"Veteran, equally male-/female-owned",Other source(s) of capital,0,0
Industries not classified,"Veteran, equally male-/female-owned",Don't know,0,0
Industries not classified,"Veteran, equally male-/female-owned",None needed,0,0
Industries not classified,"Veteran, equally male-/female-owned",Total reporting,0,0
Industries not classified,"Veteran, equally male-/female-owned",Item not reported,0,0
Industries not classified,"Veteran, Hispanic",All firms,32,S
Industries not classified,"Veteran, Hispanic",Personal/family savings of owner(s),0,S
Industries not classified,"Veteran, Hispanic",Personal/family assets other than savings of owner(s),0,S
Industries not classified,"Veteran, Hispanic",Personal/family home equity loan,0,S
Industries not classified,"Veteran, Hispanic",Personal credit card(s) carrying balances,0,S
Industries not classified,"Veteran, Hispanic",Business credit card(s) carrying balances,0,S
Industries not classified,"Veteran, Hispanic","Business loan from federal, state, or local government",0,S
Industries not classified,"Veteran, Hispanic",Government-guaranteed business loan from a bank or financial institution,0,S
Industries not classified,"Veteran, Hispanic",Business loan from a bank or financial institution,0,S
Industries not classified,"Veteran, Hispanic",Business loan/investment from family/friends,0,S
Industries not classified,"Veteran, Hispanic",Investment by venture capitalist(s),0,S
Industries not classified,"Veteran, Hispanic",Grants,0,S
Industries not classified,"Veteran, Hispanic",Other source(s) of capital,0,S
Industries not classified,"Veteran, Hispanic",Don't know,0,S
Industries not classified,"Veteran, Hispanic",None needed,0,S
Industries not classified,"Veteran, Hispanic",Total reporting,0,S
Industries not classified,"Veteran, Hispanic",Item not reported,0,S
Industries not classified,"Veteran, equally Hispanic/non-Hispanic",All firms,0,0
Industries not classified,"Veteran, equally Hispanic/non-Hispanic",Personal/family savings of owner(s),0,0
Industries not classified,"Veteran, equally Hispanic/non-Hispanic",Personal/family assets other than savings of owner(s),0,0
Industries not classified,"Veteran, equally Hispanic/non-Hispanic",Personal/family home equity loan,0,0
Industries not classified,"Veteran, equally Hispanic/non-Hispanic",Personal credit card(s) carrying balances,0,0
Industries not classified,"Veteran, equally Hispanic/non-Hispanic",Business credit card(s) carrying balances,0,0
Industries not classified,"Veteran, equally Hispanic/non-Hispanic","Business loan from federal, state, or local government",0,0
Industries not classified,"Veteran, equally Hispanic/non-Hispanic",Government-guaranteed business loan from a bank or financial institution,0,0
Industries not classified,"Veteran, equally Hispanic/non-Hispanic",Business loan from a bank or financial institution,0,0
Industries not classified,"Veteran, equally Hispanic/non-Hispanic",Business loan/investment from family/friends,0,0
Industries not classified,"Veteran, equally Hispanic/non-Hispanic",Investment by venture capitalist(s),0,0
Industries not classified,"Veteran, equally Hispanic/non-Hispanic",Grants,0,0
Industries not classified,"Veteran, equally Hispanic/non-Hispanic",Other source(s) of capital,0,0
Industries not classified,"Veteran, equally Hispanic/non-Hispanic",Don't know,0,0
Industries not classified,"Veteran, equally Hispanic/non-Hispanic",None needed,0,0
Industries not classified,"Veteran, equally Hispanic/non-Hispanic",Total reporting,0,0
Industries not classified,"Veteran, equally Hispanic/non-Hispanic",Item not reported,0,0
Industries not classified,"Veteran, non-Hispanic",All firms,704,106786
Industries not classified,"Veteran, non-Hispanic",Personal/family savings of owner(s),113,18897
Industries not classified,"Veteran, non-Hispanic",Personal/family assets other than savings of owner(s),11,S
Industries not classified,"Veteran, non-Hispanic",Personal/family home equity loan,0,0
Industries not classified,"Veteran, non-Hispanic",Personal credit card(s) carrying balances,9,S
Industries not classified,"Veteran, non-Hispanic",Business credit card(s) carrying balances,2,S
Industries not classified,"Veteran, non-Hispanic","Business loan from federal, state, or local government",0,0
Industries not classified,"Veteran, non-Hispanic",Government-guaranteed business loan from a bank or financial institution,6,S
Industries not classified,"Veteran, non-Hispanic",Business loan from a bank or financial institution,11,7730
Industries not classified,"Veteran, non-Hispanic",Business loan/investment from family/friends,2,S
Industries not classified,"Veteran, non-Hispanic",Investment by venture capitalist(s),0,0
Industries not classified,"Veteran, non-Hispanic",Grants,0,0
Industries not classified,"Veteran, non-Hispanic",Other source(s) of capital,5,S
Industries not classified,"Veteran, non-Hispanic",Don't know,5,S
Industries not classified,"Veteran, non-Hispanic",None needed,36,S
Industries not classified,"Veteran, non-Hispanic",Total reporting,172,29480
Industries not classified,"Veteran, non-Hispanic",Item not reported,13,S
Industries not classified,"Veteran, White",All firms,719,112596
Industries not classified,"Veteran, White",Personal/family savings of owner(s),113,18897
Industries not classified,"Veteran, White",Personal/family assets other than savings of owner(s),11,S
Industries not classified,"Veteran, White",Personal/family home equity loan,0,0
Industries not classified,"Veteran, White",Personal credit card(s) carrying balances,9,S
Industries not classified,"Veteran, White",Business credit card(s) carrying balances,2,S
Industries not classified,"Veteran, White","Business loan from federal, state, or local government",0,0
Industries not classified,"Veteran, White",Government-guaranteed business loan from a bank or financial institution,6,S
Industries not classified,"Veteran, White",Business loan from a bank or financial institution,11,7730
Industries not classified,"Veteran, White",Business loan/investment from family/friends,2,S
Industries not classified,"Veteran, White",Investment by venture capitalist(s),0,0
Industries not classified,"Veteran, White",Grants,0,0
Industries not classified,"Veteran, White",Other source(s) of capital,5,S
Industries not classified,"Veteran, White",Don't know,5,S
Industries not classified,"Veteran, White",None needed,36,S
Industries not classified,"Veteran, White",Total reporting,172,29480
Industries not classified,"Veteran, White",Item not reported,13,S
Industries not classified,"Veteran, Black or African American",All firms,15,S
Industries not classified,"Veteran, Black or African American",Personal/family savings of owner(s),0,S
Industries not classified,"Veteran, Black or African American",Personal/family assets other than savings of owner(s),0,S
Industries not classified,"Veteran, Black or African American",Personal/family home equity loan,0,S
Industries not classified,"Veteran, Black or African American",Personal credit card(s) carrying balances,0,S
Industries not classified,"Veteran, Black or African American",Business credit card(s) carrying balances,0,S
Industries not classified,"Veteran, Black or African American","Business loan from federal, state, or local government",0,S
Industries not classified,"Veteran, Black or African American",Government-guaranteed business loan from a bank or financial institution,0,S
Industries not classified,"Veteran, Black or African American",Business loan from a bank or financial institution,0,S
Industries not classified,"Veteran, Black or African American",Business loan/investment from family/friends,0,S
Industries not classified,"Veteran, Black or African American",Investment by venture capitalist(s),0,S
Industries not classified,"Veteran, Black or African American",Grants,0,S
Industries not classified,"Veteran, Black or African American",Other source(s) of capital,0,S
Industries not classified,"Veteran, Black or African American",Don't know,0,S
Industries not classified,"Veteran, Black or African American",None needed,0,S
Industries not classified,"Veteran, Black or African American",Total reporting,0,S
Industries not classified,"Veteran, Black or African American",Item not reported,0,S
Industries not classified,"Veteran, American Indian and Alaska Native",All firms,3,96
Industries not classified,"Veteran, American Indian and Alaska Native",Personal/family savings of owner(s),2,S
Industries not classified,"Veteran, American Indian and Alaska Native",Personal/family assets other than savings of owner(s),0,0
Industries not classified,"Veteran, American Indian and Alaska Native",Personal/family home equity loan,0,0
Industries not classified,"Veteran, American Indian and Alaska Native",Personal credit card(s) carrying balances,0,0
Industries not classified,"Veteran, American Indian and Alaska Native",Business credit card(s) carrying balances,0,0
Industries not classified,"Veteran, American Indian and Alaska Native","Business loan from federal, state, or local government",0,0
Industries not classified,"Veteran, American Indian and Alaska Native",Government-guaranteed business loan from a bank or financial institution,0,0
Industries not classified,"Veteran, American Indian and Alaska Native",Business loan from a bank or financial institution,0,0
Industries not classified,"Veteran, American Indian and Alaska Native",Business loan/investment from family/friends,0,0
Industries not classified,"Veteran, American Indian and Alaska Native",Investment by venture capitalist(s),0,0
Industries not classified,"Veteran, American Indian and Alaska Native",Grants,0,0
Industries not classified,"Veteran, American Indian and Alaska Native",Other source(s) of capital,0,0
Industries not classified,"Veteran, American Indian and Alaska Native",Don't know,0,0
Industries not classified,"Veteran, American Indian and Alaska Native",None needed,0,0
Industries not classified,"Veteran, American Indian and Alaska Native",Total reporting,2,S
Industries not classified,"Veteran, American Indian and Alaska Native",Item not reported,0,0
Industries not classified,"Veteran, Asian",All firms,1,S
Industries not classified,"Veteran, Asian",Personal/family savings of owner(s),0,S
Industries not classified,"Veteran, Asian",Personal/family assets other than savings of owner(s),0,S
Industries not classified,"Veteran, Asian",Personal/family home equity loan,0,S
Industries not classified,"Veteran, Asian",Personal credit card(s) carrying balances,0,S
Industries not classified,"Veteran, Asian",Business credit card(s) carrying balances,0,S
Industries not classified,"Veteran, Asian","Business loan from federal, state, or local government",0,S
Industries not classified,"Veteran, Asian",Government-guaranteed business loan from a bank or financial institution,0,S
Industries not classified,"Veteran, Asian",Business loan from a bank or financial institution,0,S
Industries not classified,"Veteran, Asian",Business loan/investment from family/friends,0,S
Industries not classified,"Veteran, Asian",Investment by venture capitalist(s),0,S
Industries not classified,"Veteran, Asian",Grants,0,S
Industries not classified,"Veteran, Asian",Other source(s) of capital,0,S
Industries not classified,"Veteran, Asian",Don't know,0,S
Industries not classified,"Veteran, Asian",None needed,0,S
Industries not classified,"Veteran, Asian",Total reporting,0,S
Industries not classified,"Veteran, Asian",Item not reported,0,S
Industries not classified,"Veteran, Native Hawaiian and Other Pacific Islander",All firms,3,438
Industries not classified,"Veteran, Native Hawaiian and Other Pacific Islander",Personal/family savings of owner(s),0,0
Industries not classified,"Veteran, Native Hawaiian and Other Pacific Islander",Personal/family assets other than savings of owner(s),0,0
Industries not classified,"Veteran, Native Hawaiian and Other Pacific Islander",Personal/family home equity loan,0,0
Industries not classified,"Veteran, Native Hawaiian and Other Pacific Islander",Personal credit card(s) carrying balances,0,0
Industries not classified,"Veteran, Native Hawaiian and Other Pacific Islander",Business credit card(s) carrying balances,0,0
Industries not classified,"Veteran, Native Hawaiian and Other Pacific Islander","Business loan from federal, state, or local government",0,0
Industries not classified,"Veteran, Native Hawaiian and Other Pacific Islander",Government-guaranteed business loan from a bank or financial institution,0,0
Industries not classified,"Veteran, Native Hawaiian and Other Pacific Islander",Business loan from a bank or financial institution,0,0
Industries not classified,"Veteran, Native Hawaiian and Other Pacific Islander",Business loan/investment from family/friends,0,0
Industries not classified,"Veteran, Native Hawaiian and Other Pacific Islander",Investment by venture capitalist(s),0,0
Industries not classified,"Veteran, Native Hawaiian and Other Pacific Islander",Grants,0,0
Industries not classified,"Veteran, Native Hawaiian and Other Pacific Islander",Other source(s) of capital,0,0
Industries not classified,"Veteran, Native Hawaiian and Other Pacific Islander",Don't know,0,0
Industries not classified,"Veteran, Native Hawaiian and Other Pacific Islander",None needed,0,0
Industries not classified,"Veteran, Native Hawaiian and Other Pacific Islander",Total reporting,0,0
Industries not classified,"Veteran, Native Hawaiian and Other Pacific Islander",Item not reported,0,0
Industries not classified,"Veteran, some other race",All firms,0,0
Industries not classified,"Veteran, some other race",Personal/family savings of owner(s),0,0
Industries not classified,"Veteran, some other race",Personal/family assets other than savings of owner(s),0,0
Industries not classified,"Veteran, some other race",Personal/family home equity loan,0,0
Industries not classified,"Veteran, some other race",Personal credit card(s) carrying balances,0,0
Industries not classified,"Veteran, some other race",Business credit card(s) carrying balances,0,0
Industries not classified,"Veteran, some other race","Business loan from federal, state, or local government",0,0
Industries not classified,"Veteran, some other race",Government-guaranteed business loan from a bank or financial institution,0,0
Industries not classified,"Veteran, some other race",Business loan from a bank or financial institution,0,0
Industries not classified,"Veteran, some other race",Business loan/investment from family/friends,0,0
Industries not classified,"Veteran, some other race",Investment by venture capitalist(s),0,0
Industries not classified,"Veteran, some other race",Grants,0,0
Industries not classified,"Veteran, some other race",Other source(s) of capital,0,0
Industries not classified,"Veteran, some other race",Don't know,0,0
Industries not classified,"Veteran, some other race",None needed,0,0
Industries not classified,"Veteran, some other race",Total reporting,0,0
Industries not classified,"Veteran, some other race",Item not reported,0,0
Industries not classified,"Veteran, minority",All firms,53,S
Industries not classified,"Veteran, minority",Personal/family savings of owner(s),2,S
Industries not classified,"Veteran, minority",Personal/family assets other than savings of owner(s),0,S
Industries not classified,"Veteran, minority",Personal/family home equity loan,0,S
Industries not classified,"Veteran, minority",Personal credit card(s) carrying balances,0,S
Industries not classified,"Veteran, minority",Business credit card(s) carrying balances,0,S
Industries not classified,"Veteran, minority","Business loan from federal, state, or local government",0,S
Industries not classified,"Veteran, minority",Government-guaranteed business loan from a bank or financial institution,0,S
Industries not classified,"Veteran, minority",Business loan from a bank or financial institution,0,S
Industries not classified,"Veteran, minority",Business loan/investment from family/friends,0,S
Industries not classified,"Veteran, minority",Investment by venture capitalist(s),0,S
Industries not classified,"Veteran, minority",Grants,0,S
Industries not classified,"Veteran, minority",Other source(s) of capital,0,S
Industries not classified,"Veteran, minority",Don't know,0,S
Industries not classified,"Veteran, minority",None needed,0,S
Industries not classified,"Veteran, minority",Total reporting,2,S
Industries not classified,"Veteran, minority",Item not reported,0,S
Industries not classified,"Veteran, equally minority/nonminority",All firms,0,0
Industries not classified,"Veteran, equally minority/nonminority",Personal/family savings of owner(s),0,0
Industries not classified,"Veteran, equally minority/nonminority",Personal/family assets other than savings of owner(s),0,0
Industries not classified,"Veteran, equally minority/nonminority",Personal/family home equity loan,0,0
Industries not classified,"Veteran, equally minority/nonminority",Personal credit card(s) carrying balances,0,0
Industries not classified,"Veteran, equally minority/nonminority",Business credit card(s) carrying balances,0,0
Industries not classified,"Veteran, equally minority/nonminority","Business loan from federal, state, or local government",0,0
Industries not classified,"Veteran, equally minority/nonminority",Government-guaranteed business loan from a bank or financial institution,0,0
Industries not classified,"Veteran, equally minority/nonminority",Business loan from a bank or financial institution,0,0
Industries not classified,"Veteran, equally minority/nonminority",Business loan/investment from family/friends,0,0
Industries not classified,"Veteran, equally minority/nonminority",Investment by venture capitalist(s),0,0
Industries not classified,"Veteran, equally minority/nonminority",Grants,0,0
Industries not classified,"Veteran, equally minority/nonminority",Other source(s) of capital,0,0
Industries not classified,"Veteran, equally minority/nonminority",Don't know,0,0
Industries not classified,"Veteran, equally minority/nonminority",None needed,0,0
Industries not classified,"Veteran, equally minority/nonminority",Total reporting,0,0
Industries not classified,"Veteran, equally minority/nonminority",Item not reported,0,0
Industries not classified,"Veteran, nonminority",All firms,683,104892
Industries not classified,"Veteran, nonminority",Personal/family savings of owner(s),111,18839
Industries not classified,"Veteran, nonminority",Personal/family assets other than savings of owner(s),11,S
Industries not classified,"Veteran, nonminority",Personal/family home equity loan,0,0
Industries not classified,"Veteran, nonminority",Personal credit card(s) carrying balances,9,S
Industries not classified,"Veteran, nonminority",Business credit card(s) carrying balances,2,S
Industries not classified,"Veteran, nonminority","Business loan from federal, state, or local government",0,0
Industries not classified,"Veteran, nonminority",Government-guaranteed business loan from a bank or financial institution,6,S
Industries not classified,"Veteran, nonminority",Business loan from a bank or financial institution,11,7730
Industries not classified,"Veteran, nonminority",Business loan/investment from family/friends,2,S
Industries not classified,"Veteran, nonminority",Investment by venture capitalist(s),0,0
Industries not classified,"Veteran, nonminority",Grants,0,0
Industries not classified,"Veteran, nonminority",Other source(s) of capital,5,S
Industries not classified,"Veteran, nonminority",Don't know,5,S
Industries not classified,"Veteran, nonminority",None needed,36,S
Industries not classified,"Veteran, nonminority",Total reporting,170,29422
Industries not classified,"Veteran, nonminority",Item not reported,13,S
Industries not classified,Equally veteran/nonveteran,All firms,112,17454
Industries not classified,Equally veteran/nonveteran,Personal/family savings of owner(s),23,1512
Industries not classified,Equally veteran/nonveteran,Personal/family assets other than savings of owner(s),2,S
Industries not classified,Equally veteran/nonveteran,Personal/family home equity loan,8,S
Industries not classified,Equally veteran/nonveteran,Personal credit card(s) carrying balances,0,0
Industries not classified,Equally veteran/nonveteran,Business credit card(s) carrying balances,0,0
Industries not classified,Equally veteran/nonveteran,"Business loan from federal, state, or local government",0,0
Industries not classified,Equally veteran/nonveteran,Government-guaranteed business loan from a bank or financial institution,0,0
Industries not classified,Equally veteran/nonveteran,Business loan from a bank or financial institution,12,S
Industries not classified,Equally veteran/nonveteran,Business loan/investment from family/friends,0,0
Industries not classified,Equally veteran/nonveteran,Investment by venture capitalist(s),0,0
Industries not classified,Equally veteran/nonveteran,Grants,0,0
Industries not classified,Equally veteran/nonveteran,Other source(s) of capital,0,0
Industries not classified,Equally veteran/nonveteran,Don't know,0,0
Industries not classified,Equally veteran/nonveteran,None needed,2,S
Industries not classified,Equally veteran/nonveteran,Total reporting,41,S
Industries not classified,Equally veteran/nonveteran,Item not reported,0,0
Industries not classified,"Equally veteran/nonveteran, female-owned",All firms,0,0
Industries not classified,"Equally veteran/nonveteran, female-owned",Personal/family savings of owner(s),0,0
Industries not classified,"Equally veteran/nonveteran, female-owned",Personal/family assets other than savings of owner(s),0,0
Industries not classified,"Equally veteran/nonveteran, female-owned",Personal/family home equity loan,0,0
Industries not classified,"Equally veteran/nonveteran, female-owned",Personal credit card(s) carrying balances,0,0
Industries not classified,"Equally veteran/nonveteran, female-owned",Business credit card(s) carrying balances,0,0
Industries not classified,"Equally veteran/nonveteran, female-owned","Business loan from federal, state, or local government",0,0
Industries not classified,"Equally veteran/nonveteran, female-owned",Government-guaranteed business loan from a bank or financial institution,0,0
Industries not classified,"Equally veteran/nonveteran, female-owned",Business loan from a bank or financial institution,0,0
Industries not classified,"Equally veteran/nonveteran, female-owned",Business loan/investment from family/friends,0,0
Industries not classified,"Equally veteran/nonveteran, female-owned",Investment by venture capitalist(s),0,0
Industries not classified,"Equally veteran/nonveteran, female-owned",Grants,0,0
Industries not classified,"Equally veteran/nonveteran, female-owned",Other source(s) of capital,0,0
Industries not classified,"Equally veteran/nonveteran, female-owned",Don't know,0,0
Industries not classified,"Equally veteran/nonveteran, female-owned",None needed,0,0
Industries not classified,"Equally veteran/nonveteran, female-owned",Total reporting,0,0
Industries not classified,"Equally veteran/nonveteran, female-owned",Item not reported,0,0
Industries not classified,"Equally veteran/nonveteran, male-owned",All firms,2,S
Industries not classified,"Equally veteran/nonveteran, male-owned",Personal/family savings of owner(s),0,S
Industries not classified,"Equally veteran/nonveteran, male-owned",Personal/family assets other than savings of owner(s),0,S
Industries not classified,"Equally veteran/nonveteran, male-owned",Personal/family home equity loan,0,S
Industries not classified,"Equally veteran/nonveteran, male-owned",Personal credit card(s) carrying balances,0,S
Industries not classified,"Equally veteran/nonveteran, male-owned",Business credit card(s) carrying balances,0,S
Industries not classified,"Equally veteran/nonveteran, male-owned","Business loan from federal, state, or local government",0,S
Industries not classified,"Equally veteran/nonveteran, male-owned",Government-guaranteed business loan from a bank or financial institution,0,S
Industries not classified,"Equally veteran/nonveteran, male-owned",Business loan from a bank or financial institution,0,S
Industries not classified,"Equally veteran/nonveteran, male-owned",Business loan/investment from family/friends,0,S
Industries not classified,"Equally veteran/nonveteran, male-owned",Investment by venture capitalist(s),0,S
Industries not classified,"Equally veteran/nonveteran, male-owned",Grants,0,S
Industries not classified,"Equally veteran/nonveteran, male-owned",Other source(s) of capital,0,S
Industries not classified,"Equally veteran/nonveteran, male-owned",Don't know,0,S
Industries not classified,"Equally veteran/nonveteran, male-owned",None needed,0,S
Industries not classified,"Equally veteran/nonveteran, male-owned",Total reporting,0,S
Industries not classified,"Equally veteran/nonveteran, male-owned",Item not reported,0,S
Industries not classified,"Equally veteran/nonveteran, equally male-/female-owned",All firms,110,16855
Industries not classified,"Equally veteran/nonveteran, equally male-/female-owned",Personal/family savings of owner(s),23,1512
Industries not classified,"Equally veteran/nonveteran, equally male-/female-owned",Personal/family assets other than savings of owner(s),2,S
Industries not classified,"Equally veteran/nonveteran, equally male-/female-owned",Personal/family home equity loan,8,S
Industries not classified,"Equally veteran/nonveteran, equally male-/female-owned",Personal credit card(s) carrying balances,0,0
Industries not classified,"Equally veteran/nonveteran, equally male-/female-owned",Business credit card(s) carrying balances,0,0
Industries not classified,"Equally veteran/nonveteran, equally male-/female-owned","Business loan from federal, state, or local government",0,0
Industries not classified,"Equally veteran/nonveteran, equally male-/female-owned",Government-guaranteed business loan from a bank or financial institution,0,0
Industries not classified,"Equally veteran/nonveteran, equally male-/female-owned",Business loan from a bank or financial institution,12,S
Industries not classified,"Equally veteran/nonveteran, equally male-/female-owned",Business loan/investment from family/friends,0,0
Industries not classified,"Equally veteran/nonveteran, equally male-/female-owned",Investment by venture capitalist(s),0,0
Industries not classified,"Equally veteran/nonveteran, equally male-/female-owned",Grants,0,0
Industries not classified,"Equally veteran/nonveteran, equally male-/female-owned",Other source(s) of capital,0,0
Industries not classified,"Equally veteran/nonveteran, equally male-/female-owned",Don't know,0,0
Industries not classified,"Equally veteran/nonveteran, equally male-/female-owned",None needed,2,S
Industries not classified,"Equally veteran/nonveteran, equally male-/female-owned",Total reporting,41,S
Industries not classified,"Equally veteran/nonveteran, equally male-/female-owned",Item not reported,0,0
Industries not classified,"Equally veteran/nonveteran, Hispanic",All firms,0,0
Industries not classified,"Equally veteran/nonveteran, Hispanic",Personal/family savings of owner(s),0,0
Industries not classified,"Equally veteran/nonveteran, Hispanic",Personal/family assets other than savings of owner(s),0,0
Industries not classified,"Equally veteran/nonveteran, Hispanic",Personal/family home equity loan,0,0
Industries not classified,"Equally veteran/nonveteran, Hispanic",Personal credit card(s) carrying balances,0,0
Industries not classified,"Equally veteran/nonveteran, Hispanic",Business credit card(s) carrying balances,0,0
Industries not classified,"Equally veteran/nonveteran, Hispanic","Business loan from federal, state, or local government",0,0
Industries not classified,"Equally veteran/nonveteran, Hispanic",Government-guaranteed business loan from a bank or financial institution,0,0
Industries not classified,"Equally veteran/nonveteran, Hispanic",Business loan from a bank or financial institution,0,0
Industries not classified,"Equally veteran/nonveteran, Hispanic",Business loan/investment from family/friends,0,0
Industries not classified,"Equally veteran/nonveteran, Hispanic",Investment by venture capitalist(s),0,0
Industries not classified,"Equally veteran/nonveteran, Hispanic",Grants,0,0
Industries not classified,"Equally veteran/nonveteran, Hispanic",Other source(s) of capital,0,0
Industries not classified,"Equally veteran/nonveteran, Hispanic",Don't know,0,0
Industries not classified,"Equally veteran/nonveteran, Hispanic",None needed,0,0
Industries not classified,"Equally veteran/nonveteran, Hispanic",Total reporting,0,0
Industries not classified,"Equally veteran/nonveteran, Hispanic",Item not reported,0,0
Industries not classified,"Equally veteran/nonveteran, equally Hispanic/non-Hispanic",All firms,5,S
Industries not classified,"Equally veteran/nonveteran, equally Hispanic/non-Hispanic",Personal/family savings of owner(s),0,S
Industries not classified,"Equally veteran/nonveteran, equally Hispanic/non-Hispanic",Personal/family assets other than savings of owner(s),0,S
Industries not classified,"Equally veteran/nonveteran, equally Hispanic/non-Hispanic",Personal/family home equity loan,0,S
Industries not classified,"Equally veteran/nonveteran, equally Hispanic/non-Hispanic",Personal credit card(s) carrying balances,0,S
Industries not classified,"Equally veteran/nonveteran, equally Hispanic/non-Hispanic",Business credit card(s) carrying balances,0,S
Industries not classified,"Equally veteran/nonveteran, equally Hispanic/non-Hispanic","Business loan from federal, state, or local government",0,S
Industries not classified,"Equally veteran/nonveteran, equally Hispanic/non-Hispanic",Government-guaranteed business loan from a bank or financial institution,0,S
Industries not classified,"Equally veteran/nonveteran, equally Hispanic/non-Hispanic",Business loan from a bank or financial institution,0,S
Industries not classified,"Equally veteran/nonveteran, equally Hispanic/non-Hispanic",Business loan/investment from family/friends,0,S
Industries not classified,"Equally veteran/nonveteran, equally Hispanic/non-Hispanic",Investment by venture capitalist(s),0,S
Industries not classified,"Equally veteran/nonveteran, equally Hispanic/non-Hispanic",Grants,0,S
Industries not classified,"Equally veteran/nonveteran, equally Hispanic/non-Hispanic",Other source(s) of capital,0,S
Industries not classified,"Equally veteran/nonveteran, equally Hispanic/non-Hispanic",Don't know,0,S
Industries not classified,"Equally veteran/nonveteran, equally Hispanic/non-Hispanic",None needed,0,S
Industries not classified,"Equally veteran/nonveteran, equally Hispanic/non-Hispanic",Total reporting,0,S
Industries not classified,"Equally veteran/nonveteran, equally Hispanic/non-Hispanic",Item not reported,0,S
Industries not classified,"Equally veteran/nonveteran, non-Hispanic",All firms,107,17050
Industries not classified,"Equally veteran/nonveteran, non-Hispanic",Personal/family savings of owner(s),23,1512
Industries not classified,"Equally veteran/nonveteran, non-Hispanic",Personal/family assets other than savings of owner(s),2,S
Industries not classified,"Equally veteran/nonveteran, non-Hispanic",Personal/family home equity loan,8,S
Industries not classified,"Equally veteran/nonveteran, non-Hispanic",Personal credit card(s) carrying balances,0,0
Industries not classified,"Equally veteran/nonveteran, non-Hispanic",Business credit card(s) carrying balances,0,0
Industries not classified,"Equally veteran/nonveteran, non-Hispanic","Business loan from federal, state, or local government",0,0
Industries not classified,"Equally veteran/nonveteran, non-Hispanic",Government-guaranteed business loan from a bank or financial institution,0,0
Industries not classified,"Equally veteran/nonveteran, non-Hispanic",Business loan from a bank or financial institution,12,S
Industries not classified,"Equally veteran/nonveteran, non-Hispanic",Business loan/investment from family/friends,0,0
Industries not classified,"Equally veteran/nonveteran, non-Hispanic",Investment by venture capitalist(s),0,0
Industries not classified,"Equally veteran/nonveteran, non-Hispanic",Grants,0,0
Industries not classified,"Equally veteran/nonveteran, non-Hispanic",Other source(s) of capital,0,0
Industries not classified,"Equally veteran/nonveteran, non-Hispanic",Don't know,0,0
Industries not classified,"Equally veteran/nonveteran, non-Hispanic",None needed,2,S
Industries not classified,"Equally veteran/nonveteran, non-Hispanic",Total reporting,41,S
Industries not classified,"Equally veteran/nonveteran, non-Hispanic",Item not reported,0,0
Industries not classified,"Equally veteran/nonveteran, White",All firms,87,15103
Industries not classified,"Equally veteran/nonveteran, White",Personal/family savings of owner(s),23,1512
Industries not classified,"Equally veteran/nonveteran, White",Personal/family assets other than savings of owner(s),2,S
Industries not classified,"Equally veteran/nonveteran, White",Personal/family home equity loan,8,S
Industries not classified,"Equally veteran/nonveteran, White",Personal credit card(s) carrying balances,0,0
Industries not classified,"Equally veteran/nonveteran, White",Business credit card(s) carrying balances,0,0
Industries not classified,"Equally veteran/nonveteran, White","Business loan from federal, state, or local government",0,0
Industries not classified,"Equally veteran/nonveteran, White",Government-guaranteed business loan from a bank or financial institution,0,0
Industries not classified,"Equally veteran/nonveteran, White",Business loan from a bank or financial institution,12,S
Industries not classified,"Equally veteran/nonveteran, White",Business loan/investment from family/friends,0,0
Industries not classified,"Equally veteran/nonveteran, White",Investment by venture capitalist(s),0,0
Industries not classified,"Equally veteran/nonveteran, White",Grants,0,0
Industries not classified,"Equally veteran/nonveteran, White",Other source(s) of capital,0,0
Industries not classified,"Equally veteran/nonveteran, White",Don't know,0,0
Industries not classified,"Equally veteran/nonveteran, White",None needed,0,0
Industries not classified,"Equally veteran/nonveteran, White",Total reporting,39,S
Industries not classified,"Equally veteran/nonveteran, White",Item not reported,0,0
Industries not classified,"Equally veteran/nonveteran, Black or African American",All firms,24,S
Industries not classified,"Equally veteran/nonveteran, Black or African American",Personal/family savings of owner(s),0,S
Industries not classified,"Equally veteran/nonveteran, Black or African American",Personal/family assets other than savings of owner(s),0,S
Industries not classified,"Equally veteran/nonveteran, Black or African American",Personal/family home equity loan,0,S
Industries not classified,"Equally veteran/nonveteran, Black or African American",Personal credit card(s) carrying balances,0,S
Industries not classified,"Equally veteran/nonveteran, Black or African American",Business credit card(s) carrying balances,0,S
Industries not classified,"Equally veteran/nonveteran, Black or African American","Business loan from federal, state, or local government",0,S
Industries not classified,"Equally veteran/nonveteran, Black or African American",Government-guaranteed business loan from a bank or financial institution,0,S
Industries not classified,"Equally veteran/nonveteran, Black or African American",Business loan from a bank or financial institution,0,S
Industries not classified,"Equally veteran/nonveteran, Black or African American",Business loan/investment from family/friends,0,S
Industries not classified,"Equally veteran/nonveteran, Black or African American",Investment by venture capitalist(s),0,S
Industries not classified,"Equally veteran/nonveteran, Black or African American",Grants,0,S
Industries not classified,"Equally veteran/nonveteran, Black or African American",Other source(s) of capital,0,S
Industries not classified,"Equally veteran/nonveteran, Black or African American",Don't know,0,S
Industries not classified,"Equally veteran/nonveteran, Black or African American",None needed,2,S
Industries not classified,"Equally veteran/nonveteran, Black or African American",Total reporting,2,S
Industries not classified,"Equally veteran/nonveteran, Black or African American",Item not reported,0,S
Industries not classified,"Equally veteran/nonveteran, American Indian and Alaska Native",All firms,0,0
Industries not classified,"Equally veteran/nonveteran, American Indian and Alaska Native",Personal/family savings of owner(s),0,0
Industries not classified,"Equally veteran/nonveteran, American Indian and Alaska Native",Personal/family assets other than savings of owner(s),0,0
Industries not classified,"Equally veteran/nonveteran, American Indian and Alaska Native",Personal/family home equity loan,0,0
Industries not classified,"Equally veteran/nonveteran, American Indian and Alaska Native",Personal credit card(s) carrying balances,0,0
Industries not classified,"Equally veteran/nonveteran, American Indian and Alaska Native",Business credit card(s) carrying balances,0,0
Industries not classified,"Equally veteran/nonveteran, American Indian and Alaska Native","Business loan from federal, state, or local government",0,0
Industries not classified,"Equally veteran/nonveteran, American Indian and Alaska Native",Government-guaranteed business loan from a bank or financial institution,0,0
Industries not classified,"Equally veteran/nonveteran, American Indian and Alaska Native",Business loan from a bank or financial institution,0,0
Industries not classified,"Equally veteran/nonveteran, American Indian and Alaska Native",Business loan/investment from family/friends,0,0
Industries not classified,"Equally veteran/nonveteran, American Indian and Alaska Native",Investment by venture capitalist(s),0,0
Industries not classified,"Equally veteran/nonveteran, American Indian and Alaska Native",Grants,0,0
Industries not classified,"Equally veteran/nonveteran, American Indian and Alaska Native",Other source(s) of capital,0,0
Industries not classified,"Equally veteran/nonveteran, American Indian and Alaska Native",Don't know,0,0
Industries not classified,"Equally veteran/nonveteran, American Indian and Alaska Native",None needed,0,0
Industries not classified,"Equally veteran/nonveteran, American Indian and Alaska Native",Total reporting,0,0
Industries not classified,"Equally veteran/nonveteran, American Indian and Alaska Native",Item not reported,0,0
Industries not classified,"Equally veteran/nonveteran, Asian",All firms,0,0
Industries not classified,"Equally veteran/nonveteran, Asian",Personal/family savings of owner(s),0,0
Industries not classified,"Equally veteran/nonveteran, Asian",Personal/family assets other than savings of owner(s),0,0
Industries not classified,"Equally veteran/nonveteran, Asian",Personal/family home equity loan,0,0
Industries not classified,"Equally veteran/nonveteran, Asian",Personal credit card(s) carrying balances,0,0
Industries not classified,"Equally veteran/nonveteran, Asian",Business credit card(s) carrying balances,0,0
Industries not classified,"Equally veteran/nonveteran, Asian","Business loan from federal, state, or local government",0,0
Industries not classified,"Equally veteran/nonveteran, Asian",Government-guaranteed business loan from a bank or financial institution,0,0
Industries not classified,"Equally veteran/nonveteran, Asian",Business loan from a bank or financial institution,0,0
Industries not classified,"Equally veteran/nonveteran, Asian",Business loan/investment from family/friends,0,0
Industries not classified,"Equally veteran/nonveteran, Asian",Investment by venture capitalist(s),0,0
Industries not classified,"Equally veteran/nonveteran, Asian",Grants,0,0
Industries not classified,"Equally veteran/nonveteran, Asian",Other source(s) of capital,0,0
Industries not classified,"Equally veteran/nonveteran, Asian",Don't know,0,0
Industries not classified,"Equally veteran/nonveteran, Asian",None needed,0,0
Industries not classified,"Equally veteran/nonveteran, Asian",Total reporting,0,0
Industries not classified,"Equally veteran/nonveteran, Asian",Item not reported,0,0
Industries not classified,"Equally veteran/nonveteran, Native Hawaiian and Other Pacific Islander",All firms,0,0
Industries not classified,"Equally veteran/nonveteran, Native Hawaiian and Other Pacific Islander",Personal/family savings of owner(s),0,0
Industries not classified,"Equally veteran/nonveteran, Native Hawaiian and Other Pacific Islander",Personal/family assets other than savings of owner(s),0,0
Industries not classified,"Equally veteran/nonveteran, Native Hawaiian and Other Pacific Islander",Personal/family home equity loan,0,0
Industries not classified,"Equally veteran/nonveteran, Native Hawaiian and Other Pacific Islander",Personal credit card(s) carrying balances,0,0
Industries not classified,"Equally veteran/nonveteran, Native Hawaiian and Other Pacific Islander",Business credit card(s) carrying balances,0,0
Industries not classified,"Equally veteran/nonveteran, Native Hawaiian and Other Pacific Islander","Business loan from federal, state, or local government",0,0
Industries not classified,"Equally veteran/nonveteran, Native Hawaiian and Other Pacific Islander",Government-guaranteed business loan from a bank or financial institution,0,0
Industries not classified,"Equally veteran/nonveteran, Native Hawaiian and Other Pacific Islander",Business loan from a bank or financial institution,0,0
Industries not classified,"Equally veteran/nonveteran, Native Hawaiian and Other Pacific Islander",Business loan/investment from family/friends,0,0
Industries not classified,"Equally veteran/nonveteran, Native Hawaiian and Other Pacific Islander",Investment by venture capitalist(s),0,0
Industries not classified,"Equally veteran/nonveteran, Native Hawaiian and Other Pacific Islander",Grants,0,0
Industries not classified,"Equally veteran/nonveteran, Native Hawaiian and Other Pacific Islander",Other source(s) of capital,0,0
Industries not classified,"Equally veteran/nonveteran, Native Hawaiian and Other Pacific Islander",Don't know,0,0
Industries not classified,"Equally veteran/nonveteran, Native Hawaiian and Other Pacific Islander",None needed,0,0
Industries not classified,"Equally veteran/nonveteran, Native Hawaiian and Other Pacific Islander",Total reporting,0,0
Industries not classified,"Equally veteran/nonveteran, Native Hawaiian and Other Pacific Islander",Item not reported,0,0
Industries not classified,"Equally veteran/nonveteran, some other race",All firms,0,0
Industries not classified,"Equally veteran/nonveteran, some other race",Personal/family savings of owner(s),0,0
Industries not classified,"Equally veteran/nonveteran, some other race",Personal/family assets other than savings of owner(s),0,0
Industries not classified,"Equally veteran/nonveteran, some other race",Personal/family home equity loan,0,0
Industries not classified,"Equally veteran/nonveteran, some other race",Personal credit card(s) carrying balances,0,0
Industries not classified,"Equally veteran/nonveteran, some other race",Business credit card(s) carrying balances,0,0
Industries not classified,"Equally veteran/nonveteran, some other race","Business loan from federal, state, or local government",0,0
Industries not classified,"Equally veteran/nonveteran, some other race",Government-guaranteed business loan from a bank or financial institution,0,0
Industries not classified,"Equally veteran/nonveteran, some other race",Business loan from a bank or financial institution,0,0
Industries not classified,"Equally veteran/nonveteran, some other race",Business loan/investment from family/friends,0,0
Industries not classified,"Equally veteran/nonveteran, some other race",Investment by venture capitalist(s),0,0
Industries not classified,"Equally veteran/nonveteran, some other race",Grants,0,0
Industries not classified,"Equally veteran/nonveteran, some other race",Other source(s) of capital,0,0
Industries not classified,"Equally veteran/nonveteran, some other race",Don't know,0,0
Industries not classified,"Equally veteran/nonveteran, some other race",None needed,0,0
Industries not classified,"Equally veteran/nonveteran, some other race",Total reporting,0,0
Industries not classified,"Equally veteran/nonveteran, some other race",Item not reported,0,0
Industries not classified,"Equally veteran/nonveteran, minority",All firms,24,S
Industries not classified,"Equally veteran/nonveteran, minority",Personal/family savings of owner(s),0,S
Industries not classified,"Equally veteran/nonveteran, minority",Personal/family assets other than savings of owner(s),0,S
Industries not classified,"Equally veteran/nonveteran, minority",Personal/family home equity loan,0,S
Industries not classified,"Equally veteran/nonveteran, minority",Personal credit card(s) carrying balances,0,S
Industries not classified,"Equally veteran/nonveteran, minority",Business credit card(s) carrying balances,0,S
Industries not classified,"Equally veteran/nonveteran, minority","Business loan from federal, state, or local government",0,S
Industries not classified,"Equally veteran/nonveteran, minority",Government-guaranteed business loan from a bank or financial institution,0,S
Industries not classified,"Equally veteran/nonveteran, minority",Business loan from a bank or financial institution,0,S
Industries not classified,"Equally veteran/nonveteran, minority",Business loan/investment from family/friends,0,S
Industries not classified,"Equally veteran/nonveteran, minority",Investment by venture capitalist(s),0,S
Industries not classified,"Equally veteran/nonveteran, minority",Grants,0,S
Industries not classified,"Equally veteran/nonveteran, minority",Other source(s) of capital,0,S
Industries not classified,"Equally veteran/nonveteran, minority",Don't know,0,S
Industries not classified,"Equally veteran/nonveteran, minority",None needed,2,S
Industries not classified,"Equally veteran/nonveteran, minority",Total reporting,2,S
Industries not classified,"Equally veteran/nonveteran, minority",Item not reported,0,S
Industries not classified,"Equally veteran/nonveteran, equally minority/nonminority",All firms,6,S
Industries not classified,"Equally veteran/nonveteran, equally minority/nonminority",Personal/family savings of owner(s),0,S
Industries not classified,"Equally veteran/nonveteran, equally minority/nonminority",Personal/family assets other than savings of owner(s),0,S
Industries not classified,"Equally veteran/nonveteran, equally minority/nonminority",Personal/family home equity loan,0,S
Industries not classified,"Equally veteran/nonveteran, equally minority/nonminority",Personal credit card(s) carrying balances,0,S
Industries not classified,"Equally veteran/nonveteran, equally minority/nonminority",Business credit card(s) carrying balances,0,S
Industries not classified,"Equally veteran/nonveteran, equally minority/nonminority","Business loan from federal, state, or local government",0,S
Industries not classified,"Equally veteran/nonveteran, equally minority/nonminority",Government-guaranteed business loan from a bank or financial institution,0,S
Industries not classified,"Equally veteran/nonveteran, equally minority/nonminority",Business loan from a bank or financial institution,0,S
Industries not classified,"Equally veteran/nonveteran, equally minority/nonminority",Business loan/investment from family/friends,0,S
Industries not classified,"Equally veteran/nonveteran, equally minority/nonminority",Investment by venture capitalist(s),0,S
Industries not classified,"Equally veteran/nonveteran, equally minority/nonminority",Grants,0,S
Industries not classified,"Equally veteran/nonveteran, equally minority/nonminority",Other source(s) of capital,0,S
Industries not classified,"Equally veteran/nonveteran, equally minority/nonminority",Don't know,0,S
Industries not classified,"Equally veteran/nonveteran, equally minority/nonminority",None needed,0,S
Industries not classified,"Equally veteran/nonveteran, equally minority/nonminority",Total reporting,0,S
Industries not classified,"Equally veteran/nonveteran, equally minority/nonminority",Item not reported,0,S
Industries not classified,"Equally veteran/nonveteran, nonminority",All firms,82,14698
Industries not classified,"Equally veteran/nonveteran, nonminority",Personal/family savings of owner(s),23,1512
Industries not classified,"Equally veteran/nonveteran, nonminority",Personal/family assets other than savings of owner(s),2,S
Industries not classified,"Equally veteran/nonveteran, nonminority",Personal/family home equity loan,8,S
Industries not classified,"Equally veteran/nonveteran, nonminority",Personal credit card(s) carrying balances,0,0
Industries not classified,"Equally veteran/nonveteran, nonminority",Business credit card(s) carrying balances,0,0
Industries not classified,"Equally veteran/nonveteran, nonminority","Business loan from federal, state, or local government",0,0
Industries not classified,"Equally veteran/nonveteran, nonminority",Government-guaranteed business loan from a bank or financial institution,0,0
Industries not classified,"Equally veteran/nonveteran, nonminority",Business loan from a bank or financial institution,12,S
Industries not classified,"Equally veteran/nonveteran, nonminority",Business loan/investment from family/friends,0,0
Industries not classified,"Equally veteran/nonveteran, nonminority",Investment by venture capitalist(s),0,0
Industries not classified,"Equally veteran/nonveteran, nonminority",Grants,0,0
Industries not classified,"Equally veteran/nonveteran, nonminority",Other source(s) of capital,0,0
Industries not classified,"Equally veteran/nonveteran, nonminority",Don't know,0,0
Industries not classified,"Equally veteran/nonveteran, nonminority",None needed,0,0
Industries not classified,"Equally veteran/nonveteran, nonminority",Total reporting,39,S
Industries not classified,"Equally veteran/nonveteran, nonminority",Item not reported,0,0
Industries not classified,Nonveteran,All firms,6363,970903
Industries not classified,Nonveteran,Personal/family savings of owner(s),783,82392
Industries not classified,Nonveteran,Personal/family assets other than savings of owner(s),97,17432
Industries not classified,Nonveteran,Personal/family home equity loan,31,2270
Industries not classified,Nonveteran,Personal credit card(s) carrying balances,111,8240
Industries not classified,Nonveteran,Business credit card(s) carrying balances,34,S
Industries not classified,Nonveteran,"Business loan from federal, state, or local government",19,S
Industries not classified,Nonveteran,Government-guaranteed business loan from a bank or financial institution,0,0
Industries not classified,Nonveteran,Business loan from a bank or financial institution,93,11603
Industries not classified,Nonveteran,Business loan/investment from family/friends,23,2198
Industries not classified,Nonveteran,Investment by venture capitalist(s),0,0
Industries not classified,Nonveteran,Grants,2,S
Industries not classified,Nonveteran,Other source(s) of capital,32,S
Industries not classified,Nonveteran,Don't know,171,7860
Industries not classified,Nonveteran,None needed,472,41855
Industries not classified,Nonveteran,Total reporting,1553(r),154619(r)
Industries not classified,Nonveteran,Item not reported,55(r),4062(r)
Industries not classified,"Nonveteran, female-owned",All firms,2744,266310
Industries not classified,"Nonveteran, female-owned",Personal/family savings of owner(s),282,23016
Industries not classified,"Nonveteran, female-owned",Personal/family assets other than savings of owner(s),29,1932
Industries not classified,"Nonveteran, female-owned",Personal/family home equity loan,12,S
Industries not classified,"Nonveteran, female-owned",Personal credit card(s) carrying balances,77,S
Industries not classified,"Nonveteran, female-owned",Business credit card(s) carrying balances,34,S
Industries not classified,"Nonveteran, female-owned","Business loan from federal, state, or local government",0,0
Industries not classified,"Nonveteran, female-owned",Government-guaranteed business loan from a bank or financial institution,0,0
Industries not classified,"Nonveteran, female-owned",Business loan from a bank or financial institution,13,S
Industries not classified,"Nonveteran, female-owned",Business loan/investment from family/friends,6,S
Industries not classified,"Nonveteran, female-owned",Investment by venture capitalist(s),0,0
Industries not classified,"Nonveteran, female-owned",Grants,2,S
Industries not classified,"Nonveteran, female-owned",Other source(s) of capital,6,220
Industries not classified,"Nonveteran, female-owned",Don't know,84,S
Industries not classified,"Nonveteran, female-owned",None needed,241,18699
Industries not classified,"Nonveteran, female-owned",Total reporting,644,49229
Industries not classified,"Nonveteran, female-owned",Item not reported,20,S
Industries not classified,"Nonveteran, male-owned",All firms,2931,576488
Industries not classified,"Nonveteran, male-owned",Personal/family savings of owner(s),403,46720
Industries not classified,"Nonveteran, male-owned",Personal/family assets other than savings of owner(s),56,14108
Industries not classified,"Nonveteran, male-owned",Personal/family home equity loan,19,1328
Industries not classified,"Nonveteran, male-owned",Personal credit card(s) carrying balances,24,3202
Industries not classified,"Nonveteran, male-owned",Business credit card(s) carrying balances,0,0
Industries not classified,"Nonveteran, male-owned","Business loan from federal, state, or local government",0,0
Industries not classified,"Nonveteran, male-owned",Government-guaranteed business loan from a bank or financial institution,0,0
Industries not classified,"Nonveteran, male-owned",Business loan from a bank or financial institution,56,7686
Industries not classified,"Nonveteran, male-owned",Business loan/investment from family/friends,10,1024
Industries not classified,"Nonveteran, male-owned",Investment by venture capitalist(s),0,0
Industries not classified,"Nonveteran, male-owned",Grants,0,0
Industries not classified,"Nonveteran, male-owned",Other source(s) of capital,20,S
Industries not classified,"Nonveteran, male-owned",Don't know,87,3361
Industries not classified,"Nonveteran, male-owned",None needed,197,21099
Industries not classified,"Nonveteran, male-owned",Total reporting,739,87344
Industries not classified,"Nonveteran, male-owned",Item not reported,26,1192
Industries not classified,"Nonveteran, equally male-/female-owned",All firms,688,128105
Industries not classified,"Nonveteran, equally male-/female-owned",Personal/family savings of owner(s),98,12656
Industries not classified,"Nonveteran, equally male-/female-owned",Personal/family assets other than savings of owner(s),11,S
Industries not classified,"Nonveteran, equally male-/female-owned",Personal/family home equity loan,0,0
Industries not classified,"Nonveteran, equally male-/female-owned",Personal credit card(s) carrying balances,11,S
Industries not classified,"Nonveteran, equally male-/female-owned",Business credit card(s) carrying balances,0,0
Industries not classified,"Nonveteran, equally male-/female-owned","Business loan from federal, state, or local government",19,S
Industries not classified,"Nonveteran, equally male-/female-owned",Government-guaranteed business loan from a bank or financial institution,0,0
Industries not classified,"Nonveteran, equally male-/female-owned",Business loan from a bank or financial institution,24,S
Industries not classified,"Nonveteran, equally male-/female-owned",Business loan/investment from family/friends,6,S
Industries not classified,"Nonveteran, equally male-/female-owned",Investment by venture capitalist(s),0,0
Industries not classified,"Nonveteran, equally male-/female-owned",Grants,0,0
Industries not classified,"Nonveteran, equally male-/female-owned",Other source(s) of capital,6,S
Industries not classified,"Nonveteran, equally male-/female-owned",Don't know,0,0
Industries not classified,"Nonveteran, equally male-/female-owned",None needed,34,2056
Industries not classified,"Nonveteran, equally male-/female-owned",Total reporting,171(r),18046(r)
Industries not classified,"Nonveteran, equally male-/female-owned",Item not reported,9(r),S
Industries not classified,"Nonveteran, Hispanic",All firms,335,36324
Industries not classified,"Nonveteran, Hispanic",Personal/family savings of owner(s),35,2047
Industries not classified,"Nonveteran, Hispanic",Personal/family assets other than savings of owner(s),11,S
Industries not classified,"Nonveteran, Hispanic",Personal/family home equity loan,0,0
Industries not classified,"Nonveteran, Hispanic",Personal credit card(s) carrying balances,0,0
Industries not classified,"Nonveteran, Hispanic",Business credit card(s) carrying balances,0,0
Industries not classified,"Nonveteran, Hispanic","Business loan from federal, state, or local government",0,0
Industries not classified,"Nonveteran, Hispanic",Government-guaranteed business loan from a bank or financial institution,0,0
Industries not classified,"Nonveteran, Hispanic",Business loan from a bank or financial institution,0,0
Industries not classified,"Nonveteran, Hispanic",Business loan/investment from family/friends,0,0
Industries not classified,"Nonveteran, Hispanic",Investment by venture capitalist(s),0,0
Industries not classified,"Nonveteran, Hispanic",Grants,0,0
Industries not classified,"Nonveteran, Hispanic",Other source(s) of capital,2,S
Industries not classified,"Nonveteran, Hispanic",Don't know,2,S
Industries not classified,"Nonveteran, Hispanic",None needed,4,S
Industries not classified,"Nonveteran, Hispanic",Total reporting,46,4683
Industries not classified,"Nonveteran, Hispanic",Item not reported,2,S
Industries not classified,"Nonveteran, equally Hispanic/non-Hispanic",All firms,28,S
Industries not classified,"Nonveteran, equally Hispanic/non-Hispanic",Personal/family savings of owner(s),3,S
Industries not classified,"Nonveteran, equally Hispanic/non-Hispanic",Personal/family assets other than savings of owner(s),0,S
Industries not classified,"Nonveteran, equally Hispanic/non-Hispanic",Personal/family home equity loan,0,S
Industries not classified,"Nonveteran, equally Hispanic/non-Hispanic",Personal credit card(s) carrying balances,0,S
Industries not classified,"Nonveteran, equally Hispanic/non-Hispanic",Business credit card(s) carrying balances,0,S
Industries not classified,"Nonveteran, equally Hispanic/non-Hispanic","Business loan from federal, state, or local government",0,S
Industries not classified,"Nonveteran, equally Hispanic/non-Hispanic",Government-guaranteed business loan from a bank or financial institution,0,S
Industries not classified,"Nonveteran, equally Hispanic/non-Hispanic",Business loan from a bank or financial institution,0,S
Industries not classified,"Nonveteran, equally Hispanic/non-Hispanic",Business loan/investment from family/friends,0,S
Industries not classified,"Nonveteran, equally Hispanic/non-Hispanic",Investment by venture capitalist(s),0,S
Industries not classified,"Nonveteran, equally Hispanic/non-Hispanic",Grants,0,S
Industries not classified,"Nonveteran, equally Hispanic/non-Hispanic",Other source(s) of capital,0,S
Industries not classified,"Nonveteran, equally Hispanic/non-Hispanic",Don't know,0,S
Industries not classified,"Nonveteran, equally Hispanic/non-Hispanic",None needed,2,S
Industries not classified,"Nonveteran, equally Hispanic/non-Hispanic",Total reporting,5,S
Industries not classified,"Nonveteran, equally Hispanic/non-Hispanic",Item not reported,0,S
Industries not classified,"Nonveteran, non-Hispanic",All firms,6000,932640
Industries not classified,"Nonveteran, non-Hispanic",Personal/family savings of owner(s),745,80246
Industries not classified,"Nonveteran, non-Hispanic",Personal/family assets other than savings of owner(s),86,15867
Industries not classified,"Nonveteran, non-Hispanic",Personal/family home equity loan,31,2270
Industries not classified,"Nonveteran, non-Hispanic",Personal credit card(s) carrying balances,111,8240
Industries not classified,"Nonveteran, non-Hispanic",Business credit card(s) carrying balances,34,S
Industries not classified,"Nonveteran, non-Hispanic","Business loan from federal, state, or local government",19,S
Industries not classified,"Nonveteran, non-Hispanic",Government-guaranteed business loan from a bank or financial institution,0,0
Industries not classified,"Nonveteran, non-Hispanic",Business loan from a bank or financial institution,93,11603
Industries not classified,"Nonveteran, non-Hispanic",Business loan/investment from family/friends,23,2198
Industries not classified,"Nonveteran, non-Hispanic",Investment by venture capitalist(s),0,0
Industries not classified,"Nonveteran, non-Hispanic",Grants,2,S
Industries not classified,"Nonveteran, non-Hispanic",Other source(s) of capital,29,S
Industries not classified,"Nonveteran, non-Hispanic",Don't know,169,7641
Industries not classified,"Nonveteran, non-Hispanic",None needed,466,39729
Industries not classified,"Nonveteran, non-Hispanic",Total reporting,1502(r),149518(r)
Industries not classified,"Nonveteran, non-Hispanic",Item not reported,53(r),3947(r)
Industries not classified,"Nonveteran, White",All firms,5074,847292
Industries not classified,"Nonveteran, White",Personal/family savings of owner(s),629,67037
Industries not classified,"Nonveteran, White",Personal/family assets other than savings of owner(s),88,15850
Industries not classified,"Nonveteran, White",Personal/family home equity loan,31,2270
Industries not classified,"Nonveteran, White",Personal credit card(s) carrying balances,71,S
Industries not classified,"Nonveteran, White",Business credit card(s) carrying balances,16,S
Industries not classified,"Nonveteran, White","Business loan from federal, state, or local government",19,S
Industries not classified,"Nonveteran, White",Government-guaranteed business loan from a bank or financial institution,0,0
Industries not classified,"Nonveteran, White",Business loan from a bank or financial institution,89,10795
Industries not classified,"Nonveteran, White",Business loan/investment from family/friends,23,2198
Industries not classified,"Nonveteran, White",Investment by venture capitalist(s),0,0
Industries not classified,"Nonveteran, White",Grants,0,0
Industries not classified,"Nonveteran, White",Other source(s) of capital,30,S
Industries not classified,"Nonveteran, White",Don't know,116,7138
Industries not classified,"Nonveteran, White",None needed,456,40170
Industries not classified,"Nonveteran, White",Total reporting,1318(r),135977(r)
Industries not classified,"Nonveteran, White",Item not reported,49(r),2719(r)
Industries not classified,"Nonveteran, Black or African American",All firms,568,42041
Industries not classified,"Nonveteran, Black or African American",Personal/family savings of owner(s),15,S
Industries not classified,"Nonveteran, Black or African American",Personal/family assets other than savings of owner(s),0,0
Industries not classified,"Nonveteran, Black or African American",Personal/family home equity loan,0,0
Industries not classified,"Nonveteran, Black or African American",Personal credit card(s) carrying balances,13,S
Industries not classified,"Nonveteran, Black or African American",Business credit card(s) carrying balances,0,0
Industries not classified,"Nonveteran, Black or African American","Business loan from federal, state, or local government",0,0
Industries not classified,"Nonveteran, Black or African American",Government-guaranteed business loan from a bank or financial institution,0,0
Industries not classified,"Nonveteran, Black or African American",Business loan from a bank or financial institution,0,0
Industries not classified,"Nonveteran, Black or African American",Business loan/investment from family/friends,0,0
Industries not classified,"Nonveteran, Black or African American",Investment by venture capitalist(s),0,0
Industries not classified,"Nonveteran, Black or African American",Grants,2,S
Industries not classified,"Nonveteran, Black or African American",Other source(s) of capital,0,0
Industries not classified,"Nonveteran, Black or African American",Don't know,43,S
Industries not classified,"Nonveteran, Black or African American",None needed,5,S
Industries not classified,"Nonveteran, Black or African American",Total reporting,66,1818
Industries not classified,"Nonveteran, Black or African American",Item not reported,0,0
Industries not classified,"Nonveteran, American Indian and Alaska Native",All firms,34,1829
Industries not classified,"Nonveteran, American Indian and Alaska Native",Personal/family savings of owner(s),2,S
Industries not classified,"Nonveteran, American Indian and Alaska Native",Personal/family assets other than savings of owner(s),0,0
Industries not classified,"Nonveteran, American Indian and Alaska Native",Personal/family home equity loan,0,0
Industries not classified,"Nonveteran, American Indian and Alaska Native",Personal credit card(s) carrying balances,0,0
Industries not classified,"Nonveteran, American Indian and Alaska Native",Business credit card(s) carrying balances,0,0
Industries not classified,"Nonveteran, American Indian and Alaska Native","Business loan from federal, state, or local government",0,0
Industries not classified,"Nonveteran, American Indian and Alaska Native",Government-guaranteed business loan from a bank or financial institution,0,0
Industries not classified,"Nonveteran, American Indian and Alaska Native",Business loan from a bank or financial institution,4,S
Industries not classified,"Nonveteran, American Indian and Alaska Native",Business loan/investment from family/friends,0,0
Industries not classified,"Nonveteran, American Indian and Alaska Native",Investment by venture capitalist(s),0,0
Industries not classified,"Nonveteran, American Indian and Alaska Native",Grants,0,0
Industries not classified,"Nonveteran, American Indian and Alaska Native",Other source(s) of capital,2,S
Industries not classified,"Nonveteran, American Indian and Alaska Native",Don't know,0,0
Industries not classified,"Nonveteran, American Indian and Alaska Native",None needed,6,149
Industries not classified,"Nonveteran, American Indian and Alaska Native",Total reporting,12,576
Industries not classified,"Nonveteran, American Indian and Alaska Native",Item not reported,0,0
Industries not classified,"Nonveteran, Asian",All firms,548,66416
Industries not classified,"Nonveteran, Asian",Personal/family savings of owner(s),117,13836
Industries not classified,"Nonveteran, Asian",Personal/family assets other than savings of owner(s),9,S
Industries not classified,"Nonveteran, Asian",Personal/family home equity loan,0,0
Industries not classified,"Nonveteran, Asian",Personal credit card(s) carrying balances,27,3069
Industries not classified,"Nonveteran, Asian",Business credit card(s) carrying balances,18,S
Industries not classified,"Nonveteran, Asian","Business loan from federal, state, or local government",0,0
Industries not classified,"Nonveteran, Asian",Government-guaranteed business loan from a bank or financial institution,0,0
Industries not classified,"Nonveteran, Asian",Business loan from a bank or financial institution,2,S
Industries not classified,"Nonveteran, Asian",Business loan/investment from family/friends,0,0
Industries not classified,"Nonveteran, Asian",Investment by venture capitalist(s),0,0
Industries not classified,"Nonveteran, Asian",Grants,0,0
Industries not classified,"Nonveteran, Asian",Other source(s) of capital,0,0
Industries not classified,"Nonveteran, Asian",Don't know,10,S
Industries not classified,"Nonveteran, Asian",None needed,0,0
Industries not classified,"Nonveteran, Asian",Total reporting,133,14921
Industries not classified,"Nonveteran, Asian",Item not reported,6,S
Industries not classified,"Nonveteran, Native Hawaiian and Other Pacific Islander",All firms,8,S
Industries not classified,"Nonveteran, Native Hawaiian and Other Pacific Islander",Personal/family savings of owner(s),0,S
Industries not classified,"Nonveteran, Native Hawaiian and Other Pacific Islander",Personal/family assets other than savings of owner(s),0,S
Industries not classified,"Nonveteran, Native Hawaiian and Other Pacific Islander",Personal/family home equity loan,0,S
Industries not classified,"Nonveteran, Native Hawaiian and Other Pacific Islander",Personal credit card(s) carrying balances,0,S
Industries not classified,"Nonveteran, Native Hawaiian and Other Pacific Islander",Business credit card(s) carrying balances,0,S
Industries not classified,"Nonveteran, Native Hawaiian and Other Pacific Islander","Business loan from federal, state, or local government",0,S
Industries not classified,"Nonveteran, Native Hawaiian and Other Pacific Islander",Government-guaranteed business loan from a bank or financial institution,0,S
Industries not classified,"Nonveteran, Native Hawaiian and Other Pacific Islander",Business loan from a bank or financial institution,0,S
Industries not classified,"Nonveteran, Native Hawaiian and Other Pacific Islander",Business loan/investment from family/friends,0,S
Industries not classified,"Nonveteran, Native Hawaiian and Other Pacific Islander",Investment by venture capitalist(s),0,S
Industries not classified,"Nonveteran, Native Hawaiian and Other Pacific Islander",Grants,0,S
Industries not classified,"Nonveteran, Native Hawaiian and Other Pacific Islander",Other source(s) of capital,0,S
Industries not classified,"Nonveteran, Native Hawaiian and Other Pacific Islander",Don't know,0,S
Industries not classified,"Nonveteran, Native Hawaiian and Other Pacific Islander",None needed,2,S
Industries not classified,"Nonveteran, Native Hawaiian and Other Pacific Islander",Total reporting,2,S
Industries not classified,"Nonveteran, Native Hawaiian and Other Pacific Islander",Item not reported,0,S
Industries not classified,"Nonveteran, some other race",All firms,139,12889
Industries not classified,"Nonveteran, some other race",Personal/family savings of owner(s),22,S
Industries not classified,"Nonveteran, some other race",Personal/family assets other than savings of owner(s),0,0
Industries not classified,"Nonveteran, some other race",Personal/family home equity loan,0,0
Industries not classified,"Nonveteran, some other race",Personal credit card(s) carrying balances,0,0
Industries not classified,"Nonveteran, some other race",Business credit card(s) carrying balances,0,0
Industries not classified,"Nonveteran, some other race","Business loan from federal, state, or local government",0,0
Industries not classified,"Nonveteran, some other race",Government-guaranteed business loan from a bank or financial institution,0,0
Industries not classified,"Nonveteran, some other race",Business loan from a bank or financial institution,0,0
Industries not classified,"Nonveteran, some other race",Business loan/investment from family/friends,0,0
Industries not classified,"Nonveteran, some other race",Investment by venture capitalist(s),0,0
Industries not classified,"Nonveteran, some other race",Grants,0,0
Industries not classified,"Nonveteran, some other race",Other source(s) of capital,0,0
Industries not classified,"Nonveteran, some other race",Don't know,6,S
Industries not classified,"Nonveteran, some other race",None needed,0,0
Industries not classified,"Nonveteran, some other race",Total reporting,28,S
Industries not classified,"Nonveteran, some other race",Item not reported,0,0
Industries not classified,"Nonveteran, minority",All firms,1491,147214
Industries not classified,"Nonveteran, minority",Personal/family savings of owner(s),172,16826
Industries not classified,"Nonveteran, minority",Personal/family assets other than savings of owner(s),20,3147
Industries not classified,"Nonveteran, minority",Personal/family home equity loan,0,0
Industries not classified,"Nonveteran, minority",Personal credit card(s) carrying balances,40,3267
Industries not classified,"Nonveteran, minority",Business credit card(s) carrying balances,18,S
Industries not classified,"Nonveteran, minority","Business loan from federal, state, or local government",0,0
Industries not classified,"Nonveteran, minority",Government-guaranteed business loan from a bank or financial institution,0,0
Industries not classified,"Nonveteran, minority",Business loan from a bank or financial institution,6,1119
Industries not classified,"Nonveteran, minority",Business loan/investment from family/friends,0,0
Industries not classified,"Nonveteran, minority",Investment by venture capitalist(s),0,0
Industries not classified,"Nonveteran, minority",Grants,2,S
Industries not classified,"Nonveteran, minority",Other source(s) of capital,4,S
Industries not classified,"Nonveteran, minority",Don't know,55,722
Industries not classified,"Nonveteran, minority",None needed,15,3087
Industries not classified,"Nonveteran, minority",Total reporting,259,22437
Industries not classified,"Nonveteran, minority",Item not reported,8,S
Industries not classified,"Nonveteran, equally minority/nonminority",All firms,77,7483
Industries not classified,"Nonveteran, equally minority/nonminority",Personal/family savings of owner(s),8,S
Industries not classified,"Nonveteran, equally minority/nonminority",Personal/family assets other than savings of owner(s),0,0
Industries not classified,"Nonveteran, equally minority/nonminority",Personal/family home equity loan,0,0
Industries not classified,"Nonveteran, equally minority/nonminority",Personal credit card(s) carrying balances,0,0
Industries not classified,"Nonveteran, equally minority/nonminority",Business credit card(s) carrying balances,0,0
Industries not classified,"Nonveteran, equally minority/nonminority","Business loan from federal, state, or local government",0,0
Industries not classified,"Nonveteran, equally minority/nonminority",Government-guaranteed business loan from a bank or financial institution,0,0
Industries not classified,"Nonveteran, equally minority/nonminority",Business loan from a bank or financial institution,0,0
Industries not classified,"Nonveteran, equally minority/nonminority",Business loan/investment from family/friends,0,0
Industries not classified,"Nonveteran, equally minority/nonminority",Investment by venture capitalist(s),0,0
Industries not classified,"Nonveteran, equally minority/nonminority",Grants,0,0
Industries not classified,"Nonveteran, equally minority/nonminority",Other source(s) of capital,0,0
Industries not classified,"Nonveteran, equally minority/nonminority",Don't know,0,0
Industries not classified,"Nonveteran, equally minority/nonminority",None needed,2,S
Industries not classified,"Nonveteran, equally minority/nonminority",Total reporting,10,S
Industries not classified,"Nonveteran, equally minority/nonminority",Item not reported,0,0
Industries not classified,"Nonveteran, nonminority",All firms,4795,816205
Industries not classified,"Nonveteran, nonminority",Personal/family savings of owner(s),604,65420
Industries not classified,"Nonveteran, nonminority",Personal/family assets other than savings of owner(s),77,14285
Industries not classified,"Nonveteran, nonminority",Personal/family home equity loan,31,2270
Industries not classified,"Nonveteran, nonminority",Personal credit card(s) carrying balances,71,S
Industries not classified,"Nonveteran, nonminority",Business credit card(s) carrying balances,16,S
Industries not classified,"Nonveteran, nonminority","Business loan from federal, state, or local government",19,S
Industries not classified,"Nonveteran, nonminority",Government-guaranteed business loan from a bank or financial institution,0,0
Industries not classified,"Nonveteran, nonminority",Business loan from a bank or financial institution,87,10483
Industries not classified,"Nonveteran, nonminority",Business loan/investment from family/friends,23,2198
Industries not classified,"Nonveteran, nonminority",Investment by venture capitalist(s),0,0
Industries not classified,"Nonveteran, nonminority",Grants,0,0
Industries not classified,"Nonveteran, nonminority",Other source(s) of capital,27,S
Industries not classified,"Nonveteran, nonminority",Don't know,116,7138
Industries not classified,"Nonveteran, nonminority",None needed,454,38450
Industries not classified,"Nonveteran, nonminority",Total reporting,1284(r),131718(r)
Industries not classified,"Nonveteran, nonminority",Item not reported,47(r),2604(r)
Industries not classified,"All firms classifiable by gender, ethnicity, race, and veteran status",All firms,7210,1102334
Industries not classified,"All firms classifiable by gender, ethnicity, race, and veteran status",Personal/family savings of owner(s),919,102800
Industries not classified,"All firms classifiable by gender, ethnicity, race, and veteran status",Personal/family assets other than savings of owner(s),110,18531
Industries not classified,"All firms classifiable by gender, ethnicity, race, and veteran status",Personal/family home equity loan,39,2839
Industries not classified,"All firms classifiable by gender, ethnicity, race, and veteran status",Personal credit card(s) carrying balances,120,10011
Industries not classified,"All firms classifiable by gender, ethnicity, race, and veteran status",Business credit card(s) carrying balances,36,3300
Industries not classified,"All firms classifiable by gender, ethnicity, race, and veteran status","Business loan from federal, state, or local government",19,S
Industries not classified,"All firms classifiable by gender, ethnicity, race, and veteran status",Government-guaranteed business loan from a bank or financial institution,6,S
Industries not classified,"All firms classifiable by gender, ethnicity, race, and veteran status",Business loan from a bank or financial institution,116,24413
Industries not classified,"All firms classifiable by gender, ethnicity, race, and veteran status",Business loan/investment from family/friends,25,2326
Industries not classified,"All firms classifiable by gender, ethnicity, race, and veteran status",Investment by venture capitalist(s),0,0
Industries not classified,"All firms classifiable by gender, ethnicity, race, and veteran status",Grants,2,S
Industries not classified,"All firms classifiable by gender, ethnicity, race, and veteran status",Other source(s) of capital,36,2788
Industries not classified,"All firms classifiable by gender, ethnicity, race, and veteran status",Don't know,176,8348
Industries not classified,"All firms classifiable by gender, ethnicity, race, and veteran status",None needed,510,45736
Industries not classified,"All firms classifiable by gender, ethnicity, race, and veteran status",Total reporting,1767(r),191667(r)
Industries not classified,"All firms classifiable by gender, ethnicity, race, and veteran status",Item not reported,69(r),4881(r)
Industries not classified,"Publicly held and other firms not classifiable by gender, ethnicity, race, and veteran status",All firms,73,11661
Industries not classified,"Publicly held and other firms not classifiable by gender, ethnicity, race, and veteran status",Personal/family savings of owner(s),0,0
Industries not classified,"Publicly held and other firms not classifiable by gender, ethnicity, race, and veteran status",Personal/family assets other than savings of owner(s),0,0
Industries not classified,"Publicly held and other firms not classifiable by gender, ethnicity, race, and veteran status",Personal/family home equity loan,0,0
Industries not classified,"Publicly held and other firms not classifiable by gender, ethnicity, race, and veteran status",Personal credit card(s) carrying balances,0,0
Industries not classified,"Publicly held and other firms not classifiable by gender, ethnicity, race, and veteran status",Business credit card(s) carrying balances,0,0
Industries not classified,"Publicly held and other firms not classifiable by gender, ethnicity, race, and veteran status","Business loan from federal, state, or local government",0,0
Industries not classified,"Publicly held and other firms not classifiable by gender, ethnicity, race, and veteran status",Government-guaranteed business loan from a bank or financial institution,0,0
Industries not classified,"Publicly held and other firms not classifiable by gender, ethnicity, race, and veteran status",Business loan from a bank or financial institution,0,0
Industries not classified,"Publicly held and other firms not classifiable by gender, ethnicity, race, and veteran status",Business loan/investment from family/friends,0,0
Industries not classified,"Publicly held and other firms not classifiable by gender, ethnicity, race, and veteran status",Investment by venture capitalist(s),0,0
Industries not classified,"Publicly held and other firms not classifiable by gender, ethnicity, race, and veteran status",Grants,0,0
Industries not classified,"Publicly held and other firms not classifiable by gender, ethnicity, race, and veteran status",Other source(s) of capital,0,0
Industries not classified,"Publicly held and other firms not classifiable by gender, ethnicity, race, and veteran status",Don't know,0,0
Industries not classified,"Publicly held and other firms not classifiable by gender, ethnicity, race, and veteran status",None needed,0,0
Industries not classified,"Publicly held and other firms not classifiable by gender, ethnicity, race, and veteran status",Total reporting,0,0
Industries not classified,"Publicly held and other firms not classifiable by gender, ethnicity, race, and veteran status",Item not reported,79,16240
